    0.7772457967E+01      0.7772457967E+01     -0.7341888923E-01      0.1007317218E+01
    0.7792777684E+01      0.7792777684E+01     -0.7227768288E-01      0.1021384918E+01
    0.7813587384E+01      0.7813587384E+01     -0.7220546309E-01      0.1035045408E+01
    0.7835080994E+01      0.7835080994E+01     -0.7286436538E-01      0.1047543692E+01
    0.7857139434E+01      0.7857139434E+01     -0.7493627869E-01      0.1059024747E+01
    0.7879338829E+01      0.7879338829E+01     -0.7889937994E-01      0.1069762392E+01
    0.7901345231E+01      0.7901345231E+01     -0.8476282611E-01      0.1079389879E+01
    0.7922416577E+01      0.7922416577E+01     -0.9179881516E-01      0.1087874556E+01
    0.7941834028E+01      0.7941834028E+01     -0.9920827636E-01      0.1095676878E+01
    0.7959188904E+01      0.7959188904E+01     -0.1063001350E+00      0.1102920469E+01
    0.7974644182E+01      0.7974644182E+01     -0.1127982603E+00      0.1109586693E+01
    0.7987772046E+01      0.7987772046E+01     -0.1181836331E+00      0.1115409737E+01
    0.7998892099E+01      0.7998892099E+01     -0.1221771400E+00      0.1120870767E+01
    0.8007566819E+01      0.8007566819E+01     -0.1246955653E+00      0.1126142537E+01
    0.8014633946E+01      0.8014633946E+01     -0.1253906366E+00      0.1130858592E+01
    0.8019400874E+01      0.8019400874E+01     -0.1231146089E+00      0.1135703430E+01
    0.8020846607E+01      0.8020846607E+01     -0.1178106543E+00      0.1140359755E+01
    0.8020139194E+01      0.8020139194E+01     -0.1096226047E+00      0.1145149821E+01
    0.8017699488E+01      0.8017699488E+01     -0.9816464095E-01      0.1149544563E+01
    0.8013710664E+01      0.8013710664E+01     -0.8375431785E-01      0.1153556205E+01
    0.8009098937E+01      0.8009098937E+01     -0.6714323247E-01      0.1157195205E+01
    0.8005227643E+01      0.8005227643E+01     -0.4976497133E-01      0.1160150095E+01
    0.8002812260E+01      0.8002812260E+01     -0.3049484911E-01      0.1165550982E+01
    0.7999238475E+01      0.7999238475E+01     -0.1446735251E-01      0.1165062694E+01
    0.0000000000E+00      0.2000000000E+02      0.0000000000E+00      0.0000000000E+00
    0.7759625137E+01      0.7759625137E+01     -0.6023962372E-01      0.1067013486E+01
    0.7779911609E+01      0.7779911609E+01     -0.5894104555E-01      0.1081583605E+01
    0.7800355779E+01      0.7800355779E+01     -0.5887557050E-01      0.1095228625E+01
    0.7821106382E+01      0.7821106382E+01     -0.6002489548E-01      0.1107697466E+01
    0.7842127811E+01      0.7842127811E+01     -0.6311786345E-01      0.1119420906E+01
    0.7863055559E+01      0.7863055559E+01     -0.6827927253E-01      0.1130459558E+01
    0.7883556067E+01      0.7883556067E+01     -0.7525909826E-01      0.1140428005E+01
    0.7903008569E+01      0.7903008569E+01     -0.8328807029E-01      0.1149488891E+01
    0.7920631145E+01      0.7920631145E+01     -0.9137154121E-01      0.1158022262E+01
    0.7936343555E+01      0.7936343555E+01     -0.9922678918E-01      0.1166309658E+01
    0.7949913510E+01      0.7949913510E+01     -0.1061614898E+00      0.1173976313E+01
    0.7961418587E+01      0.7961418587E+01     -0.1120945381E+00      0.1181029878E+01
    0.7970708624E+01      0.7970708624E+01     -0.1163389475E+00      0.1187679962E+01
    0.7977743206E+01      0.7977743206E+01     -0.1191048497E+00      0.1194362884E+01
    0.7983032615E+01      0.7983032615E+01     -0.1198087415E+00      0.1200552775E+01
    0.7986033725E+01      0.7986033725E+01     -0.1174246647E+00      0.1207004988E+01
    0.7985984056E+01      0.7985984056E+01     -0.1124969420E+00      0.1213278647E+01
    0.7984079307E+01      0.7984079307E+01     -0.1044086943E+00      0.1219521341E+01
    0.7980304523E+01      0.7980304523E+01     -0.9319086503E-01      0.1225288229E+01
    0.7975287328E+01      0.7975287328E+01     -0.7908420655E-01      0.1230412326E+01
    0.7969859628E+01      0.7969859628E+01     -0.6329717756E-01      0.1234967081E+01
    0.7965418165E+01      0.7965418165E+01     -0.4678695285E-01      0.1238631192E+01
    0.7962563309E+01      0.7962563309E+01     -0.2853265818E-01      0.1244880131E+01
    0.7958554943E+01      0.7958554943E+01     -0.1375359176E-01      0.1244492652E+01
    0.0000000000E+00      0.2000000000E+02      0.0000000000E+00      0.0000000000E+00
    0.7746783462E+01      0.7746783462E+01     -0.4632534717E-01      0.1125735993E+01
    0.7766873619E+01      0.7766873619E+01     -0.4484242654E-01      0.1140706462E+01
    0.7786591795E+01      0.7786591795E+01     -0.4502293652E-01      0.1154078067E+01
    0.7806380343E+01      0.7806380343E+01     -0.4698970651E-01      0.1166842051E+01
    0.7826143351E+01      0.7826143351E+01     -0.5111669299E-01      0.1178883960E+01
    0.7845660870E+01      0.7845660870E+01     -0.5738474147E-01      0.1190271889E+01
    0.7864677388E+01      0.7864677388E+01     -0.6535602641E-01      0.1200753346E+01
    0.7882473329E+01      0.7882473329E+01     -0.7405431410E-01      0.1210554637E+01
    0.7898520107E+01      0.7898520107E+01     -0.8291929008E-01      0.1220088034E+01
    0.7912410701E+01      0.7912410701E+01     -0.9117199776E-01      0.1229440449E+01
    0.7924431708E+01      0.7924431708E+01     -0.9869492372E-01      0.1238470931E+01
    0.7933981588E+01      0.7933981588E+01     -0.1048027558E+00      0.1246837363E+01
    0.7941675758E+01      0.7941675758E+01     -0.1092655210E+00      0.1255140015E+01
    0.7946886224E+01      0.7946886224E+01     -0.1120550469E+00      0.1263380529E+01
    0.7950539194E+01      0.7950539194E+01     -0.1126773577E+00      0.1271315360E+01
    0.7951968317E+01      0.7951968317E+01     -0.1103903339E+00      0.1279378428E+01
    0.7950798955E+01      0.7950798955E+01     -0.1057051810E+00      0.1287286468E+01
    0.7947642803E+01      0.7947642803E+01     -0.9784536997E-01      0.1294975995E+01
    0.7942786610E+01      0.7942786610E+01     -0.8686212063E-01      0.1302283904E+01
    0.7936632843E+01      0.7936632843E+01     -0.7335609115E-01      0.1308589296E+01
    0.7930555641E+01      0.7930555641E+01     -0.5851876118E-01      0.1314120993E+01
    0.7925509457E+01      0.7925509457E+01     -0.4311357209E-01      0.1318559816E+01
    0.7922289425E+01      0.7922289425E+01     -0.2609868321E-01      0.1325677622E+01
    0.7917831850E+01      0.7917831850E+01     -0.1281955718E-01      0.1325425408E+01
    0.0000000000E+00      0.2000000000E+02      0.0000000000E+00      0.0000000000E+00
    0.7734281762E+01      0.7734281762E+01     -0.3141338280E-01      0.1182934204E+01
    0.7753439172E+01      0.7753439172E+01     -0.3028939673E-01      0.1198345743E+01
    0.7772090199E+01      0.7772090199E+01     -0.3098014522E-01      0.1211631008E+01
    0.7790712635E+01      0.7790712635E+01     -0.3378940728E-01      0.1224867250E+01
    0.7809065761E+01      0.7809065761E+01     -0.3888526711E-01      0.1237294579E+01
    0.7827133927E+01      0.7827133927E+01     -0.4609835658E-01      0.1249187110E+01
    0.7844629571E+01      0.7844629571E+01     -0.5478153158E-01      0.1260420924E+01
    0.7860894398E+01      0.7860894398E+01     -0.6419157024E-01      0.1271243829E+01
    0.7875135509E+01      0.7875135509E+01     -0.7334762738E-01      0.1281929718E+01
    0.7887555282E+01      0.7887555282E+01     -0.8221553582E-01      0.1292779525E+01
    0.7897546529E+01      0.7897546529E+01     -0.8974824495E-01      0.1303184181E+01
    0.7905557226E+01      0.7905557226E+01     -0.9616941984E-01      0.1313439641E+01
    0.7911228418E+01      0.7911228418E+01     -0.1005524837E+00      0.1323513308E+01
    0.7914835949E+01      0.7914835949E+01     -0.1033270557E+00      0.1333778131E+01
    0.7916701963E+01      0.7916701963E+01     -0.1038324851E+00      0.1343659355E+01
    0.7916826804E+01      0.7916826804E+01     -0.1019840754E+00      0.1353533886E+01
    0.7914559780E+01      0.7914559780E+01     -0.9736064180E-01      0.1363166520E+01
    0.7910305351E+01      0.7910305351E+01     -0.8981646738E-01      0.1372474090E+01
    0.7904406436E+01      0.7904406436E+01     -0.7930838918E-01      0.1381198368E+01
    0.7897403324E+01      0.7897403324E+01     -0.6647552463E-01      0.1388755420E+01
    0.7890764837E+01      0.7890764837E+01     -0.5280290287E-01      0.1395193347E+01
    0.7885248146E+01      0.7885248146E+01     -0.3874350559E-01      0.1400407468E+01
    0.7881780382E+01      0.7881780382E+01     -0.2321779296E-01      0.1408348442E+01
    0.7877003932E+01      0.7877003932E+01     -0.1164204429E-01      0.1408195985E+01
    0.0000000000E+00      0.2000000000E+02      0.0000000000E+00      0.0000000000E+00
    0.7722726858E+01      0.7722726858E+01     -0.1512682071E-01      0.1238047154E+01
    0.7739616424E+01      0.7739616424E+01     -0.1520791443E-01      0.1253963901E+01
    0.7756806629E+01      0.7756806629E+01     -0.1662975591E-01      0.1267850679E+01
    0.7774033942E+01      0.7774033942E+01     -0.2027578400E-01      0.1281621958E+01
    0.7790931692E+01      0.7790931692E+01     -0.2619673341E-01      0.1294607403E+01
    0.7807520526E+01      0.7807520526E+01     -0.3412360761E-01      0.1307231054E+01
    0.7823520035E+01      0.7823520035E+01     -0.4343413418E-01      0.1319511638E+01
    0.7838014726E+01      0.7838014726E+01     -0.5305440161E-01      0.1331588472E+01
    0.7850764101E+01      0.7850764101E+01     -0.6274253675E-01      0.1343925421E+01
    0.7861160280E+01      0.7861160280E+01     -0.7145451840E-01      0.1356209466E+01
    0.7869753078E+01      0.7869753078E+01     -0.7933386353E-01      0.1368596503E+01
    0.7875644941E+01      0.7875644941E+01     -0.8552607185E-01      0.1380646149E+01
    0.7879813612E+01      0.7879813612E+01     -0.9000930214E-01      0.1393080090E+01
    0.7881468831E+01      0.7881468831E+01     -0.9250362353E-01      0.1405421277E+01
    0.7881793147E+01      0.7881793147E+01     -0.9313083565E-01      0.1417632934E+01
    0.7880693968E+01      0.7880693968E+01     -0.9176231819E-01      0.1429555259E+01
    0.7877251822E+01      0.7877251822E+01     -0.8734590388E-01      0.1441125620E+01
    0.7871918435E+01      0.7871918435E+01     -0.8024600649E-01      0.1452135030E+01
    0.7865129259E+01      0.7865129259E+01     -0.7044625944E-01      0.1462436627E+01
    0.7857436113E+01      0.7857436113E+01     -0.5861623823E-01      0.1471227859E+01
    0.7850393458E+01      0.7850393458E+01     -0.4628205484E-01      0.1478513277E+01
    0.7844600123E+01      0.7844600123E+01     -0.3377920384E-01      0.1484367542E+01
    0.7841022120E+01      0.7841022120E+01     -0.1996869289E-01      0.1493089594E+01
    0.7836201895E+01      0.7836201895E+01     -0.1031543528E-01      0.1492802584E+01
    0.0000000000E+00      0.2000000000E+02      0.0000000000E+00      0.0000000000E+00
    0.7712019441E+01      0.7712019441E+01      0.2802736541E-02      0.1290151945E+01
    0.7725920396E+01      0.7725920396E+01      0.1061820809E-02      0.1307024002E+01
    0.7740893387E+01      0.7740893387E+01     -0.1770891584E-02      0.1322469560E+01
    0.7756367654E+01      0.7756367654E+01     -0.6312498330E-02      0.1337048187E+01
    0.7771757657E+01      0.7771757657E+01     -0.1280187129E-01      0.1350849031E+01
    0.7786883297E+01      0.7786883297E+01     -0.2121412313E-01      0.1364444329E+01
    0.7801231215E+01      0.7801231215E+01     -0.3072061294E-01      0.1378004903E+01
    0.7814128695E+01      0.7814128695E+01     -0.4068802671E-01      0.1391759219E+01
    0.7824903807E+01      0.7824903807E+01     -0.5015040853E-01      0.1405745735E+01
    0.7834005363E+01      0.7834005363E+01     -0.5914161796E-01      0.1420065783E+01
    0.7840493160E+01      0.7840493160E+01     -0.6658942632E-01      0.1434247082E+01
    0.7845153232E+01      0.7845153232E+01     -0.7284816638E-01      0.1448679331E+01
    0.7847266610E+01      0.7847266610E+01     -0.7702375302E-01      0.1463327303E+01
    0.7847639411E+01      0.7847639411E+01     -0.7960130361E-01      0.1478107859E+01
    0.7846439924E+01      0.7846439924E+01     -0.8042671700E-01      0.1492503980E+01
    0.7844270004E+01      0.7844270004E+01     -0.7941547685E-01      0.1506649889E+01
    0.7839768413E+01      0.7839768413E+01     -0.7560755919E-01      0.1520214161E+01
    0.7833460734E+01      0.7833460734E+01     -0.6911722051E-01      0.1533000589E+01
    0.7825793331E+01      0.7825793331E+01     -0.6024080383E-01      0.1545000105E+01
    0.7817457229E+01      0.7817457229E+01     -0.4968866755E-01      0.1555205712E+01
    0.7810025032E+01      0.7810025032E+01     -0.3893904995E-01      0.1563558646E+01
    0.7803933214E+01      0.7803933214E+01     -0.2826471286E-01      0.1570187192E+01
    0.7800307556E+01      0.7800307556E+01     -0.1643578184E-01      0.1579761054E+01
    0.7795578776E+01      0.7795578776E+01     -0.8936554041E-02      0.1579341527E+01
    0.0000000000E+00      0.2000000000E+02      0.0000000000E+00      0.0000000000E+00
    0.7702192766E+01      0.7702192766E+01      0.2240008725E-01      0.1338955925E+01
    0.7712672596E+01      0.7712672596E+01      0.1853279559E-01      0.1357556888E+01
    0.7724817647E+01      0.7724817647E+01      0.1413905524E-01      0.1374992195E+01
    0.7737972077E+01      0.7737972077E+01      0.8667954246E-02      0.1390901856E+01
    0.7751678910E+01      0.7751678910E+01      0.1529194180E-02      0.1405956148E+01
    0.7765189326E+01      0.7765189326E+01     -0.7033790912E-02      0.1420813910E+01
    0.7777928051E+01      0.7777928051E+01     -0.1657217014E-01      0.1435950264E+01
    0.7788979991E+01      0.7788979991E+01     -0.2629219845E-01      0.1451489461E+01
    0.7798347751E+01      0.7798347751E+01     -0.3585240315E-01      0.1467576630E+01
    0.7805494736E+01      0.7805494736E+01     -0.4430374765E-01      0.1483725586E+01
    0.7810864669E+01      0.7810864669E+01     -0.5185636650E-01      0.1500357822E+01
    0.7813713860E+01      0.7813713860E+01     -0.5755113457E-01      0.1516897713E+01
    0.7814715903E+01      0.7814715903E+01     -0.6180039814E-01      0.1534126645E+01
    0.7813720208E+01      0.7813720208E+01     -0.6462268456E-01      0.1551124282E+01
    0.7811443634E+01      0.7811443634E+01     -0.6545334775E-01      0.1567897250E+01
    0.7808088131E+01      0.7808088131E+01     -0.6494176771E-01      0.1584398927E+01
    0.7802671793E+01      0.7802671793E+01     -0.6194643707E-01      0.1600228944E+01
    0.7795323024E+01      0.7795323024E+01     -0.5634154625E-01      0.1615056125E+01
    0.7786777772E+01      0.7786777772E+01     -0.4852237337E-01      0.1628963674E+01
    0.7777699710E+01      0.7777699710E+01     -0.3951889496E-01      0.1640877822E+01
    0.7769808002E+01      0.7769808002E+01     -0.3057609686E-01      0.1650537719E+01
    0.7763301189E+01      0.7763301189E+01     -0.2205500329E-01      0.1658082921E+01
    0.7759594330E+01      0.7759594330E+01     -0.1249536775E-01      0.1668657457E+01
    0.7754913151E+01      0.7754913151E+01     -0.7483764084E-02      0.1668125379E+01
    0.0000000000E+00      0.2000000000E+02      0.0000000000E+00      0.0000000000E+00
    0.7693335691E+01      0.7693335691E+01      0.4423725088E-01      0.1384462520E+01
    0.7700027921E+01      0.7700027921E+01      0.3760640809E-01      0.1405449615E+01
    0.7708870575E+01      0.7708870575E+01      0.3167691393E-01      0.1424863881E+01
    0.7719313272E+01      0.7719313272E+01      0.2514803470E-01      0.1442771507E+01
    0.7730941921E+01      0.7730941921E+01      0.1729099015E-01      0.1459709081E+01
    0.7742578013E+01      0.7742578013E+01      0.8649442690E-02      0.1476246233E+01
    0.7753543422E+01      0.7753543422E+01     -0.5668678095E-03      0.1493200969E+01
    0.7763046756E+01      0.7763046756E+01     -0.1002151762E-01      0.1510793807E+01
    0.7770645351E+01      0.7770645351E+01     -0.1910072303E-01      0.1528898194E+01
    0.7776608407E+01      0.7776608407E+01     -0.2743376628E-01      0.1547534115E+01
    0.7780339434E+01      0.7780339434E+01     -0.3437348075E-01      0.1566276309E+01
    0.7782151146E+01      0.7782151146E+01     -0.3992107473E-01      0.1585575003E+01
    0.7781895258E+01      0.7781895258E+01     -0.4432875068E-01      0.1605167842E+01
    0.7779984489E+01      0.7779984489E+01     -0.4708841977E-01      0.1624836151E+01
    0.7776374044E+01      0.7776374044E+01     -0.4820262001E-01      0.1644094586E+01
    0.7771790444E+01      0.7771790444E+01     -0.4804923460E-01      0.1663172771E+01
    0.7765411637E+01      0.7765411637E+01     -0.4610613356E-01      0.1681542661E+01
    0.7757042863E+01      0.7757042863E+01     -0.4148611330E-01      0.1698781638E+01
    0.7747381481E+01      0.7747381481E+01     -0.3501527697E-01      0.1714890076E+01
    0.7737547189E+01      0.7737547189E+01     -0.2781374853E-01      0.1728898302E+01
    0.7729096596E+01      0.7729096596E+01     -0.2096091751E-01      0.1740236077E+01
    0.7722046378E+01      0.7722046378E+01     -0.1498327016E-01      0.1748999773E+01
    0.7718198452E+01      0.7718198452E+01     -0.8064813146E-02      0.1760777623E+01
    0.7713559950E+01      0.7713559950E+01     -0.5923620465E-02      0.1760139973E+01
    0.0000000000E+00      0.2000000000E+02      0.0000000000E+00      0.0000000000E+00
    0.7685994158E+01      0.7685994158E+01      0.6895697264E-01      0.1427490243E+01
    0.7688157259E+01      0.7688157259E+01      0.5929693579E-01      0.1450539606E+01
    0.7693513001E+01      0.7693513001E+01      0.5120425664E-01      0.1472316015E+01
    0.7700854791E+01      0.7700854791E+01      0.4358180584E-01      0.1492358005E+01
    0.7709841358E+01      0.7709841358E+01      0.3507900648E-01      0.1511806635E+01
    0.7719310328E+01      0.7719310328E+01      0.2622527599E-01      0.1530540036E+01
    0.7728295603E+01      0.7728295603E+01      0.1741113915E-01      0.1549660356E+01
    0.7736168039E+01      0.7736168039E+01      0.8502267556E-02      0.1569443495E+01
    0.7742434091E+01      0.7742434091E+01     -0.5563511369E-04      0.1589957936E+01
    0.7746835721E+01      0.7746835721E+01     -0.7807535948E-02      0.1610977552E+01
    0.7749397367E+01      0.7749397367E+01     -0.1437702860E-01      0.1632661439E+01
    0.7750010574E+01      0.7750010574E+01     -0.1968241366E-01      0.1654475144E+01
    0.7748862491E+01      0.7748862491E+01     -0.2404211464E-01      0.1677048181E+01
    0.7745797995E+01      0.7745797995E+01     -0.2694992862E-01      0.1699581885E+01
    0.7740998521E+01      0.7740998521E+01     -0.2830028084E-01      0.1721680632E+01
    0.7734814633E+01      0.7734814633E+01     -0.2850395720E-01      0.1743599554E+01
    0.7727347246E+01      0.7727347246E+01     -0.2744791858E-01      0.1765118959E+01
    0.7717735994E+01      0.7717735994E+01     -0.2423553273E-01      0.1785246577E+01
    0.7706740737E+01      0.7706740737E+01     -0.1917383004E-01      0.1804057203E+01
    0.7696042464E+01      0.7696042464E+01     -0.1417658256E-01      0.1820631707E+01
    0.7686881561E+01      0.7686881561E+01     -0.9774472602E-02      0.1834091066E+01
    0.7679216826E+01      0.7679216826E+01     -0.6799987832E-02      0.1844375329E+01
    0.7674862282E+01      0.7674862282E+01     -0.3005748679E-02      0.1857816133E+01
    0.7670287519E+01      0.7670287519E+01     -0.4110236017E-02      0.1857033147E+01
    0.0000000000E+00      0.2000000000E+02      0.0000000000E+00      0.0000000000E+00
    0.7679986288E+01      0.7679986288E+01      0.9554459583E-01      0.1467119863E+01
    0.7677431310E+01      0.7677431310E+01      0.8387041678E-01      0.1493430597E+01
    0.7678699473E+01      0.7678699473E+01      0.7367603512E-01      0.1517203821E+01
    0.7682713612E+01      0.7682713612E+01      0.6437784931E-01      0.1539658086E+01
    0.7688807358E+01      0.7688807358E+01      0.5517262430E-01      0.1561844332E+01
    0.7695547972E+01      0.7695547972E+01      0.4623134678E-01      0.1583396416E+01
    0.7702543090E+01      0.7702543090E+01      0.3762271040E-01      0.1605047446E+01
    0.7708633068E+01      0.7708633068E+01      0.2948406088E-01      0.1627423037E+01
    0.7713486037E+01      0.7713486037E+01      0.2162859975E-01      0.1650598486E+01
    0.7716601667E+01      0.7716601667E+01      0.1463469224E-01      0.1674583196E+01
    0.7717805225E+01      0.7717805225E+01      0.8645161749E-02      0.1699105235E+01
    0.7717363779E+01      0.7717363779E+01      0.3449141964E-02      0.1724254144E+01
    0.7715078908E+01      0.7715078908E+01     -0.6966111935E-03      0.1749791029E+01
    0.7710891908E+01      0.7710891908E+01     -0.3507970964E-02      0.1775898181E+01
    0.7704675660E+01      0.7704675660E+01     -0.5285872977E-02      0.1801304499E+01
    0.7696823837E+01      0.7696823837E+01     -0.5849348815E-02      0.1826560018E+01
    0.7687710842E+01      0.7687710842E+01     -0.5554661056E-02      0.1851545304E+01
    0.7676680342E+01      0.7676680342E+01     -0.3709568144E-02      0.1875456322E+01
    0.7664305962E+01      0.7664305962E+01     -0.5745491458E-03      0.1897490575E+01
    0.7652659517E+01      0.7652659517E+01      0.1816648683E-02      0.1916939068E+01
    0.7642690221E+01      0.7642690221E+01      0.3101158427E-02      0.1933139586E+01
    0.7634370457E+01      0.7634370457E+01      0.2797814182E-02      0.1945203255E+01
    0.7628547194E+01      0.7628547194E+01      0.2480163027E-02      0.1961055024E+01
    0.7624465152E+01      0.7624465152E+01     -0.9922148433E-03      0.1960044164E+01
    0.0000000000E+00      0.2000000000E+02      0.0000000000E+00      0.0000000000E+00
    0.7677290832E+01      0.7677290832E+01      0.1267549443E+00      0.1501633837E+01
    0.7667848657E+01      0.7667848657E+01      0.1107964100E+00      0.1532963675E+01
    0.7664667374E+01      0.7664667374E+01      0.9878507411E-01      0.1560106474E+01
    0.7665063822E+01      0.7665063822E+01      0.8833307890E-01      0.1584996818E+01
    0.7667773784E+01      0.7667773784E+01      0.7821210375E-01      0.1609736660E+01
    0.7671964728E+01      0.7671964728E+01      0.6895729943E-01      0.1634480473E+01
    0.7676334231E+01      0.7676334231E+01      0.6075376027E-01      0.1659237621E+01
    0.7680767408E+01      0.7680767408E+01      0.5313651683E-01      0.1684626526E+01
    0.7683989582E+01      0.7683989582E+01      0.4631952188E-01      0.1710904042E+01
    0.7685634243E+01      0.7685634243E+01      0.4023654658E-01      0.1738169259E+01
    0.7685646484E+01      0.7685646484E+01      0.3476375015E-01      0.1766140074E+01
    0.7683925204E+01      0.7683925204E+01      0.3003083497E-01      0.1794601787E+01
    0.7680451634E+01      0.7680451634E+01      0.2633895866E-01      0.1823927763E+01
    0.7674801394E+01      0.7674801394E+01      0.2357239343E-01      0.1853873805E+01
    0.7667192600E+01      0.7667192600E+01      0.2170890167E-01      0.1883356182E+01
    0.7657608544E+01      0.7657608544E+01      0.2049829694E-01      0.1912455230E+01
    0.7646506727E+01      0.7646506727E+01      0.2000933673E-01      0.1941259343E+01
    0.7633920876E+01      0.7633920876E+01      0.2030498868E-01      0.1969317508E+01
    0.7620347383E+01      0.7620347383E+01      0.2105952726E-01      0.1995099105E+01
    0.7607369673E+01      0.7607369673E+01      0.2045249750E-01      0.2018104665E+01
    0.7596261448E+01      0.7596261448E+01      0.1837986466E-01      0.2037594730E+01
    0.7587412706E+01      0.7587412706E+01      0.1460372829E-01      0.2051826914E+01
    0.7580962323E+01      0.7580962323E+01      0.9569254809E-02      0.2069575484E+01
    0.7576714440E+01      0.7576714440E+01      0.2683464755E-02      0.2069051944E+01
    0.0000000000E+00      0.2000000000E+02      0.0000000000E+00      0.0000000000E+00
    0.7677798790E+01      0.7677798790E+01      0.1628456280E+00      0.1531606800E+01
    0.7661178202E+01      0.7661178202E+01      0.1424403000E+00      0.1567812658E+01
    0.7651668459E+01      0.7651668459E+01      0.1269185275E+00      0.1599818257E+01
    0.7647755625E+01      0.7647755625E+01      0.1149275648E+00      0.1628542071E+01
    0.7647241718E+01      0.7647241718E+01      0.1047563386E+00      0.1655979767E+01
    0.7648330714E+01      0.7648330714E+01      0.9516961098E-01      0.1683666357E+01
    0.7650465129E+01      0.7650465129E+01      0.8693921871E-01      0.1712008475E+01
    0.7652527120E+01      0.7652527120E+01      0.8011422899E-01      0.1740902557E+01
    0.7654020127E+01      0.7654020127E+01      0.7434731065E-01      0.1770843960E+01
    0.7654116176E+01      0.7654116176E+01      0.6916366681E-01      0.1801752132E+01
    0.7652669460E+01      0.7652669460E+01      0.6446917529E-01      0.1833535063E+01
    0.7649633218E+01      0.7649633218E+01      0.6046319322E-01      0.1865992553E+01
    0.7644666045E+01      0.7644666045E+01      0.5724337293E-01      0.1899196237E+01
    0.7637663108E+01      0.7637663108E+01      0.5484191895E-01      0.1933505488E+01
    0.7628387378E+01      0.7628387378E+01      0.5304233071E-01      0.1967531594E+01
    0.7617145129E+01      0.7617145129E+01      0.5150746930E-01      0.2001232449E+01
    0.7604132074E+01      0.7604132074E+01      0.5007650847E-01      0.2034338676E+01
    0.7589850030E+01      0.7589850030E+01      0.4854733862E-01      0.2066724824E+01
    0.7574910771E+01      0.7574910771E+01      0.4644942431E-01      0.2096946079E+01
    0.7560849433E+01      0.7560849433E+01      0.4245902705E-01      0.2123746281E+01
    0.7548673126E+01      0.7548673126E+01      0.3637280980E-01      0.2146768126E+01
    0.7538973529E+01      0.7538973529E+01      0.2811033791E-01      0.2163917694E+01
    0.7532212346E+01      0.7532212346E+01      0.1789906222E-01      0.2183769111E+01
    0.7528030127E+01      0.7528030127E+01      0.6587739334E-02      0.2183587348E+01
    0.0000000000E+00      0.2000000000E+02      0.0000000000E+00      0.0000000000E+00
    0.7681414653E+01      0.7681414653E+01      0.2036554337E+00      0.1557123789E+01
    0.7657850607E+01      0.7657850607E+01      0.1791925215E+00      0.1597757374E+01
    0.7641295882E+01      0.7641295882E+01      0.1599097749E+00      0.1635339904E+01
    0.7631761307E+01      0.7631761307E+01      0.1453511031E+00      0.1669117854E+01
    0.7627190269E+01      0.7627190269E+01      0.1342298655E+00      0.1700760025E+01
    0.7625485771E+01      0.7625485771E+01      0.1249728021E+00      0.1731719038E+01
    0.7624862820E+01      0.7624862820E+01      0.1170832406E+00      0.1763349838E+01
    0.7624602923E+01      0.7624602923E+01      0.1107872200E+00      0.1796176985E+01
    0.7624041732E+01      0.7624041732E+01      0.1059168080E+00      0.1829942002E+01
    0.7622470698E+01      0.7622470698E+01      0.1017733224E+00      0.1864879215E+01
    0.7619426812E+01      0.7619426812E+01      0.9821126318E-01      0.1900887296E+01
    0.7614603744E+01      0.7614603744E+01      0.9512347416E-01      0.1937832547E+01
    0.7607933781E+01      0.7607933781E+01      0.9245808449E-01      0.1975600628E+01
    0.7599317999E+01      0.7599317999E+01      0.9048415630E-01      0.2014520210E+01
    0.7588409307E+01      0.7588409307E+01      0.8891953380E-01      0.2053717050E+01
    0.7575399091E+01      0.7575399091E+01      0.8718410049E-01      0.2092544841E+01
    0.7560380449E+01      0.7560380449E+01      0.8500140242E-01      0.2130881347E+01
    0.7544132682E+01      0.7544132682E+01      0.8192422598E-01      0.2168430231E+01
    0.7527743991E+01      0.7527743991E+01      0.7659818648E-01      0.2203616945E+01
    0.7512518178E+01      0.7512518178E+01      0.6857340599E-01      0.2235083997E+01
    0.7499234982E+01      0.7499234982E+01      0.5763542408E-01      0.2262066290E+01
    0.7488719705E+01      0.7488719705E+01      0.4396261393E-01      0.2282498395E+01
    0.7481275623E+01      0.7481275623E+01      0.2758355974E-01      0.2305473565E+01
    0.7476797576E+01      0.7476797576E+01      0.1080353480E-01      0.2306041779E+01
    0.0000000000E+00      0.2000000000E+02      0.0000000000E+00      0.0000000000E+00
    0.7688583348E+01      0.7688583348E+01      0.2495254155E+00      0.1577734401E+01
    0.7657611811E+01      0.7657611811E+01      0.2211939784E+00      0.1623644596E+01
    0.7634030801E+01      0.7634030801E+01      0.1983896998E+00      0.1666336896E+01
    0.7618082542E+01      0.7618082542E+01      0.1809965409E+00      0.1705644565E+01
    0.7608411591E+01      0.7608411591E+01      0.1680789870E+00      0.1742300169E+01
    0.7602872372E+01      0.7602872372E+01      0.1584253706E+00      0.1777606593E+01
    0.7599483608E+01      0.7599483608E+01      0.1510210008E+00      0.1813010390E+01
    0.7596781372E+01      0.7596781372E+01      0.1454173114E+00      0.1849509916E+01
    0.7594136779E+01      0.7594136779E+01      0.1413510924E+00      0.1887322713E+01
    0.7590762835E+01      0.7590762835E+01      0.1384031329E+00      0.1926417080E+01
    0.7586025692E+01      0.7586025692E+01      0.1361268392E+00      0.1966932931E+01
    0.7579549750E+01      0.7579549750E+01      0.1341635545E+00      0.2008766034E+01
    0.7571116841E+01      0.7571116841E+01      0.1325316730E+00      0.2051752831E+01
    0.7560452290E+01      0.7560452290E+01      0.1312256705E+00      0.2096182298E+01
    0.7547332391E+01      0.7547332391E+01      0.1301214503E+00      0.2141465662E+01
    0.7532034291E+01      0.7532034291E+01      0.1283137412E+00      0.2186487751E+01
    0.7514812369E+01      0.7514812369E+01      0.1256496514E+00      0.2231229242E+01
    0.7496060399E+01      0.7496060399E+01      0.1209178826E+00      0.2275098055E+01
    0.7478019767E+01      0.7478019767E+01      0.1124222772E+00      0.2316535344E+01
    0.7461116819E+01      0.7461116819E+01      0.9984418737E-01      0.2353914108E+01
    0.7446398850E+01      0.7446398850E+01      0.8322466359E-01      0.2386038679E+01
    0.7434607693E+01      0.7434607693E+01      0.6304815094E-01      0.2410738078E+01
    0.7426060176E+01      0.7426060176E+01      0.3912877225E-01      0.2437942617E+01
    0.7421168439E+01      0.7421168439E+01      0.1578291836E-01      0.2439380290E+01
    0.0000000000E+00      0.2000000000E+02      0.0000000000E+00      0.0000000000E+00
    0.7700212936E+01      0.7700212936E+01      0.3013855434E+00      0.1593084427E+01
    0.7660845183E+01      0.7660845183E+01      0.2683734174E+00      0.1645425409E+01
    0.7630636388E+01      0.7630636388E+01      0.2422956812E+00      0.1692930286E+01
    0.7608016543E+01      0.7608016543E+01      0.2219417617E+00      0.1738236450E+01
    0.7592667195E+01      0.7592667195E+01      0.2069796983E+00      0.1780666769E+01
    0.7582623939E+01      0.7582623939E+01      0.1963708206E+00      0.1821279925E+01
    0.7575774862E+01      0.7575774862E+01      0.1890451464E+00      0.1861256344E+01
    0.7570530469E+01      0.7570530469E+01      0.1841484020E+00      0.1901736445E+01
    0.7565741779E+01      0.7565741779E+01      0.1810557035E+00      0.1943515471E+01
    0.7560417337E+01      0.7560417337E+01      0.1793564373E+00      0.1986806274E+01
    0.7553833341E+01      0.7553833341E+01      0.1785354293E+00      0.2031786481E+01
    0.7545399558E+01      0.7545399558E+01      0.1781926885E+00      0.2078626723E+01
    0.7534734019E+01      0.7534734019E+01      0.1780369828E+00      0.2127057365E+01
    0.7521708424E+01      0.7521708424E+01      0.1779660404E+00      0.2177402520E+01
    0.7506001452E+01      0.7506001452E+01      0.1777194914E+00      0.2229455827E+01
    0.7488026116E+01      0.7488026116E+01      0.1762970967E+00      0.2281991271E+01
    0.7467835026E+01      0.7467835026E+01      0.1730194241E+00      0.2334155949E+01
    0.7446844206E+01      0.7446844206E+01      0.1667530617E+00      0.2385756657E+01
    0.7425965173E+01      0.7425965173E+01      0.1551682108E+00      0.2435141256E+01
    0.7406912882E+01      0.7406912882E+01      0.1378026054E+00      0.2480405706E+01
    0.7390040454E+01      0.7390040454E+01      0.1146916842E+00      0.2519521388E+01
    0.7376453143E+01      0.7376453143E+01      0.8659272525E-01      0.2550008677E+01
    0.7366369470E+01      0.7366369470E+01      0.5341444944E-01      0.2582301248E+01
    0.7360933258E+01      0.7360933258E+01      0.2203581414E-01      0.2585146970E+01
    0.0000000000E+00      0.2000000000E+02      0.0000000000E+00      0.0000000000E+00
    0.7716600456E+01      0.7716600456E+01      0.3603914055E+00      0.1602853845E+01
    0.7667918339E+01      0.7667918339E+01      0.3213977432E+00      0.1662302682E+01
    0.7630540829E+01      0.7630540829E+01      0.2918288170E+00      0.1715329957E+01
    0.7601337055E+01      0.7601337055E+01      0.2687297736E+00      0.1765493445E+01
    0.7579711895E+01      0.7579711895E+01      0.2515630601E+00      0.1813711821E+01
    0.7564319110E+01      0.7564319110E+01      0.2396288239E+00      0.1859912466E+01
    0.7553222130E+01      0.7553222130E+01      0.2318590211E+00      0.1904934427E+01
    0.7544758605E+01      0.7544758605E+01      0.2274267770E+00      0.1949806125E+01
    0.7537453589E+01      0.7537453589E+01      0.2254297387E+00      0.1995541707E+01
    0.7530184209E+01      0.7530184209E+01      0.2249197214E+00      0.2043214250E+01
    0.7521785919E+01      0.7521785919E+01      0.2256295343E+00      0.2093027213E+01
    0.7511386092E+01      0.7511386092E+01      0.2271347717E+00      0.2145318683E+01
    0.7498507035E+01      0.7498507035E+01      0.2290579171E+00      0.2200092790E+01
    0.7483132453E+01      0.7483132453E+01      0.2309263691E+00      0.2257327092E+01
    0.7465052293E+01      0.7465052293E+01      0.2323000360E+00      0.2316836527E+01
    0.7443717415E+01      0.7443717415E+01      0.2320767683E+00      0.2377949755E+01
    0.7420794546E+01      0.7420794546E+01      0.2285690421E+00      0.2439033476E+01
    0.7396292830E+01      0.7396292830E+01      0.2207790948E+00      0.2499347950E+01
    0.7373043755E+01      0.7373043755E+01      0.2063979415E+00      0.2558466116E+01
    0.7350823998E+01      0.7350823998E+01      0.1840678798E+00      0.2613508725E+01
    0.7331362114E+01      0.7331362114E+01      0.1536078331E+00      0.2661900503E+01
    0.7315541851E+01      0.7315541851E+01      0.1160794525E+00      0.2699956211E+01
    0.7303721504E+01      0.7303721504E+01      0.7165833376E-01      0.2738127809E+01
    0.7297462387E+01      0.7297462387E+01      0.3005632780E-01      0.2743515687E+01
    0.0000000000E+00      0.2000000000E+02      0.0000000000E+00      0.0000000000E+00
    0.7733349165E+01      0.7733349165E+01      0.4224962142E+00      0.1610493585E+01
    0.7679553120E+01      0.7679553120E+01      0.3805566738E+00      0.1673791435E+01
    0.7634201060E+01      0.7634201060E+01      0.3463278391E+00      0.1733288334E+01
    0.7599078130E+01      0.7599078130E+01      0.3205254387E+00      0.1788173360E+01
    0.7571488875E+01      0.7571488875E+01      0.3012941586E+00      0.1842145236E+01
    0.7550574956E+01      0.7550574956E+01      0.2879149953E+00      0.1894174458E+01
    0.7534715532E+01      0.7534715532E+01      0.2795759779E+00      0.1944652588E+01
    0.7522500387E+01      0.7522500387E+01      0.2754773474E+00      0.1994425985E+01
    0.7512538672E+01      0.7512538672E+01      0.2746505469E+00      0.2044973464E+01
    0.7502644949E+01      0.7502644949E+01      0.2755653424E+00      0.2096984513E+01
    0.7491648276E+01      0.7491648276E+01      0.2783240894E+00      0.2151364466E+01
    0.7478764932E+01      0.7478764932E+01      0.2823870603E+00      0.2208861813E+01
    0.7463204615E+01      0.7463204615E+01      0.2870944363E+00      0.2269833917E+01
    0.7445001058E+01      0.7445001058E+01      0.2915275252E+00      0.2334191315E+01
    0.7424090112E+01      0.7424090112E+01      0.2948894142E+00      0.2401906873E+01
    0.7399888324E+01      0.7399888324E+01      0.2964896033E+00      0.2472347324E+01
    0.7372650467E+01      0.7372650467E+01      0.2940127623E+00      0.2544812451E+01
    0.7345428902E+01      0.7345428902E+01      0.2848537968E+00      0.2616278647E+01
    0.7317662820E+01      0.7317662820E+01      0.2677623153E+00      0.2686642121E+01
    0.7292260108E+01      0.7292260108E+01      0.2405980090E+00      0.2754413261E+01
    0.7269261285E+01      0.7269261285E+01      0.2021072647E+00      0.2814951201E+01
    0.7250680308E+01      0.7250680308E+01      0.1532988160E+00      0.2863321556E+01
    0.7236816325E+01      0.7236816325E+01      0.9507706396E-01      0.2908668893E+01
    0.7229607890E+01      0.7229607890E+01      0.4041483642E-01      0.2918053292E+01
    0.0000000000E+00      0.2000000000E+02      0.0000000000E+00      0.0000000000E+00
    0.7745834594E+01      0.7745834594E+01      0.4824572144E+00      0.1619474022E+01
    0.7694194035E+01      0.7694194035E+01      0.4450873522E+00      0.1680857240E+01
    0.7641850357E+01      0.7641850357E+01      0.4064040233E+00      0.1745952246E+01
    0.7600281364E+01      0.7600281364E+01      0.3776071459E+00      0.1806244380E+01
    0.7567223162E+01      0.7567223162E+01      0.3564289105E+00      0.1863948725E+01
    0.7540664994E+01      0.7540664994E+01      0.3415698604E+00      0.1921439461E+01
    0.7519876422E+01      0.7519876422E+01      0.3323763371E+00      0.1977434176E+01
    0.7503801111E+01      0.7503801111E+01      0.3286073496E+00      0.2032786806E+01
    0.7490563444E+01      0.7490563444E+01      0.3286009500E+00      0.2088824455E+01
    0.7477629473E+01      0.7477629473E+01      0.3312677606E+00      0.2145972556E+01
    0.7464246771E+01      0.7464246771E+01      0.3365777217E+00      0.2205658819E+01
    0.7449065170E+01      0.7449065170E+01      0.3437622494E+00      0.2269042570E+01
    0.7430941324E+01      0.7430941324E+01      0.3519350425E+00      0.2336572128E+01
    0.7409714524E+01      0.7409714524E+01      0.3598750256E+00      0.2408543699E+01
    0.7385319659E+01      0.7385319659E+01      0.3665799737E+00      0.2485041276E+01
    0.7357771343E+01      0.7357771343E+01      0.3706063791E+00      0.2565184476E+01
    0.7326098646E+01      0.7326098646E+01      0.3709721028E+00      0.2649659443E+01
    0.7292499695E+01      0.7292499695E+01      0.3627774578E+00      0.2735447432E+01
    0.7260683470E+01      0.7260683470E+01      0.3430624954E+00      0.2820859204E+01
    0.7229323884E+01      0.7229323884E+01      0.3109039367E+00      0.2904356637E+01
    0.7201372704E+01      0.7201372704E+01      0.2635505864E+00      0.2982209182E+01
    0.7178528993E+01      0.7178528993E+01      0.2012408983E+00      0.3045451059E+01
    0.7161788523E+01      0.7161788523E+01      0.1257572396E+00      0.3100954174E+01
    0.7153041304E+01      0.7153041304E+01      0.5398614957E-01      0.3116790919E+01
    0.0000000000E+00      0.2000000000E+02      0.0000000000E+00      0.0000000000E+00
    0.7753257274E+01      0.7753257274E+01      0.5393190009E+00      0.1629459002E+01
    0.7706767730E+01      0.7706767730E+01      0.5089666666E+00      0.1687974337E+01
    0.7653751219E+01      0.7653751219E+01      0.4715706898E+00      0.1753165046E+01
    0.7605384187E+01      0.7605384187E+01      0.4388692267E+00      0.1818679629E+01
    0.7567082434E+01      0.7567082434E+01      0.4159258009E+00      0.1880793718E+01
    0.7535556232E+01      0.7535556232E+01      0.4000288728E+00      0.1941836551E+01
    0.7509584840E+01      0.7509584840E+01      0.3903751659E+00      0.2002871797E+01
    0.7489079715E+01      0.7489079715E+01      0.3870029845E+00      0.2063468751E+01
    0.7471278837E+01      0.7471278837E+01      0.3878405769E+00      0.2124576839E+01
    0.7454274870E+01      0.7454274870E+01      0.3928608261E+00      0.2186751394E+01
    0.7437651976E+01      0.7437651976E+01      0.4013610206E+00      0.2251575371E+01
    0.7419476762E+01      0.7419476762E+01      0.4124694018E+00      0.2320601749E+01
    0.7398452152E+01      0.7398452152E+01      0.4247946289E+00      0.2394596434E+01
    0.7374090666E+01      0.7374090666E+01      0.4368802753E+00      0.2474410258E+01
    0.7346158380E+01      0.7346158380E+01      0.4477322699E+00      0.2560677283E+01
    0.7314840762E+01      0.7314840762E+01      0.4558512259E+00      0.2652868078E+01
    0.7279458808E+01      0.7279458808E+01      0.4597975418E+00      0.2749861060E+01
    0.7240395106E+01      0.7240395106E+01      0.4557055174E+00      0.2853959525E+01
    0.7200475468E+01      0.7200475468E+01      0.4367425959E+00      0.2958865513E+01
    0.7162956542E+01      0.7162956542E+01      0.4004200771E+00      0.3063035602E+01
    0.7127414870E+01      0.7127414870E+01      0.3439447104E+00      0.3164058112E+01
    0.7097792484E+01      0.7097792484E+01      0.2654026749E+00      0.3249756587E+01
    0.7076381061E+01      0.7076381061E+01      0.1675761732E+00      0.3321292742E+01
    0.7064775979E+01      0.7064775979E+01      0.7229253623E-01      0.3347609364E+01
    0.0000000000E+00      0.2000000000E+02      0.0000000000E+00      0.0000000000E+00
    0.7756348646E+01      0.7756348646E+01      0.5932421473E+00      0.1640246432E+01
    0.7715327179E+01      0.7715327179E+01      0.5698464559E+00      0.1695346501E+01
    0.7666496507E+01      0.7666496507E+01      0.5386252426E+00      0.1757524699E+01
    0.7614455385E+01      0.7614455385E+01      0.5042839311E+00      0.1825412071E+01
    0.7570852347E+01      0.7570852347E+01      0.4790581563E+00      0.1891821740E+01
    0.7534918058E+01      0.7534918058E+01      0.4623011922E+00      0.1956523813E+01
    0.7504914526E+01      0.7504914526E+01      0.4526138462E+00      0.2021661548E+01
    0.7480103124E+01      0.7480103124E+01      0.4497102476E+00      0.2087595672E+01
    0.7457662722E+01      0.7457662722E+01      0.4515042901E+00      0.2154149380E+01
    0.7436630914E+01      0.7436630914E+01      0.4589019805E+00      0.2222002242E+01
    0.7416843988E+01      0.7416843988E+01      0.4713072905E+00      0.2292715958E+01
    0.7395745622E+01      0.7395745622E+01      0.4873909596E+00      0.2368009851E+01
    0.7371579935E+01      0.7371579935E+01      0.5054239950E+00      0.2448852386E+01
    0.7343712813E+01      0.7343712813E+01      0.5234422253E+00      0.2536541294E+01
    0.7311617937E+01      0.7311617937E+01      0.5403795053E+00      0.2632273709E+01
    0.7275368284E+01      0.7275368284E+01      0.5547637290E+00      0.2736165835E+01
    0.7234723525E+01      0.7234723525E+01      0.5640597140E+00      0.2847169037E+01
    0.7188418910E+01      0.7188418910E+01      0.5660757696E+00      0.2967299562E+01
    0.7140434243E+01      0.7140434243E+01      0.5527162546E+00      0.3097416444E+01
    0.7091785909E+01      0.7091785909E+01      0.5161656722E+00      0.3229031442E+01
    0.7046766385E+01      0.7046766385E+01      0.4513847182E+00      0.3361110705E+01
    0.7006911505E+01      0.7006911505E+01      0.3544903230E+00      0.3479773351E+01
    0.6977690267E+01      0.6977690267E+01      0.2269096124E+00      0.3578509582E+01
    0.6961413122E+01      0.6961413122E+01      0.9811997596E-01      0.3621274875E+01
    0.0000000000E+00      0.2000000000E+02      0.0000000000E+00      0.0000000000E+00
    0.7756548367E+01      0.7756548367E+01      0.6443440491E+00      0.1650539589E+01
    0.7720607229E+01      0.7720607229E+01      0.6275617100E+00      0.1702371931E+01
    0.7677016525E+01      0.7677016525E+01      0.6032854570E+00      0.1761376248E+01
    0.7626161081E+01      0.7626161081E+01      0.5729094291E+00      0.1827469648E+01
    0.7577858336E+01      0.7577858336E+01      0.5458329750E+00      0.1896775560E+01
    0.7537567999E+01      0.7537567999E+01      0.5285563410E+00      0.1965025856E+01
    0.7503447684E+01      0.7503447684E+01      0.5193826991E+00      0.2032854172E+01
    0.7474512749E+01      0.7474512749E+01      0.5174006463E+00      0.2102997750E+01
    0.7447163307E+01      0.7447163307E+01      0.5205487322E+00      0.2174409319E+01
    0.7421498113E+01      0.7421498113E+01      0.5305945014E+00      0.2247211013E+01
    0.7397533115E+01      0.7397533115E+01      0.5472067075E+00      0.2322899179E+01
    0.7372717465E+01      0.7372717465E+01      0.5686742850E+00      0.2403730698E+01
    0.7344994873E+01      0.7344994873E+01      0.5933188960E+00      0.2491326490E+01
    0.7313315469E+01      0.7313315469E+01      0.6189278652E+00      0.2586995344E+01
    0.7276983189E+01      0.7276983189E+01      0.6440199301E+00      0.2692122901E+01
    0.7235579641E+01      0.7235579641E+01      0.6671445559E+00      0.2808155925E+01
    0.7189083819E+01      0.7189083819E+01      0.6854729871E+00      0.2935864936E+01
    0.7137134918E+01      0.7137134918E+01      0.6952868982E+00      0.3074440730E+01
    0.7077690538E+01      0.7077690538E+01      0.6930150422E+00      0.3228815786E+01
    0.7016718919E+01      0.7016718919E+01      0.6658376966E+00      0.3399201987E+01
    0.6953341236E+01      0.6953341236E+01      0.5990584832E+00      0.3577767871E+01
    0.6897270922E+01      0.6897270922E+01      0.4837192557E+00      0.3746626315E+01
    0.6852477221E+01      0.6852477221E+01      0.3159566117E+00      0.3895381386E+01
    0.6828358305E+01      0.6828358305E+01      0.1374337304E+00      0.3967092093E+01
    0.0000000000E+00      0.2000000000E+02      0.0000000000E+00      0.0000000000E+00
    0.7754419062E+01      0.7754419062E+01      0.6917283054E+00      0.1659505741E+01
    0.7723848242E+01      0.7723848242E+01      0.6822991095E+00      0.1708582632E+01
    0.7684909310E+01      0.7684909310E+01      0.6656924249E+00      0.1763449472E+01
    0.7637948575E+01      0.7637948575E+01      0.6417151283E+00      0.1826948011E+01
    0.7586587982E+01      0.7586587982E+01      0.6146972430E+00      0.1897059277E+01
    0.7542294852E+01      0.7542294852E+01      0.5967991132E+00      0.1967398656E+01
    0.7505369741E+01      0.7505369741E+01      0.5894457707E+00      0.2038176871E+01
    0.7472537432E+01      0.7472537432E+01      0.5891333046E+00      0.2111333328E+01
    0.7439803544E+01      0.7439803544E+01      0.5938090954E+00      0.2186201966E+01
    0.7409580517E+01      0.7409580517E+01      0.6063655923E+00      0.2263305318E+01
    0.7381690727E+01      0.7381690727E+01      0.6273742180E+00      0.2344342016E+01
    0.7353675969E+01      0.7353675969E+01      0.6548701832E+00      0.2431192650E+01
    0.7322795895E+01      0.7322795895E+01      0.6873625642E+00      0.2525753418E+01
    0.7287601130E+01      0.7287601130E+01      0.7222707753E+00      0.2629262543E+01
    0.7247143388E+01      0.7247143388E+01      0.7578061187E+00      0.2743394423E+01
    0.7200647833E+01      0.7200647833E+01      0.7928359575E+00      0.2871019875E+01
    0.7147612344E+01      0.7147612344E+01      0.8250117380E+00      0.3014065265E+01
    0.7087363100E+01      0.7087363100E+01      0.8498848610E+00      0.3173454338E+01
    0.7017968761E+01      0.7017968761E+01      0.8622360185E+00      0.3351510200E+01
    0.6938182492E+01      0.6938182492E+01      0.8542616516E+00      0.3560518915E+01
    0.6849190613E+01      0.6849190613E+01      0.8086494053E+00      0.3805313115E+01
    0.6753584737E+01      0.6753584737E+01      0.6881435739E+00      0.4064576750E+01
    0.6674393715E+01      0.6674393715E+01      0.4666066810E+00      0.4314535088E+01
    0.6630380849E+01      0.6630380849E+01      0.2047262464E+00      0.4451533902E+01
    0.0000000000E+00      0.2000000000E+02      0.0000000000E+00      0.0000000000E+00
    0.7750907507E+01      0.7750907507E+01      0.7351882382E+00      0.1666401276E+01
    0.7724631526E+01      0.7724631526E+01      0.7338850962E+00      0.1711653563E+01
    0.7691030415E+01      0.7691030415E+01      0.7247852817E+00      0.1763160776E+01
    0.7649504417E+01      0.7649504417E+01      0.7084160346E+00      0.1823129342E+01
    0.7599419956E+01      0.7599419956E+01      0.6869083536E+00      0.1891915532E+01
    0.7549435910E+01      0.7549435910E+01      0.6679969527E+00      0.1964680092E+01
    0.7508659486E+01      0.7508659486E+01      0.6613628615E+00      0.2037849411E+01
    0.7472120179E+01      0.7472120179E+01      0.6624047836E+00      0.2113171883E+01
    0.7435986562E+01      0.7435986562E+01      0.6696819111E+00      0.2191891641E+01
    0.7402189046E+01      0.7402189046E+01      0.6866562928E+00      0.2273171735E+01
    0.7369942154E+01      0.7369942154E+01      0.7131891765E+00      0.2358286556E+01
    0.7337195730E+01      0.7337195730E+01      0.7472599533E+00      0.2448903784E+01
    0.7302026431E+01      0.7302026431E+01      0.7877803647E+00      0.2548091293E+01
    0.7262689007E+01      0.7262689007E+01      0.8327933017E+00      0.2657387456E+01
    0.7217754191E+01      0.7217754191E+01      0.8805588434E+00      0.2778574193E+01
    0.7165390463E+01      0.7165390463E+01      0.9304947536E+00      0.2914998458E+01
    0.7105106830E+01      0.7105106830E+01      0.9809082100E+00      0.3070738898E+01
    0.7035669326E+01      0.7035669326E+01      0.1028330309E+01      0.3249570910E+01
    0.6955041468E+01      0.6955041468E+01      0.1066799591E+01      0.3456499613E+01
    0.6859266534E+01      0.6859266534E+01      0.1088105746E+01      0.3701009544E+01
    0.6736195219E+01      0.6736195219E+01      0.1084281048E+01      0.4009179242E+01
    0.6587773872E+01      0.6587773872E+01      0.1015291057E+01      0.4400362963E+01
    0.6404148492E+01      0.6404148492E+01      0.7860603059E+00      0.4890443888E+01
    0.6272284265E+01      0.6272284265E+01      0.3612636406E+00      0.5260876301E+01
    0.0000000000E+00      0.2000000000E+02      0.0000000000E+00      0.0000000000E+00
    0.7744295523E+01      0.7744295523E+01      0.7730218517E+00      0.1672021938E+01
    0.7724325814E+01      0.7724325814E+01      0.7800778187E+00      0.1712045342E+01
    0.7695796582E+01      0.7695796582E+01      0.7782977862E+00      0.1760724930E+01
    0.7659735524E+01      0.7659735524E+01      0.7708695230E+00      0.1816789822E+01
    0.7615093272E+01      0.7615093272E+01      0.7583428651E+00      0.1880411232E+01
    0.7563610325E+01      0.7563610325E+01      0.7432992655E+00      0.1952753351E+01
    0.7517442461E+01      0.7517442461E+01      0.7376236562E+00      0.2029444230E+01
    0.7474799638E+01      0.7474799638E+01      0.7400689225E+00      0.2108144857E+01
    0.7433558943E+01      0.7433558943E+01      0.7503914995E+00      0.2187935473E+01
    0.7394357496E+01      0.7394357496E+01      0.7703372665E+00      0.2271978278E+01
    0.7357923933E+01      0.7357923933E+01      0.8012163311E+00      0.2361227304E+01
    0.7322227395E+01      0.7322227395E+01      0.8416866908E+00      0.2457134943E+01
    0.7284185379E+01      0.7284185379E+01      0.8912985195E+00      0.2560526230E+01
    0.7242184283E+01      0.7242184283E+01      0.9478813923E+00      0.2674376086E+01
    0.7193611923E+01      0.7193611923E+01      0.1009966426E+01      0.2801348169E+01
    0.7136751217E+01      0.7136751217E+01      0.1076674627E+01      0.2944711707E+01
    0.7070211850E+01      0.7070211850E+01      0.1147293265E+01      0.3109583415E+01
    0.6992136762E+01      0.6992136762E+01      0.1220680618E+01      0.3302367608E+01
    0.6899906304E+01      0.6899906304E+01      0.1293931094E+01      0.3531713564E+01
    0.6786010612E+01      0.6786010612E+01      0.1364482806E+01      0.3812325623E+01
    0.6638660729E+01      0.6638660729E+01      0.1432782855E+01      0.4167660675E+01
    0.6434389859E+01      0.6434389859E+01      0.1501692038E+01      0.4665755767E+01
    0.6038792290E+01      0.6038792290E+01      0.1614567376E+01      0.5399575958E+01
    0.5141154635E+01      0.5141154635E+01      0.1887604146E+01      0.6693072070E+01
    0.2857795586E+01      0.2857795586E+01      0.1395432242E+01      0.5403556843E+01
    0.7735256525E+01      0.7735256525E+01      0.8060169235E+00      0.1677774051E+01
    0.7721499625E+01      0.7721499625E+01      0.8203158541E+00      0.1712219129E+01
    0.7698632932E+01      0.7698632932E+01      0.8272833545E+00      0.1756976846E+01
    0.7666348023E+01      0.7666348023E+01      0.8282419350E+00      0.1808945176E+01
    0.7626390919E+01      0.7626390919E+01      0.8247572504E+00      0.1868995230E+01
    0.7578757641E+01      0.7578757641E+01      0.8193959832E+00      0.1936990765E+01
    0.7530326223E+01      0.7530326223E+01      0.8170885375E+00      0.2013653788E+01
    0.7481930377E+01      0.7481930377E+01      0.8210910808E+00      0.2094415415E+01
    0.7434814476E+01      0.7434814476E+01      0.8340536558E+00      0.2177218289E+01
    0.7390626728E+01      0.7390626728E+01      0.8582689479E+00      0.2263285476E+01
    0.7348817521E+01      0.7348817521E+01      0.8949654661E+00      0.2354696896E+01
    0.7307811487E+01      0.7307811487E+01      0.9428242829E+00      0.2452210092E+01
    0.7264726104E+01      0.7264726104E+01      0.1001411627E+01      0.2557934737E+01
    0.7218215640E+01      0.7218215640E+01      0.1068710440E+01      0.2674197262E+01
    0.7165871727E+01      0.7165871727E+01      0.1144486620E+01      0.2804282040E+01
    0.7104443472E+01      0.7104443472E+01      0.1229466431E+01      0.2951371586E+01
    0.7031808628E+01      0.7031808628E+01      0.1323517853E+01      0.3120506225E+01
    0.6944884592E+01      0.6944884592E+01      0.1427692876E+01      0.3318582378E+01
    0.6838490465E+01      0.6838490465E+01      0.1544595581E+01      0.3555763455E+01
    0.6702668871E+01      0.6702668871E+01      0.1679764994E+01      0.3844414176E+01
    0.6519959106E+01      0.6519959106E+01      0.1845111547E+01      0.4203158879E+01
    0.6257423833E+01      0.6257423833E+01      0.2075810290E+01      0.4660216859E+01
    0.5862013445E+01      0.5862013445E+01      0.2463804784E+01      0.5284426324E+01
    0.5410241510E+01      0.5410241510E+01      0.2976580521E+01      0.6247123820E+01
    0.4229984485E+01      0.4229984485E+01      0.2952172802E+01      0.4619177599E+01
