    0.5247340415E+01      0.5247340415E+01      0.5300927083E+01      0.3772254253E+01
    0.4968143959E+01      0.4968143959E+01      0.4800880048E+01      0.2580277881E+01
    0.4782433000E+01      0.4782433000E+01      0.4166983298E+01      0.1785322859E+01
    0.4625926317E+01      0.4625926317E+01      0.3801582992E+01      0.1375401417E+01
    0.4466697850E+01      0.4466697850E+01      0.3842892001E+01      0.1087437664E+01
    0.4306598154E+01      0.4306598154E+01      0.4019835665E+01      0.8280137223E+00
    0.4184264513E+01      0.4184264513E+01      0.4337925758E+01      0.5407756778E+00
    0.4064660309E+01      0.4064660309E+01      0.4786361527E+01      0.1974575237E+00
    0.3967725810E+01      0.3967725810E+01      0.5367713189E+01     -0.2351553264E+00
    0.3908943458E+01      0.3908943458E+01      0.6008583850E+01     -0.7688808434E+00
    0.3923029451E+01      0.3923029451E+01      0.6655134130E+01     -0.1377007897E+01
    0.3985638995E+01      0.3985638995E+01      0.7062530464E+01     -0.1975543325E+01
    0.4107951216E+01      0.4107951216E+01      0.7206267601E+01     -0.2525581446E+01
    0.4292625325E+01      0.4292625325E+01      0.7162244402E+01     -0.3031383464E+01
    0.4519784147E+01      0.4519784147E+01      0.7018794339E+01     -0.3393865444E+01
    0.4746424302E+01      0.4746424302E+01      0.6777979186E+01     -0.3758945331E+01
    0.5002944793E+01      0.5002944793E+01      0.6415875965E+01     -0.3913598598E+01
    0.5241686686E+01      0.5241686686E+01      0.5998863098E+01     -0.3884699002E+01
    0.5448729395E+01      0.5448729395E+01      0.5585880196E+01     -0.3796631321E+01
    0.5620098054E+01      0.5620098054E+01      0.5198119214E+01     -0.3653577442E+01
    0.5761059423E+01      0.5761059423E+01      0.4851172070E+01     -0.3479573223E+01
    0.5879219666E+01      0.5879219666E+01      0.4554302946E+01     -0.3289405638E+01
    0.5982543724E+01      0.5982543724E+01      0.4310424869E+01     -0.3096417366E+01
    0.6068523307E+01      0.6068523307E+01      0.4107845961E+01     -0.2912827899E+01
    0.6138161825E+01      0.6138161825E+01      0.3933719680E+01     -0.2740206190E+01
    0.5656622022E+01      0.5656622022E+01      0.6314544587E+01      0.3719766270E+01
    0.5247176380E+01      0.5247176380E+01      0.6654559877E+01      0.3013517230E+01
    0.5004937566E+01      0.5004937566E+01      0.6589398599E+01      0.2328778122E+01
    0.4806340825E+01      0.4806340825E+01      0.6447975206E+01      0.1749329359E+01
    0.4653833224E+01      0.4653833224E+01      0.6440503962E+01      0.1271318551E+01
    0.4513702072E+01      0.4513702072E+01      0.6533711999E+01      0.8185467125E+00
    0.4372171475E+01      0.4372171475E+01      0.6747380070E+01      0.3904979852E+00
    0.4270842388E+01      0.4270842388E+01      0.7033912870E+01     -0.7046272647E-01
    0.4220719259E+01      0.4220719259E+01      0.7331513042E+01     -0.5702051550E+00
    0.4224257159E+01      0.4224257159E+01      0.7586213329E+01     -0.1102478905E+01
    0.4268511067E+01      0.4268511067E+01      0.7741304141E+01     -0.1629301381E+01
    0.4345895857E+01      0.4345895857E+01      0.7763381686E+01     -0.2064227470E+01
    0.4453091487E+01      0.4453091487E+01      0.7718386827E+01     -0.2492619985E+01
    0.4600123512E+01      0.4600123512E+01      0.7566946500E+01     -0.2870543913E+01
    0.4792353000E+01      0.4792353000E+01      0.7297775641E+01     -0.3157074013E+01
    0.4991390251E+01      0.4991390251E+01      0.6957870700E+01     -0.3417751417E+01
    0.5211271005E+01      0.5211271005E+01      0.6538967516E+01     -0.3507588168E+01
    0.5400490566E+01      0.5400490566E+01      0.6116515762E+01     -0.3485996397E+01
    0.5568685949E+01      0.5568685949E+01      0.5712011106E+01     -0.3413114508E+01
    0.5715497406E+01      0.5715497406E+01      0.5337772506E+01     -0.3302945455E+01
    0.5837791611E+01      0.5837791611E+01      0.5003820962E+01     -0.3167387684E+01
    0.5943078490E+01      0.5943078490E+01      0.4716282509E+01     -0.3019570111E+01
    0.6035755055E+01      0.6035755055E+01      0.4474267857E+01     -0.2866532006E+01
    0.6114574795E+01      0.6114574795E+01      0.4267842886E+01     -0.2715389059E+01
    0.6179528946E+01      0.6179528946E+01      0.4087133064E+01     -0.2569520344E+01
    0.6100391719E+01      0.6100391719E+01      0.6458590951E+01      0.3454906734E+01
    0.5566350208E+01      0.5566350208E+01      0.7143884590E+01      0.2980441780E+01
    0.5305520741E+01      0.5305520741E+01      0.7402106441E+01      0.2430743497E+01
    0.5102671314E+01      0.5102671314E+01      0.7543813893E+01      0.1878794382E+01
    0.4948864475E+01      0.4948864475E+01      0.7670340262E+01      0.1352777890E+01
    0.4814718385E+01      0.4814718385E+01      0.7811977444E+01      0.8466294827E+00
    0.4701903786E+01      0.4701903786E+01      0.7958176429E+01      0.3468830871E+00
    0.4629848325E+01      0.4629848325E+01      0.8064257706E+01     -0.1619963639E+00
    0.4604225841E+01      0.4604225841E+01      0.8134354440E+01     -0.6305288574E+00
    0.4607965204E+01      0.4607965204E+01      0.8163965864E+01     -0.1081872287E+01
    0.4620150014E+01      0.4620150014E+01      0.8147373855E+01     -0.1516025710E+01
    0.4670875160E+01      0.4670875160E+01      0.8062401911E+01     -0.1908092476E+01
    0.4758013462E+01      0.4758013462E+01      0.7908898764E+01     -0.2296034706E+01
    0.4887789406E+01      0.4887789406E+01      0.7671823956E+01     -0.2608162728E+01
    0.5048216356E+01      0.5048216356E+01      0.7360831502E+01     -0.2854428070E+01
    0.5215065325E+01      0.5215065325E+01      0.6993542517E+01     -0.3047606747E+01
    0.5402577926E+01      0.5402577926E+01      0.6571138885E+01     -0.3093034339E+01
    0.5553765023E+01      0.5553765023E+01      0.6154690093E+01     -0.3077268469E+01
    0.5691077157E+01      0.5691077157E+01      0.5775671784E+01     -0.3032631685E+01
    0.5812518871E+01      0.5812518871E+01      0.5429858842E+01     -0.2958870674E+01
    0.5916718344E+01      0.5916718344E+01      0.5117353913E+01     -0.2865512464E+01
    0.6008490564E+01      0.6008490564E+01      0.4842998552E+01     -0.2757427499E+01
    0.6091413892E+01      0.6091413892E+01      0.4606458600E+01     -0.2640985163E+01
    0.6164133668E+01      0.6164133668E+01      0.4400034286E+01     -0.2520875064E+01
    0.6225848075E+01      0.6225848075E+01      0.4216405408E+01     -0.2401069431E+01
    0.6353808390E+01      0.6353808390E+01      0.6332741216E+01      0.3106914435E+01
    0.5946845526E+01      0.5946845526E+01      0.7023274557E+01      0.2756619845E+01
    0.5688226641E+01      0.5688226641E+01      0.7382749181E+01      0.2310795977E+01
    0.5470178178E+01      0.5470178178E+01      0.7675435538E+01      0.1817927515E+01
    0.5302402537E+01      0.5302402537E+01      0.7872480378E+01      0.1326196817E+01
    0.5174251817E+01      0.5174251817E+01      0.8040916947E+01      0.8283879742E+00
    0.5055433510E+01      0.5055433510E+01      0.8166010999E+01      0.3660361217E+00
    0.4982093355E+01      0.4982093355E+01      0.8257930583E+01     -0.1017523333E+00
    0.4938635128E+01      0.4938635128E+01      0.8258913010E+01     -0.5432119977E+00
    0.4926612846E+01      0.4926612846E+01      0.8238101907E+01     -0.9637469744E+00
    0.4937480903E+01      0.4937480903E+01      0.8182458159E+01     -0.1349536341E+01
    0.4977160110E+01      0.4977160110E+01      0.8068925881E+01     -0.1700127140E+01
    0.5047854180E+01      0.5047854180E+01      0.7885271275E+01     -0.2039235398E+01
    0.5156199187E+01      0.5156199187E+01      0.7613284033E+01     -0.2298026832E+01
    0.5283068733E+01      0.5283068733E+01      0.7274234259E+01     -0.2498054004E+01
    0.5427030917E+01      0.5427030917E+01      0.6884676898E+01     -0.2632659270E+01
    0.5563107046E+01      0.5563107046E+01      0.6483342172E+01     -0.2694478497E+01
    0.5686314737E+01      0.5686314737E+01      0.6120915256E+01     -0.2704607505E+01
    0.5796523303E+01      0.5796523303E+01      0.5793615154E+01     -0.2687556895E+01
    0.5899470252E+01      0.5899470252E+01      0.5485107083E+01     -0.2647177822E+01
    0.5990345761E+01      0.5990345761E+01      0.5196762224E+01     -0.2586148782E+01
    0.6072463301E+01      0.6072463301E+01      0.4937642181E+01     -0.2510348633E+01
    0.6148549326E+01      0.6148549326E+01      0.4709375983E+01     -0.2423698608E+01
    0.6217162249E+01      0.6217162249E+01      0.4506249109E+01     -0.2331264150E+01
    0.6276651710E+01      0.6276651710E+01      0.4322460713E+01     -0.2236692455E+01
    0.6547176787E+01      0.6547176787E+01      0.6117886153E+01      0.2728910309E+01
    0.6252705631E+01      0.6252705631E+01      0.6702358875E+01      0.2463578237E+01
    0.6025472496E+01      0.6025472496E+01      0.7132022925E+01      0.2109533729E+01
    0.5822412697E+01      0.5822412697E+01      0.7486633674E+01      0.1711010758E+01
    0.5648024154E+01      0.5648024154E+01      0.7742293367E+01      0.1277899089E+01
    0.5520049016E+01      0.5520049016E+01      0.7920762220E+01      0.8348090883E+00
    0.5397882228E+01      0.5397882228E+01      0.8050276681E+01      0.4010435056E+00
    0.5317730405E+01      0.5317730405E+01      0.8132018030E+01     -0.2556133776E-01
    0.5258352939E+01      0.5258352939E+01      0.8125909218E+01     -0.4291523203E+00
    0.5231352012E+01      0.5231352012E+01      0.8082536141E+01     -0.8090550580E+00
    0.5233900725E+01      0.5233900725E+01      0.7996487328E+01     -0.1149926902E+01
    0.5259289775E+01      0.5259289775E+01      0.7851108637E+01     -0.1461409170E+01
    0.5312361213E+01      0.5312361213E+01      0.7637168197E+01     -0.1744683269E+01
    0.5392648091E+01      0.5392648091E+01      0.7364651502E+01     -0.1967036987E+01
    0.5486762917E+01      0.5486762917E+01      0.7061583716E+01     -0.2143455563E+01
    0.5590165585E+01      0.5590165585E+01      0.6737227480E+01     -0.2268125591E+01
    0.5694754354E+01      0.5694754354E+01      0.6408862273E+01     -0.2348558999E+01
    0.5795490028E+01      0.5795490028E+01      0.6091125913E+01     -0.2383106457E+01
    0.5892937758E+01      0.5892937758E+01      0.5798582367E+01     -0.2383135759E+01
    0.5980530855E+01      0.5980530855E+01      0.5519690924E+01     -0.2365779206E+01
    0.6061382163E+01      0.6061382163E+01      0.5252436441E+01     -0.2330769284E+01
    0.6136695579E+01      0.6136695579E+01      0.5006950156E+01     -0.2280550510E+01
    0.6208450860E+01      0.6208450860E+01      0.4787149349E+01     -0.2219656106E+01
    0.6274547096E+01      0.6274547096E+01      0.4588708105E+01     -0.2151851040E+01
    0.6332539718E+01      0.6332539718E+01      0.4407086955E+01     -0.2080153180E+01
    0.6719905941E+01      0.6719905941E+01      0.5890642798E+01      0.2393740878E+01
    0.6492614818E+01      0.6492614818E+01      0.6334373071E+01      0.2157546204E+01
    0.6301753961E+01      0.6301753961E+01      0.6738046699E+01      0.1874234674E+01
    0.6119031135E+01      0.6119031135E+01      0.7082576847E+01      0.1542542803E+01
    0.5952248531E+01      0.5952248531E+01      0.7373639742E+01      0.1190652393E+01
    0.5826442836E+01      0.5826442836E+01      0.7579954924E+01      0.8127563331E+00
    0.5705057031E+01      0.5705057031E+01      0.7711114068E+01      0.4310149235E+00
    0.5616710655E+01      0.5616710655E+01      0.7788488468E+01      0.6211858430E-01
    0.5544681932E+01      0.5544681932E+01      0.7782464149E+01     -0.2995477808E+00
    0.5502364897E+01      0.5502364897E+01      0.7737524002E+01     -0.6353844962E+00
    0.5492911894E+01      0.5492911894E+01      0.7653635885E+01     -0.9341190772E+00
    0.5502405027E+01      0.5502405027E+01      0.7530003134E+01     -0.1211832632E+01
    0.5536242720E+01      0.5536242720E+01      0.7353481057E+01     -0.1457956555E+01
    0.5588888192E+01      0.5588888192E+01      0.7136180663E+01     -0.1663123373E+01
    0.5655161764E+01      0.5655161764E+01      0.6887524207E+01     -0.1830190727E+01
    0.5732652831E+01      0.5732652831E+01      0.6617824454E+01     -0.1954815860E+01
    0.5813472453E+01      0.5813472453E+01      0.6339037547E+01     -0.2040019418E+01
    0.5897131995E+01      0.5897131995E+01      0.6058951919E+01     -0.2091623766E+01
    0.5980779349E+01      0.5980779349E+01      0.5790363719E+01     -0.2111226790E+01
    0.6060243155E+01      0.6060243155E+01      0.5533458622E+01     -0.2110700101E+01
    0.6132689016E+01      0.6132689016E+01      0.5285495618E+01     -0.2097040946E+01
    0.6203024691E+01      0.6203024691E+01      0.5052767605E+01     -0.2069468341E+01
    0.6271905795E+01      0.6271905795E+01      0.4842037714E+01     -0.2030811161E+01
    0.6335946541E+01      0.6335946541E+01      0.4649788684E+01     -0.1984255422E+01
    0.6392128168E+01      0.6392128168E+01      0.4472338135E+01     -0.1932173299E+01
    0.6868425787E+01      0.6868425787E+01      0.5706782359E+01      0.2113037746E+01
    0.6690426011E+01      0.6690426011E+01      0.6071105435E+01      0.1910149851E+01
    0.6518334084E+01      0.6518334084E+01      0.6397604729E+01      0.1663633268E+01
    0.6355708761E+01      0.6355708761E+01      0.6694076788E+01      0.1385770704E+01
    0.6196941716E+01      0.6196941716E+01      0.6939187356E+01      0.1082327044E+01
    0.6075819094E+01      0.6075819094E+01      0.7156327356E+01      0.7740323111E+00
    0.5954805061E+01      0.5954805061E+01      0.7288317585E+01      0.4448329231E+00
    0.5858175625E+01      0.5858175625E+01      0.7379727482E+01      0.1321366618E+00
    0.5786002439E+01      0.5786002439E+01      0.7412785579E+01     -0.1812329111E+00
    0.5732088468E+01      0.5732088468E+01      0.7394320235E+01     -0.4754735534E+00
    0.5707728361E+01      0.5707728361E+01      0.7339281973E+01     -0.7445415885E+00
    0.5702616428E+01      0.5702616428E+01      0.7249694528E+01     -0.9950556842E+00
    0.5717985622E+01      0.5717985622E+01      0.7114620880E+01     -0.1216666320E+01
    0.5750214115E+01      0.5750214115E+01      0.6939358013E+01     -0.1405689075E+01
    0.5796579377E+01      0.5796579377E+01      0.6732908106E+01     -0.1561666680E+01
    0.5853406374E+01      0.5853406374E+01      0.6504609451E+01     -0.1682434885E+01
    0.5919033986E+01      0.5919033986E+01      0.6263603115E+01     -0.1770432308E+01
    0.5989186354E+01      0.5989186354E+01      0.6016350132E+01     -0.1829122198E+01
    0.6063225701E+01      0.6063225701E+01      0.5768620307E+01     -0.1866640268E+01
    0.6136627167E+01      0.6136627167E+01      0.5529125763E+01     -0.1884405099E+01
    0.6206495521E+01      0.6206495521E+01      0.5297518214E+01     -0.1886267143E+01
    0.6272268541E+01      0.6272268541E+01      0.5078675273E+01     -0.1876939328E+01
    0.6337973119E+01      0.6337973119E+01      0.4878088660E+01     -0.1856217215E+01
    0.6398808431E+01      0.6398808431E+01      0.4693273586E+01     -0.1826174217E+01
    0.6452031451E+01      0.6452031451E+01      0.4521331185E+01     -0.1789433284E+01
    0.6989138535E+01      0.6989138535E+01      0.5547606898E+01      0.1869978781E+01
    0.6840271647E+01      0.6840271647E+01      0.5859530959E+01      0.1698252645E+01
    0.6687246673E+01      0.6687246673E+01      0.6145528388E+01      0.1491685083E+01
    0.6541119604E+01      0.6541119604E+01      0.6409885694E+01      0.1255515376E+01
    0.6395303678E+01      0.6395303678E+01      0.6628493232E+01      0.9974883638E+00
    0.6270258186E+01      0.6270258186E+01      0.6824842238E+01      0.7301738233E+00
    0.6153980702E+01      0.6153980702E+01      0.6967298642E+01      0.4501530399E+00
    0.6052840351E+01      0.6052840351E+01      0.7058635128E+01      0.1783081293E+00
    0.5981555673E+01      0.5981555673E+01      0.7124553294E+01     -0.8919461160E-01
    0.5919992943E+01      0.5919992943E+01      0.7122652928E+01     -0.3491323662E+00
    0.5883521239E+01      0.5883521239E+01      0.7089879747E+01     -0.5890425295E+00
    0.5865444012E+01      0.5865444012E+01      0.7018339677E+01     -0.8136655887E+00
    0.5866296191E+01      0.5866296191E+01      0.6913496661E+01     -0.1012635144E+01
    0.5883799981E+01      0.5883799981E+01      0.6768227622E+01     -0.1185114241E+01
    0.5915257841E+01      0.5915257841E+01      0.6593157781E+01     -0.1329409364E+01
    0.5958294838E+01      0.5958294838E+01      0.6397070187E+01     -0.1444735610E+01
    0.6012359819E+01      0.6012359819E+01      0.6184757846E+01     -0.1533614187E+01
    0.6074602412E+01      0.6074602412E+01      0.5963256598E+01     -0.1598537807E+01
    0.6143241877E+01      0.6143241877E+01      0.5735603533E+01     -0.1647153909E+01
    0.6212542932E+01      0.6212542932E+01      0.5509235839E+01     -0.1679554096E+01
    0.6279828240E+01      0.6279828240E+01      0.5293045033E+01     -0.1697632556E+01
    0.6343358280E+01      0.6343358280E+01      0.5088661941E+01     -0.1699846516E+01
    0.6403933748E+01      0.6403933748E+01      0.4899725332E+01     -0.1691630671E+01
    0.6460214100E+01      0.6460214100E+01      0.4722921282E+01     -0.1673527890E+01
    0.6509541031E+01      0.6509541031E+01      0.4556900480E+01     -0.1648723693E+01
    0.7081939234E+01      0.7081939234E+01      0.5407814794E+01      0.1653777382E+01
    0.6948758439E+01      0.6948758439E+01      0.5682873159E+01      0.1508123680E+01
    0.6814647527E+01      0.6814647527E+01      0.5940867254E+01      0.1332455169E+01
    0.6679531097E+01      0.6679531097E+01      0.6174884288E+01      0.1136534940E+01
    0.6549784135E+01      0.6549784135E+01      0.6383364714E+01      0.9171607396E+00
    0.6426387934E+01      0.6426387934E+01      0.6560078688E+01      0.6891398161E+00
    0.6314035279E+01      0.6314035279E+01      0.6704094312E+01      0.4492185346E+00
    0.6212075048E+01      0.6212075048E+01      0.6795838213E+01      0.2091016321E+00
    0.6139493562E+01      0.6139493562E+01      0.6878052719E+01     -0.1644396302E-01
    0.6074871188E+01      0.6074871188E+01      0.6894614473E+01     -0.2456422773E+00
    0.6025885691E+01      0.6025885691E+01      0.6873847115E+01     -0.4601926500E+00
    0.5997239056E+01      0.5997239056E+01      0.6818712050E+01     -0.6595543104E+00
    0.5986363032E+01      0.5986363032E+01      0.6731169188E+01     -0.8388796819E+00
    0.5993501664E+01      0.5993501664E+01      0.6612671591E+01     -0.9958392554E+00
    0.6015307046E+01      0.6015307046E+01      0.6463819598E+01     -0.1128113531E+01
    0.6049870983E+01      0.6049870983E+01      0.6292846665E+01     -0.1237514343E+01
    0.6097357984E+01      0.6097357984E+01      0.6103335459E+01     -0.1326634644E+01
    0.6155648301E+01      0.6155648301E+01      0.5900784970E+01     -0.1396897881E+01
    0.6222037524E+01      0.6222037524E+01      0.5689591739E+01     -0.1452102287E+01
    0.6288227615E+01      0.6288227615E+01      0.5480141022E+01     -0.1494857878E+01
    0.6351419767E+01      0.6351419767E+01      0.5278036053E+01     -0.1523044084E+01
    0.6412427354E+01      0.6412427354E+01      0.5087620912E+01     -0.1534293361E+01
    0.6468808105E+01      0.6468808105E+01      0.4909484240E+01     -0.1532156600E+01
    0.6518340893E+01      0.6518340893E+01      0.4741949708E+01     -0.1523743162E+01
    0.6561964079E+01      0.6561964079E+01      0.4581702752E+01     -0.1508997641E+01
    0.7152339389E+01      0.7152339389E+01      0.5283303817E+01      0.1464347943E+01
    0.7030059957E+01      0.7030059957E+01      0.5532688553E+01      0.1335839427E+01
    0.6906935180E+01      0.6906935180E+01      0.5767845313E+01      0.1187068067E+01
    0.6782382044E+01      0.6782382044E+01      0.5979448720E+01      0.1018964707E+01
    0.6665095618E+01      0.6665095618E+01      0.6174397835E+01      0.8373914717E+00
    0.6548614990E+01      0.6548614990E+01      0.6336710241E+01      0.6422515121E+00
    0.6441265435E+01      0.6441265435E+01      0.6476911906E+01      0.4413796548E+00
    0.6344256465E+01      0.6344256465E+01      0.6576417477E+01      0.2321771570E+00
    0.6264706745E+01      0.6264706745E+01      0.6655136451E+01      0.3683286693E-01
    0.6198933103E+01      0.6198933103E+01      0.6692467674E+01     -0.1624221522E+00
    0.6140775627E+01      0.6140775627E+01      0.6682288313E+01     -0.3518007368E+00
    0.6104951584E+01      0.6104951584E+01      0.6642004267E+01     -0.5272465281E+00
    0.6087514241E+01      0.6087514241E+01      0.6569224074E+01     -0.6872588425E+00
    0.6088031736E+01      0.6088031736E+01      0.6472144426E+01     -0.8293813083E+00
    0.6103434635E+01      0.6103434635E+01      0.6344494480E+01     -0.9505863316E+00
    0.6134173985E+01      0.6134173985E+01      0.6191945799E+01     -0.1054562862E+01
    0.6179122301E+01      0.6179122301E+01      0.6019278154E+01     -0.1143481477E+01
    0.6235935090E+01      0.6235935090E+01      0.5832148923E+01     -0.1217605774E+01
    0.6300067889E+01      0.6300067889E+01      0.5637470778E+01     -0.1278346219E+01
    0.6362247458E+01      0.6362247458E+01      0.5443908030E+01     -0.1324864845E+01
    0.6421361330E+01      0.6421361330E+01      0.5256150079E+01     -0.1356713467E+01
    0.6477304647E+01      0.6477304647E+01      0.5078859770E+01     -0.1374245634E+01
    0.6527413939E+01      0.6527413939E+01      0.4910714953E+01     -0.1379428294E+01
    0.6570889428E+01      0.6570889428E+01      0.4750787924E+01     -0.1376454457E+01
    0.6607703520E+01      0.6607703520E+01      0.4597177283E+01     -0.1369205038E+01
    0.7210952454E+01      0.7210952454E+01      0.5169779530E+01      0.1300261573E+01
    0.7094587183E+01      0.7094587183E+01      0.5399680184E+01      0.1186324220E+01
    0.6979046150E+01      0.6979046150E+01      0.5617167810E+01      0.1055940284E+01
    0.6860915159E+01      0.6860915159E+01      0.5813911880E+01      0.9115218250E+00
    0.6749877597E+01      0.6749877597E+01      0.5996004199E+01      0.7564698004E+00
    0.6642349859E+01      0.6642349859E+01      0.6150942190E+01      0.5918478603E+00
    0.6539402258E+01      0.6539402258E+01      0.6281833875E+01      0.4223875826E+00
    0.6447985238E+01      0.6447985238E+01      0.6390031595E+01      0.2449937092E+00
    0.6364295961E+01      0.6364295961E+01      0.6462861179E+01      0.7445851377E-01
    0.6297644261E+01      0.6297644261E+01      0.6515577535E+01     -0.9511091132E-01
    0.6234451441E+01      0.6234451441E+01      0.6514279162E+01     -0.2611889259E+00
    0.6194602660E+01      0.6194602660E+01      0.6486640501E+01     -0.4140371768E+00
    0.6174852917E+01      0.6174852917E+01      0.6428197365E+01     -0.5543379049E+00
    0.6171496835E+01      0.6171496835E+01      0.6346309653E+01     -0.6825945091E+00
    0.6183910467E+01      0.6183910467E+01      0.6235537982E+01     -0.7929890365E+00
    0.6214318478E+01      0.6214318478E+01      0.6096168554E+01     -0.8925266240E+00
    0.6260035216E+01      0.6260035216E+01      0.5935377594E+01     -0.9801008392E+00
    0.6316008312E+01      0.6316008312E+01      0.5761057732E+01     -0.1056395895E+01
    0.6376147365E+01      0.6376147365E+01      0.5581086729E+01     -0.1117745257E+01
    0.6433310746E+01      0.6433310746E+01      0.5402976291E+01     -0.1163903281E+01
    0.6485821945E+01      0.6485821945E+01      0.5228905193E+01     -0.1197550430E+01
    0.6534674488E+01      0.6534674488E+01      0.5063610530E+01     -0.1219719024E+01
    0.6577416121E+01      0.6577416121E+01      0.4905001058E+01     -0.1231420299E+01
    0.6613874585E+01      0.6613874585E+01      0.4752029933E+01     -0.1233970568E+01
    0.6644884117E+01      0.6644884117E+01      0.4604128165E+01     -0.1231347766E+01
    0.7261467339E+01      0.7261467339E+01      0.5067121499E+01      0.1159210034E+01
    0.7151612399E+01      0.7151612399E+01      0.5281928363E+01      0.1057613412E+01
    0.7039919048E+01      0.7039919048E+01      0.5484562511E+01      0.9442498401E+00
    0.6928470036E+01      0.6928470036E+01      0.5672220000E+01      0.8175041271E+00
    0.6818871559E+01      0.6818871559E+01      0.5841469452E+01      0.6845950191E+00
    0.6716793810E+01      0.6716793810E+01      0.5994160737E+01      0.5427058988E+00
    0.6616044313E+01      0.6616044313E+01      0.6118743366E+01      0.3985761106E+00
    0.6530167926E+01      0.6530167926E+01      0.6229787447E+01      0.2509709118E+00
    0.6445294553E+01      0.6445294553E+01      0.6299636448E+01      0.1023839693E+00
    0.6378535876E+01      0.6378535876E+01      0.6358834812E+01     -0.3709041989E-01
    0.6316985060E+01      0.6316985060E+01      0.6371279001E+01     -0.1802147556E+00
    0.6273851033E+01      0.6273851033E+01      0.6351850042E+01     -0.3134769252E+00
    0.6253323802E+01      0.6253323802E+01      0.6304082133E+01     -0.4365725081E+00
    0.6248833150E+01      0.6248833150E+01      0.6233531519E+01     -0.5509422296E+00
    0.6260802764E+01      0.6260802764E+01      0.6135105163E+01     -0.6514919860E+00
    0.6293192897E+01      0.6293192897E+01      0.6005174482E+01     -0.7470120074E+00
    0.6339187003E+01      0.6339187003E+01      0.5854719282E+01     -0.8333827707E+00
    0.6392745581E+01      0.6392745581E+01      0.5691448533E+01     -0.9082843341E+00
    0.6446616286E+01      0.6446616286E+01      0.5525785659E+01     -0.9667319290E+00
    0.6496027515E+01      0.6496027515E+01      0.5361440503E+01     -0.1012522344E+01
    0.6540306157E+01      0.6540306157E+01      0.5200015699E+01     -0.1047501719E+01
    0.6581235903E+01      0.6581235903E+01      0.5044464385E+01     -0.1072427900E+01
    0.6617210800E+01      0.6617210800E+01      0.4893761269E+01     -0.1088384493E+01
    0.6647506477E+01      0.6647506477E+01      0.4746844562E+01     -0.1095385073E+01
    0.6674442771E+01      0.6674442771E+01      0.4605451083E+01     -0.1095881393E+01
    0.7306024354E+01      0.7306024354E+01      0.4976568057E+01      0.1034662482E+01
    0.7201888648E+01      0.7201888648E+01      0.5178260212E+01      0.9464247096E+00
    0.7095140002E+01      0.7095140002E+01      0.5369865067E+01      0.8470662619E+00
    0.6988634659E+01      0.6988634659E+01      0.5549426658E+01      0.7384717291E+00
    0.6881069395E+01      0.6881069395E+01      0.5709925745E+01      0.6228660340E+00
    0.6782244617E+01      0.6782244617E+01      0.5860267981E+01      0.5024859220E+00
    0.6683419261E+01      0.6683419261E+01      0.5982121156E+01      0.3783720424E+00
    0.6597413622E+01      0.6597413622E+01      0.6091725683E+01      0.2554413148E+00
    0.6514175980E+01      0.6514175980E+01      0.6167130275E+01      0.1272631516E+00
    0.6445278672E+01      0.6445278672E+01      0.6223419414E+01      0.9541475394E-02
    0.6388666132E+01      0.6388666132E+01      0.6249655894E+01     -0.1115103695E+00
    0.6344381882E+01      0.6344381882E+01      0.6236831521E+01     -0.2253436429E+00
    0.6324829660E+01      0.6324829660E+01      0.6197156920E+01     -0.3325658090E+00
    0.6321016738E+01      0.6321016738E+01      0.6134735424E+01     -0.4334326655E+00
    0.6334084794E+01      0.6334084794E+01      0.6043672832E+01     -0.5263874293E+00
    0.6368425082E+01      0.6368425082E+01      0.5919255531E+01     -0.6182434468E+00
    0.6412747011E+01      0.6412747011E+01      0.5777028800E+01     -0.7013569333E+00
    0.6460840368E+01      0.6460840368E+01      0.5625652176E+01     -0.7711601637E+00
    0.6506062134E+01      0.6506062134E+01      0.5473110751E+01     -0.8263742985E+00
    0.6547387442E+01      0.6547387442E+01      0.5321231917E+01     -0.8704387468E+00
    0.6584019156E+01      0.6584019156E+01      0.5169679178E+01     -0.9051178627E+00
    0.6617363703E+01      0.6617363703E+01      0.5021662422E+01     -0.9311433503E+00
    0.6648018469E+01      0.6648018469E+01      0.4878592181E+01     -0.9491417984E+00
    0.6674304172E+01      0.6674304172E+01      0.4738141525E+01     -0.9591155218E+00
    0.6698443260E+01      0.6698443260E+01      0.4602516252E+01     -0.9627227953E+00
    0.7342024662E+01      0.7342024662E+01      0.4898804294E+01      0.9190344215E+00
    0.7244089472E+01      0.7244089472E+01      0.5089892050E+01      0.8433410235E+00
    0.7142665739E+01      0.7142665739E+01      0.5272287456E+01      0.7585874580E+00
    0.7040355383E+01      0.7040355383E+01      0.5444047343E+01      0.6662445797E+00
    0.6936225675E+01      0.6936225675E+01      0.5600447600E+01      0.5671634338E+00
    0.6838139968E+01      0.6838139968E+01      0.5746182406E+01      0.4661743134E+00
    0.6742219142E+01      0.6742219142E+01      0.5867613616E+01      0.3605582004E+00
    0.6654586295E+01      0.6654586295E+01      0.5972356471E+01      0.2588163456E+00
    0.6575970157E+01      0.6575970157E+01      0.6055454580E+01      0.1513729373E+00
    0.6505813330E+01      0.6505813330E+01      0.6109958316E+01      0.5106773781E-01
    0.6453310844E+01      0.6453310844E+01      0.6144603675E+01     -0.5110738111E-01
    0.6408392757E+01      0.6408392757E+01      0.6136620867E+01     -0.1482849941E+00
    0.6389033006E+01      0.6389033006E+01      0.6102908926E+01     -0.2425478573E+00
    0.6386061995E+01      0.6386061995E+01      0.6046669740E+01     -0.3316879914E+00
    0.6400345949E+01      0.6400345949E+01      0.5960302307E+01     -0.4192257995E+00
    0.6435592326E+01      0.6435592326E+01      0.5839753502E+01     -0.5051697208E+00
    0.6475687981E+01      0.6475687981E+01      0.5706103949E+01     -0.5815121861E+00
    0.6515876860E+01      0.6515876860E+01      0.5566952227E+01     -0.6449802479E+00
    0.6553270631E+01      0.6553270631E+01      0.5425445680E+01     -0.6952069546E+00
    0.6587140252E+01      0.6587140252E+01      0.5283381216E+01     -0.7356575617E+00
    0.6617757572E+01      0.6617757572E+01      0.5140916206E+01     -0.7683531695E+00
    0.6645916919E+01      0.6645916919E+01      0.5000224021E+01     -0.7935858565E+00
    0.6672749178E+01      0.6672749178E+01      0.4863291881E+01     -0.8121251373E+00
    0.6697021424E+01      0.6697021424E+01      0.4728718898E+01     -0.8239130794E+00
    0.6719712129E+01      0.6719712129E+01      0.4597420158E+01     -0.8300533626E+00
    0.7369504661E+01      0.7369504661E+01      0.4832424074E+01      0.8069947859E+00
    0.7276629815E+01      0.7276629815E+01      0.5015372356E+01      0.7428831557E+00
    0.7179949189E+01      0.7179949189E+01      0.5190668042E+01      0.6715382365E+00
    0.7081233023E+01      0.7081233023E+01      0.5356068666E+01      0.5947000307E+00
    0.6981768173E+01      0.6981768173E+01      0.5509468819E+01      0.5120555392E+00
    0.6883358731E+01      0.6883358731E+01      0.5648592373E+01      0.4284105865E+00
    0.6790903565E+01      0.6790903565E+01      0.5774436269E+01      0.3408996657E+00
    0.6701578265E+01      0.6701578265E+01      0.5876225782E+01      0.2557586106E+00
    0.6627203354E+01      0.6627203354E+01      0.5962955032E+01      0.1670320825E+00
    0.6557145393E+01      0.6557145393E+01      0.6017221051E+01      0.8327138430E-01
    0.6508086838E+01      0.6508086838E+01      0.6055938024E+01     -0.1518120766E-02
    0.6464000508E+01      0.6464000508E+01      0.6050341838E+01     -0.8395600682E-01
    0.6445715428E+01      0.6445715428E+01      0.6019541385E+01     -0.1657079152E+00
    0.6444013898E+01      0.6444013898E+01      0.5967034469E+01     -0.2443803521E+00
    0.6460324619E+01      0.6460324619E+01      0.5882257804E+01     -0.3248941890E+00
    0.6493123464E+01      0.6493123464E+01      0.5767663338E+01     -0.4021913984E+00
    0.6526700771E+01      0.6526700771E+01      0.5644073328E+01     -0.4696527284E+00
    0.6559083149E+01      0.6559083149E+01      0.5514867583E+01     -0.5249651754E+00
    0.6589703778E+01      0.6589703778E+01      0.5382791758E+01     -0.5690524025E+00
    0.6617993185E+01      0.6617993185E+01      0.5249284275E+01     -0.6046190569E+00
    0.6644888872E+01      0.6644888872E+01      0.5114981419E+01     -0.6337198968E+00
    0.6669970333E+01      0.6669970333E+01      0.4980378856E+01     -0.6573490408E+00
    0.6694205821E+01      0.6694205821E+01      0.4847920783E+01     -0.6756107144E+00
    0.6717284163E+01      0.6717284163E+01      0.4717697216E+01     -0.6888488035E+00
    0.6739727823E+01      0.6739727823E+01      0.4590677089E+01     -0.6974417178E+00
    0.7389135815E+01      0.7389135815E+01      0.4775679738E+01      0.6958916459E+00
    0.7300298521E+01      0.7300298521E+01      0.4952570171E+01      0.6416518533E+00
    0.7207543018E+01      0.7207543018E+01      0.5122500685E+01      0.5827956351E+00
    0.7111987690E+01      0.7111987690E+01      0.5283570550E+01      0.5202847846E+00
    0.7016392468E+01      0.7016392468E+01      0.5434223315E+01      0.4538493956E+00
    0.6919383878E+01      0.6919383878E+01      0.5569767203E+01      0.3861420427E+00
    0.6830221012E+01      0.6830221012E+01      0.5697083857E+01      0.3162893222E+00
    0.6740803288E+01      0.6740803288E+01      0.5797477485E+01      0.2467821266E+00
    0.6668794802E+01      0.6668794802E+01      0.5887009678E+01      0.1757377381E+00
    0.6599082522E+01      0.6599082522E+01      0.5941319712E+01      0.1067235727E+00
    0.6552088953E+01      0.6552088953E+01      0.5980702930E+01      0.3706108017E-01
    0.6509531140E+01      0.6509531140E+01      0.5975678390E+01     -0.3218920885E-01
    0.6492939504E+01      0.6492939504E+01      0.5945760751E+01     -0.1016301669E+00
    0.6492882733E+01      0.6492882733E+01      0.5895408692E+01     -0.1702638533E+00
    0.6511502148E+01      0.6511502148E+01      0.5810253085E+01     -0.2411984799E+00
    0.6539191636E+01      0.6539191636E+01      0.5703699258E+01     -0.3060126059E+00
    0.6566390461E+01      0.6566390461E+01      0.5589492229E+01     -0.3610897409E+00
    0.6592725722E+01      0.6592725722E+01      0.5469676278E+01     -0.4069002603E+00
    0.6618418749E+01      0.6618418749E+01      0.5345996207E+01     -0.4441247230E+00
    0.6643207918E+01      0.6643207918E+01      0.5219583384E+01     -0.4741375435E+00
    0.6667428277E+01      0.6667428277E+01      0.5091238967E+01     -0.4989662159E+00
    0.6691024988E+01      0.6691024988E+01      0.4961705111E+01     -0.5204838337E+00
    0.6713715743E+01      0.6713715743E+01      0.4832547585E+01     -0.5385840481E+00
    0.6736259747E+01      0.6736259747E+01      0.4705720181E+01     -0.5530079013E+00
    0.6759197958E+01      0.6759197958E+01      0.4582303104E+01     -0.5639167508E+00
    0.7404080024E+01      0.7404080024E+01      0.4726491533E+01      0.5863363718E+00
    0.7317395088E+01      0.7317395088E+01      0.4899495885E+01      0.5404056383E+00
    0.7226937220E+01      0.7226937220E+01      0.5066170211E+01      0.4919938645E+00
    0.7133493004E+01      0.7133493004E+01      0.5224504549E+01      0.4418110545E+00
    0.7040456628E+01      0.7040456628E+01      0.5373692010E+01      0.3900625109E+00
    0.6945525090E+01      0.6945525090E+01      0.5507855383E+01      0.3375427935E+00
    0.6858496275E+01      0.6858496275E+01      0.5633947801E+01      0.2843462412E+00
    0.6770646847E+01      0.6770646847E+01      0.5735673947E+01      0.2308974769E+00
    0.6698385761E+01      0.6698385761E+01      0.5825189912E+01      0.1759369779E+00
    0.6630944920E+01      0.6630944920E+01      0.5878734070E+01      0.1214877110E+00
    0.6586036546E+01      0.6586036546E+01      0.5917666459E+01      0.6639350965E-01
    0.6545876865E+01      0.6545876865E+01      0.5912231701E+01      0.1026305047E-01
    0.6531734210E+01      0.6531734210E+01      0.5882703796E+01     -0.4637893174E-01
    0.6533920182E+01      0.6533920182E+01      0.5832044245E+01     -0.1042615883E+00
    0.6553724773E+01      0.6553724773E+01      0.5747765584E+01     -0.1618456029E+00
    0.6575175116E+01      0.6575175116E+01      0.5651216304E+01     -0.2109616581E+00
    0.6596973459E+01      0.6596973459E+01      0.5546054110E+01     -0.2527986451E+00
    0.6618810416E+01      0.6618810416E+01      0.5434071668E+01     -0.2882802964E+00
    0.6641076950E+01      0.6641076950E+01      0.5316408151E+01     -0.3177721023E+00
    0.6663725749E+01      0.6663725749E+01      0.5194470146E+01     -0.3419072784E+00
    0.6686506349E+01      0.6686506349E+01      0.5069838323E+01     -0.3625308542E+00
    0.6709358077E+01      0.6709358077E+01      0.4943948345E+01     -0.3817396013E+00
    0.6731946859E+01      0.6731946859E+01      0.4817597133E+01     -0.4000012741E+00
    0.6754555597E+01      0.6754555597E+01      0.4692525907E+01     -0.4161858106E+00
    0.6777582941E+01      0.6777582941E+01      0.4570351338E+01     -0.4307791559E+00
    0.7415880205E+01      0.7415880205E+01      0.4684403730E+01      0.4784476118E+00
    0.7330431063E+01      0.7330431063E+01      0.4855606409E+01      0.4400907690E+00
    0.7240684262E+01      0.7240684262E+01      0.5021235079E+01      0.4009375781E+00
    0.7148116605E+01      0.7148116605E+01      0.5179058842E+01      0.3610029813E+00
    0.7056050336E+01      0.7056050336E+01      0.5328179517E+01      0.3224940079E+00
    0.6962204652E+01      0.6962204652E+01      0.5461789171E+01      0.2833292947E+00
    0.6876583212E+01      0.6876583212E+01      0.5588425921E+01      0.2463893219E+00
    0.6790811258E+01      0.6790811258E+01      0.5689346574E+01      0.2082148356E+00
    0.6720396676E+01      0.6720396676E+01      0.5779094712E+01      0.1702242984E+00
    0.6655560429E+01      0.6655560429E+01      0.5832525273E+01      0.1309333057E+00
    0.6613439094E+01      0.6613439094E+01      0.5868413175E+01      0.9143367597E-01
    0.6577175102E+01      0.6577175102E+01      0.5862056835E+01      0.4997156193E-01
    0.6565709602E+01      0.6565709602E+01      0.5833267281E+01      0.7038848096E-02
    0.6570736669E+01      0.6570736669E+01      0.5780813339E+01     -0.3857592783E-01
    0.6586891771E+01      0.6586891771E+01      0.5702216266E+01     -0.7993842685E-01
    0.6602287593E+01      0.6602287593E+01      0.5614056329E+01     -0.1137641353E+00
    0.6619784266E+01      0.6619784266E+01      0.5515213842E+01     -0.1423677914E+00
    0.6638434043E+01      0.6638434043E+01      0.5408235461E+01     -0.1672112711E+00
    0.6658507059E+01      0.6658507059E+01      0.5294209571E+01     -0.1886376846E+00
    0.6680088704E+01      0.6680088704E+01      0.5174728452E+01     -0.2072344560E+00
    0.6702549533E+01      0.6702549533E+01      0.5052086582E+01     -0.2246022954E+00
    0.6725428619E+01      0.6725428619E+01      0.4927714425E+01     -0.2422532314E+00
    0.6748450976E+01      0.6748450976E+01      0.4802458855E+01     -0.2607598656E+00
    0.6770851856E+01      0.6770851856E+01      0.4676924436E+01     -0.2795580558E+00
    0.6793607393E+01      0.6793607393E+01      0.4553860334E+01     -0.2985248021E+00
    0.7424422705E+01      0.7424422705E+01      0.4650687172E+01      0.3705381983E+00
    0.7339584317E+01      0.7339584317E+01      0.4821519163E+01      0.3395000210E+00
    0.7250156352E+01      0.7250156352E+01      0.4987525809E+01      0.3096154647E+00
    0.7157961125E+01      0.7157961125E+01      0.5146435305E+01      0.2793500087E+00
    0.7065607547E+01      0.7065607547E+01      0.5296601891E+01      0.2536618876E+00
    0.6972454248E+01      0.6972454248E+01      0.5431501514E+01      0.2262864245E+00
    0.6886566212E+01      0.6886566212E+01      0.5557811259E+01      0.2048732048E+00
    0.6803801570E+01      0.6803801570E+01      0.5660084620E+01      0.1812342486E+00
    0.6734758910E+01      0.6734758910E+01      0.5747533599E+01      0.1600989368E+00
    0.6673497777E+01      0.6673497777E+01      0.5801889766E+01      0.1358976807E+00
    0.6633186887E+01      0.6633186887E+01      0.5835754030E+01      0.1114583846E+00
    0.6601352216E+01      0.6601352216E+01      0.5827901785E+01      0.8556100311E-01
    0.6592913344E+01      0.6592913344E+01      0.5799033061E+01      0.5774611815E-01
    0.6600128488E+01      0.6600128488E+01      0.5744523193E+01      0.2786375562E-01
    0.6610310684E+01      0.6610310684E+01      0.5673518201E+01      0.4914366822E-02
    0.6621358397E+01      0.6621358397E+01      0.5591215943E+01     -0.1340702425E-01
    0.6635515561E+01      0.6635515561E+01      0.5496621179E+01     -0.2872230301E-01
    0.6652048878E+01      0.6652048878E+01      0.5391925780E+01     -0.4297928448E-01
    0.6671109072E+01      0.6671109072E+01      0.5278974588E+01     -0.5692761284E-01
    0.6692387082E+01      0.6692387082E+01      0.5159735100E+01     -0.7101216612E-01
    0.6715002626E+01      0.6715002626E+01      0.5036662664E+01     -0.8618584727E-01
    0.6738318122E+01      0.6738318122E+01      0.4911213832E+01     -0.1031755736E+00
    0.6761864915E+01      0.6761864915E+01      0.4784779665E+01     -0.1224030915E+00
    0.6784534273E+01      0.6784534273E+01      0.4657746853E+01     -0.1437458222E+00
    0.6807337756E+01      0.6807337756E+01      0.4533285249E+01     -0.1668733340E+00
    0.7429941023E+01      0.7429941023E+01      0.4623986273E+01      0.2618238686E+00
    0.7345174035E+01      0.7345174035E+01      0.4795897960E+01      0.2377052040E+00
    0.7255825294E+01      0.7255825294E+01      0.4963229396E+01      0.2170634473E+00
    0.7163707899E+01      0.7163707899E+01      0.5123779517E+01      0.1967039688E+00
    0.7070686394E+01      0.7070686394E+01      0.5275527626E+01      0.1835281921E+00
    0.6978291977E+01      0.6978291977E+01      0.5413856256E+01      0.1680437342E+00
    0.6891241391E+01      0.6891241391E+01      0.5539539284E+01      0.1606287844E+00
    0.6811174882E+01      0.6811174882E+01      0.5646100259E+01      0.1511618722E+00
    0.6743061526E+01      0.6743061526E+01      0.5731042042E+01      0.1472873434E+00
    0.6687281378E+01      0.6687281378E+01      0.5785506548E+01      0.1389615284E+00
    0.6648780959E+01      0.6648780959E+01      0.5819661808E+01      0.1303908107E+00
    0.6620193589E+01      0.6620193589E+01      0.5810967308E+01      0.1197350103E+00
    0.6613717213E+01      0.6613717213E+01      0.5781654503E+01      0.1086390573E+00
    0.6619408656E+01      0.6619408656E+01      0.5727828518E+01      0.9742317146E-01
    0.6624482517E+01      0.6624482517E+01      0.5661298453E+01      0.9277966580E-01
    0.6632625306E+01      0.6632625306E+01      0.5580658287E+01      0.8980425217E-01
    0.6644000060E+01      0.6644000060E+01      0.5487081016E+01      0.8773922937E-01
    0.6659382208E+01      0.6659382208E+01      0.5381435883E+01      0.8386847163E-01
    0.6678657879E+01      0.6678657879E+01      0.5266292103E+01      0.7644152681E-01
    0.6700177899E+01      0.6700177899E+01      0.5145097804E+01      0.6593878895E-01
    0.6723665781E+01      0.6723665781E+01      0.5019079613E+01      0.5217976240E-01
    0.6747952380E+01      0.6747952380E+01      0.4890789213E+01      0.3487736020E-01
    0.6772376301E+01      0.6772376301E+01      0.4761795735E+01      0.1438314402E-01
    0.6795567774E+01      0.6795567774E+01      0.4632633123E+01     -0.9570351953E-02
    0.6818765093E+01      0.6818765093E+01      0.4506805573E+01     -0.3672106122E-01
    0.7432555175E+01      0.7432555175E+01      0.4603819010E+01      0.1504112933E+00
    0.7347322487E+01      0.7347322487E+01      0.4778622187E+01      0.1324478092E+00
    0.7257736474E+01      0.7257736474E+01      0.4949168217E+01      0.1201488404E+00
    0.7165505881E+01      0.7165505881E+01      0.5113064630E+01      0.1101698461E+00
    0.7071781241E+01      0.7071781241E+01      0.5267418307E+01      0.1083833967E+00
    0.6980328578E+01      0.6980328578E+01      0.5411398852E+01      0.1071366110E+00
    0.6892334841E+01      0.6892334841E+01      0.5537093676E+01      0.1114803538E+00
    0.6814081966E+01      0.6814081966E+01      0.5647814177E+01      0.1175560651E+00
    0.6745823510E+01      0.6745823510E+01      0.5731519838E+01      0.1290859608E+00
    0.6694525507E+01      0.6694525507E+01      0.5788822830E+01      0.1380863848E+00
    0.6659892421E+01      0.6659892421E+01      0.5815074518E+01      0.1476826912E+00
    0.6635374675E+01      0.6635374675E+01      0.5805554709E+01      0.1557302985E+00
    0.6627173899E+01      0.6627173899E+01      0.5776125970E+01      0.1616079627E+00
    0.6628518814E+01      0.6628518814E+01      0.5726450926E+01      0.1702298327E+00
    0.6629746514E+01      0.6629746514E+01      0.5662900501E+01      0.1815540357E+00
    0.6635913274E+01      0.6635913274E+01      0.5581947188E+01      0.1934798771E+00
    0.6645305325E+01      0.6645305325E+01      0.5487372055E+01      0.2047645025E+00
    0.6660221709E+01      0.6660221709E+01      0.5378203994E+01      0.2111621452E+00
    0.6680977654E+01      0.6680977654E+01      0.5257878131E+01      0.2091461818E+00
    0.6703851099E+01      0.6703851099E+01      0.5132054915E+01      0.2026688729E+00
    0.6729577870E+01      0.6729577870E+01      0.5000789273E+01      0.1901078813E+00
    0.6755608782E+01      0.6755608782E+01      0.4868054874E+01      0.1723184324E+00
    0.6781020248E+01      0.6781020248E+01      0.4735228277E+01      0.1499637503E+00
    0.6804945923E+01      0.6804945923E+01      0.4603362617E+01      0.1232412749E+00
    0.6828736520E+01      0.6828736520E+01      0.4475722450E+01      0.9235677555E-01
    0.7432262682E+01      0.7432262682E+01      0.4589636654E+01      0.3316369491E-01
    0.7345633511E+01      0.7345633511E+01      0.4769889319E+01      0.2267102665E-01
    0.7254917847E+01      0.7254917847E+01      0.4944229986E+01      0.2003477990E-01
    0.7161917250E+01      0.7161917250E+01      0.5111197608E+01      0.2166762536E-01
    0.7066322200E+01      0.7066322200E+01      0.5267949724E+01      0.2993110540E-01
    0.6976390980E+01      0.6976390980E+01      0.5419083858E+01      0.4172649106E-01
    0.6884832867E+01      0.6884832867E+01      0.5547007772E+01      0.6095212398E-01
    0.6810739321E+01      0.6810739321E+01      0.5664586898E+01      0.8097210952E-01
    0.6742376336E+01      0.6742376336E+01      0.5746408882E+01      0.1073675815E+00
    0.6695124427E+01      0.6695124427E+01      0.5805953547E+01      0.1320589904E+00
    0.6661417715E+01      0.6661417715E+01      0.5830048319E+01      0.1574852989E+00
    0.6639556909E+01      0.6639556909E+01      0.5819889971E+01      0.1849084298E+00
    0.6630673107E+01      0.6630673107E+01      0.5790342690E+01      0.2115000283E+00
    0.6626971162E+01      0.6626971162E+01      0.5743808657E+01      0.2403551825E+00
    0.6623504660E+01      0.6623504660E+01      0.5682036567E+01      0.2729640840E+00
    0.6626565881E+01      0.6626565881E+01      0.5601280381E+01      0.3044007912E+00
    0.6634666225E+01      0.6634666225E+01      0.5503439940E+01      0.3312123541E+00
    0.6652130840E+01      0.6652130840E+01      0.5386728423E+01      0.3482095770E+00
    0.6677892807E+01      0.6677892807E+01      0.5254779420E+01      0.3471790563E+00
    0.6705067699E+01      0.6705067699E+01      0.5119625928E+01      0.3405459117E+00
    0.6734089997E+01      0.6734089997E+01      0.4981075484E+01      0.3276866099E+00
    0.6762238082E+01      0.6762238082E+01      0.4843173274E+01      0.3092169422E+00
    0.6789126227E+01      0.6789126227E+01      0.4706274765E+01      0.2853576321E+00
    0.6813918474E+01      0.6813918474E+01      0.4571003265E+01      0.2560887931E+00
    0.6838311582E+01      0.6838311582E+01      0.4440830337E+01      0.2215402807E+00
    0.7429218588E+01      0.7429218588E+01      0.4580551749E+01     -0.8940193093E-01
    0.7340909994E+01      0.7340909994E+01      0.4765992598E+01     -0.9130414325E-01
    0.7249072313E+01      0.7249072313E+01      0.4945351699E+01     -0.8710946102E-01
    0.7155531967E+01      0.7155531967E+01      0.5120072287E+01     -0.7665525520E-01
    0.7058596116E+01      0.7058596116E+01      0.5284072894E+01     -0.5850736690E-01
    0.6969468577E+01      0.6969468577E+01      0.5441224452E+01     -0.3406821605E-01
    0.6877358381E+01      0.6877358381E+01      0.5573488437E+01     -0.2264288029E-02
    0.6805638987E+01      0.6805638987E+01      0.5696972171E+01      0.3369252078E-01
    0.6736791217E+01      0.6736791217E+01      0.5780472871E+01      0.7598680179E-01
    0.6690853799E+01      0.6690853799E+01      0.5843682420E+01      0.1202811302E+00
    0.6656727823E+01      0.6656727823E+01      0.5868028967E+01      0.1658735181E+00
    0.6634180956E+01      0.6634180956E+01      0.5858683835E+01      0.2145000711E+00
    0.6620614404E+01      0.6620614404E+01      0.5831944056E+01      0.2665889825E+00
    0.6607973885E+01      0.6607973885E+01      0.5787289181E+01      0.3230079380E+00
    0.6600679576E+01      0.6600679576E+01      0.5723123937E+01      0.3795450273E+00
    0.6605669451E+01      0.6605669451E+01      0.5636403981E+01      0.4263117330E+00
    0.6620917432E+01      0.6620917432E+01      0.5526727742E+01      0.4595181574E+00
    0.6645794875E+01      0.6645794875E+01      0.5397159436E+01      0.4830746439E+00
    0.6676697444E+01      0.6676697444E+01      0.5254810821E+01      0.4853469299E+00
    0.6707988830E+01      0.6707988830E+01      0.5108842074E+01      0.4795247343E+00
    0.6739349014E+01      0.6739349014E+01      0.4961616879E+01      0.4670509967E+00
    0.6769110465E+01      0.6769110465E+01      0.4816185112E+01      0.4477380493E+00
    0.6797051650E+01      0.6797051650E+01      0.4673823136E+01      0.4221564466E+00
    0.6822715100E+01      0.6822715100E+01      0.4534523359E+01      0.3901205792E+00
    0.6847830067E+01      0.6847830067E+01      0.4401219410E+01      0.3517742209E+00
    0.7424579196E+01      0.7424579196E+01      0.4574464358E+01     -0.2194702395E+00
    0.7334419216E+01      0.7334419216E+01      0.4766927909E+01     -0.2157153723E+00
    0.7240151215E+01      0.7240151215E+01      0.4956949677E+01     -0.2043697196E+00
    0.7144535098E+01      0.7144535098E+01      0.5140232917E+01     -0.1844671417E+00
    0.7045274176E+01      0.7045274176E+01      0.5311989592E+01     -0.1554816936E+00
    0.6955086653E+01      0.6955086653E+01      0.5477177287E+01     -0.1178202982E+00
    0.6861123231E+01      0.6861123231E+01      0.5616500931E+01     -0.7136156705E-01
    0.6790065743E+01      0.6790065743E+01      0.5747321114E+01     -0.1784665096E-01
    0.6719797949E+01      0.6719797949E+01      0.5834030579E+01      0.4269199957E-01
    0.6675422309E+01      0.6675422309E+01      0.5900957127E+01      0.1072231197E+00
    0.6642021464E+01      0.6642021464E+01      0.5928759305E+01      0.1745811142E+00
    0.6614967759E+01      0.6614967759E+01      0.5923556435E+01      0.2481168972E+00
    0.6594152805E+01      0.6594152805E+01      0.5901382175E+01      0.3282870046E+00
    0.6578391430E+01      0.6578391430E+01      0.5855059930E+01      0.4106523974E+00
    0.6574820871E+01      0.6574820871E+01      0.5785115966E+01      0.4865486335E+00
    0.6586127801E+01      0.6586127801E+01      0.5684630976E+01      0.5468159337E+00
    0.6608565346E+01      0.6608565346E+01      0.5559095983E+01      0.5898349224E+00
    0.6639454951E+01      0.6639454951E+01      0.5414473958E+01      0.6225276552E+00
    0.6674092550E+01      0.6674092550E+01      0.5259248362E+01      0.6295214142E+00
    0.6709214389E+01      0.6709214389E+01      0.5101166630E+01      0.6253166816E+00
    0.6742237762E+01      0.6742237762E+01      0.4942252404E+01      0.6138025692E+00
    0.6774472148E+01      0.6774472148E+01      0.4787528387E+01      0.5927112825E+00
    0.6804300239E+01      0.6804300239E+01      0.4637513064E+01      0.5636198593E+00
    0.6831593946E+01      0.6831593946E+01      0.4492363575E+01      0.5269700196E+00
    0.6857642913E+01      0.6857642913E+01      0.4354718318E+01      0.4834561937E+00
    0.7417215922E+01      0.7417215922E+01      0.4572864891E+01     -0.3595155810E+00
    0.7323729024E+01      0.7323729024E+01      0.4777471940E+01     -0.3507014057E+00
    0.7226180142E+01      0.7226180142E+01      0.4978205740E+01     -0.3316420466E+00
    0.7127542759E+01      0.7127542759E+01      0.5172112328E+01     -0.3022667196E+00
    0.7025491142E+01      0.7025491142E+01      0.5353936150E+01     -0.2621139008E+00
    0.6933189753E+01      0.6933189753E+01      0.5529310810E+01     -0.2114669801E+00
    0.6837029122E+01      0.6837029122E+01      0.5677705408E+01     -0.1497241463E+00
    0.6764609980E+01      0.6764609980E+01      0.5816693193E+01     -0.7799207510E-01
    0.6694258622E+01      0.6694258622E+01      0.5911016469E+01      0.2224677068E-02
    0.6647158897E+01      0.6647158897E+01      0.5980122225E+01      0.9105283193E-01
    0.6613172037E+01      0.6613172037E+01      0.6015512898E+01      0.1844924570E+00
    0.6580339520E+01      0.6580339520E+01      0.6013387275E+01      0.2854328995E+00
    0.6555923233E+01      0.6555923233E+01      0.5991672124E+01      0.3919841141E+00
    0.6541187095E+01      0.6541187095E+01      0.5941808014E+01      0.4987626930E+00
    0.6541855872E+01      0.6541855872E+01      0.5863454535E+01      0.5992621354E+00
    0.6558724587E+01      0.6558724587E+01      0.5746930427E+01      0.6784890087E+00
    0.6588278982E+01      0.6588278982E+01      0.5602865750E+01      0.7345653619E+00
    0.6625934296E+01      0.6625934296E+01      0.5439549322E+01      0.7774585677E+00
    0.6666152556E+01      0.6666152556E+01      0.5268755524E+01      0.7883377178E+00
    0.6705476667E+01      0.6705476667E+01      0.5095664373E+01      0.7840542766E+00
    0.6742330881E+01      0.6742330881E+01      0.4923023658E+01      0.7704089364E+00
    0.6778177362E+01      0.6778177362E+01      0.4756245581E+01      0.7460311578E+00
    0.6810991696E+01      0.6810991696E+01      0.4596000941E+01      0.7111866040E+00
    0.6840740657E+01      0.6840740657E+01      0.4443711371E+01      0.6674217645E+00
    0.6868227011E+01      0.6868227011E+01      0.4300854904E+01      0.6164266268E+00
