    0.6774604710E+01      0.6774604710E+01      0.3319282710E+01      0.7830509111E+00
    0.6757145067E+01      0.6757145067E+01      0.3232540193E+01      0.7491840788E+00
    0.6740331456E+01      0.6740331456E+01      0.3153940912E+01      0.7179027845E+00
    0.6723936906E+01      0.6723936906E+01      0.3082060450E+01      0.6900186972E+00
    0.6707548161E+01      0.6707548161E+01      0.3015337798E+01      0.6662790509E+00
    0.6690624197E+01      0.6690624197E+01      0.2952058205E+01      0.6468443184E+00
    0.6672525083E+01      0.6672525083E+01      0.2890686627E+01      0.6315576331E+00
    0.6652587407E+01      0.6652587407E+01      0.2829835817E+01      0.6197638145E+00
    0.6631088445E+01      0.6631088445E+01      0.2768682162E+01      0.6104156950E+00
    0.6608555324E+01      0.6608555324E+01      0.2707069836E+01      0.6023239165E+00
    0.6585726013E+01      0.6585726013E+01      0.2645218141E+01      0.5939961245E+00
    0.6563922319E+01      0.6563922319E+01      0.2584077619E+01      0.5835033819E+00
    0.6544934723E+01      0.6544934723E+01      0.2525091878E+01      0.5694445476E+00
    0.6530052467E+01      0.6530052467E+01      0.2469841991E+01      0.5514394407E+00
    0.6519637693E+01      0.6519637693E+01      0.2419752611E+01      0.5318520855E+00
    0.6511131525E+01      0.6511131525E+01      0.2374229624E+01      0.5122868415E+00
    0.6502341876E+01      0.6502341876E+01      0.2333327423E+01      0.4912846420E+00
    0.6492390089E+01      0.6492390089E+01      0.2298784412E+01      0.4695943127E+00
    0.6481282754E+01      0.6481282754E+01      0.2271176597E+01      0.4484328154E+00
    0.6470050986E+01      0.6470050986E+01      0.2248638578E+01      0.4281333419E+00
    0.6461703929E+01      0.6461703929E+01      0.2231493553E+01      0.4091867831E+00
    0.6453585015E+01      0.6453585015E+01      0.2214450956E+01      0.3912512658E+00
    0.6446999371E+01      0.6446999371E+01      0.2199936668E+01      0.3736363852E+00
    0.6442809488E+01      0.6442809488E+01      0.2190547767E+01      0.3581419995E+00
    0.6443123014E+01      0.6443123014E+01      0.2188607899E+01      0.3379206315E+00
    0.6856763568E+01      0.6856763568E+01      0.3287278222E+01      0.7709094416E+00
    0.6834897916E+01      0.6834897916E+01      0.3202791034E+01      0.7359652280E+00
    0.6813886630E+01      0.6813886630E+01      0.3127197463E+01      0.7045182296E+00
    0.6793033862E+01      0.6793033862E+01      0.3058354759E+01      0.6777391459E+00
    0.6771908234E+01      0.6771908234E+01      0.2994509322E+01      0.6563122273E+00
    0.6750307907E+01      0.6750307907E+01      0.2933931320E+01      0.6397835729E+00
    0.6727526309E+01      0.6727526309E+01      0.2874911178E+01      0.6279476239E+00
    0.6703377207E+01      0.6703377207E+01      0.2816072524E+01      0.6199937145E+00
    0.6677724004E+01      0.6677724004E+01      0.2756751563E+01      0.6149926035E+00
    0.6650288425E+01      0.6650288425E+01      0.2696560305E+01      0.6123693929E+00
    0.6621341224E+01      0.6621341224E+01      0.2635084067E+01      0.6110518668E+00
    0.6590715545E+01      0.6590715545E+01      0.2571543345E+01      0.6095670375E+00
    0.6561902600E+01      0.6561902600E+01      0.2508824568E+01      0.6053620179E+00
    0.6538450058E+01      0.6538450058E+01      0.2450024061E+01      0.5960031252E+00
    0.6521358349E+01      0.6521358349E+01      0.2397005997E+01      0.5811676521E+00
    0.6508588084E+01      0.6508588084E+01      0.2349563177E+01      0.5619167159E+00
    0.6497174940E+01      0.6497174940E+01      0.2307624773E+01      0.5409927478E+00
    0.6486032753E+01      0.6486032753E+01      0.2272656275E+01      0.5184529691E+00
    0.6475385121E+01      0.6475385121E+01      0.2245213672E+01      0.4957471440E+00
    0.6465638221E+01      0.6465638221E+01      0.2223814635E+01      0.4733989676E+00
    0.6458739808E+01      0.6458739808E+01      0.2207761042E+01      0.4521091803E+00
    0.6451871871E+01      0.6451871871E+01      0.2191999480E+01      0.4315735041E+00
    0.6446659655E+01      0.6446659655E+01      0.2178830362E+01      0.4125030265E+00
    0.6443786671E+01      0.6443786671E+01      0.2170808152E+01      0.3955463346E+00
    0.6444740832E+01      0.6444740832E+01      0.2169548065E+01      0.3733564909E+00
    0.6943787425E+01      0.6943787425E+01      0.3251780998E+01      0.7531045981E+00
    0.6921119180E+01      0.6921119180E+01      0.3170525804E+01      0.7128262824E+00
    0.6899851671E+01      0.6899851671E+01      0.3098720568E+01      0.6761487051E+00
    0.6879022475E+01      0.6879022475E+01      0.3034229517E+01      0.6448539300E+00
    0.6857610804E+01      0.6857610804E+01      0.2975135641E+01      0.6206333342E+00
    0.6833679316E+01      0.6833679316E+01      0.2919292532E+01      0.6047080185E+00
    0.6805837590E+01      0.6805837590E+01      0.2864113442E+01      0.5976316445E+00
    0.6774181648E+01      0.6774181648E+01      0.2807565540E+01      0.5969714014E+00
    0.6739453723E+01      0.6739453723E+01      0.2749299615E+01      0.6000245123E+00
    0.6704367874E+01      0.6704367874E+01      0.2689861648E+01      0.6044161011E+00
    0.6667874793E+01      0.6667874793E+01      0.2628541705E+01      0.6095325960E+00
    0.6631838893E+01      0.6631838893E+01      0.2565854011E+01      0.6151221885E+00
    0.6595301842E+01      0.6595301842E+01      0.2501124341E+01      0.6200437230E+00
    0.6561372517E+01      0.6561372517E+01      0.2438205826E+01      0.6219624561E+00
    0.6533671955E+01      0.6533671955E+01      0.2380193959E+01      0.6179577804E+00
    0.6511906968E+01      0.6511906968E+01      0.2327695774E+01      0.6057796552E+00
    0.6494607373E+01      0.6494607373E+01      0.2282236337E+01      0.5859188600E+00
    0.6481319127E+01      0.6481319127E+01      0.2246117182E+01      0.5638354022E+00
    0.6470111282E+01      0.6470111282E+01      0.2218483457E+01      0.5410525702E+00
    0.6460919078E+01      0.6460919078E+01      0.2197404444E+01      0.5178251845E+00
    0.6454910821E+01      0.6454910821E+01      0.2182035319E+01      0.4947944973E+00
    0.6449416605E+01      0.6449416605E+01      0.2167446589E+01      0.4716672704E+00
    0.6446072617E+01      0.6446072617E+01      0.2156056311E+01      0.4510687880E+00
    0.6444683787E+01      0.6444683787E+01      0.2149271959E+01      0.4325244809E+00
    0.6446381646E+01      0.6446381646E+01      0.2148804276E+01      0.4082147295E+00
    0.7018368555E+01      0.7018368555E+01      0.3211652681E+01      0.7506100031E+00
    0.6993005960E+01      0.6993005960E+01      0.3132502782E+01      0.7039156152E+00
    0.6970952206E+01      0.6970952206E+01      0.3063682217E+01      0.6620171297E+00
    0.6951629613E+01      0.6951629613E+01      0.3003548173E+01      0.6248582218E+00
    0.6933177559E+01      0.6933177559E+01      0.2949417782E+01      0.5936617232E+00
    0.6914272468E+01      0.6914272468E+01      0.2899473778E+01      0.5698577160E+00
    0.6892306357E+01      0.6892306357E+01      0.2851587115E+01      0.5540830412E+00
    0.6864686692E+01      0.6864686692E+01      0.2803108797E+01      0.5477024916E+00
    0.6830295650E+01      0.6830295650E+01      0.2751776177E+01      0.5502358948E+00
    0.6786948513E+01      0.6786948513E+01      0.2695214885E+01      0.5627462856E+00
    0.6739117541E+01      0.6739117541E+01      0.2634251327E+01      0.5822956362E+00
    0.6689399875E+01      0.6689399875E+01      0.2568172245E+01      0.6005810252E+00
    0.6641871331E+01      0.6641871331E+01      0.2500988271E+01      0.6160114524E+00
    0.6599333265E+01      0.6599333265E+01      0.2435424277E+01      0.6279904437E+00
    0.6561212812E+01      0.6561212812E+01      0.2372240608E+01      0.6352358033E+00
    0.6526707186E+01      0.6526707186E+01      0.2312377541E+01      0.6348468876E+00
    0.6499078599E+01      0.6499078599E+01      0.2260623185E+01      0.6245248773E+00
    0.6479779539E+01      0.6479779539E+01      0.2220934165E+01      0.6053352259E+00
    0.6466664224E+01      0.6466664224E+01      0.2191922975E+01      0.5831885708E+00
    0.6456986742E+01      0.6456986742E+01      0.2170492125E+01      0.5603857799E+00
    0.6450732860E+01      0.6450732860E+01      0.2154500993E+01      0.5367304829E+00
    0.6446379185E+01      0.6446379185E+01      0.2141154950E+01      0.5115835434E+00
    0.6445018250E+01      0.6445018250E+01      0.2131840117E+01      0.4895547981E+00
    0.6445150694E+01      0.6445150694E+01      0.2125879294E+01      0.4690631610E+00
    0.6447825352E+01      0.6447825352E+01      0.2126526274E+01      0.4425270332E+00
    0.7073752387E+01      0.7073752387E+01      0.3162236557E+01      0.7660247939E+00
    0.7051215456E+01      0.7051215456E+01      0.3089023959E+01      0.7115516800E+00
    0.7028578686E+01      0.7028578686E+01      0.3022914214E+01      0.6634208410E+00
    0.7008916772E+01      0.7008916772E+01      0.2965852107E+01      0.6209464053E+00
    0.6991842891E+01      0.6991842891E+01      0.2915966126E+01      0.5842587317E+00
    0.6976118312E+01      0.6976118312E+01      0.2871200486E+01      0.5534516338E+00
    0.6959698396E+01      0.6959698396E+01      0.2829705461E+01      0.5292829612E+00
    0.6939964562E+01      0.6939964562E+01      0.2789257983E+01      0.5130669654E+00
    0.6914542925E+01      0.6914542925E+01      0.2747890538E+01      0.5051457769E+00
    0.6881530272E+01      0.6881530272E+01      0.2702802169E+01      0.5066223923E+00
    0.6838116362E+01      0.6838116362E+01      0.2650741524E+01      0.5195069316E+00
    0.6782216539E+01      0.6782216539E+01      0.2589860807E+01      0.5472877979E+00
    0.6717735443E+01      0.6717735443E+01      0.2518318614E+01      0.5829740358E+00
    0.6655979570E+01      0.6655979570E+01      0.2444025759E+01      0.6129957298E+00
    0.6602265441E+01      0.6602265441E+01      0.2373269076E+01      0.6336031086E+00
    0.6556062761E+01      0.6556062761E+01      0.2306598893E+01      0.6445883886E+00
    0.6516189880E+01      0.6516189880E+01      0.2247223158E+01      0.6470052812E+00
    0.6486483991E+01      0.6486483991E+01      0.2200875411E+01      0.6395706132E+00
    0.6466832555E+01      0.6466832555E+01      0.2167515246E+01      0.6220207186E+00
    0.6454715589E+01      0.6454715589E+01      0.2144065958E+01      0.6000009908E+00
    0.6447015811E+01      0.6447015811E+01      0.2126396711E+01      0.5764015628E+00
    0.6443537625E+01      0.6443537625E+01      0.2114040566E+01      0.5510100192E+00
    0.6443344566E+01      0.6443344566E+01      0.2105762789E+01      0.5279117005E+00
    0.6445146248E+01      0.6445146248E+01      0.2100588924E+01      0.5052980084E+00
    0.6449046004E+01      0.6449046004E+01      0.2102811062E+01      0.4765847230E+00
    0.7109983721E+01      0.7109983721E+01      0.3102310390E+01      0.7932048938E+00
    0.7091257182E+01      0.7091257182E+01      0.3036520498E+01      0.7300111542E+00
    0.7070525426E+01      0.7070525426E+01      0.2974817603E+01      0.6754377349E+00
    0.7052388762E+01      0.7052388762E+01      0.2921466236E+01      0.6272842177E+00
    0.7036402827E+01      0.7036402827E+01      0.2875417340E+01      0.5848191788E+00
    0.7021839831E+01      0.7021839831E+01      0.2834929309E+01      0.5482141239E+00
    0.7008173825E+01      0.7008173825E+01      0.2798533179E+01      0.5179093147E+00
    0.6994194275E+01      0.6994194275E+01      0.2765031672E+01      0.4935311578E+00
    0.6976745294E+01      0.6976745294E+01      0.2732242842E+01      0.4764437972E+00
    0.6953943981E+01      0.6953943981E+01      0.2697410190E+01      0.4679486181E+00
    0.6923107423E+01      0.6923107423E+01      0.2658018800E+01      0.4693405687E+00
    0.6881608457E+01      0.6881608457E+01      0.2610673707E+01      0.4829444529E+00
    0.6825258760E+01      0.6825258760E+01      0.2552338568E+01      0.5118196222E+00
    0.6751817890E+01      0.6751817890E+01      0.2479272433E+01      0.5574172806E+00
    0.6671477879E+01      0.6671477879E+01      0.2393611454E+01      0.6041606097E+00
    0.6602141598E+01      0.6602141598E+01      0.2313163276E+01      0.6346346526E+00
    0.6548000065E+01      0.6548000065E+01      0.2244784695E+01      0.6514610481E+00
    0.6506242111E+01      0.6506242111E+01      0.2189831371E+01      0.6574902679E+00
    0.6475470245E+01      0.6475470245E+01      0.2148912107E+01      0.6523243843E+00
    0.6456049941E+01      0.6456049941E+01      0.2119883796E+01      0.6362679743E+00
    0.6445293667E+01      0.6445293667E+01      0.2099340421E+01      0.6137129092E+00
    0.6441753118E+01      0.6441753118E+01      0.2086469242E+01      0.5893284568E+00
    0.6441323377E+01      0.6441323377E+01      0.2078324789E+01      0.5654697511E+00
    0.6444476259E+01      0.6444476259E+01      0.2074123035E+01      0.5411454643E+00
    0.6449307437E+01      0.6449307437E+01      0.2077366836E+01      0.5098495564E+00
    0.7135196119E+01      0.7135196119E+01      0.3031635018E+01      0.8247573769E+00
    0.7119453820E+01      0.7119453820E+01      0.2973397558E+01      0.7539449124E+00
    0.7100498067E+01      0.7100498067E+01      0.2917314704E+01      0.6930980650E+00
    0.7083305574E+01      0.7083305574E+01      0.2868232223E+01      0.6398212773E+00
    0.7069386209E+01      0.7069386209E+01      0.2827063819E+01      0.5932880153E+00
    0.7057764856E+01      0.7057764856E+01      0.2792040457E+01      0.5529020558E+00
    0.7046947687E+01      0.7046947687E+01      0.2761350370E+01      0.5180218944E+00
    0.7036149488E+01      0.7036149488E+01      0.2733877059E+01      0.4882127863E+00
    0.7024223568E+01      0.7024223568E+01      0.2708211157E+01      0.4643031671E+00
    0.7008987814E+01      0.7008987814E+01      0.2681870240E+01      0.4475311109E+00
    0.6988306272E+01      0.6988306272E+01      0.2652894763E+01      0.4390592946E+00
    0.6959115619E+01      0.6959115619E+01      0.2618556111E+01      0.4401780053E+00
    0.6918302334E+01      0.6918302334E+01      0.2575580809E+01      0.4534125342E+00
    0.6861029637E+01      0.6861029637E+01      0.2519440026E+01      0.4825438771E+00
    0.6782154825E+01      0.6782154825E+01      0.2444162882E+01      0.5298990868E+00
    0.6685615648E+01      0.6685615648E+01      0.2348280688E+01      0.5904426174E+00
    0.6601667400E+01      0.6601667400E+01      0.2259210474E+01      0.6343206696E+00
    0.6540725458E+01      0.6540725458E+01      0.2191035931E+01      0.6581563346E+00
    0.6497178367E+01      0.6497178367E+01      0.2139915949E+01      0.6670203439E+00
    0.6466064716E+01      0.6466064716E+01      0.2102398919E+01      0.6634340553E+00
    0.6447780198E+01      0.6447780198E+01      0.2075637678E+01      0.6481873361E+00
    0.6441231910E+01      0.6441231910E+01      0.2059555448E+01      0.6254614627E+00
    0.6439895919E+01      0.6439895919E+01      0.2050300165E+01      0.6015277575E+00
    0.6443478062E+01      0.6443478062E+01      0.2046451324E+01      0.5767910019E+00
    0.6448709857E+01      0.6448709857E+01      0.2049820987E+01      0.5431491202E+00
    0.7154793228E+01      0.7154793228E+01      0.2951376142E+01      0.8544022074E+00
    0.7142093001E+01      0.7142093001E+01      0.2901939825E+01      0.7780138891E+00
    0.7124924948E+01      0.7124924948E+01      0.2853077443E+01      0.7124867625E+00
    0.7108565421E+01      0.7108565421E+01      0.2809348117E+01      0.6552522902E+00
    0.7095552110E+01      0.7095552110E+01      0.2773349916E+01      0.6050046086E+00
    0.7085158278E+01      0.7085158278E+01      0.2743539583E+01      0.5608191202E+00
    0.7076529982E+01      0.7076529982E+01      0.2718549063E+01      0.5219905506E+00
    0.7068109997E+01      0.7068109997E+01      0.2696822083E+01      0.4879263659E+00
    0.7059141929E+01      0.7059141929E+01      0.2677015053E+01      0.4591930175E+00
    0.7048508649E+01      0.7048508649E+01      0.2657771184E+01      0.4364067193E+00
    0.7034691611E+01      0.7034691611E+01      0.2637498514E+01      0.4202506968E+00
    0.7015347484E+01      0.7015347484E+01      0.2614126422E+01      0.4120619105E+00
    0.6987157493E+01      0.6987157493E+01      0.2584567086E+01      0.4132703091E+00
    0.6946501481E+01      0.6946501481E+01      0.2544314456E+01      0.4266531221E+00
    0.6887752453E+01      0.6887752453E+01      0.2488073056E+01      0.4570739094E+00
    0.6804751128E+01      0.6804751128E+01      0.2409811808E+01      0.5074600117E+00
    0.6698229873E+01      0.6698229873E+01      0.2308634377E+01      0.5783307197E+00
    0.6601164295E+01      0.6601164295E+01      0.2213004604E+01      0.6353252611E+00
    0.6534106358E+01      0.6534106358E+01      0.2144419080E+01      0.6649076695E+00
    0.6489283347E+01      0.6489283347E+01      0.2095141485E+01      0.6757662523E+00
    0.6458696494E+01      0.6458696494E+01      0.2058344284E+01      0.6734776784E+00
    0.6444590319E+01      0.6444590319E+01      0.2035668147E+01      0.6586107107E+00
    0.6440250961E+01      0.6440250961E+01      0.2023182115E+01      0.6365252129E+00
    0.6442921587E+01      0.6442921587E+01      0.2018597390E+01      0.6113801172E+00
    0.6447046816E+01      0.6447046816E+01      0.2020360179E+01      0.5763375196E+00
    0.7172486729E+01      0.7172486729E+01      0.2863906463E+01      0.8817585500E+00
    0.7161840323E+01      0.7161840323E+01      0.2823778620E+01      0.7996046068E+00
    0.7145922976E+01      0.7145922976E+01      0.2782678580E+01      0.7290453590E+00
    0.7129996833E+01      0.7129996833E+01      0.2745020874E+01      0.6681039289E+00
    0.7117665255E+01      0.7117665255E+01      0.2714914777E+01      0.6148151142E+00
    0.7108098191E+01      0.7108098191E+01      0.2691084121E+01      0.5679658960E+00
    0.7100407322E+01      0.7100407322E+01      0.2672094156E+01      0.5263859209E+00
    0.7093665802E+01      0.7093665802E+01      0.2656397615E+01      0.4896460016E+00
    0.7087055152E+01      0.7087055152E+01      0.2642714992E+01      0.4579671765E+00
    0.7079686447E+01      0.7079686447E+01      0.2629964323E+01      0.4315779407E+00
    0.7070424932E+01      0.7070424932E+01      0.2617060395E+01      0.4107340695E+00
    0.7057893056E+01      0.7057893056E+01      0.2602336922E+01      0.3961769549E+00
    0.7039159758E+01      0.7039159758E+01      0.2583219185E+01      0.3892942093E+00
    0.7010928967E+01      0.7010928967E+01      0.2555822471E+01      0.3913887421E+00
    0.6969165314E+01      0.6969165314E+01      0.2515809537E+01      0.4061612515E+00
    0.6907953203E+01      0.6907953203E+01      0.2458472918E+01      0.4390851760E+00
    0.6821135377E+01      0.6821135377E+01      0.2378411306E+01      0.4935124518E+00
    0.6707594975E+01      0.6707594975E+01      0.2274023760E+01      0.5714067982E+00
    0.6599604777E+01      0.6599604777E+01      0.2172657569E+01      0.6382353644E+00
    0.6528285137E+01      0.6528285137E+01      0.2102555404E+01      0.6721977232E+00
    0.6482515451E+01      0.6482515451E+01      0.2051810881E+01      0.6849382519E+00
    0.6455729814E+01      0.6455729814E+01      0.2018465287E+01      0.6833679284E+00
    0.6444437406E+01      0.6444437406E+01      0.1999278955E+01      0.6680976127E+00
    0.6444110073E+01      0.6444110073E+01      0.1992045173E+01      0.6445076987E+00
    0.6444121402E+01      0.6444121402E+01      0.1988961723E+01      0.6088059727E+00
    0.7184703755E+01      0.7184703755E+01      0.2766512978E+01      0.8998910113E+00
    0.7176981478E+01      0.7176981478E+01      0.2737107418E+01      0.8144607758E+00
    0.7164437788E+01      0.7164437788E+01      0.2707006884E+01      0.7416294881E+00
    0.7150154244E+01      0.7150154244E+01      0.2678142598E+01      0.6786745480E+00
    0.7138405551E+01      0.7138405551E+01      0.2655164300E+01      0.6229332516E+00
    0.7129259119E+01      0.7129259119E+01      0.2637781476E+01      0.5733466208E+00
    0.7121874369E+01      0.7121874369E+01      0.2624659034E+01      0.5295559814E+00
    0.7115904655E+01      0.7115904655E+01      0.2614634693E+01      0.4910778669E+00
    0.7110819524E+01      0.7110819524E+01      0.2606615802E+01      0.4577995070E+00
    0.7105687005E+01      0.7105687005E+01      0.2599465167E+01      0.4292616498E+00
    0.7099325036E+01      0.7099325036E+01      0.2592271382E+01      0.4054283551E+00
    0.7090534460E+01      0.7090534460E+01      0.2583618150E+01      0.3866174113E+00
    0.7077449585E+01      0.7077449585E+01      0.2571784689E+01      0.3735586548E+00
    0.7057559209E+01      0.7057559209E+01      0.2554047018E+01      0.3678815589E+00
    0.7027980373E+01      0.7027980373E+01      0.2527266848E+01      0.3714632458E+00
    0.6984768462E+01      0.6984768462E+01      0.2487926771E+01      0.3890597059E+00
    0.6922222538E+01      0.6922222538E+01      0.2430902013E+01      0.4258992114E+00
    0.6832368796E+01      0.6832368796E+01      0.2350930997E+01      0.4856055413E+00
    0.6712932469E+01      0.6712932469E+01      0.2243489345E+01      0.5705204003E+00
    0.6596513411E+01      0.6596513411E+01      0.2135622255E+01      0.6445733092E+00
    0.6522100874E+01      0.6522100874E+01      0.2061511150E+01      0.6811254797E+00
    0.6479199016E+01      0.6479199016E+01      0.2012211922E+01      0.6951333655E+00
    0.6456079739E+01      0.6456079739E+01      0.1981764122E+01      0.6919221429E+00
    0.6448244724E+01      0.6448244724E+01      0.1967254705E+01      0.6743671468E+00
    0.6439869056E+01      0.6439869056E+01      0.1956520253E+01      0.6398266409E+00
    0.7198482639E+01      0.7198482639E+01      0.2667920761E+01      0.9139643619E+00
    0.7192237427E+01      0.7192237427E+01      0.2649855900E+01      0.8252945850E+00
    0.7181180203E+01      0.7181180203E+01      0.2629636139E+01      0.7485555101E+00
    0.7166918148E+01      0.7166918148E+01      0.2608328598E+01      0.6823446840E+00
    0.7155099816E+01      0.7155099816E+01      0.2591883349E+01      0.6245097641E+00
    0.7146845019E+01      0.7146845019E+01      0.2581330360E+01      0.5736026503E+00
    0.7140846615E+01      0.7140846615E+01      0.2574844355E+01      0.5291343211E+00
    0.7136042651E+01      0.7136042651E+01      0.2570839462E+01      0.4901205530E+00
    0.7131809004E+01      0.7131809004E+01      0.2568175405E+01      0.4557549825E+00
    0.7127471406E+01      0.7127471406E+01      0.2566091711E+01      0.4255513193E+00
    0.7122359551E+01      0.7122359551E+01      0.2563971197E+01      0.3996503772E+00
    0.7115702949E+01      0.7115702949E+01      0.2560801928E+01      0.3783518445E+00
    0.7106397774E+01      0.7106397774E+01      0.2555194952E+01      0.3620880056E+00
    0.7093038316E+01      0.7093038316E+01      0.2545542605E+01      0.3520652016E+00
    0.7073148442E+01      0.7073148442E+01      0.2529729300E+01      0.3500858699E+00
    0.7044114099E+01      0.7044114099E+01      0.2504854320E+01      0.3579857809E+00
    0.7000653520E+01      0.7000653520E+01      0.2467040612E+01      0.3806596367E+00
    0.6935582294E+01      0.6935582294E+01      0.2410409130E+01      0.4219091924E+00
    0.6840071191E+01      0.6840071191E+01      0.2327762894E+01      0.4864414743E+00
    0.6712696018E+01      0.6712696018E+01      0.2212915026E+01      0.5773024971E+00
    0.6590216538E+01      0.6590216538E+01      0.2096713206E+01      0.6550455794E+00
    0.6518097624E+01      0.6518097624E+01      0.2021472692E+01      0.6921148068E+00
    0.6478089375E+01      0.6478089375E+01      0.1973323914E+01      0.7038912061E+00
    0.6457865906E+01      0.6457865906E+01      0.1948363501E+01      0.6973149252E+00
    0.6435136429E+01      0.6435136429E+01      0.1923284916E+01      0.6681715244E+00
    0.7204959437E+01      0.7204959437E+01      0.2559869911E+01      0.9149765424E+00
    0.7201151856E+01      0.7201151856E+01      0.2553926609E+01      0.8248903165E+00
    0.7193105917E+01      0.7193105917E+01      0.2545195642E+01      0.7466931166E+00
    0.7181782025E+01      0.7181782025E+01      0.2534693091E+01      0.6791919160E+00
    0.7171535535E+01      0.7171535535E+01      0.2526991188E+01      0.6210536385E+00
    0.7164646669E+01      0.7164646669E+01      0.2524210466E+01      0.5703378698E+00
    0.7159619516E+01      0.7159619516E+01      0.2524171670E+01      0.5252966963E+00
    0.7155080727E+01      0.7155080727E+01      0.2525669235E+01      0.4852246200E+00
    0.7150954914E+01      0.7150954914E+01      0.2528268252E+01      0.4500660778E+00
    0.7146950594E+01      0.7146950594E+01      0.2530961420E+01      0.4193159079E+00
    0.7142575624E+01      0.7142575624E+01      0.2533178899E+01      0.3928947082E+00
    0.7137456849E+01      0.7137456849E+01      0.2534608550E+01      0.3706603905E+00
    0.7130767677E+01      0.7130767677E+01      0.2534666213E+01      0.3529171879E+00
    0.7121870732E+01      0.7121870732E+01      0.2532452293E+01      0.3405413194E+00
    0.7108697778E+01      0.7108697778E+01      0.2525689650E+01      0.3348442626E+00
    0.7088678876E+01      0.7088678876E+01      0.2511716328E+01      0.3362993113E+00
    0.7058696296E+01      0.7058696296E+01      0.2487696630E+01      0.3486448994E+00
    0.7012883095E+01      0.7012883095E+01      0.2449612789E+01      0.3761164638E+00
    0.6943238547E+01      0.6943238547E+01      0.2391384729E+01      0.4229427391E+00
    0.6841051006E+01      0.6841051006E+01      0.2303495105E+01      0.4941971909E+00
    0.6706189412E+01      0.6706189412E+01      0.2176915827E+01      0.5908956273E+00
    0.6583518231E+01      0.6583518231E+01      0.2055427961E+01      0.6688655095E+00
    0.6511910716E+01      0.6511910716E+01      0.1978408131E+01      0.7029907639E+00
    0.6475275932E+01      0.6475275932E+01      0.1937815691E+01      0.7088827423E+00
    0.6432340988E+01      0.6432340988E+01      0.1891792612E+01      0.6910733508E+00
    0.7215381919E+01      0.7215381919E+01      0.2450139300E+01      0.9034106588E+00
    0.7212483191E+01      0.7212483191E+01      0.2456429953E+01      0.8145766991E+00
    0.7205624934E+01      0.7205624934E+01      0.2459336360E+01      0.7372107513E+00
    0.7196674076E+01      0.7196674076E+01      0.2459811821E+01      0.6700302975E+00
    0.7188361877E+01      0.7188361877E+01      0.2461339923E+01      0.6118566682E+00
    0.7181739924E+01      0.7181739924E+01      0.2465803022E+01      0.5607967337E+00
    0.7176691201E+01      0.7176691201E+01      0.2472742468E+01      0.5153489948E+00
    0.7172635340E+01      0.7172635340E+01      0.2480887056E+01      0.4751947787E+00
    0.7168963527E+01      0.7168963527E+01      0.2489050892E+01      0.4403075270E+00
    0.7165258542E+01      0.7165258542E+01      0.2496620403E+01      0.4100075655E+00
    0.7161420331E+01      0.7161420331E+01      0.2503368215E+01      0.3840023209E+00
    0.7157158204E+01      0.7157158204E+01      0.2509063938E+01      0.3618639514E+00
    0.7152293144E+01      0.7152293144E+01      0.2513545117E+01      0.3436315576E+00
    0.7146097063E+01      0.7146097063E+01      0.2516648767E+01      0.3295680554E+00
    0.7137070448E+01      0.7137070448E+01      0.2517065174E+01      0.3211778636E+00
    0.7124254583E+01      0.7124254583E+01      0.2512953110E+01      0.3204005461E+00
    0.7104641798E+01      0.7104641798E+01      0.2501323619E+01      0.3275361810E+00
    0.7073886687E+01      0.7073886687E+01      0.2478336390E+01      0.3464611030E+00
    0.7024730913E+01      0.7024730913E+01      0.2439173144E+01      0.3801287393E+00
    0.6948351686E+01      0.6948351686E+01      0.2375842634E+01      0.4330416208E+00
    0.6837340673E+01      0.6837340673E+01      0.2274687235E+01      0.5100062552E+00
    0.6693585873E+01      0.6693585873E+01      0.2133364658E+01      0.6100157170E+00
    0.6568771972E+01      0.6568771972E+01      0.2006576513E+01      0.6823853753E+00
    0.6503088844E+01      0.6503088844E+01      0.1940456240E+01      0.7077056553E+00
    0.6433437211E+01      0.6433437211E+01      0.1862869438E+01      0.7056161313E+00
    0.7224963152E+01      0.7224963152E+01      0.2342139393E+01      0.8816270730E+00
    0.7223188752E+01      0.7223188752E+01      0.2361154304E+01      0.7949152285E+00
    0.7218072407E+01      0.7218072407E+01      0.2376028972E+01      0.7191337333E+00
    0.7210724408E+01      0.7210724408E+01      0.2387539361E+01      0.6532135206E+00
    0.7203634396E+01      0.7203634396E+01      0.2398565706E+01      0.5954030613E+00
    0.7197660449E+01      0.7197660449E+01      0.2410770191E+01      0.5443703326E+00
    0.7193026332E+01      0.7193026332E+01      0.2424249070E+01      0.4995306352E+00
    0.7189504629E+01      0.7189504629E+01      0.2438168691E+01      0.4604530414E+00
    0.7186237360E+01      0.7186237360E+01      0.2451476614E+01      0.4266014447E+00
    0.7182973582E+01      0.7182973582E+01      0.2463869470E+01      0.3972930133E+00
    0.7179588462E+01      0.7179588462E+01      0.2475084946E+01      0.3721109221E+00
    0.7175919211E+01      0.7175919211E+01      0.2484946685E+01      0.3507350431E+00
    0.7171980907E+01      0.7171980907E+01      0.2493465017E+01      0.3330095364E+00
    0.7167734730E+01      0.7167734730E+01      0.2500868576E+01      0.3192680854E+00
    0.7162829927E+01      0.7162829927E+01      0.2506779135E+01      0.3099874222E+00
    0.7155002007E+01      0.7155002007E+01      0.2509935492E+01      0.3065768711E+00
    0.7142173503E+01      0.7142173503E+01      0.2507568072E+01      0.3110574982E+00
    0.7121793515E+01      0.7121793515E+01      0.2496910075E+01      0.3245790244E+00
    0.7087303695E+01      0.7087303695E+01      0.2472635443E+01      0.3489891168E+00
    0.7031004258E+01      0.7031004258E+01      0.2428468889E+01      0.3881470888E+00
    0.6945236719E+01      0.6945236719E+01      0.2352685385E+01      0.4477232194E+00
    0.6823190839E+01      0.6823190839E+01      0.2233444915E+01      0.5295577825E+00
    0.6665209266E+01      0.6665209266E+01      0.2075319600E+01      0.6292920213E+00
    0.6553299954E+01      0.6553299954E+01      0.1968042264E+01      0.6878744088E+00
    0.6441101762E+01      0.6441101762E+01      0.1839783368E+01      0.7091992616E+00
    0.7234506773E+01      0.7234506773E+01      0.2239278061E+01      0.8488973759E+00
    0.7233486472E+01      0.7233486472E+01      0.2269662696E+01      0.7656567729E+00
    0.7229812693E+01      0.7229812693E+01      0.2295349769E+01      0.6924244156E+00
    0.7223821991E+01      0.7223821991E+01      0.2317003499E+01      0.6280970354E+00
    0.7217461523E+01      0.7217461523E+01      0.2336636519E+01      0.5713454148E+00
    0.7212275936E+01      0.7212275936E+01      0.2356563383E+01      0.5216062306E+00
    0.7208601587E+01      0.7208601587E+01      0.2376883006E+01      0.4785541703E+00
    0.7205740266E+01      0.7205740266E+01      0.2396708937E+01      0.4412017705E+00
    0.7203080053E+01      0.7203080053E+01      0.2415421601E+01      0.4088692092E+00
    0.7200330127E+01      0.7200330127E+01      0.2432705450E+01      0.3809534502E+00
    0.7197337289E+01      0.7197337289E+01      0.2448289805E+01      0.3570678438E+00
    0.7194171258E+01      0.7194171258E+01      0.2462268745E+01      0.3370770503E+00
    0.7191179617E+01      0.7191179617E+01      0.2475091911E+01      0.3207537977E+00
    0.7188512568E+01      0.7188512568E+01      0.2487038371E+01      0.3082534937E+00
    0.7185990066E+01      0.7185990066E+01      0.2497939773E+01      0.2998702412E+00
    0.7182741286E+01      0.7182741286E+01      0.2507055156E+01      0.2957580607E+00
    0.7175671362E+01      0.7175671362E+01      0.2512472600E+01      0.2968863210E+00
    0.7161519389E+01      0.7161519389E+01      0.2510652752E+01      0.3070254561E+00
    0.7137942506E+01      0.7137942506E+01      0.2498823586E+01      0.3259962089E+00
    0.7096830223E+01      0.7096830223E+01      0.2470444989E+01      0.3560270742E+00
    0.7030644867E+01      0.7030644867E+01      0.2415168041E+01      0.4015208845E+00
    0.6931721884E+01      0.6931721884E+01      0.2318618273E+01      0.4668007270E+00
    0.6789140893E+01      0.6789140893E+01      0.2175325954E+01      0.5506198649E+00
    0.6633871644E+01      0.6633871644E+01      0.2028414623E+01      0.6417922933E+00
    0.6463507297E+01      0.6463507297E+01      0.1832956512E+01      0.6955079906E+00
    0.7243368215E+01      0.7243368215E+01      0.2138125199E+01      0.8052445041E+00
    0.7242888366E+01      0.7242888366E+01      0.2179459137E+01      0.7265548707E+00
    0.7240242149E+01      0.7240242149E+01      0.2215704007E+01      0.6566313525E+00
    0.7235413203E+01      0.7235413203E+01      0.2247246463E+01      0.5947174223E+00
    0.7230169397E+01      0.7230169397E+01      0.2275768291E+01      0.5402625274E+00
    0.7226367307E+01      0.7226367307E+01      0.2303740689E+01      0.4931945056E+00
    0.7223766612E+01      0.7223766612E+01      0.2330861758E+01      0.4527190214E+00
    0.7221680070E+01      0.7221680070E+01      0.2356521735E+01      0.4176171366E+00
    0.7219686035E+01      0.7219686035E+01      0.2380333000E+01      0.3873335790E+00
    0.7217524081E+01      0.7217524081E+01      0.2402150219E+01      0.3613027896E+00
    0.7215181067E+01      0.7215181067E+01      0.2422004600E+01      0.3391359585E+00
    0.7212939300E+01      0.7212939300E+01      0.2440352926E+01      0.3208950953E+00
    0.7211042200E+01      0.7211042200E+01      0.2457486442E+01      0.3065015183E+00
    0.7209625865E+01      0.7209625865E+01      0.2473613048E+01      0.2958963625E+00
    0.7208487559E+01      0.7208487559E+01      0.2488666523E+01      0.2887397961E+00
    0.7207125968E+01      0.7207125968E+01      0.2502430068E+01      0.2849040745E+00
    0.7204519221E+01      0.7204519221E+01      0.2513648208E+01      0.2847123527E+00
    0.7196397896E+01      0.7196397896E+01      0.2520197343E+01      0.2902605404E+00
    0.7178726741E+01      0.7178726741E+01      0.2517460986E+01      0.3053241470E+00
    0.7148525927E+01      0.7148525927E+01      0.2501949019E+01      0.3285246510E+00
    0.7097052087E+01      0.7097052087E+01      0.2462881968E+01      0.3637464041E+00
    0.7016426266E+01      0.7016426266E+01      0.2387173736E+01      0.4164361399E+00
    0.6895537688E+01      0.6895537688E+01      0.2266064247E+01      0.4864771910E+00
    0.6738632129E+01      0.6738632129E+01      0.2109958572E+01      0.5742197306E+00
    0.6512806288E+01      0.6512806288E+01      0.1850592732E+01      0.6606098507E+00
    0.7251754880E+01      0.7251754880E+01      0.2038351999E+01      0.7498685573E+00
    0.7251659206E+01      0.7251659206E+01      0.2091108516E+01      0.6766432229E+00
    0.7249758660E+01      0.7249758660E+01      0.2138178502E+01      0.6111845396E+00
    0.7246096696E+01      0.7246096696E+01      0.2179745912E+01      0.5532587958E+00
    0.7242502425E+01      0.7242502425E+01      0.2217673804E+01      0.5027289898E+00
    0.7240246922E+01      0.7240246922E+01      0.2253835404E+01      0.4593491176E+00
    0.7238718685E+01      0.7238718685E+01      0.2287833995E+01      0.4221371894E+00
    0.7237428426E+01      0.7237428426E+01      0.2319320698E+01      0.3899717539E+00
    0.7236127741E+01      0.7236127741E+01      0.2348173387E+01      0.3623732066E+00
    0.7234655198E+01      0.7234655198E+01      0.2374500729E+01      0.3387801059E+00
    0.7233252142E+01      0.7233252142E+01      0.2398885006E+01      0.3189013393E+00
    0.7232131669E+01      0.7232131669E+01      0.2421719366E+01      0.3029528978E+00
    0.7231379191E+01      0.7231379191E+01      0.2443169754E+01      0.2906469212E+00
    0.7230942228E+01      0.7230942228E+01      0.2463272557E+01      0.2817843511E+00
    0.7230531277E+01      0.7230531277E+01      0.2481959871E+01      0.2757392705E+00
    0.7230056058E+01      0.7230056058E+01      0.2499299089E+01      0.2723305559E+00
    0.7228799996E+01      0.7228799996E+01      0.2514921407E+01      0.2714836358E+00
    0.7225304259E+01      0.7225304259E+01      0.2526864942E+01      0.2738589001E+00
    0.7212871364E+01      0.7212871364E+01      0.2532192091E+01      0.2835595440E+00
    0.7189295430E+01      0.7189295430E+01      0.2525714822E+01      0.3023043584E+00
    0.7149562644E+01      0.7149562644E+01      0.2500793880E+01      0.3303882525E+00
    0.7084141441E+01      0.7084141441E+01      0.2443209602E+01      0.3736099321E+00
    0.6982595897E+01      0.6982595897E+01      0.2339827276E+01      0.4350301722E+00
    0.6839090029E+01      0.6839090029E+01      0.2187889369E+01      0.5107724333E+00
    0.6584852243E+01      0.6584852243E+01      0.1889921545E+01      0.6057413716E+00
    0.7260821181E+01      0.7260821181E+01      0.1952771500E+01      0.6827630927E+00
    0.7260954440E+01      0.7260954440E+01      0.2015178506E+01      0.6164159790E+00
    0.7259595391E+01      0.7259595391E+01      0.2071126684E+01      0.5570491893E+00
    0.7257299780E+01      0.7257299780E+01      0.2121144930E+01      0.5045346391E+00
    0.7255484606E+01      0.7255484606E+01      0.2167210980E+01      0.4591995552E+00
    0.7254651448E+01      0.7254651448E+01      0.2210300189E+01      0.4203895845E+00
    0.7254134438E+01      0.7254134438E+01      0.2250128412E+01      0.3871401468E+00
    0.7253641970E+01      0.7253641970E+01      0.2286697522E+01      0.3585518298E+00
    0.7253059456E+01      0.7253059456E+01      0.2320114200E+01      0.3341209434E+00
    0.7252456837E+01      0.7252456837E+01      0.2350764212E+01      0.3134924403E+00
    0.7252086516E+01      0.7252086516E+01      0.2379244584E+01      0.2965405130E+00
    0.7251991228E+01      0.7251991228E+01      0.2405907004E+01      0.2832376067E+00
    0.7252031499E+01      0.7252031499E+01      0.2430862434E+01      0.2730171196E+00
    0.7252042072E+01      0.7252042072E+01      0.2454123750E+01      0.2654828936E+00
    0.7251793743E+01      0.7251793743E+01      0.2475612223E+01      0.2602582350E+00
    0.7251163991E+01      0.7251163991E+01      0.2495467351E+01      0.2570157212E+00
    0.7250047621E+01      0.7250047621E+01      0.2513790526E+01      0.2555455672E+00
    0.7247493702E+01      0.7247493702E+01      0.2529536950E+01      0.2561127191E+00
    0.7240719301E+01      0.7240719301E+01      0.2540749987E+01      0.2607697532E+00
    0.7222141928E+01      0.7222141928E+01      0.2542109596E+01      0.2746467783E+00
    0.7191197297E+01      0.7191197297E+01      0.2527238999E+01      0.2976405936E+00
    0.7138593658E+01      0.7138593658E+01      0.2485101573E+01      0.3342853055E+00
    0.7054049300E+01      0.7054049300E+01      0.2399828213E+01      0.3889050968E+00
    0.6926120490E+01      0.6926120490E+01      0.2257748796E+01      0.4587344937E+00
    0.6658592572E+01      0.6658592572E+01      0.1939063962E+01      0.5501780220E+00
    0.7272550799E+01      0.7272550799E+01      0.1880673298E+01      0.6038958299E+00
    0.7272371042E+01      0.7272371042E+01      0.1950744431E+01      0.5462083152E+00
    0.7271143296E+01      0.7271143296E+01      0.2013859873E+01      0.4947709866E+00
    0.7269834821E+01      0.7269834821E+01      0.2071084751E+01      0.4495087684E+00
    0.7269386329E+01      0.7269386329E+01      0.2124134773E+01      0.4105283184E+00
    0.7269630673E+01      0.7269630673E+01      0.2173284597E+01      0.3772077354E+00
    0.7270076188E+01      0.7270076188E+01      0.2218514110E+01      0.3486602511E+00
    0.7270324361E+01      0.7270324361E+01      0.2259745258E+01      0.3241799970E+00
    0.7270482759E+01      0.7270482759E+01      0.2297522468E+01      0.3034276279E+00
    0.7270741371E+01      0.7270741371E+01      0.2332316875E+01      0.2862071101E+00
    0.7271262233E+01      0.7271262233E+01      0.2364635678E+01      0.2723111697E+00
    0.7271855892E+01      0.7271855892E+01      0.2394722321E+01      0.2614308203E+00
    0.7272162977E+01      0.7272162977E+01      0.2422533113E+01      0.2528344874E+00
    0.7272074795E+01      0.7272074795E+01      0.2448193884E+01      0.2463693477E+00
    0.7271327329E+01      0.7271327329E+01      0.2471609606E+01      0.2416713459E+00
    0.7269819301E+01      0.7269819301E+01      0.2492827778E+01      0.2383433486E+00
    0.7267684882E+01      0.7267684882E+01      0.2512160787E+01      0.2363267294E+00
    0.7264784160E+01      0.7264784160E+01      0.2529515434E+01      0.2357490989E+00
    0.7260369051E+01      0.7260369051E+01      0.2543411886E+01      0.2374225311E+00
    0.7248315863E+01      0.7248315863E+01      0.2551312835E+01      0.2451373011E+00
    0.7223812017E+01      0.7223812017E+01      0.2545103763E+01      0.2651996244E+00
    0.7183445962E+01      0.7183445962E+01      0.2517442289E+01      0.2969178121E+00
    0.7114617145E+01      0.7114617145E+01      0.2450663323E+01      0.3461204915E+00
    0.7002192087E+01      0.7002192087E+01      0.2325134578E+01      0.4142644415E+00
    0.6727061774E+01      0.6727061774E+01      0.1996701224E+01      0.4981533087E+00
    0.7288256200E+01      0.7288256200E+01      0.1821531817E+01      0.5143638546E+00
    0.7287613284E+01      0.7287613284E+01      0.1897507465E+01      0.4666048790E+00
    0.7286459756E+01      0.7286459756E+01      0.1966188221E+01      0.4243272967E+00
    0.7285878019E+01      0.7285878019E+01      0.2029429759E+01      0.3872729414E+00
    0.7286317858E+01      0.7286317858E+01      0.2088152746E+01      0.3555271368E+00
    0.7287361528E+01      0.7287361528E+01      0.2142587050E+01      0.3286049049E+00
    0.7288244592E+01      0.7288244592E+01      0.2192325981E+01      0.3056136676E+00
    0.7288805992E+01      0.7288805992E+01      0.2237647818E+01      0.2859965844E+00
    0.7289295554E+01      0.7289295554E+01      0.2279222622E+01      0.2695745914E+00
    0.7289905916E+01      0.7289905916E+01      0.2317540484E+01      0.2560722097E+00
    0.7290564059E+01      0.7290564059E+01      0.2352860677E+01      0.2452841807E+00
    0.7290938130E+01      0.7290938130E+01      0.2385181848E+01      0.2366743635E+00
    0.7290884628E+01      0.7290884628E+01      0.2414618190E+01      0.2297129891E+00
    0.7290051247E+01      0.7290051247E+01      0.2441199376E+01      0.2242603005E+00
    0.7288106579E+01      0.7288106579E+01      0.2464787299E+01      0.2199606149E+00
    0.7285038008E+01      0.7285038008E+01      0.2485696442E+01      0.2164303961E+00
    0.7281188033E+01      0.7281188033E+01      0.2504537861E+01      0.2137376873E+00
    0.7277150908E+01      0.7277150908E+01      0.2522014624E+01      0.2119250668E+00
    0.7272585149E+01      0.7272585149E+01      0.2538208802E+01      0.2116825415E+00
    0.7266619354E+01      0.7266619354E+01      0.2551241752E+01      0.2150859509E+00
    0.7249938396E+01      0.7249938396E+01      0.2556916103E+01      0.2286650360E+00
    0.7218517290E+01      0.7218517290E+01      0.2544734523E+01      0.2573398433E+00
    0.7164312123E+01      0.7164312123E+01      0.2500381203E+01      0.3017058812E+00
    0.7066031656E+01      0.7066031656E+01      0.2397880774E+01      0.3687996600E+00
    0.6788990294E+01      0.6788990294E+01      0.2066756795E+01      0.4438327369E+00
    0.7307595015E+01      0.7307595015E+01      0.1775445571E+01      0.4167124722E+00
    0.7306847812E+01      0.7306847812E+01      0.1856575625E+01      0.3794434431E+00
    0.7305793763E+01      0.7305793763E+01      0.1930362797E+01      0.3469961563E+00
    0.7305642087E+01      0.7305642087E+01      0.1998669446E+01      0.3188856613E+00
    0.7306751535E+01      0.7306751535E+01      0.2062229762E+01      0.2950468395E+00
    0.7308233800E+01      0.7308233800E+01      0.2120878265E+01      0.2749764371E+00
    0.7309110224E+01      0.7309110224E+01      0.2173970109E+01      0.2579190713E+00
    0.7309564294E+01      0.7309564294E+01      0.2222216807E+01      0.2435313851E+00
    0.7309645525E+01      0.7309645525E+01      0.2266114290E+01      0.2318378715E+00
    0.7309573487E+01      0.7309573487E+01      0.2306275068E+01      0.2224125047E+00
    0.7309283413E+01      0.7309283413E+01      0.2342919014E+01      0.2147512745E+00
    0.7308582890E+01      0.7308582890E+01      0.2376026299E+01      0.2084776876E+00
    0.7307141537E+01      0.7307141537E+01      0.2405694056E+01      0.2030782758E+00
    0.7304644708E+01      0.7304644708E+01      0.2432071901E+01      0.1984495280E+00
    0.7300835696E+01      0.7300835696E+01      0.2455395979E+01      0.1942629793E+00
    0.7295750343E+01      0.7295750343E+01      0.2476193187E+01      0.1901679115E+00
    0.7290038910E+01      0.7290038910E+01      0.2495221017E+01      0.1864247049E+00
    0.7284709964E+01      0.7284709964E+01      0.2514048927E+01      0.1834960061E+00
    0.7280253557E+01      0.7280253557E+01      0.2533192582E+01      0.1819673056E+00
    0.7276562325E+01      0.7276562325E+01      0.2552129297E+01      0.1828769620E+00
    0.7270674793E+01      0.7270674793E+01      0.2568175549E+01      0.1904033966E+00
    0.7248027204E+01      0.7248027204E+01      0.2572946766E+01      0.2129635697E+00
    0.7204496426E+01      0.7204496426E+01      0.2551352693E+01      0.2531818757E+00
    0.7118584389E+01      0.7118584389E+01      0.2478778876E+01      0.3179306393E+00
    0.6843085659E+01      0.6843085659E+01      0.2152702599E+01      0.3821810312E+00
    0.7325841563E+01      0.7325841563E+01      0.1739918239E+01      0.3180788401E+00
    0.7326543202E+01      0.7326543202E+01      0.1825460614E+01      0.2900245410E+00
    0.7326935838E+01      0.7326935838E+01      0.1903646299E+01      0.2664536196E+00
    0.7328087332E+01      0.7328087332E+01      0.1975703982E+01      0.2471298084E+00
    0.7329954009E+01      0.7329954009E+01      0.2042547830E+01      0.2314048138E+00
    0.7331120650E+01      0.7331120650E+01      0.2103207336E+01      0.2181053415E+00
    0.7331387195E+01      0.7331387195E+01      0.2157917334E+01      0.2067538238E+00
    0.7331090120E+01      0.7331090120E+01      0.2207712262E+01      0.1975888434E+00
    0.7330227246E+01      0.7330227246E+01      0.2252894248E+01      0.1903295212E+00
    0.7328732030E+01      0.7328732030E+01      0.2293763233E+01      0.1844628144E+00
    0.7326638731E+01      0.7326638731E+01      0.2330684709E+01      0.1795938410E+00
    0.7323820922E+01      0.7323820922E+01      0.2363919518E+01      0.1752669828E+00
    0.7320093190E+01      0.7320093190E+01      0.2393803314E+01      0.1710329723E+00
    0.7315244644E+01      0.7315244644E+01      0.2420592403E+01      0.1669139418E+00
    0.7309129029E+01      0.7309129029E+01      0.2444658168E+01      0.1625662678E+00
    0.7301876593E+01      0.7301876593E+01      0.2466530118E+01      0.1578015447E+00
    0.7294776258E+01      0.7294776258E+01      0.2487609975E+01      0.1533313115E+00
    0.7288787573E+01      0.7288787573E+01      0.2509213718E+01      0.1496517985E+00
    0.7284575882E+01      0.7284575882E+01      0.2532192436E+01      0.1471263005E+00
    0.7282736532E+01      0.7282736532E+01      0.2557996190E+01      0.1466324348E+00
    0.7282705619E+01      0.7282705619E+01      0.2584328265E+01      0.1507111471E+00
    0.7273752752E+01      0.7273752752E+01      0.2605818849E+01      0.1659757258E+00
    0.7237788942E+01      0.7237788942E+01      0.2606483364E+01      0.1997670108E+00
    0.7160700933E+01      0.7160700933E+01      0.2566320790E+01      0.2559728838E+00
    0.6885561580E+01      0.6885561580E+01      0.2249979624E+01      0.3104249099E+00
    0.7341047969E+01      0.7341047969E+01      0.1714273814E+01      0.2224006787E+00
    0.7344239403E+01      0.7344239403E+01      0.1802891371E+01      0.2035833268E+00
    0.7347134420E+01      0.7347134420E+01      0.1884340972E+01      0.1891287099E+00
    0.7349896573E+01      0.7349896573E+01      0.1959270924E+01      0.1775880555E+00
    0.7351768726E+01      0.7351768726E+01      0.2027580385E+01      0.1679597871E+00
    0.7352477383E+01      0.7352477383E+01      0.2089487142E+01      0.1597636341E+00
    0.7352268425E+01      0.7352268425E+01      0.2145805422E+01      0.1529877915E+00
    0.7351067235E+01      0.7351067235E+01      0.2196946740E+01      0.1477882012E+00
    0.7348794239E+01      0.7348794239E+01      0.2243273010E+01      0.1438032260E+00
    0.7345529802E+01      0.7345529802E+01      0.2285319699E+01      0.1405788929E+00
    0.7341246567E+01      0.7341246567E+01      0.2323345554E+01      0.1377052651E+00
    0.7335902866E+01      0.7335902866E+01      0.2357682194E+01      0.1347446237E+00
    0.7329482203E+01      0.7329482203E+01      0.2388761956E+01      0.1314019061E+00
    0.7322043318E+01      0.7322043318E+01      0.2417084015E+01      0.1276751462E+00
    0.7313470029E+01      0.7313470029E+01      0.2443062882E+01      0.1233394700E+00
    0.7304504913E+01      0.7304504913E+01      0.2467300872E+01      0.1185661905E+00
    0.7296580037E+01      0.7296580037E+01      0.2491557899E+01      0.1141986772E+00
    0.7290404277E+01      0.7290404277E+01      0.2516816604E+01      0.1103690929E+00
    0.7286806852E+01      0.7286806852E+01      0.2544953943E+01      0.1073406265E+00
    0.7287041017E+01      0.7287041017E+01      0.2577196782E+01      0.1061149541E+00
    0.7290535536E+01      0.7290535536E+01      0.2613389926E+01      0.1083192469E+00
    0.7291398296E+01      0.7291398296E+01      0.2646746756E+01      0.1182704895E+00
    0.7267185221E+01      0.7267185221E+01      0.2668102835E+01      0.1428048901E+00
    0.7193938099E+01      0.7193938099E+01      0.2652267410E+01      0.1861042404E+00
    0.6915103085E+01      0.6915103085E+01      0.2342393991E+01      0.2264556921E+00
    0.7353599168E+01      0.7353599168E+01      0.1694476069E+01      0.1323035890E+00
    0.7359495908E+01      0.7359495908E+01      0.1786374084E+01      0.1218536383E+00
    0.7364323023E+01      0.7364323023E+01      0.1870805265E+01      0.1143995222E+00
    0.7367454867E+01      0.7367454867E+01      0.1947786519E+01      0.1084410719E+00
    0.7369024297E+01      0.7369024297E+01      0.2017852747E+01      0.1032414590E+00
    0.7369340171E+01      0.7369340171E+01      0.2081756011E+01      0.9891887708E-01
    0.7368548234E+01      0.7368548234E+01      0.2140321093E+01      0.9547667765E-01
    0.7366409228E+01      0.7366409228E+01      0.2193749703E+01      0.9292993003E-01
    0.7362932395E+01      0.7362932395E+01      0.2242523766E+01      0.9099308079E-01
    0.7358101717E+01      0.7358101717E+01      0.2286944446E+01      0.8932478941E-01
    0.7351838621E+01      0.7351838621E+01      0.2327209790E+01      0.8760776283E-01
    0.7344183138E+01      0.7344183138E+01      0.2363724392E+01      0.8553730508E-01
    0.7335406516E+01      0.7335406516E+01      0.2397135619E+01      0.8302221004E-01
    0.7325722331E+01      0.7325722331E+01      0.2427992094E+01      0.8008523511E-01
    0.7315203631E+01      0.7315203631E+01      0.2456381103E+01      0.7662730281E-01
    0.7305202910E+01      0.7305202910E+01      0.2483634412E+01      0.7310212564E-01
    0.7296867260E+01      0.7296867260E+01      0.2511117301E+01      0.6974808503E-01
    0.7290857200E+01      0.7290857200E+01      0.2539686852E+01      0.6664895550E-01
    0.7288031104E+01      0.7288031104E+01      0.2571419256E+01      0.6409884177E-01
    0.7289508197E+01      0.7289508197E+01      0.2606080569E+01      0.6294257580E-01
    0.7295375720E+01      0.7295375720E+01      0.2645904233E+01      0.6387430033E-01
    0.7302938072E+01      0.7302938072E+01      0.2687056176E+01      0.6968241976E-01
    0.7289115977E+01      0.7289115977E+01      0.2718138812E+01      0.8612687314E-01
    0.7219811237E+01      0.7219811237E+01      0.2717661089E+01      0.1132575918E+00
    0.6930596568E+01      0.6930596568E+01      0.2406393533E+01      0.1379719994E+00
    0.7360923557E+01      0.7360923557E+01      0.1691524896E+01      0.4561913496E-01
    0.7368342276E+01      0.7368342276E+01      0.1786219697E+01      0.4247935370E-01
    0.7374085414E+01      0.7374085414E+01      0.1873080605E+01      0.4023816035E-01
    0.7377303195E+01      0.7377303195E+01      0.1951835699E+01      0.3833279235E-01
    0.7378605974E+01      0.7378605974E+01      0.2023566870E+01      0.3660517314E-01
    0.7378734628E+01      0.7378734628E+01      0.2089414251E+01      0.3521078083E-01
    0.7377589025E+01      0.7377589025E+01      0.2150107061E+01      0.3407316421E-01
    0.7374922798E+01      0.7374922798E+01      0.2205777451E+01      0.3318748996E-01
    0.7370722180E+01      0.7370722180E+01      0.2256829023E+01      0.3243095473E-01
    0.7364919140E+01      0.7364919140E+01      0.2303350071E+01      0.3168575698E-01
    0.7357468815E+01      0.7357468815E+01      0.2345416232E+01      0.3085389523E-01
    0.7348513637E+01      0.7348513637E+01      0.2383392919E+01      0.2985133788E-01
    0.7338497550E+01      0.7338497550E+01      0.2417962102E+01      0.2868727614E-01
    0.7327602503E+01      0.7327602503E+01      0.2449651114E+01      0.2738431710E-01
    0.7316200591E+01      0.7316200591E+01      0.2478587151E+01      0.2596234368E-01
    0.7305757606E+01      0.7305757606E+01      0.2506319124E+01      0.2458945678E-01
    0.7297169288E+01      0.7297169288E+01      0.2533767761E+01      0.2325939695E-01
    0.7291244970E+01      0.7291244970E+01      0.2561864465E+01      0.2214577200E-01
    0.7289064576E+01      0.7289064576E+01      0.2593154687E+01      0.2139189620E-01
    0.7291244170E+01      0.7291244170E+01      0.2627312316E+01      0.2121835405E-01
    0.7298469208E+01      0.7298469208E+01      0.2667724479E+01      0.2198773826E-01
    0.7310645780E+01      0.7310645780E+01      0.2713352910E+01      0.2488739192E-01
    0.7301779187E+01      0.7301779187E+01      0.2747589294E+01      0.3145244153E-01
    0.7234861985E+01      0.7234861985E+01      0.2751906156E+01      0.4074238022E-01
    0.6935862330E+01      0.6935862330E+01      0.2434531602E+01      0.4550676603E-01
