    0.0000000000E+00      0.2000000000E+02      0.0000000000E+00      0.0000000000E+00
    0.6068550629E+01      0.6068550629E+01     -0.1268686753E-01      0.2440975381E-01
    0.6075053896E+01      0.6075053896E+01     -0.3464062166E-01      0.2443998925E-01
    0.6087660843E+01      0.6087660843E+01     -0.6119564214E-01      0.2396166952E-01
    0.6103418908E+01      0.6103418908E+01     -0.8832921212E-01      0.2382352144E-01
    0.6120011922E+01      0.6120011922E+01     -0.1141027854E+00      0.2365382805E-01
    0.6135620697E+01      0.6135620697E+01     -0.1350378470E+00      0.2367880512E-01
    0.6150178162E+01      0.6150178162E+01     -0.1527070874E+00      0.2352359655E-01
    0.6163776433E+01      0.6163776433E+01     -0.1678110017E+00      0.2334663387E-01
    0.6177374150E+01      0.6177374150E+01     -0.1801145529E+00      0.2278826674E-01
    0.6190740356E+01      0.6190740356E+01     -0.1901050129E+00      0.2203934643E-01
    0.6204326524E+01      0.6204326524E+01     -0.1975923695E+00      0.2109380202E-01
    0.6218434707E+01      0.6218434707E+01     -0.2024976832E+00      0.1997243283E-01
    0.6233180640E+01      0.6233180640E+01     -0.2048124660E+00      0.1870336210E-01
    0.6249141786E+01      0.6249141786E+01     -0.2048138690E+00      0.1730483413E-01
    0.6264583407E+01      0.6264583407E+01     -0.2021707479E+00      0.1573352147E-01
    0.6280364229E+01      0.6280364229E+01     -0.1973385384E+00      0.1420311819E-01
    0.6296464063E+01      0.6296464063E+01     -0.1904094210E+00      0.1267142635E-01
    0.6312879512E+01      0.6312879512E+01     -0.1815234863E+00      0.1112244037E-01
    0.6329681484E+01      0.6329681484E+01     -0.1708080285E+00      0.9545814704E-02
    0.6346912455E+01      0.6346912455E+01     -0.1583011977E+00      0.8001985437E-02
    0.6364627895E+01      0.6364627895E+01     -0.1440331462E+00      0.6501004184E-02
    0.6382837331E+01      0.6382837331E+01     -0.1280543074E+00      0.5079288589E-02
    0.6401462037E+01      0.6401462037E+01     -0.1103830175E+00      0.3780849006E-02
    0.6420535785E+01      0.6420535785E+01     -0.9115033437E-01      0.2593252018E-02
    0.0000000000E+00      0.2000000000E+02      0.0000000000E+00      0.0000000000E+00
    0.6068812263E+01      0.6068812263E+01     -0.1286422352E-01      0.7330102055E-01
    0.6075091944E+01      0.6075091944E+01     -0.3483398130E-01      0.7352167767E-01
    0.6087354587E+01      0.6087354587E+01     -0.6128859185E-01      0.7217778696E-01
    0.6102477188E+01      0.6102477188E+01     -0.8783026918E-01      0.7198001145E-01
    0.6118737932E+01      0.6118737932E+01     -0.1134851750E+00      0.7175371857E-01
    0.6134601569E+01      0.6134601569E+01     -0.1347029832E+00      0.7173278363E-01
    0.6149736826E+01      0.6149736826E+01     -0.1530806498E+00      0.7091829682E-01
    0.6164018048E+01      0.6164018048E+01     -0.1689257462E+00      0.6985913837E-01
    0.6178162691E+01      0.6178162691E+01     -0.1817734773E+00      0.6775961244E-01
    0.6191918589E+01      0.6191918589E+01     -0.1922046153E+00      0.6523659689E-01
    0.6205809640E+01      0.6205809640E+01     -0.1999433036E+00      0.6217936023E-01
    0.6220121474E+01      0.6220121474E+01     -0.2049812956E+00      0.5865737340E-01
    0.6234995568E+01      0.6234995568E+01     -0.2073776184E+00      0.5474705068E-01
    0.6250938744E+01      0.6250938744E+01     -0.2075406310E+00      0.5068743256E-01
    0.6266497212E+01      0.6266497212E+01     -0.2050732338E+00      0.4587834296E-01
    0.6282341680E+01      0.6282341680E+01     -0.2003248463E+00      0.4124709651E-01
    0.6298601516E+01      0.6298601516E+01     -0.1934956723E+00      0.3654461461E-01
    0.6315196116E+01      0.6315196116E+01     -0.1846055601E+00      0.3176763385E-01
    0.6332178061E+01      0.6332178061E+01     -0.1738023798E+00      0.2695013263E-01
    0.6349583182E+01      0.6349583182E+01     -0.1611574945E+00      0.2224041052E-01
    0.6367463535E+01      0.6367463535E+01     -0.1467326413E+00      0.1765023064E-01
    0.6385792021E+01      0.6385792021E+01     -0.1305420505E+00      0.1330770389E-01
    0.6404519165E+01      0.6404519165E+01     -0.1126094039E+00      0.9322800200E-02
    0.6423693063E+01      0.6423693063E+01     -0.9306905552E-01      0.5678189127E-02
    0.0000000000E+00      0.2000000000E+02      0.0000000000E+00      0.0000000000E+00
    0.6068961294E+01      0.6068961294E+01     -0.1329843100E-01      0.1231697765E+00
    0.6074949658E+01      0.6074949658E+01     -0.3547386979E-01      0.1233844384E+00
    0.6086590989E+01      0.6086590989E+01     -0.6196854893E-01      0.1212746310E+00
    0.6100929609E+01      0.6100929609E+01     -0.8796277373E-01      0.1204291426E+00
    0.6116859153E+01      0.6116859153E+01     -0.1136212657E+00      0.1197091499E+00
    0.6133039185E+01      0.6133039185E+01     -0.1354155557E+00      0.1192230045E+00
    0.6148939551E+01      0.6148939551E+01     -0.1546852167E+00      0.1174258468E+00
    0.6164135745E+01      0.6164135745E+01     -0.1714833670E+00      0.1153033523E+00
    0.6179185665E+01      0.6179185665E+01     -0.1852198499E+00      0.1117848742E+00
    0.6193702353E+01      0.6193702353E+01     -0.1963281316E+00      0.1075750904E+00
    0.6208177296E+01      0.6208177296E+01     -0.2045979664E+00      0.1023051623E+00
    0.6222886768E+01      0.6222886768E+01     -0.2099811140E+00      0.9638124943E-01
    0.6238033907E+01      0.6238033907E+01     -0.2126834059E+00      0.8983777281E-01
    0.6254022368E+01      0.6254022368E+01     -0.2132272407E+00      0.8344059104E-01
    0.6269888853E+01      0.6269888853E+01     -0.2110382746E+00      0.7538504573E-01
    0.6285921056E+01      0.6285921056E+01     -0.2064183893E+00      0.6769054968E-01
    0.6302445515E+01      0.6302445515E+01     -0.1997088488E+00      0.5990479041E-01
    0.6319358026E+01      0.6319358026E+01     -0.1908235792E+00      0.5200706770E-01
    0.6336693728E+01      0.6336693728E+01     -0.1799194370E+00      0.4411867511E-01
    0.6354443548E+01      0.6354443548E+01     -0.1670235968E+00      0.3636179023E-01
    0.6372638090E+01      0.6372638090E+01     -0.1522318048E+00      0.2876840112E-01
    0.6391219705E+01      0.6391219705E+01     -0.1355897464E+00      0.2154684456E-01
    0.6410200236E+01      0.6410200236E+01     -0.1172163241E+00      0.1483412520E-01
    0.6429637658E+01      0.6429637658E+01     -0.9724584130E-01      0.8605052767E-02
    0.0000000000E+00      0.2000000000E+02      0.0000000000E+00      0.0000000000E+00
    0.6069587617E+01      0.6069587617E+01     -0.1409194277E-01      0.1739779435E+00
    0.6075095270E+01      0.6075095270E+01     -0.3674992686E-01      0.1741287937E+00
    0.6085693343E+01      0.6085693343E+01     -0.6329558920E-01      0.1712622638E+00
    0.6099030981E+01      0.6099030981E+01     -0.8887816480E-01      0.1693049677E+00
    0.6114496668E+01      0.6114496668E+01     -0.1143246497E+00      0.1678192689E+00
    0.6130956087E+01      0.6130956087E+01     -0.1372398266E+00      0.1664120665E+00
    0.6147607977E+01      0.6147607977E+01     -0.1577019894E+00      0.1632876681E+00
    0.6163821975E+01      0.6163821975E+01     -0.1756267231E+00      0.1597900551E+00
    0.6179819010E+01      0.6179819010E+01     -0.1904999170E+00      0.1545650742E+00
    0.6195341290E+01      0.6195341290E+01     -0.2026111399E+00      0.1487092699E+00
    0.6210601068E+01      0.6210601068E+01     -0.2117284119E+00      0.1412926513E+00
    0.6225937369E+01      0.6225937369E+01     -0.2177235894E+00      0.1330268780E+00
    0.6241471412E+01      0.6241471412E+01     -0.2210563296E+00      0.1239624527E+00
    0.6257636882E+01      0.6257636882E+01     -0.2221888873E+00      0.1152924064E+00
    0.6273922378E+01      0.6273922378E+01     -0.2203829325E+00      0.1041399836E+00
    0.6290281397E+01      0.6290281397E+01     -0.2159989313E+00      0.9347346230E-01
    0.6307185369E+01      0.6307185369E+01     -0.2094341628E+00      0.8276103996E-01
    0.6324562414E+01      0.6324562414E+01     -0.2005594312E+00      0.7186561900E-01
    0.6342414019E+01      0.6342414019E+01     -0.1894357665E+00      0.6100310141E-01
    0.6360674911E+01      0.6360674911E+01     -0.1760483051E+00      0.5023412867E-01
    0.6379344623E+01      0.6379344623E+01     -0.1605796814E+00      0.3968124537E-01
    0.6398386377E+01      0.6398386377E+01     -0.1431856486E+00      0.2958175840E-01
    0.6417866337E+01      0.6417866337E+01     -0.1241082337E+00      0.2005508865E-01
    0.6437763821E+01      0.6437763821E+01     -0.1033779367E+00      0.1105382702E-01
    0.0000000000E+00      0.2000000000E+02      0.0000000000E+00      0.0000000000E+00
    0.6070751020E+01      0.6070751020E+01     -0.1522418000E-01      0.2259983161E+00
    0.6075607141E+01      0.6075607141E+01     -0.3865118419E-01      0.2259704733E+00
    0.6085021683E+01      0.6085021683E+01     -0.6541734033E-01      0.2219754785E+00
    0.6097102327E+01      0.6097102327E+01     -0.9080315870E-01      0.2187378733E+00
    0.6111877481E+01      0.6111877481E+01     -0.1162307662E+00      0.2160637235E+00
    0.6128368098E+01      0.6128368098E+01     -0.1400178901E+00      0.2132895316E+00
    0.6145613694E+01      0.6145613694E+01     -0.1618736592E+00      0.2086087396E+00
    0.6162814541E+01      0.6162814541E+01     -0.1810953136E+00      0.2035442672E+00
    0.6179814997E+01      0.6179814997E+01     -0.1972687777E+00      0.1963764478E+00
    0.6196254545E+01      0.6196254545E+01     -0.2106398529E+00      0.1886360948E+00
    0.6212483040E+01      0.6212483040E+01     -0.2208677087E+00      0.1790243892E+00
    0.6228474020E+01      0.6228474020E+01     -0.2279454632E+00      0.1684837323E+00
    0.6244479572E+01      0.6244479572E+01     -0.2321977249E+00      0.1569850430E+00
    0.6260958697E+01      0.6260958697E+01     -0.2339575814E+00      0.1460109111E+00
    0.6277898627E+01      0.6277898627E+01     -0.2327644730E+00      0.1323219216E+00
    0.6294749743E+01      0.6294749743E+01     -0.2287412717E+00      0.1188401940E+00
    0.6312133391E+01      0.6312133391E+01     -0.2223527662E+00      0.1052685933E+00
    0.6330140077E+01      0.6330140077E+01     -0.2135733521E+00      0.9133501811E-01
    0.6348638210E+01      0.6348638210E+01     -0.2022431957E+00      0.7737735551E-01
    0.6367576324E+01      0.6367576324E+01     -0.1884187522E+00      0.6350703855E-01
    0.6386961546E+01      0.6386961546E+01     -0.1723688456E+00      0.4992959248E-01
    0.6406770196E+01      0.6406770196E+01     -0.1543062346E+00      0.3680331483E-01
    0.6427041158E+01      0.6427041158E+01     -0.1344249137E+00      0.2420728368E-01
    0.6447279325E+01      0.6447279325E+01     -0.1121547705E+00      0.1227689401E-01
    0.0000000000E+00      0.2000000000E+02      0.0000000000E+00      0.0000000000E+00
    0.6072979095E+01      0.6072979095E+01     -0.1660096502E-01      0.2784219139E+00
    0.6076868717E+01      0.6076868717E+01     -0.4093557056E-01      0.2783595237E+00
    0.6084896964E+01      0.6084896964E+01     -0.6838794416E-01      0.2732536168E+00
    0.6095512270E+01      0.6095512270E+01     -0.9415325364E-01      0.2687118007E+00
    0.6109190924E+01      0.6109190924E+01     -0.1197135964E+00      0.2644096204E+00
    0.6125269033E+01      0.6125269033E+01     -0.1441933395E+00      0.2599599023E+00
    0.6142832518E+01      0.6142832518E+01     -0.1672434637E+00      0.2535235581E+00
    0.6160863606E+01      0.6160863606E+01     -0.1880420866E+00      0.2467846137E+00
    0.6178853329E+01      0.6178853329E+01     -0.2057667546E+00      0.2377427129E+00
    0.6196239047E+01      0.6196239047E+01     -0.2205484460E+00      0.2278167516E+00
    0.6213335853E+01      0.6213335853E+01     -0.2321138609E+00      0.2158844854E+00
    0.6230082480E+01      0.6230082480E+01     -0.2405975754E+00      0.2031488562E+00
    0.6246662155E+01      0.6246662155E+01     -0.2458541804E+00      0.1891913414E+00
    0.6263593163E+01      0.6263593163E+01     -0.2480235725E+00      0.1756348836E+00
    0.6281071435E+01      0.6281071435E+01     -0.2475497805E+00      0.1595835138E+00
    0.6298675328E+01      0.6298675328E+01     -0.2441524229E+00      0.1432491978E+00
    0.6316760467E+01      0.6316760467E+01     -0.2380248717E+00      0.1268638181E+00
    0.6335573845E+01      0.6335573845E+01     -0.2293451588E+00      0.1098965705E+00
    0.6354944744E+01      0.6354944744E+01     -0.2178642932E+00      0.9283226557E-01
    0.6374855756E+01      0.6374855756E+01     -0.2037594622E+00      0.7575202190E-01
    0.6395298694E+01      0.6395298694E+01     -0.1872940103E+00      0.5891222868E-01
    0.6416186984E+01      0.6416186984E+01     -0.1685601324E+00      0.4240068255E-01
    0.6437179307E+01      0.6437179307E+01     -0.1470247680E+00      0.2634308168E-01
    0.6457853102E+01      0.6457853102E+01     -0.1235442441E+00      0.1168219819E-01
    0.0000000000E+00      0.2000000000E+02      0.0000000000E+00      0.0000000000E+00
    0.6076151119E+01      0.6076151119E+01     -0.1824227790E-01      0.3306879872E+00
    0.6078938453E+01      0.6078938453E+01     -0.4368568434E-01      0.3307496726E+00
    0.6085467902E+01      0.6085467902E+01     -0.7225946526E-01      0.3245640613E+00
    0.6094402417E+01      0.6094402417E+01     -0.9879400368E-01      0.3190788475E+00
    0.6106622127E+01      0.6106622127E+01     -0.1249012741E+00      0.3128724277E+00
    0.6121780292E+01      0.6121780292E+01     -0.1500337496E+00      0.3065569126E+00
    0.6139144583E+01      0.6139144583E+01     -0.1741349835E+00      0.2982243842E+00
    0.6157720801E+01      0.6157720801E+01     -0.1964972359E+00      0.2897462968E+00
    0.6176539706E+01      0.6176539706E+01     -0.2161027218E+00      0.2788421282E+00
    0.6195001479E+01      0.6195001479E+01     -0.2324815671E+00      0.2669964278E+00
    0.6213066143E+01      0.6213066143E+01     -0.2454602156E+00      0.2526321069E+00
    0.6230562681E+01      0.6230562681E+01     -0.2554628802E+00      0.2372359082E+00
    0.6247903303E+01      0.6247903303E+01     -0.2619805697E+00      0.2209028402E+00
    0.6265523684E+01      0.6265523684E+01     -0.2649175808E+00      0.2045325700E+00
    0.6283844881E+01      0.6283844881E+01     -0.2650652501E+00      0.1867486220E+00
    0.6302242862E+01      0.6302242862E+01     -0.2622217217E+00      0.1668510931E+00
    0.6321286720E+01      0.6321286720E+01     -0.2565972064E+00      0.1474098706E+00
    0.6341159442E+01      0.6341159442E+01     -0.2481999932E+00      0.1272805605E+00
    0.6361586562E+01      0.6361586562E+01     -0.2365907233E+00      0.1067781645E+00
    0.6382738603E+01      0.6382738603E+01     -0.2221807823E+00      0.8617948494E-01
    0.6404547660E+01      0.6404547660E+01     -0.2051306071E+00      0.6566387871E-01
    0.6426554363E+01      0.6426554363E+01     -0.1850149384E+00      0.4536828065E-01
    0.6448251879E+01      0.6448251879E+01     -0.1625400172E+00      0.2606482225E-01
    0.6471071806E+01      0.6471071806E+01     -0.1390814055E+00      0.7759679643E-02
    0.0000000000E+00      0.2000000000E+02      0.0000000000E+00      0.0000000000E+00
    0.6079800651E+01      0.6079800651E+01     -0.2010612811E-01      0.3831324703E+00
    0.6081246744E+01      0.6081246744E+01     -0.4685242950E-01      0.3836069046E+00
    0.6086393215E+01      0.6086393215E+01     -0.7726342061E-01      0.3760893735E+00
    0.6093609082E+01      0.6093609082E+01     -0.1051360319E+00      0.3696728880E+00
    0.6104121338E+01      0.6104121338E+01     -0.1321797085E+00      0.3615632732E+00
    0.6117917563E+01      0.6117917563E+01     -0.1581342037E+00      0.3533444701E+00
    0.6134554818E+01      0.6134554818E+01     -0.1831589639E+00      0.3429607012E+00
    0.6153146917E+01      0.6153146917E+01     -0.2068022453E+00      0.3326293032E+00
    0.6172616762E+01      0.6172616762E+01     -0.2282647786E+00      0.3199185520E+00
    0.6192064947E+01      0.6192064947E+01     -0.2464672849E+00      0.3061702618E+00
    0.6211228669E+01      0.6211228669E+01     -0.2609928615E+00      0.2897907853E+00
    0.6229671358E+01      0.6229671358E+01     -0.2724650694E+00      0.2718409067E+00
    0.6248150934E+01      0.6248150934E+01     -0.2802533820E+00      0.2522715781E+00
    0.6266987889E+01      0.6266987889E+01     -0.2845582189E+00      0.2330938956E+00
    0.6286450234E+01      0.6286450234E+01     -0.2858981266E+00      0.2133085068E+00
    0.6306147067E+01      0.6306147067E+01     -0.2836052136E+00      0.1896630187E+00
    0.6326271985E+01      0.6326271985E+01     -0.2779851119E+00      0.1665239252E+00
    0.6347391543E+01      0.6347391543E+01     -0.2694140381E+00      0.1427037871E+00
    0.6369209849E+01      0.6369209849E+01     -0.2575115403E+00      0.1182873880E+00
    0.6391925737E+01      0.6391925737E+01     -0.2427824058E+00      0.9375572533E-01
    0.6415172182E+01      0.6415172182E+01     -0.2250452915E+00      0.6923619774E-01
    0.6438083027E+01      0.6438083027E+01     -0.2044368905E+00      0.4552688885E-01
    0.6461715983E+01      0.6461715983E+01     -0.1821106506E+00      0.2275964143E-01
    0.6485645832E+01      0.6485645832E+01     -0.1579633187E+00      0.1472036258E-02
    0.0000000000E+00      0.2000000000E+02      0.0000000000E+00      0.0000000000E+00
    0.6083132523E+01      0.6083132523E+01     -0.2213456335E-01      0.4357539711E+00
    0.6083270075E+01      0.6083270075E+01     -0.5039808517E-01      0.4367270411E+00
    0.6087176212E+01      0.6087176212E+01     -0.8320016831E-01      0.4278609245E+00
    0.6092775726E+01      0.6092775726E+01     -0.1128283712E+00      0.4204622870E+00
    0.6101433788E+01      0.6101433788E+01     -0.1411990973E+00      0.4107912720E+00
    0.6113531252E+01      0.6113531252E+01     -0.1682434337E+00      0.4007637184E+00
    0.6128939071E+01      0.6128939071E+01     -0.1942348055E+00      0.3882539503E+00
    0.6147014054E+01      0.6147014054E+01     -0.2190109845E+00      0.3758258157E+00
    0.6166788672E+01      0.6166788672E+01     -0.2419604655E+00      0.3611828666E+00
    0.6187180161E+01      0.6187180161E+01     -0.2621113292E+00      0.3454833455E+00
    0.6207566788E+01      0.6207566788E+01     -0.2785205342E+00      0.3271067175E+00
    0.6227407539E+01      0.6227407539E+01     -0.2917204796E+00      0.3067689972E+00
    0.6247457219E+01      0.6247457219E+01     -0.3011160935E+00      0.2840470469E+00
    0.6267860343E+01      0.6267860343E+01     -0.3067922453E+00      0.2611533654E+00
    0.6288980654E+01      0.6288980654E+01     -0.3092073079E+00      0.2382591844E+00
    0.6310799674E+01      0.6310799674E+01     -0.3081280768E+00      0.2110479512E+00
    0.6332620698E+01      0.6332620698E+01     -0.3030968272E+00      0.1834374796E+00
    0.6355181030E+01      0.6355181030E+01     -0.2944684722E+00      0.1551943665E+00
    0.6378639265E+01      0.6378639265E+01     -0.2826062387E+00      0.1265231212E+00
    0.6402889959E+01      0.6402889959E+01     -0.2675963345E+00      0.9787532232E-01
    0.6427007024E+01      0.6427007024E+01     -0.2490829172E+00      0.6988085207E-01
    0.6451670867E+01      0.6451670867E+01     -0.2284484839E+00      0.4297287717E-01
    0.6477269363E+01      0.6477269363E+01     -0.2065791488E+00      0.1655007057E-01
    0.6502729590E+01      0.6502729590E+01     -0.1821479976E+00     -0.8477192243E-02
    0.0000000000E+00      0.2000000000E+02      0.0000000000E+00      0.0000000000E+00
    0.6085427145E+01      0.6085427145E+01     -0.2398558262E-01      0.4886452064E+00
    0.6084420244E+01      0.6084420244E+01     -0.5439241366E-01      0.4900324842E+00
    0.6087451936E+01      0.6087451936E+01     -0.8973642495E-01      0.4798499897E+00
    0.6091527907E+01      0.6091527907E+01     -0.1214545817E+00      0.4717606878E+00
    0.6098319531E+01      0.6098319531E+01     -0.1515951841E+00      0.4608399547E+00
    0.6108516018E+01      0.6108516018E+01     -0.1800651532E+00      0.4491861845E+00
    0.6122289790E+01      0.6122289790E+01     -0.2071767290E+00      0.4345844146E+00
    0.6139337241E+01      0.6139337241E+01     -0.2330532906E+00      0.4198569107E+00
    0.6158922931E+01      0.6158922931E+01     -0.2573658069E+00      0.4030113047E+00
    0.6180100141E+01      0.6180100141E+01     -0.2793659640E+00      0.3851972837E+00
    0.6201949673E+01      0.6201949673E+01     -0.2982577066E+00      0.3646333950E+00
    0.6223927722E+01      0.6223927722E+01     -0.3136493950E+00      0.3416326568E+00
    0.6246146427E+01      0.6246146427E+01     -0.3252525249E+00      0.3152871010E+00
    0.6268633957E+01      0.6268633957E+01     -0.3326864645E+00      0.2881974987E+00
    0.6291854057E+01      0.6291854057E+01     -0.3362392344E+00      0.2610196859E+00
    0.6316213524E+01      0.6316213524E+01     -0.3365858728E+00      0.2303601987E+00
    0.6340467727E+01      0.6340467727E+01     -0.3325856146E+00      0.1976435983E+00
    0.6364929028E+01      0.6364929028E+01     -0.3242610772E+00      0.1644977946E+00
    0.6390088316E+01      0.6390088316E+01     -0.3123891787E+00      0.1312965852E+00
    0.6415333791E+01      0.6415333791E+01     -0.2967387520E+00      0.9873056366E-01
    0.6441415180E+01      0.6441415180E+01     -0.2787047737E+00      0.6691303481E-01
    0.6468460383E+01      0.6468460383E+01     -0.2590797164E+00      0.3585852757E-01
    0.6495237479E+01      0.6495237479E+01     -0.2363103406E+00      0.5998835403E-02
    0.6522081211E+01      0.6522081211E+01     -0.2103525873E+00     -0.2294861164E-01
    0.0000000000E+00      0.2000000000E+02      0.0000000000E+00      0.0000000000E+00
    0.6086147198E+01      0.6086147198E+01     -0.2530290646E-01      0.5418307378E+00
    0.6084241484E+01      0.6084241484E+01     -0.5838913310E-01      0.5441091686E+00
    0.6086513814E+01      0.6086513814E+01     -0.9640860019E-01      0.5330501063E+00
    0.6089199617E+01      0.6089199617E+01     -0.1305240225E+00      0.5243002534E+00
    0.6094239404E+01      0.6094239404E+01     -0.1628997356E+00      0.5123978991E+00
    0.6102566635E+01      0.6102566635E+01     -0.1932437231E+00      0.4992267793E+00
    0.6114596713E+01      0.6114596713E+01     -0.2218363896E+00      0.4825094219E+00
    0.6130360198E+01      0.6130360198E+01     -0.2490503121E+00      0.4651776743E+00
    0.6149486221E+01      0.6149486221E+01     -0.2749032110E+00      0.4455654697E+00
    0.6171288136E+01      0.6171288136E+01     -0.2989844280E+00      0.4250457153E+00
    0.6194932714E+01      0.6194932714E+01     -0.3205984070E+00      0.4017369967E+00
    0.6219448884E+01      0.6219448884E+01     -0.3389551395E+00      0.3757118216E+00
    0.6244289075E+01      0.6244289075E+01     -0.3533074054E+00      0.3453561072E+00
    0.6269389425E+01      0.6269389425E+01     -0.3631399024E+00      0.3136034936E+00
    0.6295157093E+01      0.6295157093E+01     -0.3684697937E+00      0.2815708969E+00
    0.6321918938E+01      0.6321918938E+01     -0.3699482637E+00      0.2472817453E+00
    0.6348845109E+01      0.6348845109E+01     -0.3664741759E+00      0.2091305695E+00
    0.6375482697E+01      0.6375482697E+01     -0.3583908139E+00      0.1709774115E+00
    0.6402456783E+01      0.6402456783E+01     -0.3463836977E+00      0.1330287225E+00
    0.6429857372E+01      0.6429857372E+01     -0.3316282600E+00      0.9637357230E-01
    0.6457806629E+01      0.6457806629E+01     -0.3146327339E+00      0.6113830166E-01
    0.6485281319E+01      0.6485281319E+01     -0.2938979457E+00      0.2702611466E-01
    0.6512805745E+01      0.6512805745E+01     -0.2693357752E+00     -0.6334750135E-02
    0.6540234549E+01      0.6540234549E+01     -0.2409857166E+00     -0.3867282124E-01
    0.0000000000E+00      0.2000000000E+02      0.0000000000E+00      0.0000000000E+00
    0.6084314289E+01      0.6084314289E+01     -0.2649996397E-01      0.5973375150E+00
    0.6082126663E+01      0.6082126663E+01     -0.6232110190E-01      0.6003832607E+00
    0.6083702318E+01      0.6083702318E+01     -0.1031826988E+00      0.5881693508E+00
    0.6085251933E+01      0.6085251933E+01     -0.1400015165E+00      0.5788130741E+00
    0.6088820233E+01      0.6088820233E+01     -0.1750555337E+00      0.5660341011E+00
    0.6095509951E+01      0.6095509951E+01     -0.2078048983E+00      0.5513591477E+00
    0.6105947335E+01      0.6105947335E+01     -0.2384412965E+00      0.5324250210E+00
    0.6120461512E+01      0.6120461512E+01     -0.2674881842E+00      0.5121397246E+00
    0.6139098108E+01      0.6139098108E+01     -0.2953248543E+00      0.4890613496E+00
    0.6161568202E+01      0.6161568202E+01     -0.3219303965E+00      0.4647739235E+00
    0.6186946689E+01      0.6186946689E+01     -0.3465984264E+00      0.4377613407E+00
    0.6214011093E+01      0.6214011093E+01     -0.3681959953E+00      0.4081957748E+00
    0.6241667931E+01      0.6241667931E+01     -0.3856557676E+00      0.3738790077E+00
    0.6269617486E+01      0.6269617486E+01     -0.3982061180E+00      0.3372198768E+00
    0.6298003279E+01      0.6298003279E+01     -0.4053533991E+00      0.3003196768E+00
    0.6327271492E+01      0.6327271492E+01     -0.4075368338E+00      0.2620762709E+00
    0.6356207960E+01      0.6356207960E+01     -0.4043594413E+00      0.2183301020E+00
    0.6385102087E+01      0.6385102087E+01     -0.3969072944E+00      0.1756024689E+00
    0.6414255405E+01      0.6414255405E+01     -0.3861222283E+00      0.1342517633E+00
    0.6443103032E+01      0.6443103032E+01     -0.3717914813E+00      0.9451910213E-01
    0.6471511521E+01      0.6471511521E+01     -0.3537603706E+00      0.5538854732E-01
    0.6499713444E+01      0.6499713444E+01     -0.3313883894E+00      0.1715512165E-01
    0.6527713937E+01      0.6527713937E+01     -0.3046578597E+00     -0.1976975300E-01
    0.6555530690E+01      0.6555530690E+01     -0.2740610184E+00     -0.5504508245E-01
    0.0000000000E+00      0.2000000000E+02      0.0000000000E+00      0.0000000000E+00
    0.6079951265E+01      0.6079951265E+01     -0.2799129340E-01      0.6556180327E+00
    0.6077763494E+01      0.6077763494E+01     -0.6657549152E-01      0.6589897876E+00
    0.6078854242E+01      0.6078854242E+01     -0.1103940323E+00      0.6456652083E+00
    0.6079489984E+01      0.6079489984E+01     -0.1504493047E+00      0.6357308538E+00
    0.6082007667E+01      0.6082007667E+01     -0.1886777807E+00      0.6219992440E+00
    0.6087517229E+01      0.6087517229E+01     -0.2244853698E+00      0.6056370522E+00
    0.6096797745E+01      0.6096797745E+01     -0.2579397620E+00      0.5841998089E+00
    0.6110417383E+01      0.6110417383E+01     -0.2895421566E+00      0.5603944434E+00
    0.6128715705E+01      0.6128715705E+01     -0.3198308831E+00      0.5329793639E+00
    0.6151552080E+01      0.6151552080E+01     -0.3490073700E+00      0.5041528138E+00
    0.6178163518E+01      0.6178163518E+01     -0.3764987671E+00      0.4727594407E+00
    0.6207267148E+01      0.6207267148E+01     -0.4011342440E+00      0.4391207488E+00
    0.6237523983E+01      0.6237523983E+01     -0.4216661499E+00      0.4008065631E+00
    0.6268199527E+01      0.6268199527E+01     -0.4369312658E+00      0.3591971856E+00
    0.6298851550E+01      0.6298851550E+01     -0.4460940402E+00      0.3166040043E+00
    0.6330264420E+01      0.6330264420E+01     -0.4498201056E+00      0.2743317859E+00
    0.6361942377E+01      0.6361942377E+01     -0.4474221832E+00      0.2274300919E+00
    0.6392335806E+01      0.6392335806E+01     -0.4410194068E+00      0.1814222220E+00
    0.6422362994E+01      0.6422362994E+01     -0.4307880431E+00      0.1366282822E+00
    0.6452073753E+01      0.6452073753E+01     -0.4157693958E+00      0.9272217321E-01
    0.6481130520E+01      0.6481130520E+01     -0.3958222592E+00      0.4946764015E-01
    0.6509794173E+01      0.6509794173E+01     -0.3713566639E+00      0.7359914596E-02
    0.6538217485E+01      0.6538217485E+01     -0.3426800505E+00     -0.3289583343E-01
    0.6566376032E+01      0.6566376032E+01     -0.3100895959E+00     -0.7088027822E-01
    0.0000000000E+00      0.2000000000E+02      0.0000000000E+00      0.0000000000E+00
    0.6072876650E+01      0.6072876650E+01     -0.3010033262E-01      0.7171954339E+00
    0.6070752302E+01      0.6070752302E+01     -0.7164610448E-01      0.7208175417E+00
    0.6071688036E+01      0.6071688036E+01     -0.1187091400E+00      0.7062964456E+00
    0.6071763462E+01      0.6071763462E+01     -0.1625534810E+00      0.6956459835E+00
    0.6073731461E+01      0.6073731461E+01     -0.2046465647E+00      0.6806422514E+00
    0.6078714149E+01      0.6078714149E+01     -0.2442953179E+00      0.6621384893E+00
    0.6087516231E+01      0.6087516231E+01     -0.2814378701E+00      0.6376879837E+00
    0.6100764919E+01      0.6100764919E+01     -0.3163901612E+00      0.6098774756E+00
    0.6118772185E+01      0.6118772185E+01     -0.3495237687E+00      0.5776944976E+00
    0.6141510558E+01      0.6141510558E+01     -0.3810227602E+00      0.5436643286E+00
    0.6168502134E+01      0.6168502134E+01     -0.4106801406E+00      0.5072490692E+00
    0.6198842865E+01      0.6198842865E+01     -0.4378532531E+00      0.4690513855E+00
    0.6231105362E+01      0.6231105362E+01     -0.4614041514E+00      0.4265370574E+00
    0.6264065449E+01      0.6264065449E+01     -0.4798540704E+00      0.3802005444E+00
    0.6296829699E+01      0.6296829699E+01     -0.4917591051E+00      0.3328703614E+00
    0.6329509933E+01      0.6329509933E+01     -0.4971806722E+00      0.2851863801E+00
    0.6362949053E+01      0.6362949053E+01     -0.4961706531E+00      0.2345729899E+00
    0.6394275206E+01      0.6394275206E+01     -0.4903027428E+00      0.1862759597E+00
    0.6425072722E+01      0.6425072722E+01     -0.4789389660E+00      0.1387514871E+00
    0.6455704128E+01      0.6455704128E+01     -0.4619382953E+00      0.9088850646E-01
    0.6485566638E+01      0.6485566638E+01     -0.4400688885E+00      0.4393699900E-01
    0.6514756127E+01      0.6514756127E+01     -0.4137478036E+00     -0.1491192360E-02
    0.6543553597E+01      0.6543553597E+01     -0.3830325287E+00     -0.4486634013E-01
    0.6572042235E+01      0.6572042235E+01     -0.3481258852E+00     -0.8580178639E-01
    0.0000000000E+00      0.2000000000E+02      0.0000000000E+00      0.0000000000E+00
    0.6062670813E+01      0.6062670813E+01     -0.3256564428E-01      0.7832859680E+00
    0.6060593356E+01      0.6060593356E+01     -0.7727595055E-01      0.7870422639E+00
    0.6061940246E+01      0.6061940246E+01     -0.1281388772E+00      0.7709170621E+00
    0.6062125686E+01      0.6062125686E+01     -0.1763782764E+00      0.7589862349E+00
    0.6064200723E+01      0.6064200723E+01     -0.2231811472E+00      0.7420900614E+00
    0.6069308296E+01      0.6069308296E+01     -0.2675942553E+00      0.7208692933E+00
    0.6078208735E+01      0.6078208735E+01     -0.3092971680E+00      0.6929311869E+00
    0.6091422331E+01      0.6091422331E+01     -0.3483177259E+00      0.6608808139E+00
    0.6109146354E+01      0.6109146354E+01     -0.3847699380E+00      0.6237702610E+00
    0.6131416688E+01      0.6131416688E+01     -0.4188072662E+00      0.5841781497E+00
    0.6158090624E+01      0.6158090624E+01     -0.4504652466E+00      0.5421028973E+00
    0.6188612257E+01      0.6188612257E+01     -0.4795210582E+00      0.4987556488E+00
    0.6221725484E+01      0.6221725484E+01     -0.5053084900E+00      0.4521228376E+00
    0.6255953345E+01      0.6255953345E+01     -0.5264843739E+00      0.4017134044E+00
    0.6290000713E+01      0.6290000713E+01     -0.5408246251E+00      0.3504229578E+00
    0.6323268230E+01      0.6323268230E+01     -0.5480841543E+00      0.2987595228E+00
    0.6357167581E+01      0.6357167581E+01     -0.5485570454E+00      0.2461065209E+00
    0.6389703135E+01      0.6389703135E+01     -0.5426316340E+00      0.1930971757E+00
    0.6421274532E+01      0.6421274532E+01     -0.5302489324E+00      0.1412875971E+00
    0.6451992891E+01      0.6451992891E+01     -0.5123063418E+00      0.8927113426E-01
    0.6482446959E+01      0.6482446959E+01     -0.4889408752E+00      0.3811016596E-01
    0.6512626073E+01      0.6512626073E+01     -0.4603919028E+00     -0.1119670099E-01
    0.6542546147E+01      0.6542546147E+01     -0.4269891026E+00     -0.5813365513E-01
    0.6572130943E+01      0.6572130943E+01     -0.3891960487E+00     -0.1020424459E+00
    0.0000000000E+00      0.2000000000E+02      0.0000000000E+00      0.0000000000E+00
    0.6049245085E+01      0.6049245085E+01     -0.3532496391E-01      0.8545234745E+00
    0.6047297108E+01      0.6047297108E+01     -0.8339968252E-01      0.8581561006E+00
    0.6049762424E+01      0.6049762424E+01     -0.1388356697E+00      0.8397669372E+00
    0.6050847082E+01      0.6050847082E+01     -0.1920056599E+00      0.8258399623E+00
    0.6053727833E+01      0.6053727833E+01     -0.2442163491E+00      0.8063470079E+00
    0.6059479255E+01      0.6059479255E+01     -0.2941879047E+00      0.7818998628E+00
    0.6068794277E+01      0.6068794277E+01     -0.3412344557E+00      0.7501835008E+00
    0.6082076926E+01      0.6082076926E+01     -0.3850031719E+00      0.7137587901E+00
    0.6099424841E+01      0.6099424841E+01     -0.4253379143E+00      0.6717775920E+00
    0.6120847848E+01      0.6120847848E+01     -0.4622949831E+00      0.6268449240E+00
    0.6146326726E+01      0.6146326726E+01     -0.4960490554E+00      0.5791853141E+00
    0.6175652382E+01      0.6175652382E+01     -0.5266179745E+00      0.5305741263E+00
    0.6207887957E+01      0.6207887957E+01     -0.5536275265E+00      0.4798576034E+00
    0.6241769865E+01      0.6241769865E+01     -0.5761915535E+00      0.4259254650E+00
    0.6276130686E+01      0.6276130686E+01     -0.5926087402E+00      0.3709815646E+00
    0.6310197879E+01      0.6310197879E+01     -0.6016619585E+00      0.3154695472E+00
    0.6344826828E+01      0.6344826828E+01     -0.6034212524E+00      0.2603716327E+00
    0.6378039612E+01      0.6378039612E+01     -0.5978379525E+00      0.2033739369E+00
    0.6410319156E+01      0.6410319156E+01     -0.5854794070E+00      0.1475999979E+00
    0.6442204765E+01      0.6442204765E+01     -0.5666801368E+00      0.9168968481E-01
    0.6473731855E+01      0.6473731855E+01     -0.5419410670E+00      0.3661338822E-01
    0.6504904763E+01      0.6504904763E+01     -0.5115585170E+00     -0.1673239514E-01
    0.6535652250E+01      0.6535652250E+01     -0.4758450523E+00     -0.6775731701E-01
    0.6565900647E+01      0.6565900647E+01     -0.4351846090E+00     -0.1159494448E+00
    0.0000000000E+00      0.2000000000E+02      0.0000000000E+00      0.0000000000E+00
    0.6032766150E+01      0.6032766150E+01     -0.3832893145E-01      0.9310251958E+00
    0.6031017410E+01      0.6031017410E+01     -0.9006967753E-01      0.9343626991E+00
    0.6035047414E+01      0.6035047414E+01     -0.1509186022E+00      0.9133345618E+00
    0.6037598136E+01      0.6037598136E+01     -0.2094813840E+00      0.8969438500E+00
    0.6041816032E+01      0.6041816032E+01     -0.2675823683E+00      0.8743266504E+00
    0.6048568098E+01      0.6048568098E+01     -0.3236071810E+00      0.8462877839E+00
    0.6058410421E+01      0.6058410421E+01     -0.3765149171E+00      0.8106807949E+00
    0.6071641664E+01      0.6071641664E+01     -0.4255850720E+00      0.7700506108E+00
    0.6088296886E+01      0.6088296886E+01     -0.4703704339E+00      0.7236184493E+00
    0.6108320415E+01      0.6108320415E+01     -0.5107536477E+00      0.6739413495E+00
    0.6131740285E+01      0.6131740285E+01     -0.5468429745E+00      0.6212653232E+00
    0.6158577092E+01      0.6158577092E+01     -0.5787487537E+00      0.5676165399E+00
    0.6188453606E+01      0.6188453606E+01     -0.6064137799E+00      0.5126041847E+00
    0.6220723286E+01      0.6220723286E+01     -0.6296243473E+00      0.4546858744E+00
    0.6254795535E+01      0.6254795535E+01     -0.6474168891E+00      0.3952566958E+00
    0.6289617626E+01      0.6289617626E+01     -0.6582592038E+00      0.3354684679E+00
    0.6325506701E+01      0.6325506701E+01     -0.6615491853E+00      0.2765399149E+00
    0.6360168609E+01      0.6360168609E+01     -0.6565613265E+00      0.2155899722E+00
    0.6393769408E+01      0.6393769408E+01     -0.6444587290E+00      0.1552560652E+00
    0.6426667139E+01      0.6426667139E+01     -0.6252242176E+00      0.9507221989E-01
    0.6458992065E+01      0.6458992065E+01     -0.5991638660E+00      0.3573633342E-01
    0.6491009286E+01      0.6491009286E+01     -0.5666743749E+00     -0.2201806319E-01
    0.6522721589E+01      0.6522721589E+01     -0.5282714558E+00     -0.7772914483E-01
    0.6554052049E+01      0.6554052049E+01     -0.4845379501E+00     -0.1305828730E+00
    0.0000000000E+00      0.2000000000E+02      0.0000000000E+00      0.0000000000E+00
    0.6013880351E+01      0.6013880351E+01     -0.4184856513E-01      0.1012375808E+01
    0.6012400549E+01      0.6012400549E+01     -0.9783134986E-01      0.1015227220E+01
    0.6018178504E+01      0.6018178504E+01     -0.1649789001E+00      0.9914150379E+00
    0.6022365082E+01      0.6022365082E+01     -0.2293597327E+00      0.9724793671E+00
    0.6028056893E+01      0.6028056893E+01     -0.2935953019E+00      0.9466398281E+00
    0.6035820660E+01      0.6035820660E+01     -0.3558119985E+00      0.9150559134E+00
    0.6046009660E+01      0.6046009660E+01     -0.4147383403E+00      0.8757999942E+00
    0.6058829592E+01      0.6058829592E+01     -0.4693657392E+00      0.8314377272E+00
    0.6074278405E+01      0.6074278405E+01     -0.5189568252E+00      0.7812200269E+00
    0.6092316016E+01      0.6092316016E+01     -0.5631638910E+00      0.7275724735E+00
    0.6113050895E+01      0.6113050895E+01     -0.6019748179E+00      0.6704911933E+00
    0.6136815185E+01      0.6136815185E+01     -0.6355782989E+00      0.6118852675E+00
    0.6163783221E+01      0.6163783221E+01     -0.6642356213E+00      0.5518127783E+00
    0.6193846731E+01      0.6193846731E+01     -0.6881945419E+00      0.4887240142E+00
    0.6226852207E+01      0.6226852207E+01     -0.7070104937E+00      0.4233789639E+00
    0.6261923639E+01      0.6261923639E+01     -0.7192709645E+00      0.3582677518E+00
    0.6298948926E+01      0.6298948926E+01     -0.7242075012E+00      0.2944709401E+00
    0.6335677112E+01      0.6335677112E+01     -0.7198717038E+00      0.2296177889E+00
    0.6371248122E+01      0.6371248122E+01     -0.7076982775E+00      0.1632745820E+00
    0.6405688980E+01      0.6405688980E+01     -0.6879896974E+00      0.9757681689E-01
    0.6439398598E+01      0.6439398598E+01     -0.6609308994E+00      0.3298404998E-01
    0.6472796285E+01      0.6472796285E+01     -0.6265870930E+00     -0.3004221737E-01
    0.6506025529E+01      0.6506025529E+01     -0.5855067688E+00     -0.9097399679E-01
    0.6539087083E+01      0.6539087083E+01     -0.5384851914E+00     -0.1490145407E+00
    0.0000000000E+00      0.2000000000E+02      0.0000000000E+00      0.0000000000E+00
    0.5993453666E+01      0.5993453666E+01     -0.4601730262E-01      0.1097941279E+01
    0.5992204311E+01      0.5992204311E+01     -0.1070241920E+00      0.1100208266E+01
    0.5999499162E+01      0.5999499162E+01     -0.1811320810E+00      0.1073814726E+01
    0.6004946502E+01      0.6004946502E+01     -0.2517447085E+00      0.1052788384E+01
    0.6011734361E+01      0.6011734361E+01     -0.3222455553E+00      0.1024178345E+01
    0.6020125124E+01      0.6020125124E+01     -0.3906149653E+00      0.9895570284E+00
    0.6030265751E+01      0.6030265751E+01     -0.4555057281E+00      0.9471843884E+00
    0.6042274751E+01      0.6042274751E+01     -0.5157523047E+00      0.8996201313E+00
    0.6056172438E+01      0.6056172438E+01     -0.5704154675E+00      0.8461152627E+00
    0.6072034649E+01      0.6072034649E+01     -0.6189756346E+00      0.7888541862E+00
    0.6090169843E+01      0.6090169843E+01     -0.6613412106E+00      0.7274052672E+00
    0.6111113626E+01      0.6111113626E+01     -0.6976738349E+00      0.6633789774E+00
    0.6135269265E+01      0.6135269265E+01     -0.7281907682E+00      0.5972948413E+00
    0.6162739714E+01      0.6162739714E+01     -0.7531665582E+00      0.5279707755E+00
    0.6193826317E+01      0.6193826317E+01     -0.7726889362E+00      0.4555661471E+00
    0.6228228192E+01      0.6228228192E+01     -0.7860427325E+00      0.3836722874E+00
    0.6266006024E+01      0.6266006024E+01     -0.7922464919E+00      0.3133120052E+00
    0.6305070499E+01      0.6305070499E+01     -0.7886716362E+00      0.2430734675E+00
    0.6342673714E+01      0.6342673714E+01     -0.7765133305E+00      0.1700094416E+00
    0.6379261250E+01      0.6379261250E+01     -0.7566189337E+00      0.9811701180E-01
    0.6415430523E+01      0.6415430523E+01     -0.7286429096E+00      0.2701815809E-01
    0.6451082239E+01      0.6451082239E+01     -0.6926178450E+00     -0.4232856981E-01
    0.6486353017E+01      0.6486353017E+01     -0.6490080582E+00     -0.1092659927E+00
    0.6521205555E+01      0.6521205555E+01     -0.5986124640E+00     -0.1727927092E+00
    0.0000000000E+00      0.2000000000E+02      0.0000000000E+00      0.0000000000E+00
    0.5970626093E+01      0.5970626093E+01     -0.5086716182E-01      0.1189408402E+01
    0.5969483850E+01      0.5969483850E+01     -0.1177664054E+00      0.1190975952E+01
    0.5977930195E+01      0.5977930195E+01     -0.1993772182E+00      0.1162219345E+01
    0.5984116664E+01      0.5984116664E+01     -0.2767052750E+00      0.1139590265E+01
    0.5991471908E+01      0.5991471908E+01     -0.3536432732E+00      0.1108698695E+01
    0.6000009732E+01      0.6000009732E+01     -0.4281215632E+00      0.1071582183E+01
    0.6009731359E+01      0.6009731359E+01     -0.4988700064E+00      0.1026576518E+01
    0.6020727919E+01      0.6020727919E+01     -0.5647416892E+00      0.9761441879E+00
    0.6033105742E+01      0.6033105742E+01     -0.6247794441E+00      0.9194629709E+00
    0.6047076185E+01      0.6047076185E+01     -0.6784032072E+00      0.8584695048E+00
    0.6063047217E+01      0.6063047217E+01     -0.7253754230E+00      0.7923561740E+00
    0.6081552175E+01      0.6081552175E+01     -0.7655986324E+00      0.7225493222E+00
    0.6103043428E+01      0.6103043428E+01     -0.7990213204E+00      0.6498971535E+00
    0.6127882410E+01      0.6127882410E+01     -0.8258615182E+00      0.5734930693E+00
    0.6156705054E+01      0.6156705054E+01     -0.8466222097E+00      0.4928934766E+00
    0.6189737157E+01      0.6189737157E+01     -0.8612224256E+00      0.4123394697E+00
    0.6227462878E+01      0.6227462878E+01     -0.8682639414E+00      0.3329320227E+00
    0.6267627359E+01      0.6267627359E+01     -0.8650242751E+00      0.2556510775E+00
    0.6307776179E+01      0.6307776179E+01     -0.8535671068E+00      0.1751756997E+00
    0.6346620085E+01      0.6346620085E+01     -0.8330842614E+00      0.9653124756E-01
    0.6385135505E+01      0.6385135505E+01     -0.8033572561E+00      0.1841175913E-01
    0.6422957898E+01      0.6422957898E+01     -0.7648819227E+00     -0.5736933767E-01
    0.6460173711E+01      0.6460173711E+01     -0.7181224155E+00     -0.1303940767E+00
    0.6496763854E+01      0.6496763854E+01     -0.6638588760E+00     -0.1995976208E+00
    0.0000000000E+00      0.2000000000E+02      0.0000000000E+00      0.0000000000E+00
    0.5945367264E+01      0.5945367264E+01     -0.5624190808E-01      0.1287345969E+01
    0.5944149372E+01      0.5944149372E+01     -0.1298249328E+00      0.1288107789E+01
    0.5953299350E+01      0.5953299350E+01     -0.2193052750E+00      0.1257215333E+01
    0.5959655275E+01      0.5959655275E+01     -0.3037861874E+00      0.1233395406E+01
    0.5967014423E+01      0.5967014423E+01     -0.3873404660E+00      0.1200615470E+01
    0.5975229962E+01      0.5975229962E+01     -0.4679863483E+00      0.1161468098E+01
    0.5984235469E+01      0.5984235469E+01     -0.5446889287E+00      0.1114220720E+01
    0.5994111592E+01      0.5994111592E+01     -0.6164320553E+00      0.1061188877E+01
    0.6005019520E+01      0.6005019520E+01     -0.6823053173E+00      0.1001453488E+01
    0.6017248889E+01      0.6017248889E+01     -0.7416564911E+00      0.9367687213E+00
    0.6031249743E+01      0.6031249743E+01     -0.7940766586E+00      0.8660094408E+00
    0.6047555492E+01      0.6047555492E+01     -0.8392290576E+00      0.7903824991E+00
    0.6066688023E+01      0.6066688023E+01     -0.8768262073E+00      0.7107416857E+00
    0.6089221820E+01      0.6089221820E+01     -0.9068643537E+00      0.6263140656E+00
    0.6115814941E+01      0.6115814941E+01     -0.9298247005E+00      0.5366464093E+00
    0.6146881034E+01      0.6146881034E+01     -0.9459161603E+00      0.4460334386E+00
    0.6183565108E+01      0.6183565108E+01     -0.9537571208E+00      0.3552976882E+00
    0.6223646868E+01      0.6223646868E+01     -0.9500057697E+00      0.2678669274E+00
    0.6265489303E+01      0.6265489303E+01     -0.9391266414E+00      0.1790156332E+00
    0.6306436597E+01      0.6306436597E+01     -0.9175483401E+00      0.9235340528E-01
    0.6347792620E+01      0.6347792620E+01     -0.8861343759E+00      0.5961465988E-02
    0.6388228806E+01      0.6388228806E+01     -0.8448714892E+00     -0.7748221807E-01
    0.6427852529E+01      0.6427852529E+01     -0.7942508933E+00     -0.1576427180E+00
    0.6466436414E+01      0.6466436414E+01     -0.7352382956E+00     -0.2330621163E+00
    0.0000000000E+00      0.2000000000E+02      0.0000000000E+00      0.0000000000E+00
    0.5916965314E+01      0.5916965314E+01     -0.6187722269E-01      0.1393041070E+01
    0.5915488840E+01      0.5915488840E+01     -0.1427246781E+00      0.1392918258E+01
    0.5924900271E+01      0.5924900271E+01     -0.2403134332E+00      0.1360139217E+01
    0.5930927160E+01      0.5930927160E+01     -0.3323727434E+00      0.1335384267E+01
    0.5937828794E+01      0.5937828794E+01     -0.4228612153E+00      0.1300903008E+01
    0.5945332537E+01      0.5945332537E+01     -0.5099669929E+00      0.1260040363E+01
    0.5953312993E+01      0.5953312993E+01     -0.5929300649E+00      0.1210913714E+01
    0.5961826454E+01      0.5961826454E+01     -0.6708954592E+00      0.1155702536E+01
    0.5971130937E+01      0.5971130937E+01     -0.7430973836E+00      0.1093268400E+01
    0.5981674315E+01      0.5981674315E+01     -0.8089249936E+00      0.1025046997E+01
    0.5994005135E+01      0.5994005135E+01     -0.8678615091E+00      0.9495292935E+00
    0.6008623390E+01      0.6008623390E+01     -0.9193218108E+00      0.8677230951E+00
    0.6025996186E+01      0.6025996186E+01     -0.9626863308E+00      0.7804362879E+00
    0.6046655794E+01      0.6046655794E+01     -0.9975245999E+00      0.6870493254E+00
    0.6071194585E+01      0.6071194585E+01     -0.1023898372E+01      0.5873944626E+00
    0.6100076218E+01      0.6100076218E+01     -0.1041918198E+01      0.4856857275E+00
    0.6134936838E+01      0.6134936838E+01     -0.1050528780E+01      0.3815819081E+00
    0.6174075507E+01      0.6174075507E+01     -0.1046330691E+01      0.2808011293E+00
    0.6215585022E+01      0.6215585022E+01     -0.1034311330E+01      0.1818486730E+00
    0.6258213770E+01      0.6258213770E+01     -0.1011308213E+01      0.8458662566E-01
    0.6301694258E+01      0.6301694258E+01     -0.9775896867E+00     -0.1094751431E-01
    0.6344587467E+01      0.6344587467E+01     -0.9327122080E+00     -0.1027647461E+00
    0.6387017292E+01      0.6387017292E+01     -0.8775940460E+00     -0.1910030500E+00
    0.6428431386E+01      0.6428431386E+01     -0.8134732685E+00     -0.2737442328E+00
    0.0000000000E+00      0.2000000000E+02      0.0000000000E+00      0.0000000000E+00
    0.5885734742E+01      0.5885734742E+01     -0.6751524139E-01      0.1506243128E+01
    0.5883828479E+01      0.5883828479E+01     -0.1559277023E+00      0.1505254482E+01
    0.5893033949E+01      0.5893033949E+01     -0.2616225297E+00      0.1471023821E+01
    0.5898159762E+01      0.5898159762E+01     -0.3616224946E+00      0.1445708318E+01
    0.5904013391E+01      0.5904013391E+01     -0.4594032394E+00      0.1409873839E+01
    0.5910222749E+01      0.5910222749E+01     -0.5533563798E+00      0.1367851511E+01
    0.5916682969E+01      0.5916682969E+01     -0.6430425786E+00      0.1317417164E+01
    0.5923539959E+01      0.5923539959E+01     -0.7278627075E+00      0.1260517734E+01
    0.5931230090E+01      0.5931230090E+01     -0.8072982935E+00      0.1195574056E+01
    0.5940312587E+01      0.5940312587E+01     -0.8807471099E+00      0.1123680229E+01
    0.5951281106E+01      0.5951281106E+01     -0.9474568347E+00      0.1043127128E+01
    0.5964488812E+01      0.5964488812E+01     -0.1006518609E+01      0.9549318100E+00
    0.5980333303E+01      0.5980333303E+01     -0.1057033607E+01      0.8597579345E+00
    0.5999335775E+01      0.5999335775E+01     -0.1098229377E+01      0.7568858124E+00
    0.6022009865E+01      0.6022009865E+01     -0.1129575768E+01      0.6462672669E+00
    0.6048789648E+01      0.6048789648E+01     -0.1150504745E+01      0.5321216852E+00
    0.6081055329E+01      0.6081055329E+01     -0.1160095040E+01      0.4138307559E+00
    0.6118758865E+01      0.6118758865E+01     -0.1156048621E+01      0.2970460933E+00
    0.6158696963E+01      0.6158696963E+01     -0.1141186838E+01      0.1843018111E+00
    0.6201706687E+01      0.6201706687E+01     -0.1115552248E+01      0.7323344227E-01
    0.6246666639E+01      0.6246666639E+01     -0.1078607705E+01     -0.3375015239E-01
    0.6291964505E+01      0.6291964505E+01     -0.1029304282E+01     -0.1360031557E+00
    0.6337759867E+01      0.6337759867E+01     -0.9690806200E+00     -0.2338679827E+00
    0.6382544800E+01      0.6382544800E+01     -0.8986222761E+00     -0.3251227669E+00
    0.0000000000E+00      0.2000000000E+02      0.0000000000E+00      0.0000000000E+00
    0.5850863033E+01      0.5850863033E+01     -0.7297673847E-01      0.1627998261E+01
    0.5848351571E+01      0.5848351571E+01     -0.1690837731E+00      0.1626319165E+01
    0.5856874445E+01      0.5856874445E+01     -0.2826522920E+00      0.1591272028E+01
    0.5860505217E+01      0.5860505217E+01     -0.3908586200E+00      0.1565888036E+01
    0.5864706439E+01      0.5864706439E+01     -0.4962681845E+00      0.1529159762E+01
    0.5869097843E+01      0.5869097843E+01     -0.5976001263E+00      0.1486535655E+01
    0.5873741191E+01      0.5873741191E+01     -0.6948012309E+00      0.1435135519E+01
    0.5878920262E+01      0.5878920262E+01     -0.7875328580E+00      0.1376678926E+01
    0.5885150619E+01      0.5885150619E+01     -0.8754353078E+00      0.1309111749E+01
    0.5892907466E+01      0.5892907466E+01     -0.9577516729E+00      0.1233363760E+01
    0.5902533394E+01      0.5902533394E+01     -0.1033462991E+01      0.1147686265E+01
    0.5914319741E+01      0.5914319741E+01     -0.1101463398E+01      0.1053061589E+01
    0.5928728157E+01      0.5928728157E+01     -0.1160672564E+01      0.9497397564E+00
    0.5946255229E+01      0.5946255229E+01     -0.1209876673E+01      0.8367425313E+00
    0.5967214309E+01      0.5967214309E+01     -0.1247736060E+01      0.7140812927E+00
    0.5991878200E+01      0.5991878200E+01     -0.1272850532E+01      0.5863074604E+00
    0.6021229294E+01      0.6021229294E+01     -0.1284405461E+01      0.4532354902E+00
    0.6058035918E+01      0.6058035918E+01     -0.1282065703E+01      0.3179025285E+00
    0.6095199128E+01      0.6095199128E+01     -0.1263516976E+01      0.1877912773E+00
    0.6138031925E+01      0.6138031925E+01     -0.1234246164E+01      0.5887533720E-01
    0.6183456165E+01      0.6183456165E+01     -0.1192023824E+01     -0.6343628489E-01
    0.6230688731E+01      0.6230688731E+01     -0.1136735550E+01     -0.1795011763E+00
    0.6279267024E+01      0.6279267024E+01     -0.1069766151E+01     -0.2885705628E+00
    0.6327260488E+01      0.6327260488E+01     -0.9909769400E+00     -0.3892751473E+00
    0.0000000000E+00      0.2000000000E+02      0.0000000000E+00      0.0000000000E+00
    0.5811499931E+01      0.5811499931E+01     -0.7815492142E-01      0.1759297419E+01
    0.5808245463E+01      0.5808245463E+01     -0.1819045782E+00      0.1757167392E+01
    0.5815697377E+01      0.5815697377E+01     -0.3029423545E+00      0.1721996877E+01
    0.5817416414E+01      0.5817416414E+01     -0.4195005485E+00      0.1696973067E+01
    0.5819575332E+01      0.5819575332E+01     -0.5329356364E+00      0.1659701577E+01
    0.5821890796E+01      0.5821890796E+01     -0.6423608895E+00      0.1616848771E+01
    0.5824633648E+01      0.5824633648E+01     -0.7481205911E+00      0.1564594518E+01
    0.5828096643E+01      0.5828096643E+01     -0.8499866414E+00      0.1504696162E+01
    0.5832715211E+01      0.5832715211E+01     -0.9476016244E+00      0.1434652245E+01
    0.5838825815E+01      0.5838825815E+01     -0.1040002291E+01      0.1355313597E+01
    0.5846756026E+01      0.5846756026E+01     -0.1126060258E+01      0.1264761176E+01
    0.5856898432E+01      0.5856898432E+01     -0.1204598902E+01      0.1163717591E+01
    0.5869774589E+01      0.5869774589E+01     -0.1274233224E+01      0.1051857839E+01
    0.5885722192E+01      0.5885722192E+01     -0.1333038707E+01      0.9280347171E+00
    0.5904874632E+01      0.5904874632E+01     -0.1378855063E+01      0.7923384040E+00
    0.5927534554E+01      0.5927534554E+01     -0.1409775659E+01      0.6495240259E+00
    0.5954497088E+01      0.5954497088E+01     -0.1424775035E+01      0.5000660545E+00
    0.5991048759E+01      0.5991048759E+01     -0.1424207618E+01      0.3438806812E+00
    0.6025753720E+01      0.6025753720E+01     -0.1402928845E+01      0.1930183736E+00
    0.6067887146E+01      0.6067887146E+01     -0.1369552617E+01      0.4268497922E-01
    0.6112072878E+01      0.6112072878E+01     -0.1319043976E+01     -0.9856002470E-01
    0.6160382544E+01      0.6160382544E+01     -0.1255106001E+01     -0.2325563443E+00
    0.6210967404E+01      0.6210967404E+01     -0.1178258389E+01     -0.3559471032E+00
    0.6262098787E+01      0.6262098787E+01     -0.1088549341E+01     -0.4683937170E+00
