    0.8008897914E+01      0.8008897914E+01     -0.5270076690E-02      0.6465183023E+00
    0.8001230823E+01      0.8001230823E+01     -0.1168976228E-01      0.6545250164E+00
    0.7987071286E+01      0.7987071286E+01     -0.1917862322E-01      0.6685327596E+00
    0.7967292905E+01      0.7967292905E+01     -0.2823936891E-01      0.6883687907E+00
    0.7942314740E+01      0.7942314740E+01     -0.3909209225E-01      0.7131864949E+00
    0.7913592045E+01      0.7913592045E+01     -0.5243272306E-01      0.7420492125E+00
    0.7886388886E+01      0.7886388886E+01     -0.6441097708E-01      0.7695355220E+00
    0.7865674408E+01      0.7865674408E+01     -0.7165743117E-01      0.7949293533E+00
    0.7848961055E+01      0.7848961055E+01     -0.7538880293E-01      0.8162459682E+00
    0.7837806828E+01      0.7837806828E+01     -0.7589412341E-01      0.8331868051E+00
    0.7830746590E+01      0.7830746590E+01     -0.7331882187E-01      0.8476964961E+00
    0.7828135510E+01      0.7828135510E+01     -0.6687836010E-01      0.8599692608E+00
    0.7830063627E+01      0.7830063627E+01     -0.5895829859E-01      0.8703936379E+00
    0.7835857606E+01      0.7835857606E+01     -0.4978861244E-01      0.8791770029E+00
    0.7845564089E+01      0.7845564089E+01     -0.3940511857E-01      0.8868098266E+00
    0.7858665061E+01      0.7858665061E+01     -0.2849757608E-01      0.8935651831E+00
    0.7874512991E+01      0.7874512991E+01     -0.1735896760E-01      0.8998800811E+00
    0.7892180759E+01      0.7892180759E+01     -0.6547900940E-02      0.9062174511E+00
    0.7910972587E+01      0.7910972587E+01      0.3302989581E-02      0.9126587368E+00
    0.7930471780E+01      0.7930471780E+01      0.1195731762E-01      0.9194360796E+00
    0.7950375076E+01      0.7950375076E+01      0.1956273428E-01      0.9257613388E+00
    0.7970572250E+01      0.7970572250E+01      0.2681719632E-01      0.9320150093E+00
    0.7989780121E+01      0.7989780121E+01      0.3285134715E-01      0.9393286800E+00
    0.8007871240E+01      0.8007871240E+01      0.3698859512E-01      0.9466465108E+00
    0.8025424853E+01      0.8025424853E+01      0.3976871158E-01      0.9532045768E+00
    0.8059293024E+01      0.8059293024E+01     -0.1667423306E-02      0.6378043302E+00
    0.8052246353E+01      0.8052246353E+01     -0.1269514693E-02      0.6454639274E+00
    0.8039914015E+01      0.8039914015E+01     -0.2820745234E-02      0.6582192649E+00
    0.8022096729E+01      0.8022096729E+01     -0.6280084382E-02      0.6766884140E+00
    0.7999050934E+01      0.7999050934E+01     -0.1231124920E-01      0.7004852915E+00
    0.7971408304E+01      0.7971408304E+01     -0.2147649482E-01      0.7286488385E+00
    0.7939493937E+01      0.7939493937E+01     -0.3434136823E-01      0.7617840268E+00
    0.7909129581E+01      0.7909129581E+01     -0.4548095637E-01      0.7947520233E+00
    0.7885029895E+01      0.7885029895E+01     -0.5265062884E-01      0.8242494548E+00
    0.7865922553E+01      0.7865922553E+01     -0.5629723473E-01      0.8486205702E+00
    0.7852938087E+01      0.7852938087E+01     -0.5677898947E-01      0.8688276080E+00
    0.7845123123E+01      0.7845123123E+01     -0.5410256784E-01      0.8859304395E+00
    0.7842649483E+01      0.7842649483E+01     -0.4743498055E-01      0.9002340185E+00
    0.7845387504E+01      0.7845387504E+01     -0.3999260054E-01      0.9122123765E+00
    0.7852221146E+01      0.7852221146E+01     -0.3132107966E-01      0.9226357299E+00
    0.7863052448E+01      0.7863052448E+01     -0.2128886019E-01      0.9318240176E+00
    0.7877194424E+01      0.7877194424E+01     -0.1053659486E-01      0.9399936224E+00
    0.7893684948E+01      0.7893684948E+01      0.1008950351E-03      0.9476719448E+00
    0.7911504071E+01      0.7911504071E+01      0.9984339365E-02      0.9543580547E+00
    0.7929850917E+01      0.7929850917E+01      0.1932186280E-01      0.9612249037E+00
    0.7947889259E+01      0.7947889259E+01      0.2784785080E-01      0.9690207937E+00
    0.7964996786E+01      0.7964996786E+01      0.3448081103E-01      0.9775596453E+00
    0.7981643703E+01      0.7981643703E+01      0.3974713768E-01      0.9858118021E+00
    0.7997612038E+01      0.7997612038E+01      0.4378510429E-01      0.9935503448E+00
    0.8012703184E+01      0.8012703184E+01      0.4639951734E-01      0.1000953710E+01
    0.8101571193E+01      0.8101571193E+01      0.1530257518E-02      0.6363852803E+00
    0.8095267388E+01      0.8095267388E+01      0.7913146430E-02      0.6434742579E+00
    0.8084764706E+01      0.8084764706E+01      0.1180366752E-01      0.6547296404E+00
    0.8069186637E+01      0.8069186637E+01      0.1375211363E-01      0.6713009261E+00
    0.8049024667E+01      0.8049024667E+01      0.1298473098E-01      0.6937165525E+00
    0.8024189117E+01      0.8024189117E+01      0.8778826284E-02      0.7205837718E+00
    0.7994434150E+01      0.7994434150E+01      0.5071358032E-03      0.7521361837E+00
    0.7960898985E+01      0.7960898985E+01     -0.1136693118E-01      0.7886657646E+00
    0.7927927755E+01      0.7927927755E+01     -0.2231053948E-01      0.8255583426E+00
    0.7900610680E+01      0.7900610680E+01     -0.3013960505E-01      0.8588731779E+00
    0.7879747782E+01      0.7879747782E+01     -0.3433807959E-01      0.8862529557E+00
    0.7865676004E+01      0.7865676004E+01     -0.3529043771E-01      0.9094127178E+00
    0.7857764072E+01      0.7857764072E+01     -0.3298417842E-01      0.9290440231E+00
    0.7855719433E+01      0.7855719433E+01     -0.2667560149E-01      0.9452987896E+00
    0.7859187015E+01      0.7859187015E+01     -0.1992697942E-01      0.9590003211E+00
    0.7866784631E+01      0.7866784631E+01     -0.1153456416E-01      0.9711112580E+00
    0.7878318042E+01      0.7878318042E+01     -0.2004026576E-02      0.9813757382E+00
    0.7892813664E+01      0.7892813664E+01      0.8232356642E-02      0.9897772377E+00
    0.7908501834E+01      0.7908501834E+01      0.1872805033E-01      0.9985265998E+00
    0.7924213297E+01      0.7924213297E+01      0.2798917569E-01      0.1007563845E+01
    0.7939688449E+01      0.7939688449E+01      0.3576861392E-01      0.1016655575E+01
    0.7954804886E+01      0.7954804886E+01      0.4232851528E-01      0.1025389126E+01
    0.7969140147E+01      0.7969140147E+01      0.4757930176E-01      0.1034165831E+01
    0.7982737688E+01      0.7982737688E+01      0.5148872483E-01      0.1042773495E+01
    0.7995677363E+01      0.7995677363E+01      0.5398021493E-01      0.1051028687E+01
    0.8135206661E+01      0.8135206661E+01      0.4455598375E-02      0.6436129749E+00
    0.8130497942E+01      0.8130497942E+01      0.1598146374E-01      0.6496233237E+00
    0.8122539791E+01      0.8122539791E+01      0.2494836359E-01      0.6591963171E+00
    0.8110345060E+01      0.8110345060E+01      0.3206399783E-01      0.6733654133E+00
    0.8093284826E+01      0.8093284826E+01      0.3631415315E-01      0.6927875856E+00
    0.8070748717E+01      0.8070748717E+01      0.3715331628E-01      0.7174110453E+00
    0.8044042673E+01      0.8044042673E+01      0.3378454516E-01      0.7480507819E+00
    0.8012404445E+01      0.8012404445E+01      0.2666848232E-01      0.7829608042E+00
    0.7977433741E+01      0.7977433741E+01      0.1564285181E-01      0.8222020028E+00
    0.7942384480E+01      0.7942384480E+01      0.3876812715E-02      0.8628278327E+00
    0.7912780754E+01      0.7912780754E+01     -0.4966537118E-02      0.8990938674E+00
    0.7890399142E+01      0.7890399142E+01     -0.1019773059E-01      0.9299043373E+00
    0.7875835804E+01      0.7875835804E+01     -0.1187054931E-01      0.9558235402E+00
    0.7867933701E+01      0.7867933701E+01     -0.1016255350E-01      0.9778000245E+00
    0.7866064388E+01      0.7866064388E+01     -0.4444732113E-02      0.9960190870E+00
    0.7869614115E+01      0.7869614115E+01      0.1647168161E-02      0.1011460632E+01
    0.7877057271E+01      0.7877057271E+01      0.9491521099E-02      0.1024230072E+01
    0.7887720850E+01      0.7887720850E+01      0.1855780935E-01      0.1035938625E+01
    0.7900555491E+01      0.7900555491E+01      0.2778335592E-01      0.1046630145E+01
    0.7914194351E+01      0.7914194351E+01      0.3663419592E-01      0.1056211917E+01
    0.7927554257E+01      0.7927554257E+01      0.4456686155E-01      0.1065686478E+01
    0.7940203572E+01      0.7940203572E+01      0.5109596404E-01      0.1075074102E+01
    0.7952295585E+01      0.7952295585E+01      0.5629705939E-01      0.1084440041E+01
    0.7963852405E+01      0.7963852405E+01      0.6013486159E-01      0.1093775956E+01
    0.7974900647E+01      0.7974900647E+01      0.6254201084E-01      0.1102901249E+01
    0.8159051636E+01      0.8159051636E+01      0.6868665010E-02      0.6586159475E+00
    0.8155832680E+01      0.8155832680E+01      0.2239632522E-01      0.6635409162E+00
    0.8150175246E+01      0.8150175246E+01      0.3589387031E-01      0.6714703992E+00
    0.8141286109E+01      0.8141286109E+01      0.4777552168E-01      0.6834867198E+00
    0.8128674804E+01      0.8128674804E+01      0.5725489438E-01      0.7003514504E+00
    0.8111605141E+01      0.8111605141E+01      0.6338627000E-01      0.7221626455E+00
    0.8088317027E+01      0.8088317027E+01      0.6554699849E-01      0.7497054834E+00
    0.8059494477E+01      0.8059494477E+01      0.6347024748E-01      0.7829257550E+00
    0.8026153381E+01      0.8026153381E+01      0.5671591630E-01      0.8208424208E+00
    0.7989346170E+01      0.7989346170E+01      0.4558222532E-01      0.8628655167E+00
    0.7952247617E+01      0.7952247617E+01      0.3255758252E-01      0.9064913506E+00
    0.7920885275E+01      0.7920885275E+01      0.2220705342E-01      0.9462799850E+00
    0.7897588870E+01      0.7897588870E+01      0.1575853900E-01      0.9799920473E+00
    0.7882604392E+01      0.7882604392E+01      0.1329592415E-01      0.1008184184E+01
    0.7874510491E+01      0.7874510491E+01      0.1426147218E-01      0.1032096226E+01
    0.7872114984E+01      0.7872114984E+01      0.1886773740E-01      0.1051764252E+01
    0.7874513534E+01      0.7874513534E+01      0.2388445124E-01      0.1068804828E+01
    0.7880729444E+01      0.7880729444E+01      0.3011917694E-01      0.1083190688E+01
    0.7889810243E+01      0.7889810243E+01      0.3793445964E-01      0.1095332391E+01
    0.7900509216E+01      0.7900509216E+01      0.4626920874E-01      0.1106002384E+01
    0.7911497334E+01      0.7911497334E+01      0.5401576455E-01      0.1116055499E+01
    0.7922050507E+01      0.7922050507E+01      0.6048626735E-01      0.1125859054E+01
    0.7932204484E+01      0.7932204484E+01      0.6562839964E-01      0.1135727176E+01
    0.7942073931E+01      0.7942073931E+01      0.6937074660E-01      0.1145583915E+01
    0.7951767069E+01      0.7951767069E+01      0.7167620032E-01      0.1155255679E+01
    0.8175455565E+01      0.8175455565E+01      0.8803924225E-02      0.6807383141E+00
    0.8173366538E+01      0.8173366538E+01      0.2759022213E-01      0.6848836381E+00
    0.8169542636E+01      0.8169542636E+01      0.4499287783E-01      0.6915757770E+00
    0.8163279342E+01      0.8163279342E+01      0.6111934057E-01      0.7017433838E+00
    0.8154045176E+01      0.8154045176E+01      0.7511825144E-01      0.7161128017E+00
    0.8140770168E+01      0.8140770168E+01      0.8639304471E-01      0.7354558305E+00
    0.8122898357E+01      0.8122898357E+01      0.9395409998E-01      0.7599712388E+00
    0.8099021006E+01      0.8099021006E+01      0.9783300289E-01      0.7898772544E+00
    0.8068888305E+01      0.8068888305E+01      0.9645564991E-01      0.8263537088E+00
    0.8034369430E+01      0.8034369430E+01      0.8986765103E-01      0.8671786285E+00
    0.7996055770E+01      0.7996055770E+01      0.7773469792E-01      0.9111327042E+00
    0.7957458702E+01      0.7957458702E+01      0.6271306615E-01      0.9575072993E+00
    0.7924797334E+01      0.7924797334E+01      0.5065205522E-01      0.9998383650E+00
    0.7900861877E+01      0.7900861877E+01      0.4273544823E-01      0.1035496739E+01
    0.7885390360E+01      0.7885390360E+01      0.3905131323E-01      0.1065114267E+01
    0.7876696708E+01      0.7876696708E+01      0.3848969498E-01      0.1089975183E+01
    0.7873123349E+01      0.7873123349E+01      0.4094166411E-01      0.1110875611E+01
    0.7874147023E+01      0.7874147023E+01      0.4501226237E-01      0.1128542706E+01
    0.7878533518E+01      0.7878533518E+01      0.5019544460E-01      0.1142751505E+01
    0.7885401134E+01      0.7885401134E+01      0.5681381682E-01      0.1154927514E+01
    0.7893774751E+01      0.7893774751E+01      0.6376034769E-01      0.1165683148E+01
    0.7902420583E+01      0.7902420583E+01      0.7007945954E-01      0.1175832092E+01
    0.7910867661E+01      0.7910867661E+01      0.7513534014E-01      0.1185986487E+01
    0.7919222534E+01      0.7919222534E+01      0.7887639052E-01      0.1196162612E+01
    0.7927725583E+01      0.7927725583E+01      0.8115680102E-01      0.1206246086E+01
    0.8186294961E+01      0.8186294961E+01      0.1042021533E-01      0.7087753293E+00
    0.8184924864E+01      0.8184924864E+01      0.3205896296E-01      0.7123183274E+00
    0.8182347308E+01      0.8182347308E+01      0.5276215355E-01      0.7181491632E+00
    0.8177904654E+01      0.8177904654E+01      0.7245861160E-01      0.7270969968E+00
    0.8171096930E+01      0.8171096930E+01      0.9050564280E-01      0.7396214989E+00
    0.8160956783E+01      0.8160956783E+01      0.1064099872E+00      0.7572655314E+00
    0.8146966864E+01      0.8146966864E+01      0.1193630088E+00      0.7788485869E+00
    0.8128095521E+01      0.8128095521E+01      0.1287100940E+00      0.8056368182E+00
    0.8103213080E+01      0.8103213080E+01      0.1335399462E+00      0.8383744431E+00
    0.8071705890E+01      0.8071705890E+01      0.1320274005E+00      0.8774869229E+00
    0.8036644257E+01      0.8036644257E+01      0.1241189063E+00      0.9203365175E+00
    0.7997665750E+01      0.7997665750E+01      0.1103667377E+00      0.9659361420E+00
    0.7958092057E+01      0.7958092057E+01      0.9306273820E-01      0.1014096361E+01
    0.7924436184E+01      0.7924436184E+01      0.7855165823E-01      0.1057901476E+01
    0.7899935084E+01      0.7899935084E+01      0.6877892459E-01      0.1094163742E+01
    0.7883722003E+01      0.7883722003E+01      0.6340353411E-01      0.1124094409E+01
    0.7873893175E+01      0.7873893175E+01      0.6159888407E-01      0.1149109969E+01
    0.7868667929E+01      0.7868667929E+01      0.6197995786E-01      0.1170000083E+01
    0.7867945695E+01      0.7867945695E+01      0.6521397443E-01      0.1186827847E+01
    0.7870630781E+01      0.7870630781E+01      0.6926774530E-01      0.1200708841E+01
    0.7875579693E+01      0.7875579693E+01      0.7448440443E-01      0.1212790109E+01
    0.7881988488E+01      0.7881988488E+01      0.8005564616E-01      0.1223765002E+01
    0.7888806289E+01      0.7888806289E+01      0.8497284934E-01      0.1234265600E+01
    0.7895826994E+01      0.7895826994E+01      0.8872229337E-01      0.1244822645E+01
    0.7903241104E+01      0.7903241104E+01      0.9102225622E-01      0.1255450543E+01
    0.8192439207E+01      0.8192439207E+01      0.1207027773E-01      0.7417978198E+00
    0.8191579387E+01      0.8191579387E+01      0.3663349752E-01      0.7450070023E+00
    0.8189858679E+01      0.8189858679E+01      0.6043035476E-01      0.7503433934E+00
    0.8186744155E+01      0.8186744155E+01      0.8333730964E-01      0.7585729170E+00
    0.8181626941E+01      0.8181626941E+01      0.1049169368E+00      0.7698209446E+00
    0.8173785216E+01      0.8173785216E+01      0.1248437531E+00      0.7859348331E+00
    0.8162684190E+01      0.8162684190E+01      0.1424907783E+00      0.8050669922E+00
    0.8147751992E+01      0.8147751992E+01      0.1570299435E+00      0.8290360687E+00
    0.8128078703E+01      0.8128078703E+01      0.1668589350E+00      0.8584166875E+00
    0.8102026099E+01      0.8102026099E+01      0.1713668755E+00      0.8935428707E+00
    0.8070080421E+01      0.8070080421E+01      0.1680640015E+00      0.9345693294E+00
    0.8034667939E+01      0.8034667939E+01      0.1579052117E+00      0.9780124233E+00
    0.7994779087E+01      0.7994779087E+01      0.1416424679E+00      0.1024880849E+01
    0.7954026821E+01      0.7954026821E+01      0.1212191487E+00      0.1074105372E+01
    0.7919417084E+01      0.7919417084E+01      0.1043105741E+00      0.1117725736E+01
    0.7894504364E+01      0.7894504364E+01      0.9304033157E-01      0.1153084991E+01
    0.7877373001E+01      0.7877373001E+01      0.8643972227E-01      0.1182486009E+01
    0.7865778894E+01      0.7865778894E+01      0.8287558073E-01      0.1206800848E+01
    0.7859297915E+01      0.7859297915E+01      0.8185344458E-01      0.1227211226E+01
    0.7856975078E+01      0.7856975078E+01      0.8374256569E-01      0.1243246470E+01
    0.7858243399E+01      0.7858243399E+01      0.8698296173E-01      0.1256915914E+01
    0.7861589500E+01      0.7861589500E+01      0.9105449250E-01      0.1268947537E+01
    0.7866501246E+01      0.7866501246E+01      0.9544609205E-01      0.1280324601E+01
    0.7872187072E+01      0.7872187072E+01      0.9918231906E-01      0.1291426737E+01
    0.7878598976E+01      0.7878598976E+01      0.1016645346E+00      0.1302662603E+01
    0.8194519719E+01      0.8194519719E+01      0.1353226564E-01      0.7792577818E+00
    0.8193972122E+01      0.8193972122E+01      0.4077508758E-01      0.7823888506E+00
    0.8192790897E+01      0.8192790897E+01      0.6734741477E-01      0.7874690847E+00
    0.8190530311E+01      0.8190530311E+01      0.9323548886E-01      0.7952633179E+00
    0.8186653860E+01      0.8186653860E+01      0.1181230082E+00      0.8056095249E+00
    0.8180633180E+01      0.8180633180E+01      0.1416943105E+00      0.8202195459E+00
    0.8172000260E+01      0.8172000260E+01      0.1634229769E+00      0.8370862254E+00
    0.8160180944E+01      0.8160180944E+01      0.1822692382E+00      0.8584839896E+00
    0.8144652818E+01      0.8144652818E+01      0.1970046637E+00      0.8846207265E+00
    0.8124618650E+01      0.8124618650E+01      0.2059529714E+00      0.9157681911E+00
    0.8096992751E+01      0.8096992751E+01      0.2086467844E+00      0.9528930624E+00
    0.8065286204E+01      0.8065286204E+01      0.2023229645E+00      0.9937708346E+00
    0.8028701617E+01      0.8028701617E+01      0.1894796643E+00      0.1037954524E+01
    0.7987383146E+01      0.7987383146E+01      0.1698012974E+00      0.1085390927E+01
    0.7944898089E+01      0.7944898089E+01      0.1463241582E+00      0.1134479254E+01
    0.7909830758E+01      0.7909830758E+01      0.1278492816E+00      0.1176428518E+01
    0.7884473581E+01      0.7884473581E+01      0.1153910572E+00      0.1210349050E+01
    0.7866104273E+01      0.7866104273E+01      0.1072639722E+00      0.1238473904E+01
    0.7852821661E+01      0.7852821661E+01      0.1020818633E+00      0.1262479266E+01
    0.7845137393E+01      0.7845137393E+01      0.1001535640E+00      0.1281886496E+01
    0.7841938203E+01      0.7841938203E+01      0.1009129800E+00      0.1297447526E+01
    0.7841975432E+01      0.7841975432E+01      0.1037648268E+00      0.1311123553E+01
    0.7844393110E+01      0.7844393110E+01      0.1070659918E+00      0.1323554956E+01
    0.7848581966E+01      0.7848581966E+01      0.1105454801E+00      0.1335748106E+01
    0.7854110841E+01      0.7854110841E+01      0.1132888364E+00      0.1347931304E+01
    0.8193704061E+01      0.8193704061E+01      0.1477168927E-01      0.8199030069E+00
    0.8193283237E+01      0.8193283237E+01      0.4443115674E-01      0.8230375464E+00
    0.8192356633E+01      0.8192356633E+01      0.7359516523E-01      0.8278717862E+00
    0.8190577096E+01      0.8190577096E+01      0.1023359581E+00      0.8352907259E+00
    0.8187475937E+01      0.8187475937E+01      0.1303458041E+00      0.8451538322E+00
    0.8182777540E+01      0.8182777540E+01      0.1571656546E+00      0.8585653022E+00
    0.8176074825E+01      0.8176074825E+01      0.1823480824E+00      0.8735158095E+00
    0.8167033953E+01      0.8167033953E+01      0.2048192087E+00      0.8923017637E+00
    0.8155090632E+01      0.8155090632E+01      0.2234162577E+00      0.9152943081E+00
    0.8139256750E+01      0.8139256750E+01      0.2370422179E+00      0.9426162881E+00
    0.8118246897E+01      0.8118246897E+01      0.2443850266E+00      0.9748351695E+00
    0.8089619630E+01      0.8089619630E+01      0.2433923429E+00      0.1012650614E+01
    0.8057062584E+01      0.8057062584E+01      0.2341800895E+00      0.1053087395E+01
    0.8018657845E+01      0.8018657845E+01      0.2179114684E+00      0.1097436115E+01
    0.7975085207E+01      0.7975085207E+01      0.1944613437E+00      0.1145049498E+01
    0.7930893029E+01      0.7930893029E+01      0.1685053769E+00      0.1192988222E+01
    0.7895700651E+01      0.7895700651E+01      0.1488626253E+00      0.1232706913E+01
    0.7869638012E+01      0.7869638012E+01      0.1352614421E+00      0.1264926032E+01
    0.7849941117E+01      0.7849941117E+01      0.1257423075E+00      0.1291989450E+01
    0.7835734903E+01      0.7835734903E+01      0.1196433296E+00      0.1315329253E+01
    0.7827461229E+01      0.7827461229E+01      0.1173122165E+00      0.1334130417E+01
    0.7823834152E+01      0.7823834152E+01      0.1176704595E+00      0.1349864214E+01
    0.7823392683E+01      0.7823392683E+01      0.1203629480E+00      0.1364167641E+01
    0.7825700877E+01      0.7825700877E+01      0.1232868662E+00      0.1377721503E+01
    0.7830155154E+01      0.7830155154E+01      0.1261401132E+00      0.1391209327E+01
    0.8190690599E+01      0.8190690599E+01      0.1591696615E-01      0.8637647012E+00
    0.8190339281E+01      0.8190339281E+01      0.4787539895E-01      0.8668567794E+00
    0.8189579288E+01      0.8189579288E+01      0.7949719457E-01      0.8713025510E+00
    0.8188158136E+01      0.8188158136E+01      0.1109090892E+00      0.8780358748E+00
    0.8185651760E+01      0.8185651760E+01      0.1417960017E+00      0.8870507797E+00
    0.8181935356E+01      0.8181935356E+01      0.1715522804E+00      0.8987683422E+00
    0.8176586182E+01      0.8176586182E+01      0.1996882369E+00      0.9123138782E+00
    0.8169507415E+01      0.8169507415E+01      0.2250300414E+00      0.9290437557E+00
    0.8160389772E+01      0.8160389772E+01      0.2469298359E+00      0.9488978998E+00
    0.8148471579E+01      0.8148471579E+01      0.2643132209E+00      0.9724223812E+00
    0.8132379515E+01      0.8132379515E+01      0.2755830567E+00      0.1000362465E+01
    0.8108872079E+01      0.8108872079E+01      0.2803529012E+00      0.1033237157E+01
    0.8079785023E+01      0.8079785023E+01      0.2752275116E+00      0.1070390944E+01
    0.8045141585E+01      0.8045141585E+01      0.2628439720E+00      0.1110614197E+01
    0.8004020991E+01      0.8004020991E+01      0.2426992176E+00      0.1154760885E+01
    0.7957626938E+01      0.7957626938E+01      0.2153008441E+00      0.1202510856E+01
    0.7912279470E+01      0.7912279470E+01      0.1876731297E+00      0.1248427917E+01
    0.7876957298E+01      0.7876957298E+01      0.1672444413E+00      0.1285936691E+01
    0.7850420644E+01      0.7850420644E+01      0.1528054952E+00      0.1316654668E+01
    0.7830106698E+01      0.7830106698E+01      0.1427019388E+00      0.1343249418E+01
    0.7815915523E+01      0.7815915523E+01      0.1365623343E+00      0.1366021540E+01
    0.7807800175E+01      0.7807800175E+01      0.1343543164E+00      0.1385024182E+01
    0.7804216238E+01      0.7804216238E+01      0.1350125089E+00      0.1401636059E+01
    0.7804165436E+01      0.7804165436E+01      0.1377715355E+00      0.1417267136E+01
    0.7807143345E+01      0.7807143345E+01      0.1404469366E+00      0.1432354313E+01
    0.8184808214E+01      0.8184808214E+01      0.1683988858E-01      0.9110283970E+00
    0.8184422662E+01      0.8184422662E+01      0.5076331328E-01      0.9139878023E+00
    0.8183719225E+01      0.8183719225E+01      0.8456187840E-01      0.9179081622E+00
    0.8182532978E+01      0.8182532978E+01      0.1183776926E+00      0.9237470607E+00
    0.8180653229E+01      0.8180653229E+01      0.1518517393E+00      0.9317319183E+00
    0.8178145248E+01      0.8178145248E+01      0.1843338916E+00      0.9414717063E+00
    0.8174409779E+01      0.8174409779E+01      0.2152045470E+00      0.9527486667E+00
    0.8169100786E+01      0.8169100786E+01      0.2431964544E+00      0.9667687504E+00
    0.8162051286E+01      0.8162051286E+01      0.2676184675E+00      0.9840583372E+00
    0.8152843050E+01      0.8152843050E+01      0.2877819369E+00      0.1004283875E+01
    0.8140269924E+01      0.8140269924E+01      0.3030015467E+00      0.1028125797E+01
    0.8122886207E+01      0.8122886207E+01      0.3116646029E+00      0.1055890796E+01
    0.8096960856E+01      0.8096960856E+01      0.3121287427E+00      0.1088995825E+01
    0.8066421638E+01      0.8066421638E+01      0.3036935108E+00      0.1125022634E+01
    0.8028962093E+01      0.8028962093E+01      0.2875458344E+00      0.1165057181E+01
    0.7984513142E+01      0.7984513142E+01      0.2634042581E+00      0.1209156533E+01
    0.7935141397E+01      0.7935141397E+01      0.2324933357E+00      0.1256886300E+01
    0.7889645522E+01      0.7889645522E+01      0.2041462436E+00      0.1300720133E+01
    0.7854733076E+01      0.7854733076E+01      0.1836620866E+00      0.1336600062E+01
    0.7828315563E+01      0.7828315563E+01      0.1692281873E+00      0.1366170442E+01
    0.7808318565E+01      0.7808318565E+01      0.1594569270E+00      0.1392905754E+01
    0.7794848503E+01      0.7794848503E+01      0.1540386779E+00      0.1415899044E+01
    0.7787506713E+01      0.7787506713E+01      0.1523850313E+00      0.1435778188E+01
    0.7784430127E+01      0.7784430127E+01      0.1538287512E+00      0.1453916656E+01
    0.7785459791E+01      0.7785459791E+01      0.1565812331E+00      0.1471179763E+01
    0.8174468928E+01      0.8174468928E+01      0.1780719437E-01      0.9630396754E+00
    0.8174061216E+01      0.8174061216E+01      0.5369533089E-01      0.9657692528E+00
    0.8173386349E+01      0.8173386349E+01      0.8946955188E-01      0.9691363153E+00
    0.8172380512E+01      0.8172380512E+01      0.1252117280E+00      0.9740283973E+00
    0.8171008613E+01      0.8171008613E+01      0.1605931178E+00      0.9807318121E+00
    0.8169482758E+01      0.8169482758E+01      0.1951150419E+00      0.9880291245E+00
    0.8167560677E+01      0.8167560677E+01      0.2282287827E+00      0.9966389629E+00
    0.8164884550E+01      0.8164884550E+01      0.2586568708E+00      0.1007047549E+01
    0.8160541035E+01      0.8160541035E+01      0.2855964059E+00      0.1019973309E+01
    0.8153595089E+01      0.8153595089E+01      0.3083356812E+00      0.1036800636E+01
    0.8143765320E+01      0.8143765320E+01      0.3261053748E+00      0.1057253765E+01
    0.8130050393E+01      0.8130050393E+01      0.3380456882E+00      0.1080722486E+01
    0.8109534595E+01      0.8109534595E+01      0.3437756486E+00      0.1108308159E+01
    0.8082236753E+01      0.8082236753E+01      0.3399447919E+00      0.1140595021E+01
    0.8049032604E+01      0.8049032604E+01      0.3283114710E+00      0.1176061452E+01
    0.8008384037E+01      0.8008384037E+01      0.3083673143E+00      0.1216211462E+01
    0.7960461045E+01      0.7960461045E+01      0.2803902575E+00      0.1260707140E+01
    0.7908948674E+01      0.7908948674E+01      0.2469668635E+00      0.1308452416E+01
    0.7864387498E+01      0.7864387498E+01      0.2191584876E+00      0.1350770344E+01
    0.7830578462E+01      0.7830578462E+01      0.1995042589E+00      0.1385577411E+01
    0.7804968537E+01      0.7804968537E+01      0.1860192571E+00      0.1415041061E+01
    0.7785958769E+01      0.7785958769E+01      0.1773436413E+00      0.1442306145E+01
    0.7773650514E+01      0.7773650514E+01      0.1731158318E+00      0.1466198712E+01
    0.7767389684E+01      0.7767389684E+01      0.1722884100E+00      0.1487405564E+01
    0.7765397974E+01      0.7765397974E+01      0.1747009311E+00      0.1507423560E+01
    0.8161542497E+01      0.8161542497E+01      0.1856881738E-01      0.1017373172E+01
    0.8160999883E+01      0.8160999883E+01      0.5605422749E-01      0.1019956598E+01
    0.8160165250E+01      0.8160165250E+01      0.9339041299E-01      0.1022902647E+01
    0.8158997641E+01      0.8158997641E+01      0.1306367468E+00      0.1027103138E+01
    0.8157652029E+01      0.8157652029E+01      0.1673750802E+00      0.1032781629E+01
    0.8156411625E+01      0.8156411625E+01      0.2032339668E+00      0.1038297872E+01
    0.8155222400E+01      0.8155222400E+01      0.2376483004E+00      0.1044934342E+01
    0.8154116438E+01      0.8154116438E+01      0.2697192993E+00      0.1052119366E+01
    0.8152720434E+01      0.8152720434E+01      0.2989224170E+00      0.1060272292E+01
    0.8149793423E+01      0.8149793423E+01      0.3246268608E+00      0.1071154243E+01
    0.8143217284E+01      0.8143217284E+01      0.3455375761E+00      0.1086404789E+01
    0.8132150081E+01      0.8132150081E+01      0.3607846299E+00      0.1106430736E+01
    0.8116594688E+01      0.8116594688E+01      0.3694496960E+00      0.1129313873E+01
    0.8092868267E+01      0.8092868267E+01      0.3713545859E+00      0.1156733274E+01
    0.8063907455E+01      0.8063907455E+01      0.3643415093E+00      0.1188155583E+01
    0.8027751376E+01      0.8027751376E+01      0.3494278156E+00      0.1224027270E+01
    0.7983971237E+01      0.7983971237E+01      0.3260214270E+00      0.1264865030E+01
    0.7933101476E+01      0.7933101476E+01      0.2946526557E+00      0.1310605273E+01
    0.7880727734E+01      0.7880727734E+01      0.2605142857E+00      0.1358364174E+01
    0.7837827606E+01      0.7837827606E+01      0.2344158952E+00      0.1399617668E+01
    0.7805525026E+01      0.7805525026E+01      0.2163742484E+00      0.1433828147E+01
    0.7781271444E+01      0.7781271444E+01      0.2045580421E+00      0.1464161326E+01
    0.7763747689E+01      0.7763747689E+01      0.1974162541E+00      0.1492362654E+01
    0.7752904034E+01      0.7752904034E+01      0.1944735072E+00      0.1517449593E+01
    0.7747758838E+01      0.7747758838E+01      0.1949061542E+00      0.1540501143E+01
    0.8148229126E+01      0.8148229126E+01      0.1884646768E-01      0.1070889663E+01
    0.8147478095E+01      0.8147478095E+01      0.5710122885E-01      0.1073198941E+01
    0.8146446348E+01      0.8146446348E+01      0.9522754362E-01      0.1075561023E+01
    0.8145119150E+01      0.8145119150E+01      0.1335706827E+00      0.1078785926E+01
    0.8143829733E+01      0.8143829733E+01      0.1715219956E+00      0.1083180154E+01
    0.8142844204E+01      0.8142844204E+01      0.2087398012E+00      0.1086894434E+01
    0.8142092027E+01      0.8142092027E+01      0.2445108443E+00      0.1092049659E+01
    0.8141383162E+01      0.8141383162E+01      0.2778636052E+00      0.1097763038E+01
    0.8140302256E+01      0.8140302256E+01      0.3081422329E+00      0.1103725924E+01
    0.8138557471E+01      0.8138557471E+01      0.3351436145E+00      0.1110404244E+01
    0.8135966192E+01      0.8135966192E+01      0.3590401834E+00      0.1119299392E+01
    0.8129755230E+01      0.8129755230E+01      0.3785162421E+00      0.1132701695E+01
    0.8117612933E+01      0.8117612933E+01      0.3912841220E+00      0.1151343241E+01
    0.8099120522E+01      0.8099120522E+01      0.3973999468E+00      0.1174101253E+01
    0.8073631468E+01      0.8073631468E+01      0.3954809797E+00      0.1201517949E+01
    0.8042325607E+01      0.8042325607E+01      0.3857959694E+00      0.1233193083E+01
    0.8003424539E+01      0.8003424539E+01      0.3678575577E+00      0.1270141042E+01
    0.7956672975E+01      0.7956672975E+01      0.3416787620E+00      0.1312452752E+01
    0.7903276120E+01      0.7903276120E+01      0.3079391555E+00      0.1360027894E+01
    0.7851545971E+01      0.7851545971E+01      0.2749971100E+00      0.1407702642E+01
    0.7810799296E+01      0.7810799296E+01      0.2512292299E+00      0.1448276503E+01
    0.7780460550E+01      0.7780460550E+01      0.2356377144E+00      0.1482514705E+01
    0.7757934097E+01      0.7757934097E+01      0.2258259646E+00      0.1514176657E+01
    0.7741944132E+01      0.7741944132E+01      0.2203859891E+00      0.1543552231E+01
    0.7732843817E+01      0.7732843817E+01      0.2188308769E+00      0.1570311158E+01
    0.8133812244E+01      0.8133812244E+01      0.1917318639E-01      0.1124846014E+01
    0.8132999502E+01      0.8132999502E+01      0.5815557246E-01      0.1126584242E+01
    0.8131859932E+01      0.8131859932E+01      0.9698643556E-01      0.1128190436E+01
    0.8130459062E+01      0.8130459062E+01      0.1358837917E+00      0.1130070096E+01
    0.8129099377E+01      0.8129099377E+01      0.1742877240E+00      0.1132909231E+01
    0.8128066040E+01      0.8128066040E+01      0.2120098433E+00      0.1134642780E+01
    0.8127324929E+01      0.8127324929E+01      0.2484805133E+00      0.1137789037E+01
    0.8126745131E+01      0.8126745131E+01      0.2828237924E+00      0.1141316786E+01
    0.8126115748E+01      0.8126115748E+01      0.3144029861E+00      0.1144992573E+01
    0.8125244430E+01      0.8125244430E+01      0.3428674990E+00      0.1149528464E+01
    0.8123332705E+01      0.8123332705E+01      0.3681030427E+00      0.1155206247E+01
    0.8120010480E+01      0.8120010480E+01      0.3899453003E+00      0.1163185190E+01
    0.8113210686E+01      0.8113210686E+01      0.4076292634E+00      0.1175342378E+01
    0.8099976005E+01      0.8099976005E+01      0.4183190802E+00      0.1193001909E+01
    0.8078946499E+01      0.8078946499E+01      0.4219591877E+00      0.1216226410E+01
    0.8052006772E+01      0.8052006772E+01      0.4174161234E+00      0.1244229113E+01
    0.8018412801E+01      0.8018412801E+01      0.4054505106E+00      0.1277172505E+01
    0.7976605695E+01      0.7976605695E+01      0.3852652074E+00      0.1315827425E+01
    0.7927001515E+01      0.7927001515E+01      0.3567914424E+00      0.1360133827E+01
    0.7871712155E+01      0.7871712155E+01      0.3219238093E+00      0.1409982041E+01
    0.7821888672E+01      0.7821888672E+01      0.2916327292E+00      0.1457223051E+01
    0.7783942736E+01      0.7783942736E+01      0.2709832361E+00      0.1497395327E+01
    0.7755840757E+01      0.7755840757E+01      0.2582340911E+00      0.1532023405E+01
    0.7734989102E+01      0.7734989102E+01      0.2503939103E+00      0.1565377092E+01
    0.7720839028E+01      0.7720839028E+01      0.2468343554E+00      0.1596274251E+01
    0.8118687716E+01      0.8118687716E+01      0.1957005991E-01      0.1176716806E+01
    0.8117789048E+01      0.8117789048E+01      0.5930811181E-01      0.1177977175E+01
    0.8116509723E+01      0.8116509723E+01      0.9868319671E-01      0.1178858093E+01
    0.8114941787E+01      0.8114941787E+01      0.1378138239E+00      0.1179579250E+01
    0.8113344962E+01      0.8113344962E+01      0.1763086147E+00      0.1180895977E+01
    0.8111950171E+01      0.8111950171E+01      0.2139074078E+00      0.1180696162E+01
    0.8110844508E+01      0.8110844508E+01      0.2502901210E+00      0.1181862716E+01
    0.8110219893E+01      0.8110219893E+01      0.2851504605E+00      0.1183475130E+01
    0.8109959711E+01      0.8109959711E+01      0.3178669085E+00      0.1185330118E+01
    0.8109596777E+01      0.8109596777E+01      0.3477858204E+00      0.1187505246E+01
    0.8108577415E+01      0.8108577415E+01      0.3745415393E+00      0.1190429270E+01
    0.8106560638E+01      0.8106560638E+01      0.3981965540E+00      0.1195284847E+01
    0.8102643442E+01      0.8102643442E+01      0.4185696985E+00      0.1202747575E+01
    0.8094895023E+01      0.8094895023E+01      0.4344462844E+00      0.1214702317E+01
    0.8080119874E+01      0.8080119874E+01      0.4433760826E+00      0.1232892666E+01
    0.8057218790E+01      0.8057218790E+01      0.4447162902E+00      0.1257093157E+01
    0.8028550864E+01      0.8028550864E+01      0.4384667709E+00      0.1286421546E+01
    0.7992263486E+01      0.7992263486E+01      0.4247491047E+00      0.1321251852E+01
    0.7947714503E+01      0.7947714503E+01      0.4026166151E+00      0.1362216896E+01
    0.7895080878E+01      0.7895080878E+01      0.3725459350E+00      0.1409240966E+01
    0.7839116997E+01      0.7839116997E+01      0.3378897618E+00      0.1460670370E+01
    0.7792449880E+01      0.7792449880E+01      0.3114758611E+00      0.1507101911E+01
    0.7757762299E+01      0.7757762299E+01      0.2946711450E+00      0.1547128167E+01
    0.7731808167E+01      0.7731808167E+01      0.2844363212E+00      0.1583046069E+01
    0.7712547045E+01      0.7712547045E+01      0.2788468869E+00      0.1618097835E+01
    0.8102511490E+01      0.8102511490E+01      0.1977196596E-01      0.1224832046E+01
    0.8101547218E+01      0.8101547218E+01      0.5989289965E-01      0.1225715117E+01
    0.8100122917E+01      0.8100122917E+01      0.9949614521E-01      0.1225918106E+01
    0.8098327944E+01      0.8098327944E+01      0.1386859080E+00      0.1225723134E+01
    0.8096422776E+01      0.8096422776E+01      0.1771498433E+00      0.1225710628E+01
    0.8094584972E+01      0.8094584972E+01      0.2145214982E+00      0.1223944431E+01
    0.8093124663E+01      0.8093124663E+01      0.2507236991E+00      0.1223466523E+01
    0.8092292317E+01      0.8092292317E+01      0.2857107773E+00      0.1223544507E+01
    0.8092019147E+01      0.8092019147E+01      0.3190638471E+00      0.1223865987E+01
    0.8091907308E+01      0.8091907308E+01      0.3501249968E+00      0.1224390515E+01
    0.8091629957E+01      0.8091629957E+01      0.3784824453E+00      0.1225321836E+01
    0.8090636445E+01      0.8090636445E+01      0.4039353094E+00      0.1227456644E+01
    0.8088634452E+01      0.8088634452E+01      0.4265431072E+00      0.1232020842E+01
    0.8084431891E+01      0.8084431891E+01      0.4459218779E+00      0.1239679104E+01
    0.8075711594E+01      0.8075711594E+01      0.4603392110E+00      0.1252341377E+01
    0.8058873929E+01      0.8058873929E+01      0.4677048963E+00      0.1272171803E+01
    0.8034230757E+01      0.8034230757E+01      0.4672480270E+00      0.1297997601E+01
    0.8003128466E+01      0.8003128466E+01      0.4597483046E+00      0.1329228294E+01
    0.7963981669E+01      0.7963981669E+01      0.4444051544E+00      0.1366583987E+01
    0.7916318465E+01      0.7916318465E+01      0.4209682889E+00      0.1410423263E+01
    0.7861132207E+01      0.7861132207E+01      0.3893055791E+00      0.1460218629E+01
    0.7806628361E+01      0.7806628361E+01      0.3573903085E+00      0.1511871653E+01
    0.7764130164E+01      0.7764130164E+01      0.3357094772E+00      0.1557418483E+01
    0.7732190314E+01      0.7732190314E+01      0.3223861889E+00      0.1597854282E+01
    0.7708211599E+01      0.7708211599E+01      0.3147926079E+00      0.1635683933E+01
    0.8084715823E+01      0.8084715823E+01      0.1976298030E-01      0.1268192080E+01
    0.8083733831E+01      0.8083733831E+01      0.5985041475E-01      0.1268759221E+01
    0.8082219790E+01      0.8082219790E+01      0.9940129127E-01      0.1268440857E+01
    0.8080250705E+01      0.8080250705E+01      0.1384966218E+00      0.1267471420E+01
    0.8078114949E+01      0.8078114949E+01      0.1768801449E+00      0.1266433309E+01
    0.8076004381E+01      0.8076004381E+01      0.2141482812E+00      0.1263594466E+01
    0.8074321697E+01      0.8074321697E+01      0.2502808611E+00      0.1261957673E+01
    0.8073221313E+01      0.8073221313E+01      0.2851841237E+00      0.1260851643E+01
    0.8072706569E+01      0.8072706569E+01      0.3186885276E+00      0.1259970517E+01
    0.8072739832E+01      0.8072739832E+01      0.3506163345E+00      0.1259369347E+01
    0.8072922438E+01      0.8072922438E+01      0.3803820160E+00      0.1259108321E+01
    0.8072924186E+01      0.8072924186E+01      0.4076504418E+00      0.1259627548E+01
    0.8072215854E+01      0.8072215854E+01      0.4323366405E+00      0.1262041121E+01
    0.8070395461E+01      0.8070395461E+01      0.4543234876E+00      0.1267100029E+01
    0.8065853297E+01      0.8065853297E+01      0.4729983598E+00      0.1275545351E+01
    0.8055682561E+01      0.8055682561E+01      0.4863019846E+00      0.1289777141E+01
    0.8036394000E+01      0.8036394000E+01      0.4922644646E+00      0.1311940835E+01
    0.8009517864E+01      0.8009517864E+01      0.4905009313E+00      0.1339866233E+01
    0.7975644377E+01      0.7975644377E+01      0.4818480169E+00      0.1373648000E+01
    0.7933341534E+01      0.7933341534E+01      0.4652933416E+00      0.1413930693E+01
    0.7882734499E+01      0.7882734499E+01      0.4405098307E+00      0.1460371872E+01
    0.7825989555E+01      0.7825989555E+01      0.4083988325E+00      0.1512556065E+01
    0.7775484921E+01      0.7775484921E+01      0.3814920433E+00      0.1563228689E+01
    0.7736764443E+01      0.7736764443E+01      0.3644562606E+00      0.1608711233E+01
    0.7707159889E+01      0.7707159889E+01      0.3545756176E+00      0.1649918249E+01
    0.8064790558E+01      0.8064790558E+01      0.1963679360E-01      0.1306262624E+01
    0.8063859246E+01      0.8063859246E+01      0.5940980673E-01      0.1306604086E+01
    0.8062366842E+01      0.8062366842E+01      0.9868747077E-01      0.1305939124E+01
    0.8060378549E+01      0.8060378549E+01      0.1375393334E+00      0.1304425221E+01
    0.8058208627E+01      0.8058208627E+01      0.1757437001E+00      0.1302664069E+01
    0.8056034634E+01      0.8056034634E+01      0.2129387293E+00      0.1299227562E+01
    0.8054265284E+01      0.8054265284E+01      0.2490160057E+00      0.1296862352E+01
    0.8052960619E+01      0.8052960619E+01      0.2838770539E+00      0.1294961652E+01
    0.8052302064E+01      0.8052302064E+01      0.3174726951E+00      0.1293303230E+01
    0.8052399724E+01      0.8052399724E+01      0.3499142673E+00      0.1291965458E+01
    0.8053024967E+01      0.8053024967E+01      0.3807739099E+00      0.1291088452E+01
    0.8053855187E+01      0.8053855187E+01      0.4097444696E+00      0.1290854162E+01
    0.8054364778E+01      0.8054364778E+01      0.4364699717E+00      0.1292000837E+01
    0.8053930484E+01      0.8053930484E+01      0.4608339368E+00      0.1295447091E+01
    0.8052116077E+01      0.8052116077E+01      0.4825570863E+00      0.1301568126E+01
    0.8046871917E+01      0.8046871917E+01      0.5008150221E+00      0.1311482326E+01
    0.8034562806E+01      0.8034562806E+01      0.5131171875E+00      0.1328065589E+01
    0.8012426616E+01      0.8012426616E+01      0.5177832965E+00      0.1352801491E+01
    0.7982814748E+01      0.7982814748E+01      0.5150328324E+00      0.1383397591E+01
    0.7945890824E+01      0.7945890824E+01      0.5054898890E+00      0.1420025278E+01
    0.7900473006E+01      0.7900473006E+01      0.4877304614E+00      0.1462918720E+01
    0.7847338215E+01      0.7847338215E+01      0.4615546705E+00      0.1511818305E+01
    0.7791370922E+01      0.7791370922E+01      0.4314560370E+00      0.1565285040E+01
    0.7745621773E+01      0.7745621773E+01      0.4105963090E+00      0.1615165742E+01
    0.7709992049E+01      0.7709992049E+01      0.3982489869E+00      0.1661148206E+01
    0.8042465768E+01      0.8042465768E+01      0.1940815548E-01      0.1338800009E+01
    0.8041637755E+01      0.8041637755E+01      0.5863064912E-01      0.1339069020E+01
    0.8040282953E+01      0.8040282953E+01      0.9745461129E-01      0.1338256795E+01
    0.8038443392E+01      0.8038443392E+01      0.1359423078E+00      0.1336476990E+01
    0.8036426669E+01      0.8036426669E+01      0.1738811002E+00      0.1334290456E+01
    0.8034387310E+01      0.8034387310E+01      0.2109709208E+00      0.1330652969E+01
    0.8032655511E+01      0.8032655511E+01      0.2470094612E+00      0.1327881352E+01
    0.8031395634E+01      0.8031395634E+01      0.2819194059E+00      0.1325604332E+01
    0.8030767472E+01      0.8030767472E+01      0.3157366062E+00      0.1323639392E+01
    0.8031096293E+01      0.8031096293E+01      0.3487806840E+00      0.1322042766E+01
    0.8032128835E+01      0.8032128835E+01      0.3803917576E+00      0.1320963950E+01
    0.8033669001E+01      0.8033669001E+01      0.4106433635E+00      0.1320414708E+01
    0.8035358324E+01      0.8035358324E+01      0.4394200986E+00      0.1320959479E+01
    0.8036280463E+01      0.8036280463E+01      0.4660566197E+00      0.1323503662E+01
    0.8035844091E+01      0.8035844091E+01      0.4904200471E+00      0.1328470823E+01
    0.8033518574E+01      0.8033518574E+01      0.5121177137E+00      0.1336078140E+01
    0.8026996087E+01      0.8026996087E+01      0.5300552391E+00      0.1348175414E+01
    0.8011843312E+01      0.8011843312E+01      0.5413495929E+00      0.1367848154E+01
    0.7986604396E+01      0.7986604396E+01      0.5448686571E+00      0.1395209147E+01
    0.7953946255E+01      0.7953946255E+01      0.5413526166E+00      0.1428619723E+01
    0.7914014907E+01      0.7914014907E+01      0.5306396178E+00      0.1467753104E+01
    0.7865903779E+01      0.7865903779E+01      0.5116267243E+00      0.1513276844E+01
    0.7810620284E+01      0.7810620284E+01      0.4847526446E+00      0.1564729013E+01
    0.7758289568E+01      0.7758289568E+01      0.4603884500E+00      0.1618142944E+01
    0.7716418110E+01      0.7716418110E+01      0.4456357266E+00      0.1667998937E+01
    0.8017626649E+01      0.8017626649E+01      0.1913300212E-01      0.1365820651E+01
    0.8016935042E+01      0.8016935042E+01      0.5770320052E-01      0.1366179839E+01
    0.8015799020E+01      0.8015799020E+01      0.9600555414E-01      0.1365382148E+01
    0.8014235272E+01      0.8014235272E+01      0.1340989682E+00      0.1363607918E+01
    0.8012528568E+01      0.8012528568E+01      0.1717521983E+00      0.1361273521E+01
    0.8010797041E+01      0.8010797041E+01      0.2087039500E+00      0.1357740018E+01
    0.8009330858E+01      0.8009330858E+01      0.2447071236E+00      0.1354922219E+01
    0.8008297365E+01      0.8008297365E+01      0.2797472839E+00      0.1352665002E+01
    0.8008048276E+01      0.8008048276E+01      0.3141420572E+00      0.1350805076E+01
    0.8008744044E+01      0.8008744044E+01      0.3475361110E+00      0.1349394647E+01
    0.8010291064E+01      0.8010291064E+01      0.3797810326E+00      0.1348450481E+01
    0.8012480234E+01      0.8012480234E+01      0.4110302029E+00      0.1348035460E+01
    0.8015109197E+01      0.8015109197E+01      0.4413283371E+00      0.1348307885E+01
    0.8017563677E+01      0.8017563677E+01      0.4702883138E+00      0.1350213007E+01
    0.8018474903E+01      0.8018474903E+01      0.4969524829E+00      0.1354687234E+01
    0.8017616170E+01      0.8017616170E+01      0.5217021353E+00      0.1361672216E+01
    0.8014196224E+01      0.8014196224E+01      0.5436352480E+00      0.1371319249E+01
    0.8005670594E+01      0.8005670594E+01      0.5612602630E+00      0.1386142982E+01
    0.7987257970E+01      0.7987257970E+01      0.5715508711E+00      0.1409085339E+01
    0.7958668383E+01      0.7958668383E+01      0.5739683698E+00      0.1439009934E+01
    0.7923127737E+01      0.7923127737E+01      0.5692882179E+00      0.1474911550E+01
    0.7880167569E+01      0.7880167569E+01      0.5573999044E+00      0.1516658857E+01
    0.7829326866E+01      0.7829326866E+01      0.5375094477E+00      0.1564829123E+01
    0.7773748259E+01      0.7773748259E+01      0.5127979363E+00      0.1618610163E+01
    0.7726051338E+01      0.7726051338E+01      0.4960126437E+00      0.1671452287E+01
    0.7990274220E+01      0.7990274220E+01      0.1888331902E-01      0.1387486778E+01
    0.7989754096E+01      0.7989754096E+01      0.5684133351E-01      0.1388060269E+01
    0.7988883076E+01      0.7988883076E+01      0.9467092502E-01      0.1387393488E+01
    0.7987674783E+01      0.7987674783E+01      0.1324268391E+00      0.1385848161E+01
    0.7986403705E+01      0.7986403705E+01      0.1698479581E+00      0.1383622753E+01
    0.7985137159E+01      0.7985137159E+01      0.2067193969E+00      0.1380464277E+01
    0.7984113913E+01      0.7984113913E+01      0.2427952558E+00      0.1377959351E+01
    0.7983665976E+01      0.7983665976E+01      0.2783394125E+00      0.1376090625E+01
    0.7984038011E+01      0.7984038011E+01      0.3130530630E+00      0.1374660772E+01
    0.7985266038E+01      0.7985266038E+01      0.3466810556E+00      0.1373740843E+01
    0.7987387702E+01      0.7987387702E+01      0.3794892236E+00      0.1373226101E+01
    0.7990234482E+01      0.7990234482E+01      0.4115403688E+00      0.1373227018E+01
    0.7993638407E+01      0.7993638407E+01      0.4428757181E+00      0.1373897373E+01
    0.7997354610E+01      0.7997354610E+01      0.4737095557E+00      0.1375424871E+01
    0.8000085716E+01      0.8000085716E+01      0.5030438298E+00      0.1379188360E+01
    0.8000477508E+01      0.8000477508E+01      0.5298966445E+00      0.1385953834E+01
    0.7998784279E+01      0.7998784279E+01      0.5553390410E+00      0.1395212016E+01
    0.7993740740E+01      0.7993740740E+01      0.5776466820E+00      0.1407290111E+01
    0.7982426588E+01      0.7982426588E+01      0.5950265468E+00      0.1425184083E+01
    0.7960439693E+01      0.7960439693E+01      0.6043507160E+00      0.1451219264E+01
    0.7928618328E+01      0.7928618328E+01      0.6052907554E+00      0.1483791869E+01
    0.7890006296E+01      0.7890006296E+01      0.5993735093E+00      0.1522169070E+01
    0.7844015029E+01      0.7844015029E+01      0.5864757874E+00      0.1566765591E+01
    0.7790596668E+01      0.7790596668E+01      0.5666585730E+00      0.1617680398E+01
    0.7737721749E+01      0.7737721749E+01      0.5481185205E+00      0.1672435801E+01
    0.7960602955E+01      0.7960602955E+01      0.1867620752E-01      0.1404117523E+01
    0.7960279107E+01      0.7960279107E+01      0.5613323267E-01      0.1404967150E+01
    0.7959717805E+01      0.7959717805E+01      0.9358463550E-01      0.1404531606E+01
    0.7958879368E+01      0.7958879368E+01      0.1310973585E+00      0.1403382494E+01
    0.7958125448E+01      0.7958125448E+01      0.1684339815E+00      0.1401451293E+01
    0.7957415173E+01      0.7957415173E+01      0.2053720381E+00      0.1398905054E+01
    0.7957152869E+01      0.7957152869E+01      0.2418915311E+00      0.1396890181E+01
    0.7957476219E+01      0.7957476219E+01      0.2776481727E+00      0.1395777970E+01
    0.7958541555E+01      0.7958541555E+01      0.3125386397E+00      0.1395118625E+01
    0.7960464255E+01      0.7960464255E+01      0.3465930517E+00      0.1394806365E+01
    0.7963263747E+01      0.7963263747E+01      0.3798838043E+00      0.1394935196E+01
    0.7966855235E+01      0.7966855235E+01      0.4125675351E+00      0.1395583685E+01
    0.7970979233E+01      0.7970979233E+01      0.4448125385E+00      0.1396881494E+01
    0.7975553891E+01      0.7975553891E+01      0.4767978012E+00      0.1398949621E+01
    0.7979985405E+01      0.7979985405E+01      0.5084137671E+00      0.1402148656E+01
    0.7982328752E+01      0.7982328752E+01      0.5380126993E+00      0.1408266892E+01
    0.7981873841E+01      0.7981873841E+01      0.5656779186E+00      0.1417458855E+01
    0.7978934985E+01      0.7978934985E+01      0.5917646839E+00      0.1428976735E+01
    0.7971666276E+01      0.7971666276E+01      0.6143392002E+00      0.1443738476E+01
    0.7956829637E+01      0.7956829637E+01      0.6314305959E+00      0.1464677124E+01
    0.7931043682E+01      0.7931043682E+01      0.6399007734E+00      0.1493934290E+01
    0.7895838221E+01      0.7895838221E+01      0.6393093035E+00      0.1529262630E+01
    0.7854009331E+01      0.7854009331E+01      0.6323276529E+00      0.1570583850E+01
    0.7805115381E+01      0.7805115381E+01      0.6192687200E+00      0.1617837321E+01
    0.7751007122E+01      0.7751007122E+01      0.6018805562E+00      0.1671314822E+01
    0.7928977772E+01      0.7928977772E+01      0.1854070699E-01      0.1416225506E+01
    0.7928871313E+01      0.7928871313E+01      0.5561712114E-01      0.1417341290E+01
    0.7928617811E+01      0.7928617811E+01      0.9285370845E-01      0.1417227692E+01
    0.7928192839E+01      0.7928192839E+01      0.1302339934E+00      0.1416550836E+01
    0.7927952620E+01      0.7927952620E+01      0.1676592155E+00      0.1415009321E+01
    0.7927966979E+01      0.7927966979E+01      0.2049524189E+00      0.1413168641E+01
    0.7928464309E+01      0.7928464309E+01      0.2416313056E+00      0.1411977228E+01
    0.7929613602E+01      0.7929613602E+01      0.2776592230E+00      0.1411641224E+01
    0.7931500270E+01      0.7931500270E+01      0.3129232063E+00      0.1411833288E+01
    0.7934220739E+01      0.7934220739E+01      0.3473778277E+00      0.1412363165E+01
    0.7937793173E+01      0.7937793173E+01      0.3811440161E+00      0.1413278005E+01
    0.7942156766E+01      0.7942156766E+01      0.4144319471E+00      0.1414733845E+01
    0.7947099822E+01      0.7947099822E+01      0.4474316496E+00      0.1416821809E+01
    0.7952397928E+01      0.7952397928E+01      0.4802621808E+00      0.1419661570E+01
    0.7957808913E+01      0.7957808913E+01      0.5132864906E+00      0.1423340331E+01
    0.7962353402E+01      0.7962353402E+01      0.5457460242E+00      0.1428551476E+01
    0.7963590813E+01      0.7963590813E+01      0.5755440410E+00      0.1437468316E+01
    0.7962008211E+01      0.7962008211E+01      0.6045106582E+00      0.1448837366E+01
    0.7957356659E+01      0.7957356659E+01      0.6313807963E+00      0.1462717233E+01
    0.7947280948E+01      0.7947280948E+01      0.6540916784E+00      0.1480175196E+01
    0.7928532598E+01      0.7928532598E+01      0.6704469513E+00      0.1504179249E+01
    0.7898835956E+01      0.7898835956E+01      0.6779567760E+00      0.1537196083E+01
    0.7860035425E+01      0.7860035425E+01      0.6767969478E+00      0.1575477250E+01
    0.7815385887E+01      0.7815385887E+01      0.6693653585E+00      0.1619396488E+01
    0.7764355912E+01      0.7764355912E+01      0.6570977768E+00      0.1669198079E+01
