    0.0000000000E+00      0.2000000000E+02      0.0000000000E+00      0.0000000000E+00
    0.5728679792E+01      0.5728679792E+01     -0.4296147709E-01     -0.9140980590E+00
    0.5726900923E+01      0.5726900923E+01     -0.9935412945E-01     -0.9210818232E+00
    0.5730550511E+01      0.5730550511E+01     -0.1634428091E+00     -0.9529656388E+00
    0.5733249882E+01      0.5733249882E+01     -0.2191300233E+00     -0.9915402939E+00
    0.5737320934E+01      0.5737320934E+01     -0.2679149747E+00     -0.1045594342E+01
    0.5742903945E+01      0.5742903945E+01     -0.3075692534E+00     -0.1108868659E+01
    0.5749830993E+01      0.5749830993E+01     -0.3367833878E+00     -0.1180940484E+01
    0.5758430818E+01      0.5758430818E+01     -0.3548600626E+00     -0.1256722365E+01
    0.5770052063E+01      0.5770052063E+01     -0.3619556876E+00     -0.1336457628E+01
    0.5782796299E+01      0.5782796299E+01     -0.3552091653E+00     -0.1414707306E+01
    0.5794652411E+01      0.5794652411E+01     -0.3374116796E+00     -0.1489312698E+01
    0.5807697257E+01      0.5807697257E+01     -0.3094956215E+00     -0.1561128265E+01
    0.5821507336E+01      0.5821507336E+01     -0.2715049450E+00     -0.1628756066E+01
    0.5835940596E+01      0.5835940596E+01     -0.2237794613E+00     -0.1690286106E+01
    0.5852496661E+01      0.5852496661E+01     -0.1690572244E+00     -0.1747060943E+01
    0.5868635429E+01      0.5868635429E+01     -0.1055243037E+00     -0.1795639549E+01
    0.5886888467E+01      0.5886888467E+01     -0.3723071793E-01     -0.1837667870E+01
    0.5905463513E+01      0.5905463513E+01      0.3638749234E-01     -0.1870843691E+01
    0.5924544852E+01      0.5924544852E+01      0.1128278797E+00     -0.1896184976E+01
    0.5943448462E+01      0.5943448462E+01      0.1901031978E+00     -0.1912393874E+01
    0.5962108691E+01      0.5962108691E+01      0.2673481819E+00     -0.1920883473E+01
    0.5981544487E+01      0.5981544487E+01      0.3446826407E+00     -0.1922688087E+01
    0.6000367414E+01      0.6000367414E+01      0.4205708310E+00     -0.1917729813E+01
    0.6016923454E+01      0.6016923454E+01      0.4921743640E+00     -0.1905778046E+01
    0.0000000000E+00      0.2000000000E+02      0.0000000000E+00      0.0000000000E+00
    0.5704790992E+01      0.5704790992E+01     -0.5136466296E-01     -0.8217628228E+00
    0.5702530496E+01      0.5702530496E+01     -0.1194674791E+00     -0.8298565473E+00
    0.5706175368E+01      0.5706175368E+01     -0.1964696463E+00     -0.8674342715E+00
    0.5708549260E+01      0.5708549260E+01     -0.2644831819E+00     -0.9130515891E+00
    0.5712356556E+01      0.5712356556E+01     -0.3243245237E+00     -0.9762825240E+00
    0.5717815326E+01      0.5717815326E+01     -0.3735150552E+00     -0.1050237597E+01
    0.5724939596E+01      0.5724939596E+01     -0.4107154322E+00     -0.1134353378E+01
    0.5734015461E+01      0.5734015461E+01     -0.4348009427E+00     -0.1223639721E+01
    0.5745880277E+01      0.5745880277E+01     -0.4451535014E+00     -0.1316473779E+01
    0.5760704106E+01      0.5760704106E+01     -0.4396574424E+00     -0.1408923637E+01
    0.5773780540E+01      0.5773780540E+01     -0.4202024127E+00     -0.1496225659E+01
    0.5788914226E+01      0.5788914226E+01     -0.3892391920E+00     -0.1580787926E+01
    0.5804233746E+01      0.5804233746E+01     -0.3454804662E+00     -0.1659336003E+01
    0.5820897394E+01      0.5820897394E+01     -0.2913240917E+00     -0.1731077979E+01
    0.5839199640E+01      0.5839199640E+01     -0.2285198271E+00     -0.1796053212E+01
    0.5857039319E+01      0.5857039319E+01     -0.1562614325E+00     -0.1851241278E+01
    0.5877237746E+01      0.5877237746E+01     -0.7911678079E-01     -0.1898240211E+01
    0.5897859254E+01      0.5897859254E+01      0.3704186011E-02     -0.1935080974E+01
    0.5919393018E+01      0.5919393018E+01      0.8948502834E-01     -0.1962868590E+01
    0.5941393274E+01      0.5941393274E+01      0.1764569938E+00     -0.1980526242E+01
    0.5962254010E+01      0.5962254010E+01      0.2620516455E+00     -0.1988416886E+01
    0.5983606139E+01      0.5983606139E+01      0.3465790704E+00     -0.1988847546E+01
    0.6004819239E+01      0.6004819239E+01      0.4295967068E+00     -0.1982277131E+01
    0.6023821253E+01      0.6023821253E+01      0.5078588777E+00     -0.1968280586E+01
    0.0000000000E+00      0.2000000000E+02      0.0000000000E+00      0.0000000000E+00
    0.5677153070E+01      0.5677153070E+01     -0.6133884097E-01     -0.7122522479E+00
    0.5674368870E+01      0.5674368870E+01     -0.1428975707E+00     -0.7219265685E+00
    0.5678077132E+01      0.5678077132E+01     -0.2345321652E+00     -0.7660371305E+00
    0.5679760690E+01      0.5679760690E+01     -0.3168047728E+00     -0.8194953356E+00
    0.5682989512E+01      0.5682989512E+01     -0.3898642140E+00     -0.8930176439E+00
    0.5688118587E+01      0.5688118587E+01     -0.4509361935E+00     -0.9791079061E+00
    0.5695167250E+01      0.5695167250E+01     -0.4980954191E+00     -0.1077174342E+01
    0.5704373012E+01      0.5704373012E+01     -0.5294074766E+00     -0.1182248781E+01
    0.5716572065E+01      0.5716572065E+01     -0.5437818474E+00     -0.1291231608E+01
    0.5734103420E+01      0.5734103420E+01     -0.5400214002E+00     -0.1401006649E+01
    0.5748469244E+01      0.5748469244E+01     -0.5189205472E+00     -0.1503556696E+01
    0.5765646977E+01      0.5765646977E+01     -0.4840907217E+00     -0.1602799597E+01
    0.5782757995E+01      0.5782757995E+01     -0.4330062274E+00     -0.1694574337E+01
    0.5802268211E+01      0.5802268211E+01     -0.3705371426E+00     -0.1778478743E+01
    0.5822843012E+01      0.5822843012E+01     -0.2970904026E+00     -0.1853139421E+01
    0.5843073862E+01      0.5843073862E+01     -0.2137964198E+00     -0.1915816860E+01
    0.5865740188E+01      0.5865740188E+01     -0.1257375540E+00     -0.1968142751E+01
    0.5888470498E+01      0.5888470498E+01     -0.3188972172E-01     -0.2008129631E+01
    0.5912142569E+01      0.5912142569E+01      0.6430877281E-01     -0.2037128279E+01
    0.5936748698E+01      0.5936748698E+01      0.1616063293E+00     -0.2054992614E+01
    0.5960888088E+01      0.5960888088E+01      0.2574957903E+00     -0.2062229802E+01
    0.5984255721E+01      0.5984255721E+01      0.3503653047E+00     -0.2060140268E+01
    0.6007724301E+01      0.6007724301E+01      0.4406850427E+00     -0.2050906015E+01
    0.6029499112E+01      0.6029499112E+01      0.5260903757E+00     -0.2034264459E+01
    0.0000000000E+00      0.2000000000E+02      0.0000000000E+00      0.0000000000E+00
    0.5645456554E+01      0.5645456554E+01     -0.7252778432E-01     -0.5834750984E+00
    0.5641897987E+01      0.5641897987E+01     -0.1695317509E+00     -0.5950317295E+00
    0.5645538888E+01      0.5645538888E+01     -0.2777707090E+00     -0.6463315992E+00
    0.5646465375E+01      0.5646465375E+01     -0.3767881992E+00     -0.7085977508E+00
    0.5648901446E+01      0.5648901446E+01     -0.4659610124E+00     -0.7935908116E+00
    0.5653232412E+01      0.5653232412E+01     -0.5418210075E+00     -0.8932218172E+00
    0.5659611168E+01      0.5659611168E+01     -0.6014964183E+00     -0.1007201438E+01
    0.5668571856E+01      0.5668571856E+01     -0.6422585894E+00     -0.1130951038E+01
    0.5680928051E+01      0.5680928051E+01     -0.6621739981E+00     -0.1259724555E+01
    0.5701740814E+01      0.5701740814E+01     -0.6606058662E+00     -0.1390529290E+01
    0.5717376146E+01      0.5717376146E+01     -0.6372655746E+00     -0.1511543887E+01
    0.5736596312E+01      0.5736596312E+01     -0.5970132347E+00     -0.1628141104E+01
    0.5755892666E+01      0.5755892666E+01     -0.5368793383E+00     -0.1735885561E+01
    0.5778515219E+01      0.5778515219E+01     -0.4635368351E+00     -0.1833786469E+01
    0.5802014592E+01      0.5802014592E+01     -0.3767382834E+00     -0.1919785232E+01
    0.5825636578E+01      0.5825636578E+01     -0.2794377058E+00     -0.1991049481E+01
    0.5851627594E+01      0.5851627594E+01     -0.1774312169E+00     -0.2049240632E+01
    0.5877055166E+01      0.5877055166E+01     -0.6993454371E-01     -0.2092176357E+01
    0.5903336855E+01      0.5903336855E+01      0.3916168000E-01     -0.2121657182E+01
    0.5930680221E+01      0.5930680221E+01      0.1480663628E+00     -0.2138217805E+01
    0.5957907814E+01      0.5957907814E+01      0.2550546121E+00     -0.2143084716E+01
    0.5983817913E+01      0.5983817913E+01      0.3571341249E+00     -0.2137796226E+01
    0.6009235165E+01      0.6009235165E+01      0.4550235821E+00     -0.2124169611E+01
    0.6033560682E+01      0.6033560682E+01      0.5475279357E+00     -0.2103625068E+01
    0.0000000000E+00      0.2000000000E+02      0.0000000000E+00      0.0000000000E+00
    0.5606947101E+01      0.5606947101E+01     -0.8528565086E-01     -0.4300947961E+00
    0.5602892706E+01      0.5602892706E+01     -0.1997133978E+00     -0.4445291546E+00
    0.5607258866E+01      0.5607258866E+01     -0.3273844592E+00     -0.5048480103E+00
    0.5607819117E+01      0.5607819117E+01     -0.4461149720E+00     -0.5773752149E+00
    0.5609423190E+01      0.5609423190E+01     -0.5544868487E+00     -0.6750879616E+00
    0.5612613767E+01      0.5612613767E+01     -0.6484925205E+00     -0.7899911193E+00
    0.5617827875E+01      0.5617827875E+01     -0.7240963029E+00     -0.9224750995E+00
    0.5626020721E+01      0.5626020721E+01     -0.7772728153E+00     -0.1068640766E+01
    0.5638052486E+01      0.5638052486E+01     -0.8045228980E+00     -0.1221595914E+01
    0.5662290637E+01      0.5662290637E+01     -0.8058402989E+00     -0.1377555814E+01
    0.5679251635E+01      0.5679251635E+01     -0.7794466528E+00     -0.1521362448E+01
    0.5700951440E+01      0.5700951440E+01     -0.7319779092E+00     -0.1659627166E+01
    0.5722548998E+01      0.5722548998E+01     -0.6596645351E+00     -0.1786178053E+01
    0.5748735326E+01      0.5748735326E+01     -0.5720036701E+00     -0.1900267201E+01
    0.5775821929E+01      0.5775821929E+01     -0.4682856793E+00     -0.1999183991E+01
    0.5803590956E+01      0.5803590956E+01     -0.3531729885E+00     -0.2079725996E+01
    0.5833553905E+01      0.5833553905E+01     -0.2333533347E+00     -0.2143560947E+01
    0.5862781217E+01      0.5862781217E+01     -0.1086924528E+00     -0.2189504635E+01
    0.5893117638E+01      0.5893117638E+01      0.1572304366E-01     -0.2218775910E+01
    0.5923770987E+01      0.5923770987E+01      0.1384428400E+00     -0.2231933614E+01
    0.5953991156E+01      0.5953991156E+01      0.2566201722E+00     -0.2232428892E+01
    0.5982500280E+01      0.5982500280E+01      0.3685080659E+00     -0.2222201962E+01
    0.6009816309E+01      0.6009816309E+01      0.4741003521E+00     -0.2202801503E+01
    0.6036281427E+01      0.6036281427E+01      0.5734067539E+00     -0.2176758806E+01
    0.0000000000E+00      0.2000000000E+02      0.0000000000E+00      0.0000000000E+00
    0.5561722394E+01      0.5561722394E+01     -0.1001415024E+00     -0.2502617205E+00
    0.5557165065E+01      0.5557165065E+01     -0.2345467669E+00     -0.2682626465E+00
    0.5562568948E+01      0.5562568948E+01     -0.3850277437E+00     -0.3387583675E+00
    0.5562643702E+01      0.5562643702E+01     -0.5267934219E+00     -0.4222741676E+00
    0.5563208835E+01      0.5563208835E+01     -0.6580090303E+00     -0.5332003941E+00
    0.5565127044E+01      0.5565127044E+01     -0.7746007674E+00     -0.6655889818E+00
    0.5568790386E+01      0.5568790386E+01     -0.8705034461E+00     -0.8200030793E+00
    0.5575701915E+01      0.5575701915E+01     -0.9397505284E+00     -0.9937929578E+00
    0.5587156090E+01      0.5587156090E+01     -0.9767787120E+00     -0.1177148611E+01
    0.5614455505E+01      0.5614455505E+01     -0.9807519367E+00     -0.1363999501E+01
    0.5633042361E+01      0.5633042361E+01     -0.9491366579E+00     -0.1536107222E+01
    0.5657697936E+01      0.5657697936E+01     -0.8915593064E+00     -0.1701522953E+01
    0.5681765201E+01      0.5681765201E+01     -0.8023851472E+00     -0.1850705829E+01
    0.5712396524E+01      0.5712396524E+01     -0.6954026119E+00     -0.1983668028E+01
    0.5743904063E+01      0.5743904063E+01     -0.5695234286E+00     -0.2096835733E+01
    0.5776483565E+01      0.5776483565E+01     -0.4315693461E+00     -0.2186813567E+01
    0.5811312668E+01      0.5811312668E+01     -0.2897678825E+00     -0.2255369110E+01
    0.5846030125E+01      0.5846030125E+01     -0.1454328620E+00     -0.2302938273E+01
    0.5881193263E+01      0.5881193263E+01     -0.3236345068E-02     -0.2329252293E+01
    0.5915882145E+01      0.5915882145E+01      0.1341346457E+00     -0.2336945742E+01
    0.5949257934E+01      0.5949257934E+01      0.2642902126E+00     -0.2331285183E+01
    0.5980519421E+01      0.5980519421E+01      0.3863648435E+00     -0.2314118736E+01
    0.6009959795E+01      0.6009959795E+01      0.4999113367E+00     -0.2287494329E+01
    0.6038263639E+01      0.6038263639E+01      0.6057022711E+00     -0.2254211614E+01
    0.0000000000E+00      0.2000000000E+02      0.0000000000E+00      0.0000000000E+00
    0.5510305112E+01      0.5510305112E+01     -0.1165003069E+00     -0.4317863305E-01
    0.5504820490E+01      0.5504820490E+01     -0.2734894571E+00     -0.6484409317E-01
    0.5510712273E+01      0.5510712273E+01     -0.4503197542E+00     -0.1449317032E+00
    0.5510012080E+01      0.5510012080E+01     -0.6191791017E+00     -0.2388285614E+00
    0.5508451178E+01      0.5508451178E+01     -0.7795515517E+00     -0.3624340742E+00
    0.5508440604E+01      0.5508440604E+01     -0.9236320057E+00     -0.5144262452E+00
    0.5509437189E+01      0.5509437189E+01     -0.1044635561E+01     -0.6944016588E+00
    0.5514019405E+01      0.5514019405E+01     -0.1133562945E+01     -0.9025686961E+00
    0.5524143692E+01      0.5524143692E+01     -0.1182116413E+01     -0.1124098977E+01
    0.5554050238E+01      0.5554050238E+01     -0.1189310996E+01     -0.1349054389E+01
    0.5574693445E+01      0.5574693445E+01     -0.1149827195E+01     -0.1557815216E+01
    0.5602849967E+01      0.5602849967E+01     -0.1076981322E+01     -0.1757377752E+01
    0.5630170650E+01      0.5630170650E+01     -0.9642799277E+00     -0.1934222722E+01
    0.5666824153E+01      0.5666824153E+01     -0.8315681119E+00     -0.2089051414E+01
    0.5704130672E+01      0.5704130672E+01     -0.6771261882E+00     -0.2217301719E+01
    0.5743193018E+01      0.5743193018E+01     -0.5112927410E+00     -0.2316713099E+01
    0.5784362039E+01      0.5784362039E+01     -0.3436641711E+00     -0.2387896309E+01
    0.5825225549E+01      0.5825225549E+01     -0.1770351934E+00     -0.2432569207E+01
    0.5866859261E+01      0.5866859261E+01     -0.1500417437E-01     -0.2453128646E+01
    0.5906850601E+01      0.5906850601E+01      0.1376914839E+00     -0.2454257759E+01
    0.5944121527E+01      0.5944121527E+01      0.2810795631E+00     -0.2440697668E+01
    0.5978451904E+01      0.5978451904E+01      0.4135166245E+00     -0.2414430297E+01
    0.6010056816E+01      0.6010056816E+01      0.5348671633E+00     -0.2378518154E+01
    0.6040040698E+01      0.6040040698E+01      0.6466321678E+00     -0.2336246050E+01
    0.0000000000E+00      0.2000000000E+02      0.0000000000E+00      0.0000000000E+00
    0.5449104341E+01      0.5449104341E+01     -0.1339811377E+00      0.1967297431E+00
    0.5442834018E+01      0.5442834018E+01     -0.3156425379E+00      0.1710643827E+00
    0.5449777776E+01      0.5449777776E+01     -0.5226916551E+00      0.8185984805E-01
    0.5447474505E+01      0.5447474505E+01     -0.7239215827E+00     -0.2012411092E-01
    0.5443036230E+01      0.5443036230E+01     -0.9186559352E+00     -0.1564407207E+00
    0.5438703354E+01      0.5438703354E+01     -0.1097409896E+01     -0.3296364110E+00
    0.5434192220E+01      0.5434192220E+01     -0.1249538568E+01     -0.5382871941E+00
    0.5434334152E+01      0.5434334152E+01     -0.1359857732E+01     -0.7885089352E+00
    0.5441805727E+01      0.5441805727E+01     -0.1421697908E+01     -0.1058090248E+01
    0.5474236149E+01      0.5474236149E+01     -0.1432248146E+01     -0.1330993965E+01
    0.5497015223E+01      0.5497015223E+01     -0.1381304164E+01     -0.1587260600E+01
    0.5529909914E+01      0.5529909914E+01     -0.1287972153E+01     -0.1829862135E+01
    0.5561940141E+01      0.5561940141E+01     -0.1144873278E+01     -0.2040103868E+01
    0.5606813632E+01      0.5606813632E+01     -0.9800416440E+00     -0.2219469392E+01
    0.5651740596E+01      0.5651740596E+01     -0.7903482168E+00     -0.2362640524E+01
    0.5699732760E+01      0.5699732760E+01     -0.5920808443E+00     -0.2469944516E+01
    0.5749489658E+01      0.5749489658E+01     -0.3944062971E+00     -0.2540623412E+01
    0.5799108962E+01      0.5799108962E+01     -0.2014517933E+00     -0.2578595211E+01
    0.5847883774E+01      0.5847883774E+01     -0.1860167616E-01     -0.2590163541E+01
    0.5894709616E+01      0.5894709616E+01      0.1528164059E+00     -0.2582999260E+01
    0.5937564192E+01      0.5937564192E+01      0.3105967364E+00     -0.2559653754E+01
    0.5976068208E+01      0.5976068208E+01      0.4536815074E+00     -0.2522519965E+01
    0.6010330748E+01      0.6010330748E+01      0.5822791437E+00     -0.2475548562E+01
    0.6041970377E+01      0.6041970377E+01      0.6989321038E+00     -0.2422481263E+01
    0.0000000000E+00      0.2000000000E+02      0.0000000000E+00      0.0000000000E+00
    0.5376067217E+01      0.5376067217E+01     -0.1528144561E+00      0.4727918065E+00
    0.5368774006E+01      0.5368774006E+01     -0.3612292937E+00      0.4437082409E+00
    0.5376571355E+01      0.5376571355E+01     -0.6023103027E+00      0.3485192002E+00
    0.5371229955E+01      0.5371229955E+01     -0.8406718924E+00      0.2420159869E+00
    0.5361543558E+01      0.5361543558E+01     -0.1075128479E+01      0.9441337121E-01
    0.5350139733E+01      0.5350139733E+01     -0.1292721672E+01     -0.1027430940E+00
    0.5336629775E+01      0.5336629775E+01     -0.1478743032E+01     -0.3458724223E+00
    0.5327977996E+01      0.5327977996E+01     -0.1615876633E+01     -0.6452659250E+00
    0.5333083181E+01      0.5333083181E+01     -0.1690219333E+01     -0.9763389864E+00
    0.5367865976E+01      0.5367865976E+01     -0.1705646780E+01     -0.1309419834E+01
    0.5393733402E+01      0.5393733402E+01     -0.1642883362E+01     -0.1626584116E+01
    0.5433258160E+01      0.5433258160E+01     -0.1528101011E+01     -0.1922548057E+01
    0.5472164722E+01      0.5472164722E+01     -0.1350430938E+01     -0.2173736661E+01
    0.5528110371E+01      0.5528110371E+01     -0.1147224516E+01     -0.2381161957E+01
    0.5583171149E+01      0.5583171149E+01     -0.9139965811E+00     -0.2539233443E+01
    0.5643102327E+01      0.5643102327E+01     -0.6750750739E+00     -0.2650737174E+01
    0.5704570363E+01      0.5704570363E+01     -0.4395243859E+00     -0.2716902013E+01
    0.5765485639E+01      0.5765485639E+01     -0.2138238407E+00     -0.2742558061E+01
    0.5823133196E+01      0.5823133196E+01     -0.7005256187E-02     -0.2741269084E+01
    0.5878053017E+01      0.5878053017E+01      0.1840206401E+00     -0.2722012699E+01
    0.5928058459E+01      0.5928058459E+01      0.3566085502E+00     -0.2685986814E+01
    0.5972359195E+01      0.5972359195E+01      0.5101806619E+00     -0.2636269707E+01
    0.6010490819E+01      0.6010490819E+01      0.6452780481E+00     -0.2576902543E+01
    0.6044429493E+01      0.6044429493E+01      0.7653086349E+00     -0.2511510537E+01
    0.0000000000E+00      0.2000000000E+02      0.0000000000E+00      0.0000000000E+00
    0.5291308514E+01      0.5291308514E+01     -0.1712609583E+00      0.7840465108E+00
    0.5281722770E+01      0.5281722770E+01     -0.4079045315E+00      0.7543437893E+00
    0.5286565308E+01      0.5286565308E+01     -0.6847003316E+00      0.6619703532E+00
    0.5274414240E+01      0.5274414240E+01     -0.9590982755E+00      0.5560960310E+00
    0.5255472347E+01      0.5255472347E+01     -0.1230561546E+01      0.3970613207E+00
    0.5231992884E+01      0.5231992884E+01     -0.1481375698E+01      0.1742288965E+00
    0.5210682337E+01      0.5210682337E+01     -0.1693693304E+01     -0.1176975652E+00
    0.5189124054E+01      0.5189124054E+01     -0.1859998396E+01     -0.4712928504E+00
    0.5192140591E+01      0.5192140591E+01     -0.1947153924E+01     -0.8769855367E+00
    0.5228445877E+01      0.5228445877E+01     -0.1971612089E+01     -0.1282481564E+01
    0.5260737430E+01      0.5260737430E+01     -0.1901155453E+01     -0.1675413051E+01
    0.5310243641E+01      0.5310243641E+01     -0.1771821743E+01     -0.2036673789E+01
    0.5359436629E+01      0.5359436629E+01     -0.1564656834E+01     -0.2340473415E+01
    0.5430474987E+01      0.5430474987E+01     -0.1324075063E+01     -0.2584199754E+01
    0.5499297941E+01      0.5499297941E+01     -0.1043171727E+01     -0.2759801302E+01
    0.5574302796E+01      0.5574302796E+01     -0.7556631602E+00     -0.2871343054E+01
    0.5651878042E+01      0.5651878042E+01     -0.4741368626E+00     -0.2925267652E+01
    0.5726323845E+01      0.5726323845E+01     -0.2118448144E+00     -0.2932681188E+01
    0.5793834614E+01      0.5793834614E+01      0.2353249660E-01     -0.2910026635E+01
    0.5857293405E+01      0.5857293405E+01      0.2346638459E+00     -0.2871894621E+01
    0.5915095075E+01      0.5915095075E+01      0.4217213153E+00     -0.2818456452E+01
    0.5966347432E+01      0.5966347432E+01      0.5854469675E+00     -0.2753301891E+01
    0.6009773473E+01      0.6009773473E+01      0.7262966701E+00     -0.2679625945E+01
    0.6046607131E+01      0.6046607131E+01      0.8473418956E+00     -0.2600351421E+01
    0.0000000000E+00      0.2000000000E+02      0.0000000000E+00      0.0000000000E+00
    0.5192023623E+01      0.5192023623E+01     -0.1859158630E+00      0.1130750025E+01
    0.5178762905E+01      0.5178762905E+01     -0.4478665036E+00      0.1104381394E+01
    0.5175774999E+01      0.5175774999E+01     -0.7565129304E+00      0.1024069593E+01
    0.5153330772E+01      0.5153330772E+01     -0.1059208971E+01      0.9207945045E+00
    0.5122237084E+01      0.5122237084E+01     -0.1358651844E+01      0.7457269358E+00
    0.5085632396E+01      0.5085632396E+01     -0.1634311046E+01      0.4881544678E+00
    0.5055672950E+01      0.5055672950E+01     -0.1866884311E+01      0.1403247575E+00
    0.5017410358E+01      0.5017410358E+01     -0.2061412356E+01     -0.2703599982E+00
    0.5013494976E+01      0.5013494976E+01     -0.2165008703E+01     -0.7560508055E+00
    0.5047511894E+01      0.5047511894E+01     -0.2202038342E+01     -0.1244052740E+01
    0.5087958686E+01      0.5087958686E+01     -0.2128391676E+01     -0.1725173963E+01
    0.5151549967E+01      0.5151549967E+01     -0.1989251206E+01     -0.2164105642E+01
    0.5215875579E+01      0.5215875579E+01     -0.1756168096E+01     -0.2534552208E+01
    0.5309465505E+01      0.5309465505E+01     -0.1485396556E+01     -0.2827342108E+01
    0.5398749209E+01      0.5398749209E+01     -0.1162135428E+01     -0.3027401160E+01
    0.5494024311E+01      0.5494024311E+01     -0.8256359364E+00     -0.3138689906E+01
    0.5592020434E+01      0.5592020434E+01     -0.4945316104E+00     -0.3174082128E+01
    0.5683251087E+01      0.5683251087E+01     -0.1912592521E+00     -0.3154179598E+01
    0.5762634556E+01      0.5762634556E+01      0.7416462810E-01     -0.3101397240E+01
    0.5834668756E+01      0.5834668756E+01      0.3056416575E+00     -0.3035573582E+01
    0.5899735725E+01      0.5899735725E+01      0.5061880807E+00     -0.2957758668E+01
    0.5958178217E+01      0.5958178217E+01      0.6792293291E+00     -0.2872306690E+01
    0.6007834058E+01      0.6007834058E+01      0.8252440271E+00     -0.2781512095E+01
    0.6048724706E+01      0.6048724706E+01      0.9472920057E+00     -0.2687374066E+01
    0.0000000000E+00      0.2000000000E+02      0.0000000000E+00      0.0000000000E+00
    0.5074112666E+01      0.5074112666E+01     -0.1947412165E+00      0.1513489684E+01
    0.5055256754E+01      0.5055256754E+01     -0.4723533469E+00      0.1494524871E+01
    0.5042053735E+01      0.5042053735E+01     -0.8036882791E+00      0.1429887214E+01
    0.5005961445E+01      0.5005961445E+01     -0.1124070469E+01      0.1327595944E+01
    0.4960574803E+01      0.4960574803E+01     -0.1437456580E+01      0.1130859277E+01
    0.4908462541E+01      0.4908462541E+01     -0.1726811522E+01      0.8352553898E+00
    0.4864117012E+01      0.4864117012E+01     -0.1974894098E+01      0.4338457462E+00
    0.4807736399E+01      0.4807736399E+01     -0.2192195594E+01     -0.3797768531E-01
    0.4788757636E+01      0.4788757636E+01     -0.2319257305E+01     -0.6049464173E+00
    0.4818457444E+01      0.4818457444E+01     -0.2363435559E+01     -0.1188830496E+01
    0.4868949983E+01      0.4868949983E+01     -0.2297622964E+01     -0.1771153973E+01
    0.4950762544E+01      0.4950762544E+01     -0.2151661517E+01     -0.2301816090E+01
    0.5034785536E+01      0.5034785536E+01     -0.1893875847E+01     -0.2748383254E+01
    0.5157610052E+01      0.5157610052E+01     -0.1602038807E+01     -0.3097024103E+01
    0.5275720881E+01      0.5275720881E+01     -0.1248217890E+01     -0.3330209469E+01
    0.5400692744E+01      0.5400692744E+01     -0.8708793815E+00     -0.3447207081E+01
    0.5521228443E+01      0.5521228443E+01     -0.5005614733E+00     -0.3461818105E+01
    0.5633988047E+01      0.5633988047E+01     -0.1530007523E+00     -0.3408335617E+01
    0.5729834113E+01      0.5729834113E+01      0.1459483387E+00     -0.3317377934E+01
    0.5811934085E+01      0.5811934085E+01      0.3976260452E+00     -0.3215211479E+01
    0.5884587465E+01      0.5884587465E+01      0.6103665082E+00     -0.3106293701E+01
    0.5948969642E+01      0.5948969642E+01      0.7904853727E+00     -0.2993942021E+01
    0.6004900464E+01      0.6004900464E+01      0.9413170328E+00     -0.2882473285E+01
    0.6050584589E+01      0.6050584589E+01      0.1064607464E+01     -0.2771279468E+01
    0.0000000000E+00      0.2000000000E+02      0.0000000000E+00      0.0000000000E+00
    0.4933613042E+01      0.4933613042E+01     -0.1917070867E+00      0.1928468619E+01
    0.4909796405E+01      0.4909796405E+01     -0.4664162616E+00      0.1915725829E+01
    0.4884723303E+01      0.4884723303E+01     -0.7982063490E+00      0.1867813815E+01
    0.4834389660E+01      0.4834389660E+01     -0.1116615884E+01      0.1761617748E+01
    0.4773305211E+01      0.4773305211E+01     -0.1429208010E+01      0.1541436608E+01
    0.4702341415E+01      0.4702341415E+01     -0.1723390262E+01      0.1212461697E+01
    0.4636579098E+01      0.4636579098E+01     -0.1987038645E+01      0.7641045928E+00
    0.4559141467E+01      0.4559141467E+01     -0.2224889645E+01      0.2270472084E+00
    0.4514515020E+01      0.4514515020E+01     -0.2383433747E+01     -0.4167889138E+00
    0.4537743343E+01      0.4537743343E+01     -0.2432700961E+01     -0.1110603755E+01
    0.4599547996E+01      0.4599547996E+01     -0.2382881579E+01     -0.1805989807E+01
    0.4702633437E+01      0.4702633437E+01     -0.2235085875E+01     -0.2444812049E+01
    0.4817339883E+01      0.4817339883E+01     -0.1959454886E+01     -0.2979133629E+01
    0.4974788777E+01      0.4974788777E+01     -0.1652044199E+01     -0.3380286281E+01
    0.5129772957E+01      0.5129772957E+01     -0.1282051753E+01     -0.3652757871E+01
    0.5288114882E+01      0.5288114882E+01     -0.8802456589E+00     -0.3791376019E+01
    0.5437780439E+01      0.5437780439E+01     -0.4718449646E+00     -0.3789745533E+01
    0.5576604070E+01      0.5576604070E+01     -0.8383883648E-01     -0.3693950958E+01
    0.5694190297E+01      0.5694190297E+01      0.2478499902E+00     -0.3555361054E+01
    0.5788973143E+01      0.5788973143E+01      0.5164601141E+00     -0.3407080862E+01
    0.5870367386E+01      0.5870367386E+01      0.7368415508E+00     -0.3260971968E+01
    0.5940175838E+01      0.5940175838E+01      0.9193459129E+00     -0.3117840162E+01
    0.6001346519E+01      0.6001346519E+01      0.1071634731E+01     -0.2981979781E+01
    0.6051965306E+01      0.6051965306E+01      0.1195025301E+01     -0.2851566309E+01
    0.0000000000E+00      0.2000000000E+02      0.0000000000E+00      0.0000000000E+00
    0.4793234911E+01      0.4793234911E+01     -0.1771673645E+00      0.2337372083E+01
    0.4765086301E+01      0.4765086301E+01     -0.4365511915E+00      0.2330158728E+01
    0.4725539471E+01      0.4725539471E+01     -0.7445291790E+00      0.2301614681E+01
    0.4656833904E+01      0.4656833904E+01     -0.1041427303E+01      0.2194527772E+01
    0.4570082285E+01      0.4570082285E+01     -0.1337425105E+01      0.1965101215E+01
    0.4468091570E+01      0.4468091570E+01     -0.1629465154E+01      0.1620681445E+01
    0.4373179490E+01      0.4373179490E+01     -0.1902366140E+01      0.1136659654E+01
    0.4275897403E+01      0.4275897403E+01     -0.2159420374E+01      0.5267693959E+00
    0.4203048505E+01      0.4203048505E+01     -0.2356670520E+01     -0.2037648317E+00
    0.4209387528E+01      0.4209387528E+01     -0.2405011069E+01     -0.1009305581E+01
    0.4279028237E+01      0.4279028237E+01     -0.2377575728E+01     -0.1823729254E+01
    0.4397417590E+01      0.4397417590E+01     -0.2232733820E+01     -0.2581559824E+01
    0.4555474229E+01      0.4555474229E+01     -0.1949376633E+01     -0.3225707625E+01
    0.4752741307E+01      0.4752741307E+01     -0.1596832701E+01     -0.3684958129E+01
    0.4952648949E+01      0.4952648949E+01     -0.1199963718E+01     -0.3987856958E+01
    0.5152945381E+01      0.5152945381E+01     -0.7863822725E+00     -0.4149094714E+01
    0.5342549292E+01      0.5342549292E+01     -0.3672373462E+00     -0.4146645331E+01
    0.5514483798E+01      0.5514483798E+01      0.4162001526E-01     -0.4008065522E+01
    0.5657516335E+01      0.5657516335E+01      0.3971954176E+00     -0.3810079961E+01
    0.5766020306E+01      0.5766020306E+01      0.6735403160E+00     -0.3602736561E+01
    0.5855884635E+01      0.5855884635E+01      0.8917037812E+00     -0.3415516614E+01
    0.5931802034E+01      0.5931802034E+01      0.1069447832E+01     -0.3240276451E+01
    0.5997655884E+01      0.5997655884E+01      0.1217238722E+01     -0.3078267161E+01
    0.6052816098E+01      0.6052816098E+01      0.1337060593E+01     -0.2927089959E+01
    0.0000000000E+00      0.2000000000E+02      0.0000000000E+00      0.0000000000E+00
    0.4639269233E+01      0.4639269233E+01     -0.1486858501E+00      0.2720872250E+01
    0.4606729291E+01      0.4606729291E+01     -0.3759833058E+00      0.2717081413E+01
    0.4551825339E+01      0.4551825339E+01     -0.6387679623E+00      0.2707015941E+01
    0.4463890546E+01      0.4463890546E+01     -0.8967945634E+00      0.2601025002E+01
    0.4353665973E+01      0.4353665973E+01     -0.1162800221E+01      0.2374323835E+01
    0.4224738311E+01      0.4224738311E+01     -0.1435765117E+01      0.2027919856E+01
    0.4097806354E+01      0.4097806354E+01     -0.1691880036E+01      0.1519471748E+01
    0.3974967952E+01      0.3974967952E+01     -0.1911984116E+01      0.8319067960E+00
    0.3869459493E+01      0.3869459493E+01     -0.2078499479E+01     -0.5097026653E-02
    0.3864236735E+01      0.3864236735E+01     -0.2078135106E+01     -0.9073675023E+00
    0.3922378373E+01      0.3922378373E+01     -0.2031748295E+01     -0.1832726530E+01
    0.4058923701E+01      0.4058923701E+01     -0.1916400260E+01     -0.2698137280E+01
    0.4255760104E+01      0.4255760104E+01     -0.1677938485E+01     -0.3457658847E+01
    0.4509823464E+01      0.4509823464E+01     -0.1343310061E+01     -0.4007309652E+01
    0.4762459042E+01      0.4762459042E+01     -0.9407269250E+00     -0.4325863352E+01
    0.5012122371E+01      0.5012122371E+01     -0.5404053304E+00     -0.4489728423E+01
    0.5239914814E+01      0.5239914814E+01     -0.1525947835E+00     -0.4490583340E+01
    0.5444640442E+01      0.5444640442E+01      0.2394594803E+00     -0.4327188264E+01
    0.5618330211E+01      0.5618330211E+01      0.6002515822E+00     -0.4071507885E+01
    0.5743090169E+01      0.5743090169E+01      0.8758308860E+00     -0.3796763223E+01
    0.5842918716E+01      0.5842918716E+01      0.1084862781E+01     -0.3563223622E+01
    0.5925116153E+01      0.5925116153E+01      0.1249964038E+01     -0.3355074229E+01
    0.5995231408E+01      0.5995231408E+01      0.1385615720E+01     -0.3166526789E+01
    0.6054295486E+01      0.6054295486E+01      0.1495558277E+01     -0.2994335202E+01
    0.0000000000E+00      0.2000000000E+02      0.0000000000E+00      0.0000000000E+00
    0.4516157566E+01      0.4516157566E+01     -0.1075119970E+00      0.3079276277E+01
    0.4480379319E+01      0.4480379319E+01     -0.2864114452E+00      0.3081318680E+01
    0.4410159563E+01      0.4410159563E+01     -0.4829847558E+00      0.3091137261E+01
    0.4302366878E+01      0.4302366878E+01     -0.6802335662E+00      0.2992510585E+01
    0.4164139340E+01      0.4164139340E+01     -0.8821133318E+00      0.2778270203E+01
    0.3998321563E+01      0.3998321563E+01     -0.1077336355E+01      0.2418885812E+01
    0.3824245903E+01      0.3824245903E+01     -0.1254049721E+01      0.1845702184E+01
    0.3663715039E+01      0.3663715039E+01     -0.1392895623E+01      0.1060005246E+01
    0.3549362354E+01      0.3549362354E+01     -0.1465603229E+01      0.1396191782E+00
    0.3524192221E+01      0.3524192221E+01     -0.1393396001E+01     -0.8511402868E+00
    0.3584460736E+01      0.3584460736E+01     -0.1327704052E+01     -0.1847583974E+01
    0.3729580519E+01      0.3729580519E+01     -0.1258150727E+01     -0.2786267160E+01
    0.3961301732E+01      0.3961301732E+01     -0.1136482247E+01     -0.3636316163E+01
    0.4261110804E+01      0.4261110804E+01     -0.8960851828E+00     -0.4297126483E+01
    0.4568083262E+01      0.4568083262E+01     -0.5397523569E+00     -0.4653347008E+01
    0.4866631866E+01      0.4866631866E+01     -0.1688711091E+00     -0.4802104620E+01
    0.5135205524E+01      0.5135205524E+01      0.1811651823E+00     -0.4803516900E+01
    0.5374399956E+01      0.5374399956E+01      0.5301052827E+00     -0.4631801867E+01
    0.5577680264E+01      0.5577680264E+01      0.8662815922E+00     -0.4325477630E+01
    0.5723423358E+01      0.5723423358E+01      0.1126279904E+01     -0.3979673947E+01
    0.5833292087E+01      0.5833292087E+01      0.1316809983E+01     -0.3695307799E+01
    0.5921252807E+01      0.5921252807E+01      0.1461719056E+01     -0.3454642597E+01
    0.5995153426E+01      0.5995153426E+01      0.1578407055E+01     -0.3240221834E+01
    0.6057228715E+01      0.6057228715E+01      0.1672412828E+01     -0.3049160292E+01
    0.0000000000E+00      0.2000000000E+02      0.0000000000E+00      0.0000000000E+00
    0.4384290261E+01      0.4384290261E+01     -0.5766067396E-01      0.3315306590E+01
    0.4348348575E+01      0.4348348575E+01     -0.1713119417E+00      0.3324338661E+01
    0.4258531181E+01      0.4258531181E+01     -0.2776623407E+00      0.3350283422E+01
    0.4136134490E+01      0.4136134490E+01     -0.4009840429E+00      0.3261812177E+01
    0.3974604277E+01      0.3974604277E+01     -0.5130738344E+00      0.3050203014E+01
    0.3789495867E+01      0.3789495867E+01     -0.5990138261E+00      0.2682274437E+01
    0.3597638183E+01      0.3597638183E+01     -0.6394784926E+00      0.2085842521E+01
    0.3418419400E+01      0.3418419400E+01     -0.6378005935E+00      0.1224405337E+01
    0.3281711872E+01      0.3281711872E+01     -0.5970414691E+00      0.2254319172E+00
    0.3236558173E+01      0.3236558173E+01     -0.4413964980E+00     -0.8540419170E+00
    0.3308102299E+01      0.3308102299E+01     -0.3269745540E+00     -0.1857716897E+01
    0.3465053879E+01      0.3465053879E+01     -0.2631544812E+00     -0.2806045334E+01
    0.3714433329E+01      0.3714433329E+01     -0.2288365985E+00     -0.3705006413E+01
    0.4045891478E+01      0.4045891478E+01     -0.1374237615E+00     -0.4479539565E+01
    0.4396803660E+01      0.4396803660E+01      0.8809191197E-01     -0.4923816518E+01
    0.4734981031E+01      0.4734981031E+01      0.3703337513E+00     -0.5068105560E+01
    0.5044027570E+01      0.5044027570E+01      0.6526353361E+00     -0.5058918914E+01
    0.5312875282E+01      0.5312875282E+01      0.9294081668E+00     -0.4887185103E+01
    0.5542007045E+01      0.5542007045E+01      0.1205418547E+01     -0.4548385001E+01
    0.5706705262E+01      0.5706705262E+01      0.1424134443E+01     -0.4140816287E+01
    0.5825836028E+01      0.5825836028E+01      0.1580581404E+01     -0.3806028163E+01
    0.5920484363E+01      0.5920484363E+01      0.1697297298E+01     -0.3532252481E+01
    0.5997587114E+01      0.5997587114E+01      0.1789493700E+01     -0.3296520526E+01
    0.6061917464E+01      0.6061917464E+01      0.1863103071E+01     -0.3088059096E+01
    0.0000000000E+00      0.2000000000E+02      0.0000000000E+00      0.0000000000E+00
    0.4330760830E+01      0.4330760830E+01      0.2325179774E-02      0.3499399629E+01
    0.4289193911E+01      0.4289193911E+01     -0.3252004474E-01      0.3494173218E+01
    0.4192461479E+01      0.4192461479E+01     -0.3132559111E-01      0.3556585893E+01
    0.4052241455E+01      0.4052241455E+01     -0.4089475829E-01      0.3464285825E+01
    0.3866324406E+01      0.3866324406E+01     -0.2872619196E-01      0.3237525602E+01
    0.3641867724E+01      0.3641867724E+01      0.2863247330E-01      0.2801518375E+01
    0.3415265033E+01      0.3415265033E+01      0.1174513446E+00      0.2126851114E+01
    0.3215570279E+01      0.3215570279E+01      0.2366170502E+00      0.1216238744E+01
    0.3088451468E+01      0.3088451468E+01      0.3863063183E+00      0.1897863397E+00
    0.3066908801E+01      0.3066908801E+01      0.6486754668E+00     -0.8972159625E+00
    0.3144248971E+01      0.3144248971E+01      0.7865959068E+00     -0.1852190905E+01
    0.3299847036E+01      0.3299847036E+01      0.8328061344E+00     -0.2744959826E+01
    0.3552331660E+01      0.3552331660E+01      0.8055218262E+00     -0.3654433664E+01
    0.3898044691E+01      0.3898044691E+01      0.7914280566E+00     -0.4518844275E+01
    0.4275617504E+01      0.4275617504E+01      0.8865092674E+00     -0.5074871184E+01
    0.4640272852E+01      0.4640272852E+01      0.1052063228E+01     -0.5250110646E+01
    0.4974765472E+01      0.4974765472E+01      0.1237932633E+01     -0.5238344153E+01
    0.5269636253E+01      0.5269636253E+01      0.1428578693E+01     -0.5067465417E+01
    0.5516116884E+01      0.5516116884E+01      0.1618962017E+01     -0.4712072721E+01
    0.5696726109E+01      0.5696726109E+01      0.1772767888E+01     -0.4260040272E+01
    0.5826153518E+01      0.5826153518E+01      0.1882949797E+01     -0.3879074280E+01
    0.5925432432E+01      0.5925432432E+01      0.1961510538E+01     -0.3583371536E+01
    0.6004474083E+01      0.6004474083E+01      0.2020890069E+01     -0.3330575925E+01
    0.6070332411E+01      0.6070332411E+01      0.2068804286E+01     -0.3108182130E+01
    0.0000000000E+00      0.2000000000E+02      0.0000000000E+00      0.0000000000E+00
    0.4266874186E+01      0.4266874186E+01      0.7134784770E-01      0.3508853004E+01
    0.4238429221E+01      0.4238429221E+01      0.1175384579E+00      0.3478054689E+01
    0.4123810985E+01      0.4123810985E+01      0.2455266900E+00      0.3547828401E+01
    0.3983130921E+01      0.3983130921E+01      0.3470474969E+00      0.3444357694E+01
    0.3788795169E+01      0.3788795169E+01      0.4971746306E+00      0.3203101841E+01
    0.3565326431E+01      0.3565326431E+01      0.6904628208E+00      0.2744891122E+01
    0.3341739064E+01      0.3341739064E+01      0.9097603716E+00      0.2050234541E+01
    0.3142426577E+01      0.3142426577E+01      0.1149587375E+01      0.1138856190E+01
    0.3018638239E+01      0.3018638239E+01      0.1388184122E+01      0.1046287061E+00
    0.3009186164E+01      0.3009186164E+01      0.1694216744E+01     -0.9414782362E+00
    0.3084924325E+01      0.3084924325E+01      0.1828789042E+01     -0.1825290264E+01
    0.3232411990E+01      0.3232411990E+01      0.1868316553E+01     -0.2663930472E+01
    0.3474625237E+01      0.3474625237E+01      0.1810738414E+01     -0.3530079168E+01
    0.3806806467E+01      0.3806806467E+01      0.1739426961E+01     -0.4480932375E+01
    0.4205649945E+01      0.4205649945E+01      0.1737593388E+01     -0.5126949481E+01
    0.4587388969E+01      0.4587388969E+01      0.1809128390E+01     -0.5341083370E+01
    0.4940882592E+01      0.4940882592E+01      0.1903040444E+01     -0.5325482982E+01
    0.5252901930E+01      0.5252901930E+01      0.1998389103E+01     -0.5153416841E+01
    0.5508306910E+01      0.5508306910E+01      0.2089174869E+01     -0.4793297794E+01
    0.5698749096E+01      0.5698749096E+01      0.2162285645E+01     -0.4318095409E+01
    0.5837162208E+01      0.5837162208E+01      0.2213213527E+01     -0.3914288058E+01
    0.5941472754E+01      0.5941472754E+01      0.2246065392E+01     -0.3603130680E+01
    0.6022396878E+01      0.6022396878E+01      0.2267869605E+01     -0.3339815174E+01
    0.6088350257E+01      0.6088350257E+01      0.2286292684E+01     -0.3107308252E+01
    0.0000000000E+00      0.2000000000E+02      0.0000000000E+00      0.0000000000E+00
    0.4305631545E+01      0.4305631545E+01      0.1344387671E+00      0.3366858979E+01
    0.4282591755E+01      0.4282591755E+01      0.2779227546E+00      0.3316266679E+01
    0.4165726611E+01      0.4165726611E+01      0.5341979724E+00      0.3382778524E+01
    0.4025449784E+01      0.4025449784E+01      0.7565554319E+00      0.3271988107E+01
    0.3826681789E+01      0.3826681789E+01      0.1041796739E+01      0.3020273809E+01
    0.3601599375E+01      0.3601599375E+01      0.1362334652E+01      0.2557528531E+01
    0.3377265723E+01      0.3377265723E+01      0.1688433706E+01      0.1872016095E+01
    0.3186723491E+01      0.3186723491E+01      0.2026337664E+01      0.9791204605E+00
    0.3056668631E+01      0.3056668631E+01      0.2329599659E+01     -0.2466072924E-01
    0.3056364505E+01      0.3056364505E+01      0.2656874208E+01     -0.9834847467E+00
    0.3131141752E+01      0.3131141752E+01      0.2771717374E+01     -0.1791014879E+01
    0.3268754050E+01      0.3268754050E+01      0.2795977399E+01     -0.2566353088E+01
    0.3490723178E+01      0.3490723178E+01      0.2748764482E+01     -0.3367876128E+01
    0.3793963124E+01      0.3793963124E+01      0.2674262158E+01     -0.4313059308E+01
    0.4184424072E+01      0.4184424072E+01      0.2585822261E+01     -0.5093851754E+01
    0.4595176947E+01      0.4595176947E+01      0.2583396477E+01     -0.5334678213E+01
    0.4971488562E+01      0.4971488562E+01      0.2592118804E+01     -0.5324894829E+01
    0.5288583012E+01      0.5288583012E+01      0.2592311391E+01     -0.5157249467E+01
    0.5544191715E+01      0.5544191715E+01      0.2580546994E+01     -0.4797030643E+01
    0.5730882933E+01      0.5730882933E+01      0.2563747134E+01     -0.4315888908E+01
    0.5862523506E+01      0.5862523506E+01      0.2549696751E+01     -0.3896972931E+01
    0.5961618555E+01      0.5961618555E+01      0.2534261972E+01     -0.3575182540E+01
    0.6038503166E+01      0.6038503166E+01      0.2515409041E+01     -0.3308954368E+01
    0.6100693137E+01      0.6100693137E+01      0.2498909708E+01     -0.3076736459E+01
    0.0000000000E+00      0.2000000000E+02      0.0000000000E+00      0.0000000000E+00
    0.4381883974E+01      0.4381883974E+01      0.2074408314E+00      0.3091346072E+01
    0.4360906111E+01      0.4360906111E+01      0.4464322117E+00      0.3030693729E+01
    0.4245389978E+01      0.4245389978E+01      0.8264248386E+00      0.3071512719E+01
    0.4114901421E+01      0.4114901421E+01      0.1174334697E+01      0.2947978265E+01
    0.3923173685E+01      0.3923173685E+01      0.1594214760E+01      0.2678336207E+01
    0.3715959419E+01      0.3715959419E+01      0.2034518641E+01      0.2205484267E+01
    0.3501309444E+01      0.3501309444E+01      0.2463945283E+01      0.1543606158E+01
    0.3335358267E+01      0.3335358267E+01      0.2903136345E+01      0.6975553212E+00
    0.3199281248E+01      0.3199281248E+01      0.3212477998E+01     -0.2357020016E+00
    0.3186153101E+01      0.3186153101E+01      0.3488823207E+01     -0.1057451076E+01
    0.3244286001E+01      0.3244286001E+01      0.3576840006E+01     -0.1786679487E+01
    0.3367105187E+01      0.3367105187E+01      0.3592737433E+01     -0.2521285355E+01
    0.3571475792E+01      0.3571475792E+01      0.3571028405E+01     -0.3301073320E+01
    0.3858752374E+01      0.3858752374E+01      0.3532249640E+01     -0.4209396735E+01
    0.4233441576E+01      0.4233441576E+01      0.3444510689E+01     -0.5005114426E+01
    0.4632635055E+01      0.4632635055E+01      0.3356718392E+01     -0.5253830088E+01
    0.5002545937E+01      0.5002545937E+01      0.3271749571E+01     -0.5223865185E+01
    0.5316880181E+01      0.5316880181E+01      0.3173982903E+01     -0.5040633972E+01
    0.5566020141E+01      0.5566020141E+01      0.3059054484E+01     -0.4685052209E+01
    0.5744020049E+01      0.5744020049E+01      0.2947775363E+01     -0.4227169348E+01
    0.5878548416E+01      0.5878548416E+01      0.2870820128E+01     -0.3822754838E+01
    0.5979134623E+01      0.5979134623E+01      0.2810569511E+01     -0.3507583320E+01
    0.6054373771E+01      0.6054373771E+01      0.2755642638E+01     -0.3246596685E+01
    0.6115041891E+01      0.6115041891E+01      0.2708826868E+01     -0.3021083599E+01
    0.0000000000E+00      0.2000000000E+02      0.0000000000E+00      0.0000000000E+00
    0.4446259782E+01      0.4446259782E+01      0.2827274025E+00      0.2740475612E+01
    0.4433441048E+01      0.4433441048E+01      0.6030474629E+00      0.2690107013E+01
    0.4331276382E+01      0.4331276382E+01      0.1072436269E+01      0.2672130826E+01
    0.4214639704E+01      0.4214639704E+01      0.1522289869E+01      0.2534792534E+01
    0.4032746501E+01      0.4032746501E+01      0.2047865850E+01      0.2259117741E+01
    0.3847489411E+01      0.3847489411E+01      0.2563789462E+01      0.1798456540E+01
    0.3647017113E+01      0.3647017113E+01      0.3060492239E+01      0.1180259959E+01
    0.3502073602E+01      0.3502073602E+01      0.3559512730E+01      0.4301479185E+00
    0.3378257924E+01      0.3378257924E+01      0.3883609026E+01     -0.3884624888E+00
    0.3354384388E+01      0.3354384388E+01      0.4098375319E+01     -0.1093932203E+01
    0.3391953691E+01      0.3391953691E+01      0.4211935096E+01     -0.1777312179E+01
    0.3501820492E+01      0.3501820492E+01      0.4284202905E+01     -0.2497779985E+01
    0.3698805631E+01      0.3698805631E+01      0.4330950992E+01     -0.3274212104E+01
    0.3974590452E+01      0.3974590452E+01      0.4330546717E+01     -0.4162240948E+01
    0.4334790162E+01      0.4334790162E+01      0.4235402593E+01     -0.4902408266E+01
    0.4726873892E+01      0.4726873892E+01      0.4081823610E+01     -0.5108543355E+01
    0.5088265992E+01      0.5088265992E+01      0.3906169392E+01     -0.5062905543E+01
    0.5388085951E+01      0.5388085951E+01      0.3715072511E+01     -0.4858795783E+01
    0.5611870524E+01      0.5611870524E+01      0.3501710592E+01     -0.4504107037E+01
    0.5776269928E+01      0.5776269928E+01      0.3314526097E+01     -0.4080550607E+01
    0.5904626877E+01      0.5904626877E+01      0.3181263950E+01     -0.3706422303E+01
    0.6001701982E+01      0.6001701982E+01      0.3078910784E+01     -0.3407787159E+01
    0.6074268107E+01      0.6074268107E+01      0.2990858718E+01     -0.3158228022E+01
    0.6131745899E+01      0.6131745899E+01      0.2915820225E+01     -0.2940847423E+01
    0.0000000000E+00      0.2000000000E+02      0.0000000000E+00      0.0000000000E+00
    0.4499345296E+01      0.4499345296E+01      0.3936432887E+00      0.2291041415E+01
    0.4486063937E+01      0.4486063937E+01      0.8059802632E+00      0.2321457539E+01
    0.4409806461E+01      0.4409806461E+01      0.1344813845E+01      0.2232860561E+01
    0.4320017266E+01      0.4320017266E+01      0.1890230204E+01      0.2061773447E+01
    0.4167631538E+01      0.4167631538E+01      0.2502469251E+01      0.1764956970E+01
    0.4003345305E+01      0.4003345305E+01      0.3080320201E+01      0.1341743376E+01
    0.3817967738E+01      0.3817967738E+01      0.3580308473E+01      0.7907331747E+00
    0.3695169224E+01      0.3695169224E+01      0.4042143608E+01      0.1864225963E+00
    0.3584366282E+01      0.3584366282E+01      0.4321294515E+01     -0.4723645439E+00
    0.3530204798E+01      0.3530204798E+01      0.4524861081E+01     -0.1127820457E+01
    0.3558029571E+01      0.3558029571E+01      0.4739470992E+01     -0.1818092999E+01
    0.3669851353E+01      0.3669851353E+01      0.4932865644E+01     -0.2565921372E+01
    0.3869138713E+01      0.3869138713E+01      0.5086757871E+01     -0.3324125689E+01
    0.4134422626E+01      0.4134422626E+01      0.5091112829E+01     -0.4155737751E+01
    0.4480027274E+01      0.4480027274E+01      0.4955497744E+01     -0.4762586237E+01
    0.4856997394E+01      0.4856997394E+01      0.4724235815E+01     -0.4877074405E+01
    0.5189388407E+01      0.5189388407E+01      0.4461576388E+01     -0.4797947701E+01
    0.5458804392E+01      0.5458804392E+01      0.4176718565E+01     -0.4570934105E+01
    0.5655608812E+01      0.5655608812E+01      0.3886476777E+01     -0.4239587120E+01
    0.5809196360E+01      0.5809196360E+01      0.3645739164E+01     -0.3869785777E+01
    0.5931337579E+01      0.5931337579E+01      0.3469125747E+01     -0.3543963080E+01
    0.6024598396E+01      0.6024598396E+01      0.3331142133E+01     -0.3272798389E+01
    0.6094331221E+01      0.6094331221E+01      0.3213344396E+01     -0.3040749675E+01
    0.6150093778E+01      0.6150093778E+01      0.3113440873E+01     -0.2837567060E+01
    0.3781159560E+01      0.3781159560E+01      0.8305719803E-02      0.2320022514E+01
    0.4475525909E+01      0.4475525909E+01     -0.9979914358E-01      0.1728099859E+01
    0.4459250247E+01      0.4459250247E+01      0.4901652315E+00      0.1759800291E+01
    0.4435709022E+01      0.4435709022E+01      0.1205315433E+01      0.1635227060E+01
    0.4369470458E+01      0.4369470458E+01      0.1903089445E+01      0.1485406053E+01
    0.4256435001E+01      0.4256435001E+01      0.2575307537E+01      0.1247005745E+01
    0.4121226572E+01      0.4121226572E+01      0.3163892451E+01      0.9118046901E+00
    0.3972579496E+01      0.3972579496E+01      0.3667565542E+01      0.4750779415E+00
    0.3836434989E+01      0.3836434989E+01      0.4059514506E+01     -0.3952177234E-01
    0.3735289631E+01      0.3735289631E+01      0.4429233087E+01     -0.6270498642E+00
    0.3686823295E+01      0.3686823295E+01      0.4845294370E+01     -0.1300594344E+01
    0.3728533453E+01      0.3728533453E+01      0.5338821840E+01     -0.2050385329E+01
    0.3861714081E+01      0.3861714081E+01      0.5730077290E+01     -0.2776024502E+01
    0.4068041855E+01      0.4068041855E+01      0.5848433878E+01     -0.3415523736E+01
    0.4343144184E+01      0.4343144184E+01      0.5790474581E+01     -0.4137657189E+01
    0.4671468292E+01      0.4671468292E+01      0.5569419184E+01     -0.4554237713E+01
    0.5021293293E+01      0.5021293293E+01      0.5249530197E+01     -0.4568527905E+01
    0.5309550020E+01      0.5309550020E+01      0.4897830090E+01     -0.4457011513E+01
    0.5541015813E+01      0.5541015813E+01      0.4540959057E+01     -0.4230299193E+01
    0.5716718210E+01      0.5716718210E+01      0.4208913288E+01     -0.3943477583E+01
    0.5857019497E+01      0.5857019497E+01      0.3938295559E+01     -0.3635605335E+01
    0.5967647610E+01      0.5967647610E+01      0.3730293422E+01     -0.3356974694E+01
    0.6054008056E+01      0.6054008056E+01      0.3563772798E+01     -0.3115775764E+01
    0.6119169360E+01      0.6119169360E+01      0.3421793389E+01     -0.2904056054E+01
    0.6171095292E+01      0.6171095292E+01      0.3300712146E+01     -0.2715709890E+01
    0.5045388553E+01      0.5045388553E+01      0.3222618775E+01      0.2686593908E+01
    0.4863594640E+01      0.4863594640E+01      0.2137363730E+01      0.1673681355E+01
    0.4668198965E+01      0.4668198965E+01      0.2022527147E+01      0.1299948807E+01
    0.4507495979E+01      0.4507495979E+01      0.2170758328E+01      0.1152904506E+01
    0.4389638809E+01      0.4389638809E+01      0.2508204308E+01      0.9986016401E+00
    0.4278076192E+01      0.4278076192E+01      0.2957719832E+01      0.7755357098E+00
    0.4166265485E+01      0.4166265485E+01      0.3452605842E+01      0.4719587869E+00
    0.4046922218E+01      0.4046922218E+01      0.3995138943E+01      0.7690392138E-01
    0.3933778152E+01      0.3933778152E+01      0.4607160199E+01     -0.4186475932E+00
    0.3855821029E+01      0.3855821029E+01      0.5273348958E+01     -0.1004824003E+01
    0.3861063182E+01      0.3861063182E+01      0.5998238455E+01     -0.1654272084E+01
    0.3945380639E+01      0.3945380639E+01      0.6444974672E+01     -0.2337645780E+01
    0.4100601892E+01      0.4100601892E+01      0.6583182631E+01     -0.2910365732E+01
    0.4326712967E+01      0.4326712967E+01      0.6532094445E+01     -0.3446501986E+01
    0.4589118619E+01      0.4589118619E+01      0.6364657018E+01     -0.4016958810E+01
    0.4890094624E+01      0.4890094624E+01      0.6026303796E+01     -0.4220049124E+01
    0.5188451217E+01      0.5188451217E+01      0.5621873031E+01     -0.4182756126E+01
    0.5428304563E+01      0.5428304563E+01      0.5206892557E+01     -0.4058836880E+01
    0.5624346718E+01      0.5624346718E+01      0.4818254340E+01     -0.3860501624E+01
    0.5779606539E+01      0.5779606539E+01      0.4473502917E+01     -0.3624434194E+01
    0.5903797855E+01      0.5903797855E+01      0.4187204740E+01     -0.3374842430E+01
    0.6003500749E+01      0.6003500749E+01      0.3958452004E+01     -0.3142811262E+01
    0.6083251035E+01      0.6083251035E+01      0.3771328695E+01     -0.2935145147E+01
    0.6144240351E+01      0.6144240351E+01      0.3610962146E+01     -0.2747701941E+01
    0.6193147013E+01      0.6193147013E+01      0.3473388249E+01     -0.2577934413E+01
