    0.3994776173E+01      0.3994776173E+01      0.5963193899E+01     -0.4322131184E+01
    0.4193552906E+01      0.4193552906E+01      0.5770151261E+01     -0.4443073376E+01
    0.4395373573E+01      0.4395373573E+01      0.5479804637E+01     -0.4414057770E+01
    0.4597269851E+01      0.4597269851E+01      0.5181457487E+01     -0.4341495832E+01
    0.4761793191E+01      0.4761793191E+01      0.4867696462E+01     -0.4202997510E+01
    0.4913610233E+01      0.4913610233E+01      0.4589535234E+01     -0.4048967797E+01
    0.5043166155E+01      0.5043166155E+01      0.4348150327E+01     -0.3879456352E+01
    0.5158276130E+01      0.5158276130E+01      0.4145342291E+01     -0.3718681321E+01
    0.5259168748E+01      0.5259168748E+01      0.3974921382E+01     -0.3565999087E+01
    0.5348293100E+01      0.5348293100E+01      0.3830993799E+01     -0.3419778938E+01
    0.5427620837E+01      0.5427620837E+01      0.3708917559E+01     -0.3281065147E+01
    0.5498993166E+01      0.5498993166E+01      0.3605720205E+01     -0.3150069236E+01
    0.5563670584E+01      0.5563670584E+01      0.3519267958E+01     -0.3026215628E+01
    0.5621837183E+01      0.5621837183E+01      0.3446914687E+01     -0.2908370730E+01
    0.5674602133E+01      0.5674602133E+01      0.3387581751E+01     -0.2795011960E+01
    0.5721730967E+01      0.5721730967E+01      0.3338465716E+01     -0.2686739623E+01
    0.5764222743E+01      0.5764222743E+01      0.3298720226E+01     -0.2582655536E+01
    0.5803746602E+01      0.5803746602E+01      0.3268890954E+01     -0.2484518091E+01
    0.5839834743E+01      0.5839834743E+01      0.3246734189E+01     -0.2390147692E+01
    0.5871606590E+01      0.5871606590E+01      0.3230386832E+01     -0.2302507889E+01
    0.5901827815E+01      0.5901827815E+01      0.3221813238E+01     -0.2218100331E+01
    0.5928722818E+01      0.5928722818E+01      0.3218702675E+01     -0.2136360748E+01
    0.5952704572E+01      0.5952704572E+01      0.3221404129E+01     -0.2057703874E+01
    0.5973311241E+01      0.5973311241E+01      0.3226860110E+01     -0.1981242185E+01
    0.5994003579E+01      0.5994003579E+01      0.3249401165E+01     -0.1868560690E+01
    0.4162321753E+01      0.4162321753E+01      0.6199019614E+01     -0.4101927273E+01
    0.4337833870E+01      0.4337833870E+01      0.5927535126E+01     -0.4130383689E+01
    0.4525879473E+01      0.4525879473E+01      0.5625091596E+01     -0.4102776801E+01
    0.4687349514E+01      0.4687349514E+01      0.5293831663E+01     -0.4015566681E+01
    0.4842676381E+01      0.4842676381E+01      0.4989671656E+01     -0.3908347801E+01
    0.4974210608E+01      0.4974210608E+01      0.4716526181E+01     -0.3773824871E+01
    0.5094559559E+01      0.5094559559E+01      0.4483229512E+01     -0.3642388878E+01
    0.5198278287E+01      0.5198278287E+01      0.4282465858E+01     -0.3509387170E+01
    0.5291537334E+01      0.5291537334E+01      0.4110447880E+01     -0.3380791620E+01
    0.5374723164E+01      0.5374723164E+01      0.3962378264E+01     -0.3254576321E+01
    0.5449663494E+01      0.5449663494E+01      0.3835491602E+01     -0.3133133737E+01
    0.5517718889E+01      0.5517718889E+01      0.3727366383E+01     -0.3017025848E+01
    0.5579553738E+01      0.5579553738E+01      0.3635645540E+01     -0.2906617499E+01
    0.5635126275E+01      0.5635126275E+01      0.3557870825E+01     -0.2800505160E+01
    0.5685698221E+01      0.5685698221E+01      0.3493186283E+01     -0.2697611895E+01
    0.5730875974E+01      0.5730875974E+01      0.3438858086E+01     -0.2598471249E+01
    0.5771583708E+01      0.5771583708E+01      0.3394207576E+01     -0.2502270959E+01
    0.5809894106E+01      0.5809894106E+01      0.3360443430E+01     -0.2411165540E+01
    0.5844439092E+01      0.5844439092E+01      0.3334474607E+01     -0.2322696422E+01
    0.5874550570E+01      0.5874550570E+01      0.3314248701E+01     -0.2240486288E+01
    0.5903834058E+01      0.5903834058E+01      0.3303270242E+01     -0.2161902710E+01
    0.5928459266E+01      0.5928459266E+01      0.3296096315E+01     -0.2084867295E+01
    0.5951833282E+01      0.5951833282E+01      0.3296538697E+01     -0.2011060503E+01
    0.5971305241E+01      0.5971305241E+01      0.3299964039E+01     -0.1939852024E+01
    0.5990195141E+01      0.5990195141E+01      0.3319275477E+01     -0.1834345739E+01
    0.4317445679E+01      0.4317445679E+01      0.6311967864E+01     -0.3801462316E+01
    0.4483161255E+01      0.4483161255E+01      0.6015599446E+01     -0.3807673993E+01
    0.4633350263E+01      0.4633350263E+01      0.5691232650E+01     -0.3767123099E+01
    0.4783839958E+01      0.4783839958E+01      0.5372918408E+01     -0.3706225230E+01
    0.4913623371E+01      0.4913623371E+01      0.5076044414E+01     -0.3611060896E+01
    0.5037014442E+01      0.5037014442E+01      0.4819025409E+01     -0.3515048718E+01
    0.5143370703E+01      0.5143370703E+01      0.4593271966E+01     -0.3407571222E+01
    0.5240037055E+01      0.5240037055E+01      0.4396937440E+01     -0.3302853227E+01
    0.5326363656E+01      0.5326363656E+01      0.4225597792E+01     -0.3195611367E+01
    0.5404748142E+01      0.5404748142E+01      0.4076242829E+01     -0.3089015780E+01
    0.5475462225E+01      0.5475462225E+01      0.3947154587E+01     -0.2983697075E+01
    0.5539818999E+01      0.5539818999E+01      0.3836283238E+01     -0.2881022438E+01
    0.5598224457E+01      0.5598224457E+01      0.3740845139E+01     -0.2782555671E+01
    0.5651076760E+01      0.5651076760E+01      0.3658950287E+01     -0.2687752486E+01
    0.5699371450E+01      0.5699371450E+01      0.3590012964E+01     -0.2595233872E+01
    0.5742389749E+01      0.5742389749E+01      0.3531241748E+01     -0.2505389029E+01
    0.5781273395E+01      0.5781273395E+01      0.3482601772E+01     -0.2417429381E+01
    0.5817959430E+01      0.5817959430E+01      0.3445312555E+01     -0.2333015386E+01
    0.5851053019E+01      0.5851053019E+01      0.3416060508E+01     -0.2251050386E+01
    0.5879314879E+01      0.5879314879E+01      0.3392508199E+01     -0.2174338115E+01
    0.5907282829E+01      0.5907282829E+01      0.3379004756E+01     -0.2101010276E+01
    0.5930791598E+01      0.5930791598E+01      0.3369374949E+01     -0.2030591615E+01
    0.5952375546E+01      0.5952375546E+01      0.3366709601E+01     -0.1961112807E+01
    0.5970860659E+01      0.5970860659E+01      0.3368604897E+01     -0.1894138994E+01
    0.5988244361E+01      0.5988244361E+01      0.3384801260E+01     -0.1796348375E+01
    0.4464519862E+01      0.4464519862E+01      0.6349045090E+01     -0.3486584741E+01
    0.4599838526E+01      0.4599838526E+01      0.6037646667E+01     -0.3478485235E+01
    0.4740316286E+01      0.4740316286E+01      0.5722310481E+01     -0.3453128254E+01
    0.4863744551E+01      0.4863744551E+01      0.5414754593E+01     -0.3397662054E+01
    0.4987045587E+01      0.4987045587E+01      0.5141917655E+01     -0.3338939042E+01
    0.5094246930E+01      0.5094246930E+01      0.4898133373E+01     -0.3261638128E+01
    0.5193386723E+01      0.5193386723E+01      0.4682974492E+01     -0.3184158632E+01
    0.5280967761E+01      0.5280967761E+01      0.4491600258E+01     -0.3098096014E+01
    0.5362055028E+01      0.5362055028E+01      0.4323439485E+01     -0.3010839132E+01
    0.5434888201E+01      0.5434888201E+01      0.4174483452E+01     -0.2920350890E+01
    0.5501367548E+01      0.5501367548E+01      0.4044375928E+01     -0.2829780970E+01
    0.5562346346E+01      0.5562346346E+01      0.3931984330E+01     -0.2740107504E+01
    0.5617746485E+01      0.5617746485E+01      0.3834462326E+01     -0.2653447798E+01
    0.5667995925E+01      0.5667995925E+01      0.3749958450E+01     -0.2569491443E+01
    0.5714168248E+01      0.5714168248E+01      0.3677988972E+01     -0.2487220476E+01
    0.5755067520E+01      0.5755067520E+01      0.3615513499E+01     -0.2406794135E+01
    0.5792277287E+01      0.5792277287E+01      0.3563402014E+01     -0.2327508018E+01
    0.5827705541E+01      0.5827705541E+01      0.3523213862E+01     -0.2250406687E+01
    0.5859284132E+01      0.5859284132E+01      0.3490965772E+01     -0.2175207233E+01
    0.5886042100E+01      0.5886042100E+01      0.3464761071E+01     -0.2104566217E+01
    0.5912745374E+01      0.5912745374E+01      0.3449388311E+01     -0.2036732371E+01
    0.5934511368E+01      0.5934511368E+01      0.3437486612E+01     -0.1971752109E+01
    0.5954410858E+01      0.5954410858E+01      0.3431982647E+01     -0.1908484847E+01
    0.5972566380E+01      0.5972566380E+01      0.3432527109E+01     -0.1845954445E+01
    0.5988078699E+01      0.5988078699E+01      0.3445858242E+01     -0.1754695215E+01
    0.4590448802E+01      0.4590448802E+01      0.6324686001E+01     -0.3156430907E+01
    0.4715585840E+01      0.4715585840E+01      0.6017755713E+01     -0.3160874138E+01
    0.4828923597E+01      0.4828923597E+01      0.5720654096E+01     -0.3142198342E+01
    0.4945571329E+01      0.4945571329E+01      0.5443421270E+01     -0.3119748565E+01
    0.5050513180E+01      0.5050513180E+01      0.5187011693E+01     -0.3075266927E+01
    0.5151898358E+01      0.5151898358E+01      0.4959910038E+01     -0.3027101853E+01
    0.5240703096E+01      0.5240703096E+01      0.4753850824E+01     -0.2964937556E+01
    0.5323020858E+01      0.5323020858E+01      0.4569014531E+01     -0.2899687149E+01
    0.5398134130E+01      0.5398134130E+01      0.4404565370E+01     -0.2827373787E+01
    0.5466751663E+01      0.5466751663E+01      0.4257587534E+01     -0.2752702973E+01
    0.5529504028E+01      0.5529504028E+01      0.4128040768E+01     -0.2675965874E+01
    0.5587345423E+01      0.5587345423E+01      0.4015536210E+01     -0.2598854309E+01
    0.5639626138E+01      0.5639626138E+01      0.3917156686E+01     -0.2523021119E+01
    0.5687263594E+01      0.5687263594E+01      0.3831290898E+01     -0.2449094688E+01
    0.5731189024E+01      0.5731189024E+01      0.3757333774E+01     -0.2376306493E+01
    0.5769892364E+01      0.5769892364E+01      0.3692016009E+01     -0.2304960231E+01
    0.5805306403E+01      0.5805306403E+01      0.3637089188E+01     -0.2234197251E+01
    0.5839321624E+01      0.5839321624E+01      0.3594422800E+01     -0.2164334979E+01
    0.5869266664E+01      0.5869266664E+01      0.3559446692E+01     -0.2095965745E+01
    0.5894614252E+01      0.5894614252E+01      0.3531037262E+01     -0.2031384278E+01
    0.5920057901E+01      0.5920057901E+01      0.3513950417E+01     -0.1969160407E+01
    0.5940077392E+01      0.5940077392E+01      0.3499881229E+01     -0.1909932693E+01
    0.5958652739E+01      0.5958652739E+01      0.3492960977E+01     -0.1852615399E+01
    0.5975416369E+01      0.5975416369E+01      0.3490925551E+01     -0.1794679408E+01
    0.5990187496E+01      0.5990187496E+01      0.3502041786E+01     -0.1711556243E+01
    0.4703186653E+01      0.4703186653E+01      0.6247817588E+01     -0.2847059182E+01
    0.4806153349E+01      0.4806153349E+01      0.5969729662E+01     -0.2861625173E+01
    0.4915827364E+01      0.4915827364E+01      0.5706677976E+01     -0.2869058721E+01
    0.5014872252E+01      0.5014872252E+01      0.5454108171E+01     -0.2855665721E+01
    0.5114979052E+01      0.5114979052E+01      0.5221469947E+01     -0.2835538138E+01
    0.5204465618E+01      0.5204465618E+01      0.5005401866E+01     -0.2798808364E+01
    0.5288489013E+01      0.5288489013E+01      0.4809223575E+01     -0.2756821367E+01
    0.5364217272E+01      0.5364217272E+01      0.4630870727E+01     -0.2704269025E+01
    0.5435219117E+01      0.5435219117E+01      0.4471226861E+01     -0.2647604847E+01
    0.5499295264E+01      0.5499295264E+01      0.4327376096E+01     -0.2585503664E+01
    0.5558307668E+01      0.5558307668E+01      0.4199882985E+01     -0.2521404582E+01
    0.5612677573E+01      0.5612677573E+01      0.4088076819E+01     -0.2455745948E+01
    0.5661879115E+01      0.5661879115E+01      0.3989441308E+01     -0.2389966076E+01
    0.5706996292E+01      0.5706996292E+01      0.3903009526E+01     -0.2325350834E+01
    0.5748709436E+01      0.5748709436E+01      0.3827832178E+01     -0.2261425035E+01
    0.5785327623E+01      0.5785327623E+01      0.3760462948E+01     -0.2198800355E+01
    0.5819161860E+01      0.5819161860E+01      0.3703398019E+01     -0.2136657713E+01
    0.5851885850E+01      0.5851885850E+01      0.3658598834E+01     -0.2074380839E+01
    0.5880320794E+01      0.5880320794E+01      0.3621204954E+01     -0.2013221831E+01
    0.5904695010E+01      0.5904695010E+01      0.3591225453E+01     -0.1955007311E+01
    0.5928878995E+01      0.5928878995E+01      0.3572470684E+01     -0.1898396592E+01
    0.5947262425E+01      0.5947262425E+01      0.3556506825E+01     -0.1845363665E+01
    0.5964719466E+01      0.5964719466E+01      0.3548562014E+01     -0.1793257013E+01
    0.5979881880E+01      0.5979881880E+01      0.3544721385E+01     -0.1740932433E+01
    0.5993584703E+01      0.5993584703E+01      0.3553818029E+01     -0.1665751894E+01
    0.4788974857E+01      0.4788974857E+01      0.6184359030E+01     -0.2569680667E+01
    0.4891739082E+01      0.4891739082E+01      0.5939264098E+01     -0.2603489838E+01
    0.4986849791E+01      0.4986849791E+01      0.5691273098E+01     -0.2614883642E+01
    0.5085058850E+01      0.5085058850E+01      0.5461480543E+01     -0.2618138374E+01
    0.5172045010E+01      0.5172045010E+01      0.5241789372E+01     -0.2605133018E+01
    0.5257593467E+01      0.5257593467E+01      0.5039418365E+01     -0.2585561930E+01
    0.5334202982E+01      0.5334202982E+01      0.4851097359E+01     -0.2553223322E+01
    0.5405931434E+01      0.5405931434E+01      0.4679580914E+01     -0.2515850506E+01
    0.5472107534E+01      0.5472107534E+01      0.4525045113E+01     -0.2470260955E+01
    0.5532423694E+01      0.5532423694E+01      0.4385041020E+01     -0.2420704815E+01
    0.5587927906E+01      0.5587927906E+01      0.4260339302E+01     -0.2367609520E+01
    0.5639091722E+01      0.5639091722E+01      0.4149801903E+01     -0.2312644781E+01
    0.5685631781E+01      0.5685631781E+01      0.4051445815E+01     -0.2256930878E+01
    0.5728614832E+01      0.5728614832E+01      0.3965201001E+01     -0.2201404180E+01
    0.5768164792E+01      0.5768164792E+01      0.3889539132E+01     -0.2145822503E+01
    0.5802752388E+01      0.5802752388E+01      0.3821131691E+01     -0.2091324370E+01
    0.5834918172E+01      0.5834918172E+01      0.3762793152E+01     -0.2037079687E+01
    0.5866106200E+01      0.5866106200E+01      0.3716209401E+01     -0.1982265880E+01
    0.5892859037E+01      0.5892859037E+01      0.3676712714E+01     -0.1928192862E+01
    0.5916362731E+01      0.5916362731E+01      0.3645583194E+01     -0.1876150253E+01
    0.5939240495E+01      0.5939240495E+01      0.3625095226E+01     -0.1825217268E+01
    0.5956071181E+01      0.5956071181E+01      0.3607464419E+01     -0.1778222322E+01
    0.5972568145E+01      0.5972568145E+01      0.3598698839E+01     -0.1731166232E+01
    0.5986117769E+01      0.5986117769E+01      0.3593454448E+01     -0.1684858272E+01
    0.5998835883E+01      0.5998835883E+01      0.3600700572E+01     -0.1618025876E+01
    0.4873883786E+01      0.4873883786E+01      0.6139112499E+01     -0.2327286054E+01
    0.4961021159E+01      0.4961021159E+01      0.5906129367E+01     -0.2359823291E+01
    0.5059232933E+01      0.5059232933E+01      0.5683667582E+01     -0.2385479107E+01
    0.5145036850E+01      0.5145036850E+01      0.5458679443E+01     -0.2391912505E+01
    0.5230456557E+01      0.5230456557E+01      0.5254815204E+01     -0.2390852189E+01
    0.5307088684E+01      0.5307088684E+01      0.5061579476E+01     -0.2378239360E+01
    0.5379786907E+01      0.5379786907E+01      0.4881722486E+01     -0.2359467719E+01
    0.5446591299E+01      0.5446591299E+01      0.4716886840E+01     -0.2331187622E+01
    0.5509146826E+01      0.5509146826E+01      0.4567762203E+01     -0.2297536842E+01
    0.5565568376E+01      0.5565568376E+01      0.4431856938E+01     -0.2257943815E+01
    0.5617875949E+01      0.5617875949E+01      0.4310427060E+01     -0.2215134165E+01
    0.5665970505E+01      0.5665970505E+01      0.4201904566E+01     -0.2169728192E+01
    0.5709659590E+01      0.5709659590E+01      0.4104560214E+01     -0.2123024194E+01
    0.5750359481E+01      0.5750359481E+01      0.4018773522E+01     -0.2075823703E+01
    0.5787730250E+01      0.5787730250E+01      0.3942817297E+01     -0.2028118835E+01
    0.5820299373E+01      0.5820299373E+01      0.3873778194E+01     -0.1981101864E+01
    0.5851096447E+01      0.5851096447E+01      0.3814861407E+01     -0.1934433539E+01
    0.5880750423E+01      0.5880750423E+01      0.3766827823E+01     -0.1887036300E+01
    0.5906024060E+01      0.5906024060E+01      0.3725643085E+01     -0.1840397170E+01
    0.5929001994E+01      0.5929001994E+01      0.3693907496E+01     -0.1794672928E+01
    0.5950536782E+01      0.5950536782E+01      0.3671587538E+01     -0.1749639912E+01
    0.5966260859E+01      0.5966260859E+01      0.3652710561E+01     -0.1708619384E+01
    0.5981817184E+01      0.5981817184E+01      0.3643204950E+01     -0.1666613405E+01
    0.5993931777E+01      0.5993931777E+01      0.3637115911E+01     -0.1626456642E+01
    0.6005562311E+01      0.6005562311E+01      0.3642678621E+01     -0.1567895330E+01
    0.4945802149E+01      0.4945802149E+01      0.6087846859E+01     -0.2096580963E+01
    0.5036522925E+01      0.5036522925E+01      0.5879188494E+01     -0.2139319987E+01
    0.5118405920E+01      0.5118405920E+01      0.5659837672E+01     -0.2163809733E+01
    0.5206851936E+01      0.5206851936E+01      0.5456260221E+01     -0.2181198816E+01
    0.5282859974E+01      0.5282859974E+01      0.5256426809E+01     -0.2185433800E+01
    0.5356428043E+01      0.5356428043E+01      0.5074482138E+01     -0.2182775382E+01
    0.5423263563E+01      0.5423263563E+01      0.4902637364E+01     -0.2171279726E+01
    0.5486543464E+01      0.5486543464E+01      0.4744624136E+01     -0.2153675557E+01
    0.5545168830E+01      0.5545168830E+01      0.4600833070E+01     -0.2128581433E+01
    0.5598327260E+01      0.5598327260E+01      0.4469219086E+01     -0.2098496460E+01
    0.5647671326E+01      0.5647671326E+01      0.4351102495E+01     -0.2064380713E+01
    0.5692980016E+01      0.5692980016E+01      0.4244752952E+01     -0.2027682689E+01
    0.5734225259E+01      0.5734225259E+01      0.4148714391E+01     -0.1989466995E+01
    0.5772922507E+01      0.5772922507E+01      0.4063647712E+01     -0.1950351566E+01
    0.5808365292E+01      0.5808365292E+01      0.3987609687E+01     -0.1910510644E+01
    0.5839286024E+01      0.5839286024E+01      0.3918488348E+01     -0.1870894849E+01
    0.5868899394E+01      0.5868899394E+01      0.3859784452E+01     -0.1831321671E+01
    0.5896888880E+01      0.5896888880E+01      0.3810813906E+01     -0.1790916586E+01
    0.5920675555E+01      0.5920675555E+01      0.3768534862E+01     -0.1751374787E+01
    0.5943079685E+01      0.5943079685E+01      0.3736466709E+01     -0.1711742096E+01
    0.5962965099E+01      0.5962965099E+01      0.3712222595E+01     -0.1672660791E+01
    0.5977951547E+01      0.5977951547E+01      0.3692624667E+01     -0.1637180119E+01
    0.5992487278E+01      0.5992487278E+01      0.3682106425E+01     -0.1600199271E+01
    0.6003350782E+01      0.6003350782E+01      0.3675555635E+01     -0.1566060940E+01
    0.6013923025E+01      0.6013923025E+01      0.3679567473E+01     -0.1515539624E+01
    0.5020169289E+01      0.5020169289E+01      0.6042462249E+01     -0.1886945638E+01
    0.5096700011E+01      0.5096700011E+01      0.5838066172E+01     -0.1928462767E+01
    0.5183023168E+01      0.5183023168E+01      0.5639952997E+01     -0.1960333744E+01
    0.5258244216E+01      0.5258244216E+01      0.5439892732E+01     -0.1980079787E+01
    0.5334196943E+01      0.5334196943E+01      0.5254226291E+01     -0.1992758760E+01
    0.5402530107E+01      0.5402530107E+01      0.5078422673E+01     -0.1995522352E+01
    0.5465418272E+01      0.5465418272E+01      0.4915255607E+01     -0.1992097972E+01
    0.5524855894E+01      0.5524855894E+01      0.4764207629E+01     -0.1981438565E+01
    0.5580285522E+01      0.5580285522E+01      0.4625721761E+01     -0.1964413193E+01
    0.5630369235E+01      0.5630369235E+01      0.4498321334E+01     -0.1942064299E+01
    0.5677018518E+01      0.5677018518E+01      0.4383407351E+01     -0.1915926280E+01
    0.5719812605E+01      0.5719812605E+01      0.4279179165E+01     -0.1886967204E+01
    0.5758875540E+01      0.5758875540E+01      0.4184641253E+01     -0.1856445286E+01
    0.5795737600E+01      0.5795737600E+01      0.4100733011E+01     -0.1824853935E+01
    0.5829111293E+01      0.5829111293E+01      0.4024908766E+01     -0.1792261822E+01
    0.5858438589E+01      0.5858438589E+01      0.3955965461E+01     -0.1759597246E+01
    0.5886888209E+01      0.5886888209E+01      0.3897606846E+01     -0.1726634940E+01
    0.5913281896E+01      0.5913281896E+01      0.3847909505E+01     -0.1692999717E+01
    0.5936016953E+01      0.5936016953E+01      0.3805179889E+01     -0.1660422618E+01
    0.5957856883E+01      0.5957856883E+01      0.3772814362E+01     -0.1627000828E+01
    0.5976118621E+01      0.5976118621E+01      0.3746816539E+01     -0.1594166371E+01
    0.5990756186E+01      0.5990756186E+01      0.3726981207E+01     -0.1563905671E+01
    0.6004254524E+01      0.6004254524E+01      0.3715284971E+01     -0.1532221538E+01
    0.6014242361E+01      0.6014242361E+01      0.3708552353E+01     -0.1503756591E+01
    0.6023851908E+01      0.6023851908E+01      0.3711164317E+01     -0.1460954177E+01
    0.5082673328E+01      0.5082673328E+01      0.5990200782E+01     -0.1688594805E+01
    0.5162031693E+01      0.5162031693E+01      0.5803051950E+01     -0.1733929947E+01
    0.5234793826E+01      0.5234793826E+01      0.5607873183E+01     -0.1766892197E+01
    0.5312398281E+01      0.5312398281E+01      0.5424822162E+01     -0.1791425578E+01
    0.5379946457E+01      0.5379946457E+01      0.5243609296E+01     -0.1808415618E+01
    0.5446479040E+01      0.5446479040E+01      0.5076909482E+01     -0.1818179729E+01
    0.5506632739E+01      0.5506632739E+01      0.4920677837E+01     -0.1818766379E+01
    0.5562444230E+01      0.5562444230E+01      0.4776899620E+01     -0.1814403695E+01
    0.5614497136E+01      0.5614497136E+01      0.4643568968E+01     -0.1803953639E+01
    0.5661710646E+01      0.5661710646E+01      0.4520117452E+01     -0.1788724536E+01
    0.5705744735E+01      0.5705744735E+01      0.4408174181E+01     -0.1769740561E+01
    0.5746182837E+01      0.5746182837E+01      0.4305978689E+01     -0.1747977942E+01
    0.5783353833E+01      0.5783353833E+01      0.4213038686E+01     -0.1724520004E+01
    0.5818605833E+01      0.5818605833E+01      0.4130304446E+01     -0.1699837444E+01
    0.5850206568E+01      0.5850206568E+01      0.4054787349E+01     -0.1674193167E+01
    0.5878269630E+01      0.5878269630E+01      0.3986302736E+01     -0.1648401238E+01
    0.5905795023E+01      0.5905795023E+01      0.3928498544E+01     -0.1621983998E+01
    0.5930713097E+01      0.5930713097E+01      0.3878440757E+01     -0.1594979815E+01
    0.5952728142E+01      0.5952728142E+01      0.3835938379E+01     -0.1568882958E+01
    0.5973702242E+01      0.5973702242E+01      0.3803101935E+01     -0.1541398661E+01
    0.5990408624E+01      0.5990408624E+01      0.3775617033E+01     -0.1514749142E+01
    0.6004774050E+01      0.6004774050E+01      0.3755711844E+01     -0.1489457620E+01
    0.6017135212E+01      0.6017135212E+01      0.3742818346E+01     -0.1463158880E+01
    0.6026595185E+01      0.6026595185E+01      0.3735976123E+01     -0.1439769678E+01
    0.6035325634E+01      0.6035325634E+01      0.3737351380E+01     -0.1404474475E+01
    0.5145184175E+01      0.5145184175E+01      0.5940516347E+01     -0.1504854674E+01
    0.5214933002E+01      0.5214933002E+01      0.5759244160E+01     -0.1549675149E+01
    0.5290392219E+01      0.5290392219E+01      0.5579476975E+01     -0.1585592044E+01
    0.5358146732E+01      0.5358146732E+01      0.5399669549E+01     -0.1612664973E+01
    0.5425694662E+01      0.5425694662E+01      0.5231284288E+01     -0.1632940070E+01
    0.5487583980E+01      0.5487583980E+01      0.5070767030E+01     -0.1647214824E+01
    0.5545106142E+01      0.5545106142E+01      0.4920919591E+01     -0.1653701303E+01
    0.5598354082E+01      0.5598354082E+01      0.4782854272E+01     -0.1653037634E+01
    0.5647123858E+01      0.5647123858E+01      0.4654836432E+01     -0.1648186276E+01
    0.5691743050E+01      0.5691743050E+01      0.4535198834E+01     -0.1638861522E+01
    0.5733604965E+01      0.5733604965E+01      0.4426022472E+01     -0.1626087859E+01
    0.5772008778E+01      0.5772008778E+01      0.4325863099E+01     -0.1610810736E+01
    0.5807516300E+01      0.5807516300E+01      0.4234605879E+01     -0.1593925609E+01
    0.5841334286E+01      0.5841334286E+01      0.4153011232E+01     -0.1575626239E+01
    0.5871400013E+01      0.5871400013E+01      0.4077987296E+01     -0.1556424562E+01
    0.5898452166E+01      0.5898452166E+01      0.4010396370E+01     -0.1537104912E+01
    0.5924958541E+01      0.5924958541E+01      0.3953116106E+01     -0.1516854425E+01
    0.5948468630E+01      0.5948468630E+01      0.3902750251E+01     -0.1496191097E+01
    0.5970072278E+01      0.5970072278E+01      0.3860715750E+01     -0.1476183789E+01
    0.5990071816E+01      0.5990071816E+01      0.3827127484E+01     -0.1454636243E+01
    0.6005603278E+01      0.6005603278E+01      0.3798532949E+01     -0.1434113405E+01
    0.6019710165E+01      0.6019710165E+01      0.3778477480E+01     -0.1413917591E+01
    0.6030975762E+01      0.6030975762E+01      0.3764518336E+01     -0.1393024017E+01
    0.6040274708E+01      0.6040274708E+01      0.3757626249E+01     -0.1374312880E+01
    0.6048156534E+01      0.6048156534E+01      0.3757933982E+01     -0.1346532157E+01
    0.5197587513E+01      0.5197587513E+01      0.5890662313E+01     -0.1335043419E+01
    0.5268250506E+01      0.5268250506E+01      0.5719645893E+01     -0.1378522411E+01
    0.5335774645E+01      0.5335774645E+01      0.5544708511E+01     -0.1414652115E+01
    0.5404372172E+01      0.5404372172E+01      0.5376284288E+01     -0.1443316865E+01
    0.5466867518E+01      0.5466867518E+01      0.5213094435E+01     -0.1466133640E+01
    0.5526760721E+01      0.5526760721E+01      0.5060815455E+01     -0.1483140063E+01
    0.5581451329E+01      0.5581451329E+01      0.4916821089E+01     -0.1493506717E+01
    0.5632509661E+01      0.5632509661E+01      0.4783790761E+01     -0.1496983174E+01
    0.5678875054E+01      0.5678875054E+01      0.4659992136E+01     -0.1495967082E+01
    0.5720781010E+01      0.5720781010E+01      0.4544298232E+01     -0.1492011917E+01
    0.5760602524E+01      0.5760602524E+01      0.4437754984E+01     -0.1484876780E+01
    0.5797359900E+01      0.5797359900E+01      0.4339457723E+01     -0.1475422670E+01
    0.5831597801E+01      0.5831597801E+01      0.4249895027E+01     -0.1464404806E+01
    0.5864111652E+01      0.5864111652E+01      0.4169451443E+01     -0.1452132054E+01
    0.5892785666E+01      0.5892785666E+01      0.4095074164E+01     -0.1439198939E+01
    0.5919065620E+01      0.5919065620E+01      0.4028512956E+01     -0.1426051394E+01
    0.5944584436E+01      0.5944584436E+01      0.3971539521E+01     -0.1411792398E+01
    0.5967001017E+01      0.5967001017E+01      0.3921055331E+01     -0.1397350205E+01
    0.5988335013E+01      0.5988335013E+01      0.3879580981E+01     -0.1383071235E+01
    0.6007239075E+01      0.6007239075E+01      0.3845079335E+01     -0.1367381330E+01
    0.6021947090E+01      0.6021947090E+01      0.3815741532E+01     -0.1352665478E+01
    0.6035611109E+01      0.6035611109E+01      0.3795200119E+01     -0.1337675917E+01
    0.6045941649E+01      0.6045941649E+01      0.3780298114E+01     -0.1322013721E+01
    0.6055139751E+01      0.6055139751E+01      0.3773359492E+01     -0.1307836070E+01
    0.6062295059E+01      0.6062295059E+01      0.3772838830E+01     -0.1287595601E+01
    0.5246910442E+01      0.5246910442E+01      0.5843414491E+01     -0.1175327342E+01
    0.5313307529E+01      0.5313307529E+01      0.5678566839E+01     -0.1217259807E+01
    0.5381761960E+01      0.5381761960E+01      0.5512898439E+01     -0.1252566436E+01
    0.5445027966E+01      0.5445027966E+01      0.5348850314E+01     -0.1282138652E+01
    0.5506758200E+01      0.5506758200E+01      0.5194188802E+01     -0.1305842205E+01
    0.5563905256E+01      0.5563905256E+01      0.5047831226E+01     -0.1324379137E+01
    0.5616223395E+01      0.5616223395E+01      0.4909445368E+01     -0.1337546347E+01
    0.5664537892E+01      0.5664537892E+01      0.4780279655E+01     -0.1345091564E+01
    0.5708809146E+01      0.5708809146E+01      0.4659982493E+01     -0.1348123163E+01
    0.5749151837E+01      0.5749151837E+01      0.4547477435E+01     -0.1347832608E+01
    0.5787048259E+01      0.5787048259E+01      0.4443738987E+01     -0.1345742373E+01
    0.5822285726E+01      0.5822285726E+01      0.4347502184E+01     -0.1341704911E+01
    0.5855425669E+01      0.5855425669E+01      0.4259456476E+01     -0.1336198334E+01
    0.5886813712E+01      0.5886813712E+01      0.4179933765E+01     -0.1329623150E+01
    0.5914410710E+01      0.5914410710E+01      0.4106398363E+01     -0.1322666602E+01
    0.5940059180E+01      0.5940059180E+01      0.4040921477E+01     -0.1315298738E+01
    0.5964551590E+01      0.5964551590E+01      0.3984108585E+01     -0.1306773064E+01
    0.5986085655E+01      0.5986085655E+01      0.3933650159E+01     -0.1298172004E+01
    0.6007089137E+01      0.6007089137E+01      0.3892440573E+01     -0.1289334806E+01
    0.6024947692E+01      0.6024947692E+01      0.3856975220E+01     -0.1279479097E+01
    0.6039153318E+01      0.6039153318E+01      0.3827125270E+01     -0.1270358852E+01
    0.6052313929E+01      0.6052313929E+01      0.3805859209E+01     -0.1260652970E+01
    0.6062019635E+01      0.6062019635E+01      0.3790175247E+01     -0.1250183626E+01
    0.6071054325E+01      0.6071054325E+01      0.3783120228E+01     -0.1240648221E+01
    0.6077621926E+01      0.6077621926E+01      0.3781975604E+01     -0.1227986100E+01
    0.5290244719E+01      0.5290244719E+01      0.5799717481E+01     -0.1026198133E+01
    0.5356521691E+01      0.5356521691E+01      0.5639812304E+01     -0.1064750573E+01
    0.5421104572E+01      0.5421104572E+01      0.5479026712E+01     -0.1098766277E+01
    0.5484603096E+01      0.5484603096E+01      0.5322963149E+01     -0.1127215008E+01
    0.5543603063E+01      0.5543603063E+01      0.5173817807E+01     -0.1151145883E+01
    0.5598526901E+01      0.5598526901E+01      0.5032584392E+01     -0.1170969904E+01
    0.5648692405E+01      0.5648692405E+01      0.4898773370E+01     -0.1185999809E+01
    0.5695085274E+01      0.5695085274E+01      0.4773479269E+01     -0.1196169937E+01
    0.5737533886E+01      0.5737533886E+01      0.4655814445E+01     -0.1202744454E+01
    0.5776652032E+01      0.5776652032E+01      0.4546080600E+01     -0.1206409632E+01
    0.5813601724E+01      0.5813601724E+01      0.4444728850E+01     -0.1208177273E+01
    0.5847768372E+01      0.5847768372E+01      0.4350279076E+01     -0.1209042570E+01
    0.5879837100E+01      0.5879837100E+01      0.4263711289E+01     -0.1208890782E+01
    0.5909849507E+01      0.5909849507E+01      0.4185148141E+01     -0.1208079544E+01
    0.5936438664E+01      0.5936438664E+01      0.4112573283E+01     -0.1206966581E+01
    0.5961397057E+01      0.5961397057E+01      0.4047970503E+01     -0.1204978500E+01
    0.5984866312E+01      0.5984866312E+01      0.3991056976E+01     -0.1201908304E+01
    0.6005819424E+01      0.6005819424E+01      0.3940706303E+01     -0.1198877373E+01
    0.6026368384E+01      0.6026368384E+01      0.3899448166E+01     -0.1195301660E+01
    0.6043326469E+01      0.6043326469E+01      0.3863138912E+01     -0.1191251079E+01
    0.6057180980E+01      0.6057180980E+01      0.3832925390E+01     -0.1187517051E+01
    0.6069876368E+01      0.6069876368E+01      0.3810982338E+01     -0.1183042106E+01
    0.6079183801E+01      0.6079183801E+01      0.3794687784E+01     -0.1177742803E+01
    0.6087960014E+01      0.6087960014E+01      0.3787379921E+01     -0.1173030814E+01
    0.6094073159E+01      0.6094073159E+01      0.3785746978E+01     -0.1167959728E+01
    0.5329241343E+01      0.5329241343E+01      0.5759114744E+01     -0.8848798055E+00
    0.5393902696E+01      0.5393902696E+01      0.5603704710E+01     -0.9199303548E+00
    0.5459465588E+01      0.5459465588E+01      0.5448787237E+01     -0.9505172592E+00
    0.5520301704E+01      0.5520301704E+01      0.5296895213E+01     -0.9778292428E+00
    0.5578016116E+01      0.5578016116E+01      0.5153175287E+01     -0.1000983132E+01
    0.5631046884E+01      0.5631046884E+01      0.5016184195E+01     -0.1020964000E+01
    0.5679549932E+01      0.5679549932E+01      0.4886241786E+01     -0.1037360448E+01
    0.5724274067E+01      0.5724274067E+01      0.4763930279E+01     -0.1049747173E+01
    0.5765159032E+01      0.5765159032E+01      0.4648381443E+01     -0.1059604889E+01
    0.5803159791E+01      0.5803159791E+01      0.4540496141E+01     -0.1067224261E+01
    0.5839227329E+01      0.5839227329E+01      0.4441021037E+01     -0.1073074199E+01
    0.5872455117E+01      0.5872455117E+01      0.4348360932E+01     -0.1078643436E+01
    0.5903771639E+01      0.5903771639E+01      0.4263525938E+01     -0.1083486369E+01
    0.5932792253E+01      0.5932792253E+01      0.4185790477E+01     -0.1087814357E+01
    0.5958548335E+01      0.5958548335E+01      0.4113893246E+01     -0.1092185212E+01
    0.5983038356E+01      0.5983038356E+01      0.4050091155E+01     -0.1095132049E+01
    0.6005635803E+01      0.6005635803E+01      0.3993170034E+01     -0.1097275168E+01
    0.6026078883E+01      0.6026078883E+01      0.3942912705E+01     -0.1099639367E+01
    0.6046215804E+01      0.6046215804E+01      0.3901628208E+01     -0.1101213583E+01
    0.6062370030E+01      0.6062370030E+01      0.3864769738E+01     -0.1102875916E+01
    0.6075874696E+01      0.6075874696E+01      0.3834265720E+01     -0.1104447167E+01
    0.6088290528E+01      0.6088290528E+01      0.3811991995E+01     -0.1105012669E+01
    0.6097321087E+01      0.6097321087E+01      0.3795360199E+01     -0.1104906609E+01
    0.6105788156E+01      0.6105788156E+01      0.3787749624E+01     -0.1105148756E+01
    0.6111594033E+01      0.6111594033E+01      0.3785776545E+01     -0.1107693959E+01
    0.5363844915E+01      0.5363844915E+01      0.5723540010E+01     -0.7489017498E+00
    0.5429799637E+01      0.5429799637E+01      0.5571708112E+01     -0.7795198521E+00
    0.5492888308E+01      0.5492888308E+01      0.5419631051E+01     -0.8075242402E+00
    0.5553061357E+01      0.5553061357E+01      0.5272658674E+01     -0.8327242333E+00
    0.5609384748E+01      0.5609384748E+01      0.5132893574E+01     -0.8546399183E+00
    0.5660692187E+01      0.5660692187E+01      0.4998931573E+01     -0.8746452202E+00
    0.5707764969E+01      0.5707764969E+01      0.4871693979E+01     -0.8921830808E+00
    0.5751343217E+01      0.5751343217E+01      0.4751493847E+01     -0.9063764345E+00
    0.5791176602E+01      0.5791176602E+01      0.4637453513E+01     -0.9190219305E+00
    0.5828728233E+01      0.5828728233E+01      0.4531181433E+01     -0.9300697906E+00
    0.5864216833E+01      0.5864216833E+01      0.4432717073E+01     -0.9399909238E+00
    0.5896800978E+01      0.5896800978E+01      0.4340887416E+01     -0.9500796141E+00
    0.5927485465E+01      0.5927485465E+01      0.4256801720E+01     -0.9596674003E+00
    0.5955427246E+01      0.5955427246E+01      0.4179170511E+01     -0.9690896983E+00
    0.5980644562E+01      0.5980644562E+01      0.4107919081E+01     -0.9783770913E+00
    0.6004880245E+01      0.6004880245E+01      0.4044932386E+01     -0.9860512426E+00
    0.6026740616E+01      0.6026740616E+01      0.3988034686E+01     -0.9932483664E+00
    0.6046858882E+01      0.6046858882E+01      0.3938111934E+01     -0.1000652435E+01
    0.6066609537E+01      0.6066609537E+01      0.3896811191E+01     -0.1007456499E+01
    0.6082165249E+01      0.6082165249E+01      0.3859498251E+01     -0.1014635191E+01
    0.6095309093E+01      0.6095309093E+01      0.3828584851E+01     -0.1021299325E+01
    0.6107697542E+01      0.6107697542E+01      0.3806315348E+01     -0.1027012067E+01
    0.6116504339E+01      0.6116504339E+01      0.3789297428E+01     -0.1031995286E+01
    0.6124642930E+01      0.6124642930E+01      0.3781097613E+01     -0.1037259658E+01
    0.6130202274E+01      0.6130202274E+01      0.3778787182E+01     -0.1047398645E+01
    0.5395881383E+01      0.5395881383E+01      0.5693603775E+01     -0.6160909466E+00
    0.5460611533E+01      0.5460611533E+01      0.5543471227E+01     -0.6430254792E+00
    0.5523725957E+01      0.5523725957E+01      0.5394709506E+01     -0.6670992878E+00
    0.5582996349E+01      0.5582996349E+01      0.5250334698E+01     -0.6898264515E+00
    0.5638385654E+01      0.5638385654E+01      0.5112876829E+01     -0.7103332935E+00
    0.5688237859E+01      0.5688237859E+01      0.4980512169E+01     -0.7300643364E+00
    0.5734569986E+01      0.5734569986E+01      0.4855357473E+01     -0.7481976035E+00
    0.5777415724E+01      0.5777415724E+01      0.4736646798E+01     -0.7641649370E+00
    0.5816431026E+01      0.5816431026E+01      0.4623631802E+01     -0.7797220627E+00
    0.5853622451E+01      0.5853622451E+01      0.4518508727E+01     -0.7943503699E+00
    0.5888455900E+01      0.5888455900E+01      0.4420615984E+01     -0.8085817009E+00
    0.5920550786E+01      0.5920550786E+01      0.4329394610E+01     -0.8232021683E+00
    0.5950736278E+01      0.5950736278E+01      0.4245765225E+01     -0.8373812974E+00
    0.5977885496E+01      0.5977885496E+01      0.4168088370E+01     -0.8515175547E+00
    0.6002915636E+01      0.6002915636E+01      0.4097444198E+01     -0.8655486643E+00
    0.6026941819E+01      0.6026941819E+01      0.4034904240E+01     -0.8778564646E+00
    0.6048154496E+01      0.6048154496E+01      0.3978039867E+01     -0.8900095558E+00
    0.6068065958E+01      0.6068065958E+01      0.3928730838E+01     -0.9023623405E+00
    0.6087389197E+01      0.6087389197E+01      0.3887809140E+01     -0.9143378661E+00
    0.6102443644E+01      0.6102443644E+01      0.3850654217E+01     -0.9267901836E+00
    0.6115389826E+01      0.6115389826E+01      0.3819979997E+01     -0.9384207777E+00
    0.6127911930E+01      0.6127911930E+01      0.3798188196E+01     -0.9490515015E+00
    0.6136604863E+01      0.6136604863E+01      0.3781107590E+01     -0.9590572883E+00
    0.6144479401E+01      0.6144479401E+01      0.3772408179E+01     -0.9693957136E+00
    0.6149838834E+01      0.6149838834E+01      0.3769652902E+01     -0.9871903678E+00
    0.5423115729E+01      0.5423115729E+01      0.5669520250E+01     -0.4861135407E+00
    0.5488751682E+01      0.5488751682E+01      0.5520728767E+01     -0.5075680417E+00
    0.5551006897E+01      0.5551006897E+01      0.5372486271E+01     -0.5281947976E+00
    0.5609927288E+01      0.5609927288E+01      0.5229724909E+01     -0.5484157668E+00
    0.5664619748E+01      0.5664619748E+01      0.5093362902E+01     -0.5674111258E+00
    0.5713616791E+01      0.5713616791E+01      0.4961730207E+01     -0.5867014128E+00
    0.5759740727E+01      0.5759740727E+01      0.4837703930E+01     -0.6053246052E+00
    0.5802139196E+01      0.5802139196E+01      0.4719442897E+01     -0.6232130267E+00
    0.5840886865E+01      0.5840886865E+01      0.4606757928E+01     -0.6415067477E+00
    0.5877845965E+01      0.5877845965E+01      0.4501908423E+01     -0.6598431535E+00
    0.5912209808E+01      0.5912209808E+01      0.4403926304E+01     -0.6783368677E+00
    0.5944074724E+01      0.5944074724E+01      0.4312939669E+01     -0.6973817024E+00
    0.5973912395E+01      0.5973912395E+01      0.4229280855E+01     -0.7159907043E+00
    0.6000476411E+01      0.6000476411E+01      0.4151217389E+01     -0.7347527009E+00
    0.6025618546E+01      0.6025618546E+01      0.4080984268E+01     -0.7533938878E+00
    0.6049419986E+01      0.6049419986E+01      0.4018386182E+01     -0.7704726319E+00
    0.6070096277E+01      0.6070096277E+01      0.3961210361E+01     -0.7876716200E+00
    0.6089863537E+01      0.6089863537E+01      0.3912192156E+01     -0.8051033458E+00
    0.6108727040E+01      0.6108727040E+01      0.3871284832E+01     -0.8222853506E+00
    0.6123296677E+01      0.6123296677E+01      0.3834157412E+01     -0.8398311206E+00
    0.6136139950E+01      0.6136139950E+01      0.3803802677E+01     -0.8562498056E+00
    0.6148834723E+01      0.6148834723E+01      0.3782677534E+01     -0.8716497153E+00
    0.6157410523E+01      0.6157410523E+01      0.3765910823E+01     -0.8865496103E+00
    0.6164965063E+01      0.6164965063E+01      0.3757224793E+01     -0.9019013850E+00
    0.6170309775E+01      0.6170309775E+01      0.3754774442E+01     -0.9273739270E+00
    0.5447471375E+01      0.5447471375E+01      0.5651342295E+01     -0.3558521256E+00
    0.5513382084E+01      0.5513382084E+01      0.5502187531E+01     -0.3718299886E+00
    0.5575600691E+01      0.5575600691E+01      0.5353882416E+01     -0.3889528116E+00
    0.5634557059E+01      0.5634557059E+01      0.5211308431E+01     -0.4066481130E+00
    0.5688735764E+01      0.5688735764E+01      0.5074533351E+01     -0.4243728438E+00
    0.5737506943E+01      0.5737506943E+01      0.4942792720E+01     -0.4431825971E+00
    0.5783678942E+01      0.5783678942E+01      0.4818668244E+01     -0.4626086119E+00
    0.5825840745E+01      0.5825840745E+01      0.4699777328E+01     -0.4825924563E+00
    0.5864673318E+01      0.5864673318E+01      0.4586741730E+01     -0.5038638106E+00
    0.5901534057E+01      0.5901534057E+01      0.4481330766E+01     -0.5259426513E+00
    0.5935690156E+01      0.5935690156E+01      0.4382718853E+01     -0.5486969827E+00
    0.5967585328E+01      0.5967585328E+01      0.4291530592E+01     -0.5720359506E+00
    0.5997121152E+01      0.5997121152E+01      0.4207406734E+01     -0.5951352759E+00
    0.6023330640E+01      0.6023330640E+01      0.4129058473E+01     -0.6185362408E+00
    0.6048764370E+01      0.6048764370E+01      0.4059458017E+01     -0.6417479722E+00
    0.6072286214E+01      0.6072286214E+01      0.3996906077E+01     -0.6637876474E+00
    0.6092537769E+01      0.6092537769E+01      0.3939764076E+01     -0.6861927013E+00
    0.6112216659E+01      0.6112216659E+01      0.3891334700E+01     -0.7088416976E+00
    0.6130617959E+01      0.6130617959E+01      0.3850532707E+01     -0.7312821826E+00
    0.6144775618E+01      0.6144775618E+01      0.3813536843E+01     -0.7537619769E+00
    0.6157641008E+01      0.6157641008E+01      0.3783614970E+01     -0.7749076531E+00
    0.6170534988E+01      0.6170534988E+01      0.3763068209E+01     -0.7950888436E+00
    0.6178973317E+01      0.6178973317E+01      0.3746381275E+01     -0.8149574804E+00
    0.6186181107E+01      0.6186181107E+01      0.3737425852E+01     -0.8354306947E+00
    0.6191549891E+01      0.6191549891E+01      0.3735090721E+01     -0.8684243214E+00
    0.5468262258E+01      0.5468262258E+01      0.5638228608E+01     -0.2240305623E+00
    0.5534601818E+01      0.5534601818E+01      0.5487189200E+01     -0.2350848792E+00
    0.5597521615E+01      0.5597521615E+01      0.5337889449E+01     -0.2486625214E+00
    0.5656815750E+01      0.5656815750E+01      0.5194419514E+01     -0.2638482141E+00
    0.5710704949E+01      0.5710704949E+01      0.5056013758E+01     -0.2803554000E+00
    0.5759843680E+01      0.5759843680E+01      0.4923314744E+01     -0.2989596727E+00
    0.5806309312E+01      0.5806309312E+01      0.4797931433E+01     -0.3193494555E+00
    0.5848638061E+01      0.5848638061E+01      0.4677423585E+01     -0.3415370339E+00
    0.5887966239E+01      0.5887966239E+01      0.4563252262E+01     -0.3659124049E+00
    0.5924969027E+01      0.5924969027E+01      0.4456435055E+01     -0.3918036181E+00
    0.5959206754E+01      0.5959206754E+01      0.4356667059E+01     -0.4189265926E+00
    0.5991217213E+01      0.5991217213E+01      0.4264761442E+01     -0.4467818858E+00
    0.6020482998E+01      0.6020482998E+01      0.4179872024E+01     -0.4746403966E+00
    0.6046595753E+01      0.6046595753E+01      0.4101363049E+01     -0.5028851760E+00
    0.6072343087E+01      0.6072343087E+01      0.4032420273E+01     -0.5308907296E+00
    0.6095508505E+01      0.6095508505E+01      0.3969993768E+01     -0.5581789964E+00
    0.6115433995E+01      0.6115433995E+01      0.3913287247E+01     -0.5860065981E+00
    0.6135064496E+01      0.6135064496E+01      0.3865814952E+01     -0.6139321455E+00
    0.6153005402E+01      0.6153005402E+01      0.3825375752E+01     -0.6415944803E+00
    0.6166882868E+01      0.6166882868E+01      0.3788777303E+01     -0.6687459893E+00
    0.6179874087E+01      0.6179874087E+01      0.3759611120E+01     -0.6945617614E+00
    0.6192926532E+01      0.6192926532E+01      0.3739792370E+01     -0.7195132438E+00
    0.6201160776E+01      0.6201160776E+01      0.3723333083E+01     -0.7444125186E+00
    0.6207999681E+01      0.6207999681E+01      0.3714336949E+01     -0.7700735006E+00
    0.6213466990E+01      0.6213466990E+01      0.3712378675E+01     -0.8104951992E+00
    0.5484984997E+01      0.5484984997E+01      0.5634795316E+01     -0.9028365208E-01
    0.5552951891E+01      0.5552951891E+01      0.5479645691E+01     -0.9602509548E-01
    0.5616986204E+01      0.5616986204E+01      0.5327278172E+01     -0.1057474349E+00
    0.5676820649E+01      0.5676820649E+01      0.5180556196E+01     -0.1183490310E+00
    0.5730879519E+01      0.5730879519E+01      0.5038525820E+01     -0.1337963612E+00
    0.5780659836E+01      0.5780659836E+01      0.4902729212E+01     -0.1526016084E+00
    0.5827720650E+01      0.5827720650E+01      0.4774312058E+01     -0.1744029263E+00
    0.5870584091E+01      0.5870584091E+01      0.4651015059E+01     -0.1991870373E+00
    0.5910631480E+01      0.5910631480E+01      0.4534767436E+01     -0.2269740040E+00
    0.5947991500E+01      0.5947991500E+01      0.4425990253E+01     -0.2569617672E+00
    0.5982558733E+01      0.5982558733E+01      0.4324895396E+01     -0.2887127230E+00
    0.6014825087E+01      0.6014825087E+01      0.4232167462E+01     -0.3214004281E+00
    0.6044028998E+01      0.6044028998E+01      0.4146626541E+01     -0.3544072347E+00
    0.6070298702E+01      0.6070298702E+01      0.4068193283E+01     -0.3878557095E+00
    0.6096295787E+01      0.6096295787E+01      0.3999779964E+01     -0.4210613095E+00
    0.6119107082E+01      0.6119107082E+01      0.3937478916E+01     -0.4539693883E+00
    0.6138832604E+01      0.6138832604E+01      0.3881350902E+01     -0.4874811606E+00
    0.6158415182E+01      0.6158415182E+01      0.3834781487E+01     -0.5206986656E+00
    0.6175949160E+01      0.6175949160E+01      0.3794727058E+01     -0.5534415125E+00
    0.6189659115E+01      0.6189659115E+01      0.3758661065E+01     -0.5851290540E+00
    0.6202836767E+01      0.6202836767E+01      0.3730403813E+01     -0.6155835071E+00
    0.6215937672E+01      0.6215937672E+01      0.3711321993E+01     -0.6453589048E+00
    0.6223917577E+01      0.6223917577E+01      0.3695246657E+01     -0.6753794900E+00
    0.6230388230E+01      0.6230388230E+01      0.3686415447E+01     -0.7062438941E+00
    0.6236036618E+01      0.6236036618E+01      0.3685055455E+01     -0.7538421020E+00
    0.5497643350E+01      0.5497643350E+01      0.5635627974E+01      0.4840324820E-01
    0.5568182461E+01      0.5568182461E+01      0.5473451234E+01      0.4708257544E-01
    0.5633753614E+01      0.5633753614E+01      0.5316026718E+01      0.4113990407E-01
    0.5694327271E+01      0.5694327271E+01      0.5164734459E+01      0.3084983179E-01
    0.5749009518E+01      0.5749009518E+01      0.5018500805E+01      0.1605055946E-01
    0.5799793645E+01      0.5799793645E+01      0.4879120397E+01     -0.3461240860E-02
    0.5847796474E+01      0.5847796474E+01      0.4747233832E+01     -0.2720785350E-01
    0.5891590151E+01      0.5891590151E+01      0.4620897696E+01     -0.5506698197E-01
    0.5932614517E+01      0.5932614517E+01      0.4502286788E+01     -0.8667556113E-01
    0.5970609547E+01      0.5970609547E+01      0.4391422376E+01     -0.1211577468E+00
    0.6005813504E+01      0.6005813504E+01      0.4288982847E+01     -0.1579236641E+00
    0.6038487022E+01      0.6038487022E+01      0.4195302722E+01     -0.1959202175E+00
    0.6067844351E+01      0.6067844351E+01      0.4109108458E+01     -0.2345437034E+00
    0.6094448031E+01      0.6094448031E+01      0.4030715210E+01     -0.2735752539E+00
    0.6120609321E+01      0.6120609321E+01      0.3962521994E+01     -0.3124311721E+00
    0.6143170344E+01      0.6143170344E+01      0.3900333082E+01     -0.3512924312E+00
    0.6162806640E+01      0.6162806640E+01      0.3844787646E+01     -0.3906997405E+00
    0.6182291941E+01      0.6182291941E+01      0.3798926528E+01     -0.4292121913E+00
    0.6199519392E+01      0.6199519392E+01      0.3759301890E+01     -0.4669514500E+00
    0.6213133349E+01      0.6213133349E+01      0.3723937946E+01     -0.5031547039E+00
    0.6226480174E+01      0.6226480174E+01      0.3696722026E+01     -0.5383209592E+00
    0.6239483273E+01      0.6239483273E+01      0.3678453299E+01     -0.5730605798E+00
    0.6247224268E+01      0.6247224268E+01      0.3663062915E+01     -0.6083066437E+00
    0.6253371833E+01      0.6253371833E+01      0.3654653615E+01     -0.6442783091E+00
    0.6259282389E+01      0.6259282389E+01      0.3654087203E+01     -0.6986478877E+00
    0.5507099454E+01      0.5507099454E+01      0.5641457671E+01      0.1913914477E+00
    0.5579671622E+01      0.5579671622E+01      0.5472070622E+01      0.1959273828E+00
    0.5647497533E+01      0.5647497533E+01      0.5308315528E+01      0.1928694454E+00
    0.5709343043E+01      0.5709343043E+01      0.5151456097E+01      0.1846342373E+00
    0.5765275551E+01      0.5765275551E+01      0.4999916002E+01      0.1702578130E+00
    0.5817517639E+01      0.5817517639E+01      0.4855343105E+01      0.1497199705E+00
    0.5866829125E+01      0.5866829125E+01      0.4718252415E+01      0.1235396347E+00
    0.5911906866E+01      0.5911906866E+01      0.4587319692E+01      0.9202657956E-01
    0.5954118201E+01      0.5954118201E+01      0.4464969986E+01      0.5590432651E-01
    0.5992988877E+01      0.5992988877E+01      0.4351190296E+01      0.1617840153E-01
    0.6029045856E+01      0.6029045856E+01      0.4246978656E+01     -0.2629857705E-01
    0.6062228389E+01      0.6062228389E+01      0.4152104481E+01     -0.7027186596E-01
    0.6091953900E+01      0.6091953900E+01      0.4065318012E+01     -0.1150822929E+00
    0.6118959670E+01      0.6118959670E+01      0.3986977626E+01     -0.1601617641E+00
    0.6145251490E+01      0.6145251490E+01      0.3919022100E+01     -0.2051463086E+00
    0.6167703834E+01      0.6167703834E+01      0.3857263623E+01     -0.2503016190E+00
    0.6187314848E+01      0.6187314848E+01      0.3802643157E+01     -0.2957586716E+00
    0.6206659874E+01      0.6206659874E+01      0.3757614858E+01     -0.3395774781E+00
    0.6223728383E+01      0.6223728383E+01      0.3718817480E+01     -0.3823315463E+00
    0.6237290428E+01      0.6237290428E+01      0.3684474357E+01     -0.4231502043E+00
    0.6250730283E+01      0.6250730283E+01      0.3658550182E+01     -0.4632201732E+00
    0.6263532373E+01      0.6263532373E+01      0.3641276263E+01     -0.5030874880E+00
    0.6271141004E+01      0.6271141004E+01      0.3626885634E+01     -0.5436111567E+00
    0.6277060794E+01      0.6277060794E+01      0.3619145700E+01     -0.5844403468E+00
    0.6283254378E+01      0.6283254378E+01      0.3619406197E+01     -0.6450528544E+00
    0.5513324895E+01      0.5513324895E+01      0.5651853123E+01      0.3385660241E+00
    0.5587657079E+01      0.5587657079E+01      0.5474461479E+01      0.3510091809E+00
    0.5657951543E+01      0.5657951543E+01      0.5303167263E+01      0.3503738978E+00
    0.5721625512E+01      0.5721625512E+01      0.5139793557E+01      0.3440423581E+00
    0.5779452973E+01      0.5779452973E+01      0.4981728433E+01      0.3301105074E+00
    0.5833619849E+01      0.5833619849E+01      0.4830448096E+01      0.3083322515E+00
    0.5884674716E+01      0.5884674716E+01      0.4686767752E+01      0.2791673848E+00
    0.5931426503E+01      0.5931426503E+01      0.4550094015E+01      0.2432076355E+00
    0.5975117248E+01      0.5975117248E+01      0.4423085773E+01      0.2016196807E+00
    0.6015192723E+01      0.6015192723E+01      0.4305754731E+01      0.1556141599E+00
    0.6052324995E+01      0.6052324995E+01      0.4199304336E+01      0.1064573585E+00
    0.6086170941E+01      0.6086170941E+01      0.4102908739E+01      0.5559949644E-01
    0.6116443895E+01      0.6116443895E+01      0.4015457399E+01      0.3873248139E-02
    0.6143863619E+01      0.6143863619E+01      0.3937060741E+01     -0.4786475672E-01
    0.6170297423E+01      0.6170297423E+01      0.3869411144E+01     -0.9952812418E-01
    0.6192703180E+01      0.6192703180E+01      0.3808374381E+01     -0.1513916199E+00
    0.6212374722E+01      0.6212374722E+01      0.3754986059E+01     -0.2029527078E+00
    0.6231563990E+01      0.6231563990E+01      0.3711018991E+01     -0.2521161255E+00
    0.6248597465E+01      0.6248597465E+01      0.3673502804E+01     -0.2999488122E+00
    0.6262134709E+01      0.6262134709E+01      0.3640548927E+01     -0.3455798979E+00
    0.6275557794E+01      0.6275557794E+01      0.3616181929E+01     -0.3907767281E+00
    0.6288121871E+01      0.6288121871E+01      0.3600187831E+01     -0.4358444313E+00
    0.6295696517E+01      0.6295696517E+01      0.3587095204E+01     -0.4816195796E+00
    0.6301654720E+01      0.6301654720E+01      0.3580342568E+01     -0.5268558675E+00
    0.6308023615E+01      0.6308023615E+01      0.3581307869E+01     -0.5931652028E+00
