    0.6507400122E+01      0.6507400122E+01      0.5141798135E+01      0.8089634151E+00
    0.6555821556E+01      0.6555821556E+01      0.4978702552E+01      0.7756279906E+00
    0.6601674970E+01      0.6601674970E+01      0.4821255072E+01      0.7313363583E+00
    0.6644066227E+01      0.6644066227E+01      0.4669739089E+01      0.6774343643E+00
    0.6681230545E+01      0.6681230545E+01      0.4524076199E+01      0.6155490244E+00
    0.6713659106E+01      0.6713659106E+01      0.4386923624E+01      0.5480849753E+00
    0.6741408074E+01      0.6741408074E+01      0.4259193648E+01      0.4775380372E+00
    0.6764026438E+01      0.6764026438E+01      0.4140741306E+01      0.4062060452E+00
    0.6781727572E+01      0.6781727572E+01      0.4031964016E+01      0.3345642871E+00
    0.6793993852E+01      0.6793993852E+01      0.3931466842E+01      0.2636886495E+00
    0.6804418013E+01      0.6804418013E+01      0.3842002887E+01      0.1948395000E+00
    0.6811930150E+01      0.6811930150E+01      0.3760956306E+01      0.1298784900E+00
    0.6817445500E+01      0.6817445500E+01      0.3689675276E+01      0.6717131142E-01
    0.6821172988E+01      0.6821172988E+01      0.3626768750E+01      0.8883433286E-02
    0.6820896507E+01      0.6820896507E+01      0.3569771425E+01     -0.4878397995E-01
    0.6818522962E+01      0.6818522962E+01      0.3519905025E+01     -0.1045445328E+00
    0.6814126153E+01      0.6814126153E+01      0.3474914291E+01     -0.1579044975E+00
    0.6807971692E+01      0.6807971692E+01      0.3433792080E+01     -0.2071731496E+00
    0.6800228475E+01      0.6800228475E+01      0.3395795791E+01     -0.2542346214E+00
    0.6790907725E+01      0.6790907725E+01      0.3360595321E+01     -0.2966986901E+00
    0.6780150244E+01      0.6780150244E+01      0.3327983061E+01     -0.3372954890E+00
    0.6768466453E+01      0.6768466453E+01      0.3297569615E+01     -0.3739400134E+00
    0.6755356849E+01      0.6755356849E+01      0.3269236424E+01     -0.4091261397E+00
    0.6743850132E+01      0.6743850132E+01      0.3245119179E+01     -0.4410372681E+00
    0.6723174209E+01      0.6723174209E+01      0.3219218324E+01     -0.4874523840E+00
    0.6507534920E+01      0.6507534920E+01      0.5109608324E+01      0.9932369662E+00
    0.6561372567E+01      0.6561372567E+01      0.4932074340E+01      0.9513088149E+00
    0.6611484664E+01      0.6611484664E+01      0.4763157825E+01      0.8975221835E+00
    0.6657220166E+01      0.6657220166E+01      0.4603323487E+01      0.8333525428E+00
    0.6696914875E+01      0.6696914875E+01      0.4452430492E+01      0.7609044011E+00
    0.6730405932E+01      0.6730405932E+01      0.4311274238E+01      0.6832717049E+00
    0.6759036766E+01      0.6759036766E+01      0.4181572616E+01      0.6026475335E+00
    0.6782067757E+01      0.6782067757E+01      0.4063188751E+01      0.5211382212E+00
    0.6799824731E+01      0.6799824731E+01      0.3956091203E+01      0.4402882450E+00
    0.6811968418E+01      0.6811968418E+01      0.3858210213E+01      0.3619779386E+00
    0.6821830260E+01      0.6821830260E+01      0.3771807906E+01      0.2875977113E+00
    0.6829041185E+01      0.6829041185E+01      0.3694819000E+01      0.2162992741E+00
    0.6834387536E+01      0.6834387536E+01      0.3628693819E+01      0.1489547169E+00
    0.6835717851E+01      0.6835717851E+01      0.3568040394E+01      0.8348894933E-01
    0.6834182296E+01      0.6834182296E+01      0.3515270190E+01      0.1985341070E-01
    0.6830655439E+01      0.6830655439E+01      0.3468482140E+01     -0.4093512568E-01
    0.6825398943E+01      0.6825398943E+01      0.3426078364E+01     -0.9867042443E-01
    0.6818689725E+01      0.6818689725E+01      0.3387106503E+01     -0.1516997791E+00
    0.6810681813E+01      0.6810681813E+01      0.3350948042E+01     -0.2020537812E+00
    0.6801444821E+01      0.6801444821E+01      0.3317415614E+01     -0.2473427267E+00
    0.6790988335E+01      0.6790988335E+01      0.3286353023E+01     -0.2900746322E+00
    0.6779694918E+01      0.6779694918E+01      0.3257388636E+01     -0.3285914753E+00
    0.6767273361E+01      0.6767273361E+01      0.3230410172E+01     -0.3655485662E+00
    0.6756355341E+01      0.6756355341E+01      0.3207306322E+01     -0.3992529723E+00
    0.6736436977E+01      0.6736436977E+01      0.3182201482E+01     -0.4486926554E+00
    0.6506791923E+01      0.6506791923E+01      0.5070978167E+01      0.1188836710E+01
    0.6566240624E+01      0.6566240624E+01      0.4877070024E+01      0.1136517475E+01
    0.6621017452E+01      0.6621017452E+01      0.4695085115E+01      0.1070706380E+01
    0.6670468352E+01      0.6670468352E+01      0.4525789967E+01      0.9937692882E+00
    0.6712955869E+01      0.6712955869E+01      0.4368614976E+01      0.9085739315E+00
    0.6748284761E+01      0.6748284761E+01      0.4223613901E+01      0.8185740164E+00
    0.6778076071E+01      0.6778076071E+01      0.4093227850E+01      0.7258812355E+00
    0.6801485874E+01      0.6801485874E+01      0.3976511404E+01      0.6330503459E+00
    0.6819112995E+01      0.6819112995E+01      0.3872268655E+01      0.5429982653E+00
    0.6830921290E+01      0.6830921290E+01      0.3778143937E+01      0.4571818494E+00
    0.6839839091E+01      0.6839839091E+01      0.3695630684E+01      0.3769811891E+00
    0.6846214184E+01      0.6846214184E+01      0.3623886393E+01      0.2985379350E+00
    0.6849704913E+01      0.6849704913E+01      0.3561345876E+01      0.2248524928E+00
    0.6849106438E+01      0.6849106438E+01      0.3505258055E+01      0.1525814195E+00
    0.6846348428E+01      0.6846348428E+01      0.3456512943E+01      0.8349183470E-01
    0.6841766002E+01      0.6841766002E+01      0.3412857377E+01      0.1807992545E-01
    0.6835808725E+01      0.6835808725E+01      0.3373151166E+01     -0.4347208032E-01
    0.6828789319E+01      0.6828789319E+01      0.3336611418E+01     -0.9957489000E-01
    0.6820852662E+01      0.6820852662E+01      0.3302732694E+01     -0.1524981547E+00
    0.6811936283E+01      0.6811936283E+01      0.3271226941E+01     -0.2000204803E+00
    0.6801968784E+01      0.6801968784E+01      0.3241937162E+01     -0.2445046118E+00
    0.6791239292E+01      0.6791239292E+01      0.3214714637E+01     -0.2845851767E+00
    0.6779650731E+01      0.6779650731E+01      0.3189426033E+01     -0.3230865952E+00
    0.6769215016E+01      0.6769215016E+01      0.3167357768E+01     -0.3585021422E+00
    0.6749910506E+01      0.6749910506E+01      0.3142872698E+01     -0.4109389480E+00
    0.6503987978E+01      0.6503987978E+01      0.5022654574E+01      0.1399752565E+01
    0.6570416927E+01      0.6570416927E+01      0.4809719896E+01      0.1333391779E+01
    0.6630709249E+01      0.6630709249E+01      0.4613281516E+01      0.1251881623E+01
    0.6685121824E+01      0.6685121824E+01      0.4434649768E+01      0.1158322826E+01
    0.6730602061E+01      0.6730602061E+01      0.4271176147E+01      0.1057707735E+01
    0.6767566806E+01      0.6767566806E+01      0.4123174153E+01      0.9532788327E+00
    0.6798419445E+01      0.6798419445E+01      0.3993784751E+01      0.8464662088E+00
    0.6821733822E+01      0.6821733822E+01      0.3880113087E+01      0.7419600505E+00
    0.6839012423E+01      0.6839012423E+01      0.3780188375E+01      0.6423566451E+00
    0.6850004348E+01      0.6850004348E+01      0.3691051749E+01      0.5488761013E+00
    0.6856979701E+01      0.6856979701E+01      0.3613043381E+01      0.4605650408E+00
    0.6862193001E+01      0.6862193001E+01      0.3547318420E+01      0.3753575017E+00
    0.6863205744E+01      0.6863205744E+01      0.3488293847E+01      0.2939719894E+00
    0.6861364300E+01      0.6861364300E+01      0.3437809740E+01      0.2159036876E+00
    0.6857495370E+01      0.6857495370E+01      0.3393208096E+01      0.1419549794E+00
    0.6852088773E+01      0.6852088773E+01      0.3353019044E+01      0.7255684361E-01
    0.6845706547E+01      0.6845706547E+01      0.3316347501E+01      0.7879043332E-02
    0.6838678681E+01      0.6838678681E+01      0.3282637981E+01     -0.5064026310E-01
    0.6831022066E+01      0.6831022066E+01      0.3251372851E+01     -0.1055258338E+00
    0.6822598483E+01      0.6822598483E+01      0.3222183562E+01     -0.1547286347E+00
    0.6813296445E+01      0.6813296445E+01      0.3194908457E+01     -0.2006161527E+00
    0.6803244921E+01      0.6803244921E+01      0.3169613725E+01     -0.2420574108E+00
    0.6792573361E+01      0.6792573361E+01      0.3146285831E+01     -0.2820001520E+00
    0.6782438037E+01      0.6782438037E+01      0.3125240784E+01     -0.3190519518E+00
    0.6763505126E+01      0.6763505126E+01      0.3101152289E+01     -0.3744340074E+00
    0.6500564968E+01      0.6500564968E+01      0.4969606597E+01      0.1629538004E+01
    0.6574097732E+01      0.6574097732E+01      0.4731477680E+01      0.1545721906E+01
    0.6640903802E+01      0.6640903802E+01      0.4517467639E+01      0.1443248907E+01
    0.6700449609E+01      0.6700449609E+01      0.4328245595E+01      0.1329242648E+01
    0.6748478114E+01      0.6748478114E+01      0.4157715508E+01      0.1209943852E+01
    0.6788068560E+01      0.6788068560E+01      0.4008905924E+01      0.1087025195E+01
    0.6819440945E+01      0.6819440945E+01      0.3882564795E+01      0.9638416905E+00
    0.6842607869E+01      0.6842607869E+01      0.3773682073E+01      0.8473371522E+00
    0.6859034638E+01      0.6859034638E+01      0.3679714303E+01      0.7376270003E+00
    0.6868159070E+01      0.6868159070E+01      0.3596245670E+01      0.6351091351E+00
    0.6873358917E+01      0.6873358917E+01      0.3524562226E+01      0.5380810864E+00
    0.6876370130E+01      0.6876370130E+01      0.3464074638E+01      0.4454993517E+00
    0.6875592402E+01      0.6875592402E+01      0.3411264313E+01      0.3569177535E+00
    0.6872591076E+01      0.6872591076E+01      0.3366091574E+01      0.2735031042E+00
    0.6867775038E+01      0.6867775038E+01      0.3325884002E+01      0.1951366688E+00
    0.6861819881E+01      0.6861819881E+01      0.3289565661E+01      0.1224744616E+00
    0.6855339571E+01      0.6855339571E+01      0.3256407450E+01      0.5545859072E-01
    0.6848538838E+01      0.6848538838E+01      0.3225924400E+01     -0.4781894370E-02
    0.6841354354E+01      0.6841354354E+01      0.3197552965E+01     -0.6107337491E-01
    0.6833590713E+01      0.6833590713E+01      0.3170938601E+01     -0.1114552653E+00
    0.6825096836E+01      0.6825096836E+01      0.3145903427E+01     -0.1585050222E+00
    0.6815790064E+01      0.6815790064E+01      0.3122620320E+01     -0.2011875800E+00
    0.6805748872E+01      0.6805748872E+01      0.3101105986E+01     -0.2425614377E+00
    0.6795516826E+01      0.6795516826E+01      0.3080987912E+01     -0.2814946539E+00
    0.6776672989E+01      0.6776672989E+01      0.3057091031E+01     -0.3399310984E+00
    0.6490350138E+01      0.6490350138E+01      0.4887918381E+01      0.1884842181E+01
    0.6575146899E+01      0.6575146899E+01      0.4626859872E+01      0.1774288171E+01
    0.6651278055E+01      0.6651278055E+01      0.4398566148E+01      0.1644805853E+01
    0.6715769097E+01      0.6715769097E+01      0.4198843781E+01      0.1506275184E+01
    0.6767239921E+01      0.6767239921E+01      0.4024233745E+01      0.1363531029E+01
    0.6808838086E+01      0.6808838086E+01      0.3878806118E+01      0.1217638878E+01
    0.6840207642E+01      0.6840207642E+01      0.3758797471E+01      0.1076802939E+01
    0.6862214271E+01      0.6862214271E+01      0.3656773838E+01      0.9461353969E+00
    0.6877136720E+01      0.6877136720E+01      0.3570307824E+01      0.8255396650E+00
    0.6883911738E+01      0.6883911738E+01      0.3493556926E+01      0.7129852566E+00
    0.6887857597E+01      0.6887857597E+01      0.3429935080E+01      0.6079909305E+00
    0.6888537495E+01      0.6888537495E+01      0.3375324712E+01      0.5075348089E+00
    0.6886648047E+01      0.6886648047E+01      0.3329786411E+01      0.4131935743E+00
    0.6882762451E+01      0.6882762451E+01      0.3290270139E+01      0.3252105379E+00
    0.6877405220E+01      0.6877405220E+01      0.3254937017E+01      0.2432231982E+00
    0.6871294215E+01      0.6871294215E+01      0.3222818851E+01      0.1681169641E+00
    0.6865002208E+01      0.6865002208E+01      0.3193365609E+01      0.9943614324E-01
    0.6858604831E+01      0.6858604831E+01      0.3166226426E+01      0.3813274482E-01
    0.6851990742E+01      0.6851990742E+01      0.3140867510E+01     -0.1899941740E-01
    0.6844954857E+01      0.6844954857E+01      0.3116989295E+01     -0.7021154183E-01
    0.6837246306E+01      0.6837246306E+01      0.3094396567E+01     -0.1183519434E+00
    0.6828503521E+01      0.6828503521E+01      0.3073253054E+01     -0.1623245255E+00
    0.6818671461E+01      0.6818671461E+01      0.3053449774E+01     -0.2054781533E+00
    0.6808224540E+01      0.6808224540E+01      0.3034582526E+01     -0.2462214875E+00
    0.6789566894E+01      0.6789566894E+01      0.3011193594E+01     -0.3073652427E+00
    0.6481323006E+01      0.6481323006E+01      0.4763535386E+01      0.2149788842E+01
    0.6577713432E+01      0.6577713432E+01      0.4488062535E+01      0.2013100914E+01
    0.6662574135E+01      0.6662574135E+01      0.4248387358E+01      0.1854155076E+01
    0.6731639104E+01      0.6731639104E+01      0.4040441512E+01      0.1686665536E+01
    0.6787081457E+01      0.6787081457E+01      0.3867404888E+01      0.1514602474E+01
    0.6830025919E+01      0.6830025919E+01      0.3730521050E+01      0.1342564756E+01
    0.6861069203E+01      0.6861069203E+01      0.3620322608E+01      0.1183348801E+01
    0.6881662411E+01      0.6881662411E+01      0.3528511571E+01      0.1038057697E+01
    0.6894338626E+01      0.6894338626E+01      0.3451555118E+01      0.9060299816E+00
    0.6898860830E+01      0.6898860830E+01      0.3384000724E+01      0.7831116313E+00
    0.6900940786E+01      0.6900940786E+01      0.3328928372E+01      0.6698507879E+00
    0.6899882467E+01      0.6899882467E+01      0.3282889498E+01      0.5622616533E+00
    0.6896829936E+01      0.6896829936E+01      0.3244369607E+01      0.4629200208E+00
    0.6892165707E+01      0.6892165707E+01      0.3210780858E+01      0.3710300519E+00
    0.6886552815E+01      0.6886552815E+01      0.3180636991E+01      0.2863922427E+00
    0.6880613813E+01      0.6880613813E+01      0.3153030751E+01      0.2097648848E+00
    0.6874818619E+01      0.6874818619E+01      0.3127756323E+01      0.1400742376E+00
    0.6869105820E+01      0.6869105820E+01      0.3104417338E+01      0.7823425707E-01
    0.6863250594E+01      0.6863250594E+01      0.3082513294E+01      0.2073228425E-01
    0.6856873582E+01      0.6856873582E+01      0.3061630514E+01     -0.3102724393E-01
    0.6849531369E+01      0.6849531369E+01      0.3041506851E+01     -0.8046386810E-01
    0.6840829139E+01      0.6840829139E+01      0.3022253653E+01     -0.1262392066E+00
    0.6830872283E+01      0.6830872283E+01      0.3003871660E+01     -0.1714589672E+00
    0.6820238605E+01      0.6820238605E+01      0.2986156463E+01     -0.2138122968E+00
    0.6802018972E+01      0.6802018972E+01      0.2963531007E+01     -0.2770813117E+00
    0.6475309478E+01      0.6475309478E+01      0.4574350503E+01      0.2415944269E+01
    0.6582947808E+01      0.6582947808E+01      0.4301720605E+01      0.2256912154E+01
    0.6675323894E+01      0.6675323894E+01      0.4058426677E+01      0.2067438546E+01
    0.6748603857E+01      0.6748603857E+01      0.3850425242E+01      0.1865903075E+01
    0.6806669267E+01      0.6806669267E+01      0.3687360721E+01      0.1656809401E+01
    0.6849040666E+01      0.6849040666E+01      0.3564421556E+01      0.1455800771E+01
    0.6878399027E+01      0.6878399027E+01      0.3467611306E+01      0.1276566473E+01
    0.6897423757E+01      0.6897423757E+01      0.3389082222E+01      0.1116849928E+01
    0.6907971738E+01      0.6907971738E+01      0.3323598078E+01      0.9738749770E+00
    0.6911183590E+01      0.6911183590E+01      0.3267786635E+01      0.8420015529E+00
    0.6911586922E+01      0.6911586922E+01      0.3222063196E+01      0.7208860114E+00
    0.6909563603E+01      0.6909563603E+01      0.3185689439E+01      0.6083831773E+00
    0.6905782991E+01      0.6905782991E+01      0.3154642222E+01      0.5052591228E+00
    0.6900846993E+01      0.6900846993E+01      0.3127493714E+01      0.4107789886E+00
    0.6895392967E+01      0.6895392967E+01      0.3102928342E+01      0.3247793138E+00
    0.6889964157E+01      0.6889964157E+01      0.3080312812E+01      0.2475668407E+00
    0.6884888122E+01      0.6884888122E+01      0.3059502539E+01      0.1774798597E+00
    0.6879867029E+01      0.6879867029E+01      0.3040149175E+01      0.1154589889E+00
    0.6874448186E+01      0.6874448186E+01      0.3021805029E+01      0.5753894538E-01
    0.6868121772E+01      0.6868121772E+01      0.3003971628E+01      0.4773776833E-02
    0.6860702229E+01      0.6860702229E+01      0.2986385617E+01     -0.4622718581E-01
    0.6852044179E+01      0.6852044179E+01      0.2969347068E+01     -0.9358287735E-01
    0.6842268899E+01      0.6842268899E+01      0.2952882836E+01     -0.1404291842E+00
    0.6831764284E+01      0.6831764284E+01      0.2936845974E+01     -0.1839927521E+00
    0.6814319902E+01      0.6814319902E+01      0.2915459572E+01     -0.2488024158E+00
    0.6464692457E+01      0.6464692457E+01      0.4279091978E+01      0.2655117551E+01
    0.6591802784E+01      0.6591802784E+01      0.4045914039E+01      0.2490515558E+01
    0.6690400982E+01      0.6690400982E+01      0.3818812853E+01      0.2275010048E+01
    0.6766729097E+01      0.6766729097E+01      0.3625018479E+01      0.2035424760E+01
    0.6827028188E+01      0.6827028188E+01      0.3481744499E+01      0.1784395094E+01
    0.6868690259E+01      0.6868690259E+01      0.3379478284E+01      0.1555699774E+01
    0.6895831659E+01      0.6895831659E+01      0.3300970110E+01      0.1357904004E+01
    0.6913217064E+01      0.6913217064E+01      0.3239936839E+01      0.1185049085E+01
    0.6920791292E+01      0.6920791292E+01      0.3188475757E+01      0.1030404733E+01
    0.6922861180E+01      0.6922861180E+01      0.3146351816E+01      0.8907655860E+00
    0.6921760498E+01      0.6921760498E+01      0.3112326024E+01      0.7626278922E+00
    0.6918766859E+01      0.6918766859E+01      0.3085484401E+01      0.6466685824E+00
    0.6914568064E+01      0.6914568064E+01      0.3062447636E+01      0.5410163310E+00
    0.6909651556E+01      0.6909651556E+01      0.3041949958E+01      0.4450256578E+00
    0.6904605558E+01      0.6904605558E+01      0.3023102625E+01      0.3585631814E+00
    0.6899883360E+01      0.6899883360E+01      0.3005878197E+01      0.2816079697E+00
    0.6895255620E+01      0.6895255620E+01      0.2989788480E+01      0.2115231331E+00
    0.6890395725E+01      0.6890395725E+01      0.2974698035E+01      0.1490646272E+00
    0.6884869781E+01      0.6884869781E+01      0.2960055212E+01      0.9032494368E-01
    0.6878462625E+01      0.6878462625E+01      0.2945313598E+01      0.3681825959E-01
    0.6870973026E+01      0.6870973026E+01      0.2930519682E+01     -0.1543325598E-01
    0.6862400831E+01      0.6862400831E+01      0.2915596292E+01     -0.6416060553E-01
    0.6852792286E+01      0.6852792286E+01      0.2900738271E+01     -0.1124457561E+00
    0.6842655200E+01      0.6842655200E+01      0.2886067081E+01     -0.1569383764E+00
    0.6826294625E+01      0.6826294625E+01      0.2866010458E+01     -0.2226312611E+00
    0.6453982281E+01      0.6453982281E+01      0.3875796939E+01      0.2837055252E+01
    0.6596345558E+01      0.6596345558E+01      0.3700955402E+01      0.2686051544E+01
    0.6705194107E+01      0.6705194107E+01      0.3520850116E+01      0.2457961413E+01
    0.6784612236E+01      0.6784612236E+01      0.3364926210E+01      0.2181368135E+01
    0.6843990770E+01      0.6843990770E+01      0.3254508988E+01      0.1886268737E+01
    0.6883262552E+01      0.6883262552E+01      0.3178735430E+01      0.1631616437E+01
    0.6907991470E+01      0.6907991470E+01      0.3122356587E+01      0.1417869234E+01
    0.6923728104E+01      0.6923728104E+01      0.3080474911E+01      0.1234054722E+01
    0.6930292286E+01      0.6930292286E+01      0.3045942012E+01      0.1071181389E+01
    0.6931763143E+01      0.6931763143E+01      0.3018254201E+01      0.9254772107E+00
    0.6930240677E+01      0.6930240677E+01      0.2996939572E+01      0.7934610885E+00
    0.6926920583E+01      0.6926920583E+01      0.2980102691E+01      0.6758140099E+00
    0.6922727810E+01      0.6922727810E+01      0.2965605342E+01      0.5693038850E+00
    0.6918205648E+01      0.6918205648E+01      0.2952684641E+01      0.4734217467E+00
    0.6913718371E+01      0.6913718371E+01      0.2940679815E+01      0.3873966701E+00
    0.6909291165E+01      0.6909291165E+01      0.2929260325E+01      0.3107130223E+00
    0.6904760142E+01      0.6904760142E+01      0.2918014849E+01      0.2406163088E+00
    0.6899819182E+01      0.6899819182E+01      0.2907009575E+01      0.1778123336E+00
    0.6894233759E+01      0.6894233759E+01      0.2895969787E+01      0.1187062445E+00
    0.6887619708E+01      0.6887619708E+01      0.2884937435E+01      0.6457435803E-01
    0.6880155960E+01      0.6880155960E+01      0.2873365523E+01      0.1169004756E-01
    0.6871868031E+01      0.6871868031E+01      0.2861224762E+01     -0.3769849081E-01
    0.6862786108E+01      0.6862786108E+01      0.2848639760E+01     -0.8658141052E-01
    0.6853347365E+01      0.6853347365E+01      0.2835600073E+01     -0.1316757484E+00
    0.6838188304E+01      0.6838188304E+01      0.2816993909E+01     -0.1980322788E+00
    0.6450069320E+01      0.6450069320E+01      0.3383078484E+01      0.2962747048E+01
    0.6601790900E+01      0.6601790900E+01      0.3273008053E+01      0.2826055768E+01
    0.6718697214E+01      0.6718697214E+01      0.3159419446E+01      0.2592033124E+01
    0.6804108349E+01      0.6804108349E+01      0.3067025878E+01      0.2287748030E+01
    0.6862971502E+01      0.6862971502E+01      0.3006787509E+01      0.1960089454E+01
    0.6899027203E+01      0.6899027203E+01      0.2966611237E+01      0.1686905877E+01
    0.6920930841E+01      0.6920930841E+01      0.2937808916E+01      0.1461228811E+01
    0.6933728077E+01      0.6933728077E+01      0.2917283344E+01      0.1268381804E+01
    0.6938812024E+01      0.6938812024E+01      0.2901196878E+01      0.1098594506E+01
    0.6939641810E+01      0.6939641810E+01      0.2888973446E+01      0.9481694428E+00
    0.6937734042E+01      0.6937734042E+01      0.2880786661E+01      0.8141102912E+00
    0.6934493863E+01      0.6934493863E+01      0.2874075979E+01      0.6963284205E+00
    0.6930607107E+01      0.6930607107E+01      0.2868247597E+01      0.5902700330E+00
    0.6926439266E+01      0.6926439266E+01      0.2862665068E+01      0.4952550279E+00
    0.6922204828E+01      0.6922204828E+01      0.2856922472E+01      0.4100747547E+00
    0.6918034690E+01      0.6918034690E+01      0.2850817630E+01      0.3342957835E+00
    0.6913375417E+01      0.6913375417E+01      0.2844694091E+01      0.2645721211E+00
    0.6908197090E+01      0.6908197090E+01      0.2838289057E+01      0.2017061780E+00
    0.6902311120E+01      0.6902311120E+01      0.2831414161E+01      0.1422194440E+00
    0.6895656222E+01      0.6895656222E+01      0.2823673054E+01      0.8793592451E-01
    0.6888295920E+01      0.6888295920E+01      0.2814890477E+01      0.3492092703E-01
    0.6880429003E+01      0.6880429003E+01      0.2804979324E+01     -0.1450864060E-01
    0.6871844073E+01      0.6871844073E+01      0.2794432039E+01     -0.6338413848E-01
    0.6863250318E+01      0.6863250318E+01      0.2782986269E+01     -0.1086402609E+00
    0.6849575446E+01      0.6849575446E+01      0.2766089947E+01     -0.1750683529E+00
    0.6458049446E+01      0.6458049446E+01      0.2835385291E+01      0.3035685584E+01
    0.6614124959E+01      0.6614124959E+01      0.2799705621E+01      0.2902499159E+01
    0.6731242277E+01      0.6731242277E+01      0.2767313155E+01      0.2661697759E+01
    0.6815065939E+01      0.6815065939E+01      0.2748706542E+01      0.2335221823E+01
    0.6870127497E+01      0.6870127497E+01      0.2741822078E+01      0.1988125584E+01
    0.6904749255E+01      0.6904749255E+01      0.2740118635E+01      0.1708251101E+01
    0.6926328639E+01      0.6926328639E+01      0.2740939414E+01      0.1478603167E+01
    0.6938587958E+01      0.6938587958E+01      0.2742980014E+01      0.1282833284E+01
    0.6944462206E+01      0.6944462206E+01      0.2745915730E+01      0.1111228969E+01
    0.6946247201E+01      0.6946247201E+01      0.2749529363E+01      0.9592079280E+00
    0.6945361680E+01      0.6945361680E+01      0.2753826917E+01      0.8264050956E+00
    0.6942654585E+01      0.6942654585E+01      0.2759498139E+01      0.7091781373E+00
    0.6939261926E+01      0.6939261926E+01      0.2764426699E+01      0.6047158811E+00
    0.6935433238E+01      0.6935433238E+01      0.2767619950E+01      0.5114382181E+00
    0.6931208323E+01      0.6931208323E+01      0.2769221985E+01      0.4277130963E+00
    0.6926498642E+01      0.6926498642E+01      0.2769561842E+01      0.3526330976E+00
    0.6921432743E+01      0.6921432743E+01      0.2768985164E+01      0.2833282576E+00
    0.6915950885E+01      0.6915950885E+01      0.2767625530E+01      0.2207165699E+00
    0.6909866019E+01      0.6909866019E+01      0.2765289970E+01      0.1616434101E+00
    0.6903389373E+01      0.6903389373E+01      0.2761667858E+01      0.1079279240E+00
    0.6896131642E+01      0.6896131642E+01      0.2757026720E+01      0.5533211802E-01
    0.6888533465E+01      0.6888533465E+01      0.2750474583E+01      0.6162622092E-02
    0.6880571528E+01      0.6880571528E+01      0.2742041235E+01     -0.4202343079E-01
    0.6872693265E+01      0.6872693265E+01      0.2731944868E+01     -0.8718848837E-01
    0.6860143029E+01      0.6860143029E+01      0.2716275175E+01     -0.1538820399E+00
    0.6461032306E+01      0.6461032306E+01      0.2274050047E+01      0.3047775884E+01
    0.6609395530E+01      0.6609395530E+01      0.2304561491E+01      0.2902714177E+01
    0.6728041233E+01      0.6728041233E+01      0.2347448959E+01      0.2649148366E+01
    0.6813932482E+01      0.6813932482E+01      0.2401673954E+01      0.2310827796E+01
    0.6869689122E+01      0.6869689122E+01      0.2456819795E+01      0.1966056223E+01
    0.6904343087E+01      0.6904343087E+01      0.2499823226E+01      0.1692384703E+01
    0.6926387931E+01      0.6926387931E+01      0.2534416470E+01      0.1466807621E+01
    0.6938772907E+01      0.6938772907E+01      0.2561955663E+01      0.1274118596E+01
    0.6945430346E+01      0.6945430346E+01      0.2585546942E+01      0.1104652092E+01
    0.6948655644E+01      0.6948655644E+01      0.2606733390E+01      0.9550651715E+00
    0.6948418841E+01      0.6948418841E+01      0.2623146375E+01      0.8249758023E+00
    0.6946964445E+01      0.6946964445E+01      0.2637722072E+01      0.7099642035E+00
    0.6944542273E+01      0.6944542273E+01      0.2650364585E+01      0.6081649574E+00
    0.6941203309E+01      0.6941203309E+01      0.2661742244E+01      0.5173465110E+00
    0.6937153871E+01      0.6937153871E+01      0.2672047966E+01      0.4355991498E+00
    0.6932261917E+01      0.6932261917E+01      0.2680965825E+01      0.3622739788E+00
    0.6927011602E+01      0.6927011602E+01      0.2687229017E+01      0.2942131215E+00
    0.6921532435E+01      0.6921532435E+01      0.2691688252E+01      0.2326673454E+00
    0.6915664352E+01      0.6915664352E+01      0.2694799697E+01      0.1749917472E+00
    0.6909420888E+01      0.6909420888E+01      0.2696371053E+01      0.1219914732E+00
    0.6902306282E+01      0.6902306282E+01      0.2696028313E+01      0.7040460307E-01
    0.6895654128E+01      0.6895654128E+01      0.2693455447E+01      0.2297464456E-01
    0.6888198221E+01      0.6888198221E+01      0.2688932759E+01     -0.2361135289E-01
    0.6881159147E+01      0.6881159147E+01      0.2681801007E+01     -0.6773313987E-01
    0.6870063664E+01      0.6870063664E+01      0.2668512643E+01     -0.1339075693E+00
    0.6496630048E+01      0.6496630048E+01      0.1702806084E+01      0.2973650246E+01
    0.6639542507E+01      0.6639542507E+01      0.1815035535E+01      0.2816974082E+01
    0.6749730107E+01      0.6749730107E+01      0.1939817942E+01      0.2553176905E+01
    0.6832335006E+01      0.6832335006E+01      0.2072711439E+01      0.2215083568E+01
    0.6881472655E+01      0.6881472655E+01      0.2181088639E+01      0.1895313826E+01
    0.6912640637E+01      0.6912640637E+01      0.2262605756E+01      0.1639342724E+01
    0.6932755688E+01      0.6932755688E+01      0.2328076344E+01      0.1425704972E+01
    0.6943881149E+01      0.6943881149E+01      0.2380791995E+01      0.1241308110E+01
    0.6950581065E+01      0.6950581065E+01      0.2426588044E+01      0.1078155006E+01
    0.6953780386E+01      0.6953780386E+01      0.2465876918E+01      0.9357241479E+00
    0.6953701529E+01      0.6953701529E+01      0.2497235628E+01      0.8111129228E+00
    0.6952221135E+01      0.6952221135E+01      0.2524285284E+01      0.7011058023E+00
    0.6949505084E+01      0.6949505084E+01      0.2546527413E+01      0.6030513965E+00
    0.6945813556E+01      0.6945813556E+01      0.2564649535E+01      0.5149912728E+00
    0.6941351305E+01      0.6941351305E+01      0.2579402515E+01      0.4356150608E+00
    0.6936656941E+01      0.6936656941E+01      0.2591750778E+01      0.3650350063E+00
    0.6931704611E+01      0.6931704611E+01      0.2603402621E+01      0.2991025537E+00
    0.6926479226E+01      0.6926479226E+01      0.2614330221E+01      0.2390558847E+00
    0.6920876928E+01      0.6920876928E+01      0.2623723628E+01      0.1829853996E+00
    0.6915130173E+01      0.6915130173E+01      0.2630613654E+01      0.1314839548E+00
    0.6908844266E+01      0.6908844266E+01      0.2634750453E+01      0.8215487879E-01
    0.6901914937E+01      0.6901914937E+01      0.2635743390E+01      0.3536907172E-01
    0.6895017779E+01      0.6895017779E+01      0.2633969344E+01     -0.8910093715E-02
    0.6888372517E+01      0.6888372517E+01      0.2629961448E+01     -0.5161355298E-01
    0.6878793579E+01      0.6878793579E+01      0.2619427963E+01     -0.1159558170E+00
    0.6532909269E+01      0.6532909269E+01      0.1168330042E+01      0.2843881058E+01
    0.6665491954E+01      0.6665491954E+01      0.1361953850E+01      0.2666784157E+01
    0.6768466948E+01      0.6768466948E+01      0.1570564633E+01      0.2391310184E+01
    0.6844444386E+01      0.6844444386E+01      0.1768225765E+01      0.2071425465E+01
    0.6888410444E+01      0.6888410444E+01      0.1919790383E+01      0.1789963899E+01
    0.6917604509E+01      0.6917604509E+01      0.2036366059E+01      0.1558088840E+01
    0.6936803028E+01      0.6936803028E+01      0.2130737343E+01      0.1361035104E+01
    0.6947561369E+01      0.6947561369E+01      0.2207429766E+01      0.1188655000E+01
    0.6954684605E+01      0.6954684605E+01      0.2273618535E+01      0.1035527642E+01
    0.6958510709E+01      0.6958510709E+01      0.2329651497E+01      0.9026825532E+00
    0.6958642588E+01      0.6958642588E+01      0.2374878183E+01      0.7854798285E+00
    0.6957207837E+01      0.6957207837E+01      0.2413799678E+01      0.6817547740E+00
    0.6954250118E+01      0.6954250118E+01      0.2446654935E+01      0.5888870105E+00
    0.6950122133E+01      0.6950122133E+01      0.2474165322E+01      0.5051724640E+00
    0.6945272599E+01      0.6945272599E+01      0.2497144295E+01      0.4296882701E+00
    0.6940237471E+01      0.6940237471E+01      0.2516367095E+01      0.3617820606E+00
    0.6935259584E+01      0.6935259584E+01      0.2532763951E+01      0.2980358471E+00
    0.6930367745E+01      0.6930367745E+01      0.2546877126E+01      0.2398125828E+00
    0.6925377839E+01      0.6925377839E+01      0.2559470032E+01      0.1858190827E+00
    0.6920010195E+01      0.6920010195E+01      0.2570533927E+01      0.1360524285E+00
    0.6914100291E+01      0.6914100291E+01      0.2578794467E+01      0.8940615799E-01
    0.6907892052E+01      0.6907892052E+01      0.2582875349E+01      0.4498793161E-01
    0.6900738641E+01      0.6900738641E+01      0.2583423061E+01      0.2015169114E-02
    0.6894386604E+01      0.6894386604E+01      0.2581691941E+01     -0.3899823475E-01
    0.6886117916E+01      0.6886117916E+01      0.2573354063E+01     -0.1002743930E+00
    0.6578774077E+01      0.6578774077E+01      0.7181706692E+00      0.2627893694E+01
    0.6698531244E+01      0.6698531244E+01      0.1002273433E+01      0.2431772507E+01
    0.6795401680E+01      0.6795401680E+01      0.1284352608E+01      0.2168994918E+01
    0.6857763810E+01      0.6857763810E+01      0.1515838317E+01      0.1892316531E+01
    0.6897009318E+01      0.6897009318E+01      0.1694094702E+01      0.1654527730E+01
    0.6923898607E+01      0.6923898607E+01      0.1835897579E+01      0.1451000467E+01
    0.6941797814E+01      0.6941797814E+01      0.1952177356E+01      0.1274275490E+01
    0.6952044979E+01      0.6952044979E+01      0.2047945708E+01      0.1117325959E+01
    0.6959162616E+01      0.6959162616E+01      0.2130468272E+01      0.9779659095E+00
    0.6963039296E+01      0.6963039296E+01      0.2200111864E+01      0.8564943635E+00
    0.6963089529E+01      0.6963089529E+01      0.2257546649E+01      0.7481227978E+00
    0.6961543830E+01      0.6961543830E+01      0.2307359810E+01      0.6515584524E+00
    0.6958403727E+01      0.6958403727E+01      0.2350204227E+01      0.5648127434E+00
    0.6954103076E+01      0.6954103076E+01      0.2386861092E+01      0.4864650693E+00
    0.6949206255E+01      0.6949206255E+01      0.2418294010E+01      0.4156702458E+00
    0.6944152125E+01      0.6944152125E+01      0.2445436926E+01      0.3515962004E+00
    0.6939146102E+01      0.6939146102E+01      0.2468793680E+01      0.2914925552E+00
    0.6934276664E+01      0.6934276664E+01      0.2488385069E+01      0.2364604300E+00
    0.6929366468E+01      0.6929366468E+01      0.2504151565E+01      0.1848504756E+00
    0.6924264086E+01      0.6924264086E+01      0.2516457264E+01      0.1370665600E+00
    0.6918756691E+01      0.6918756691E+01      0.2526197264E+01      0.9300548160E-01
    0.6912630132E+01      0.6912630132E+01      0.2533200054E+01      0.5110600707E-01
    0.6905979318E+01      0.6905979318E+01      0.2536488335E+01      0.1056560825E-01
    0.6899140119E+01      0.6899140119E+01      0.2536696706E+01     -0.2947665540E-01
    0.6891799318E+01      0.6891799318E+01      0.2529956870E+01     -0.8681898257E-01
    0.6626709664E+01      0.6626709664E+01      0.4145889694E+00      0.2331821541E+01
    0.6734990171E+01      0.6734990171E+01      0.7621550817E+00      0.2144027508E+01
    0.6816493056E+01      0.6816493056E+01      0.1068731277E+01      0.1921458010E+01
    0.6867898492E+01      0.6867898492E+01      0.1311173680E+01      0.1696844991E+01
    0.6903943589E+01      0.6903943589E+01      0.1503771164E+01      0.1500427045E+01
    0.6929154893E+01      0.6929154893E+01      0.1662042368E+01      0.1326042914E+01
    0.6946096131E+01      0.6946096131E+01      0.1794094676E+01      0.1171062082E+01
    0.6956098522E+01      0.6956098522E+01      0.1904722671E+01      0.1031554552E+01
    0.6963136772E+01      0.6963136772E+01      0.2000344338E+01      0.9077133056E+00
    0.6966741188E+01      0.6966741188E+01      0.2081389422E+01      0.7983820395E+00
    0.6966637879E+01      0.6966637879E+01      0.2149517277E+01      0.6998751916E+00
    0.6964945054E+01      0.6964945054E+01      0.2208969155E+01      0.6113433434E+00
    0.6961706918E+01      0.6961706918E+01      0.2260576718E+01      0.5316059863E+00
    0.6957435552E+01      0.6957435552E+01      0.2305330815E+01      0.4594033975E+00
    0.6952677157E+01      0.6952677157E+01      0.2344353720E+01      0.3940065292E+00
    0.6947779702E+01      0.6947779702E+01      0.2378431992E+01      0.3347623115E+00
    0.6942881604E+01      0.6942881604E+01      0.2407881029E+01      0.2791813135E+00
    0.6938033419E+01      0.6938033419E+01      0.2432628754E+01      0.2282098816E+00
    0.6933080581E+01      0.6933080581E+01      0.2452567327E+01      0.1803237033E+00
    0.6927801552E+01      0.6927801552E+01      0.2467680111E+01      0.1355160579E+00
    0.6922096655E+01      0.6922096655E+01      0.2478565328E+01      0.9333485621E-01
    0.6916180072E+01      0.6916180072E+01      0.2486367324E+01      0.5358538576E-01
    0.6909749797E+01      0.6909749797E+01      0.2491945711E+01      0.1568811642E-01
    0.6903376677E+01      0.6903376677E+01      0.2494572295E+01     -0.2193444816E-01
    0.6896433541E+01      0.6896433541E+01      0.2489638582E+01     -0.7469299428E-01
    0.6676305262E+01      0.6676305262E+01      0.2572736947E+00      0.1998642165E+01
    0.6763893978E+01      0.6763893978E+01      0.6048850383E+00      0.1842902178E+01
    0.6830727944E+01      0.6830727944E+01      0.9014974810E+00      0.1668366305E+01
    0.6876205523E+01      0.6876205523E+01      0.1143296256E+01      0.1494418744E+01
    0.6909697466E+01      0.6909697466E+01      0.1343747737E+01      0.1334543664E+01
    0.6933463400E+01      0.6933463400E+01      0.1512493216E+01      0.1188216608E+01
    0.6949717925E+01      0.6949717925E+01      0.1655727236E+01      0.1055264175E+01
    0.6959736975E+01      0.6959736975E+01      0.1777492232E+01      0.9343216837E+00
    0.6966490609E+01      0.6966490609E+01      0.1882842366E+01      0.8266987716E+00
    0.6969615867E+01      0.6969615867E+01      0.1972738766E+01      0.7300348584E+00
    0.6969298112E+01      0.6969298112E+01      0.2049555567E+01      0.6421489269E+00
    0.6967423434E+01      0.6967423434E+01      0.2117051714E+01      0.5624839400E+00
    0.6964162314E+01      0.6964162314E+01      0.2176138485E+01      0.4905220885E+00
    0.6960057590E+01      0.6960057590E+01      0.2227999249E+01      0.4250119588E+00
    0.6955564617E+01      0.6955564617E+01      0.2273846792E+01      0.3654691417E+00
    0.6950931672E+01      0.6950931672E+01      0.2314371583E+01      0.3115439432E+00
    0.6946185084E+01      0.6946185084E+01      0.2349690081E+01      0.2610333675E+00
    0.6941345769E+01      0.6941345769E+01      0.2379515534E+01      0.2146212769E+00
    0.6936292238E+01      0.6936292238E+01      0.2403833755E+01      0.1709930938E+00
    0.6930770020E+01      0.6930770020E+01      0.2422752186E+01      0.1302799541E+00
    0.6924795047E+01      0.6924795047E+01      0.2436590960E+01      0.9097566955E-01
    0.6918685654E+01      0.6918685654E+01      0.2446199560E+01      0.5311286737E-01
    0.6912353302E+01      0.6912353302E+01      0.2452450847E+01      0.1740764261E-01
    0.6906587469E+01      0.6906587469E+01      0.2456725757E+01     -0.1649061783E-01
    0.6899976034E+01      0.6899976034E+01      0.2453535389E+01     -0.6401451695E-01
    0.6706929234E+01      0.6706929234E+01      0.1607610591E+00      0.1666799558E+01
    0.6782936354E+01      0.6782936354E+01      0.4861231129E+00      0.1552027204E+01
    0.6840998206E+01      0.6840998206E+01      0.7674519118E+00      0.1421812702E+01
    0.6883276176E+01      0.6883276176E+01      0.1005918476E+01      0.1289330538E+01
    0.6914741239E+01      0.6914741239E+01      0.1209819873E+01      0.1161863759E+01
    0.6936978722E+01      0.6936978722E+01      0.1383786948E+01      0.1041775480E+01
    0.6952672465E+01      0.6952672465E+01      0.1534016010E+01      0.9305343134E+00
    0.6962713182E+01      0.6962713182E+01      0.1663471648E+01      0.8283171077E+00
    0.6968986813E+01      0.6968986813E+01      0.1776025639E+01      0.7365846231E+00
    0.6971591849E+01      0.6971591849E+01      0.1873411231E+01      0.6526857063E+00
    0.6971079532E+01      0.6971079532E+01      0.1958148886E+01      0.5758147752E+00
    0.6969095867E+01      0.6969095867E+01      0.2033365905E+01      0.5056204596E+00
    0.6965923026E+01      0.6965923026E+01      0.2099887239E+01      0.4420088579E+00
    0.6962084245E+01      0.6962084245E+01      0.2158847960E+01      0.3837015824E+00
    0.6957934003E+01      0.6957934003E+01      0.2211290478E+01      0.3304777763E+00
    0.6953601519E+01      0.6953601519E+01      0.2257762240E+01      0.2822838991E+00
    0.6948996558E+01      0.6948996558E+01      0.2298320516E+01      0.2372951790E+00
    0.6944109826E+01      0.6944109826E+01      0.2332683078E+01      0.1958638291E+00
    0.6938901480E+01      0.6938901480E+01      0.2360947614E+01      0.1568275511E+00
    0.6933194603E+01      0.6933194603E+01      0.2383366398E+01      0.1207764209E+00
    0.6926991784E+01      0.6926991784E+01      0.2400273781E+01      0.8511552636E-01
    0.6920875203E+01      0.6920875203E+01      0.2412351709E+01      0.5049082209E-01
    0.6914207524E+01      0.6914207524E+01      0.2419555830E+01      0.1702944276E-01
    0.6909151668E+01      0.6909151668E+01      0.2424485901E+01     -0.1234348322E-01
    0.6903086442E+01      0.6903086442E+01      0.2422533368E+01     -0.5404347597E-01
    0.6730560646E+01      0.6730560646E+01      0.8739397508E-01      0.1361334918E+01
    0.6798067171E+01      0.6798067171E+01      0.3894933451E+00      0.1279085486E+01
    0.6849941485E+01      0.6849941485E+01      0.6557486546E+00      0.1183847822E+01
    0.6889138033E+01      0.6889138033E+01      0.8884837700E+00      0.1083894067E+01
    0.6919104741E+01      0.6919104741E+01      0.1092873415E+01      0.9853552968E+00
    0.6939590333E+01      0.6939590333E+01      0.1269436794E+01      0.8892957501E+00
    0.6954881889E+01      0.6954881889E+01      0.1425158066E+01      0.7988533323E+00
    0.6964908863E+01      0.6964908863E+01      0.1561346991E+01      0.7146271631E+00
    0.6970746605E+01      0.6970746605E+01      0.1680833803E+01      0.6378691832E+00
    0.6973027702E+01      0.6973027702E+01      0.1785868726E+01      0.5667745950E+00
    0.6972445280E+01      0.6972445280E+01      0.1878450873E+01      0.5012156980E+00
    0.6970490832E+01      0.6970490832E+01      0.1961308466E+01      0.4410219701E+00
    0.6967495601E+01      0.6967495601E+01      0.2035054557E+01      0.3862885736E+00
    0.6963901426E+01      0.6963901426E+01      0.2100637570E+01      0.3358272714E+00
    0.6959975447E+01      0.6959975447E+01      0.2158826617E+01      0.2896218970E+00
    0.6955785834E+01      0.6955785834E+01      0.2210068623E+01      0.2477529522E+00
    0.6951208102E+01      0.6951208102E+01      0.2254573187E+01      0.2087415279E+00
    0.6946204012E+01      0.6946204012E+01      0.2292333988E+01      0.1726757329E+00
    0.6940773571E+01      0.6940773571E+01      0.2323626309E+01      0.1385364310E+00
    0.6934923631E+01      0.6934923631E+01      0.2348811138E+01      0.1073840237E+00
    0.6928585014E+01      0.6928585014E+01      0.2368253360E+01      0.7602397285E-01
    0.6922601782E+01      0.6922601782E+01      0.2382451267E+01      0.4556077462E-01
    0.6915898178E+01      0.6915898178E+01      0.2390762691E+01      0.1571838684E-01
    0.6911167146E+01      0.6911167146E+01      0.2396094255E+01     -0.8954441715E-02
    0.6905679352E+01      0.6905679352E+01      0.2394751065E+01     -0.4477235277E-01
    0.6748710830E+01      0.6748710830E+01      0.2972253689E-01      0.1080391555E+01
    0.6810583502E+01      0.6810583502E+01      0.3131556961E+00      0.1023458666E+01
    0.6858335276E+01      0.6858335276E+01      0.5675567189E+00      0.9554572864E+00
    0.6894933955E+01      0.6894933955E+01      0.7947782429E+00      0.8810615020E+00
    0.6923085559E+01      0.6923085559E+01      0.9979230228E+00      0.8068326387E+00
    0.6941850657E+01      0.6941850657E+01      0.1175814829E+01      0.7324074407E+00
    0.6956950523E+01      0.6956950523E+01      0.1336294395E+01      0.6612811295E+00
    0.6966870708E+01      0.6966870708E+01      0.1478429644E+01      0.5938555861E+00
    0.6972439029E+01      0.6972439029E+01      0.1604336208E+01      0.5312870236E+00
    0.6974617339E+01      0.6974617339E+01      0.1716262911E+01      0.4730059391E+00
    0.6974039836E+01      0.6974039836E+01      0.1815563708E+01      0.4190297195E+00
    0.6972126076E+01      0.6972126076E+01      0.1904830814E+01      0.3693375783E+00
    0.6969210134E+01      0.6969210134E+01      0.1984495805E+01      0.3240737222E+00
    0.6965661508E+01      0.6965661508E+01      0.2055337172E+01      0.2821891489E+00
    0.6961695523E+01      0.6961695523E+01      0.2117887379E+01      0.2437589010E+00
    0.6957400431E+01      0.6957400431E+01      0.2172557417E+01      0.2088648177E+00
    0.6952675519E+01      0.6952675519E+01      0.2219750954E+01      0.1762850859E+00
    0.6947500967E+01      0.6947500967E+01      0.2259781035E+01      0.1460032134E+00
    0.6941868363E+01      0.6941868363E+01      0.2293067446E+01      0.1171821488E+00
    0.6935984772E+01      0.6935984772E+01      0.2319936884E+01      0.9117426696E-01
    0.6929639447E+01      0.6929639447E+01      0.2340734212E+01      0.6489919005E-01
    0.6923805579E+01      0.6923805579E+01      0.2355755256E+01      0.3947740500E-01
    0.6917320678E+01      0.6917320678E+01      0.2364165476E+01      0.1457459713E-01
    0.6912994898E+01      0.6912994898E+01      0.2369018470E+01     -0.5478802298E-02
    0.6908250610E+01      0.6908250610E+01      0.2368152986E+01     -0.3562437368E-01
    0.6761919665E+01      0.6761919665E+01     -0.1547431738E-01      0.8188878461E+00
    0.6819697410E+01      0.6819697410E+01      0.2534092417E+00      0.7803429773E+00
    0.6864384444E+01      0.6864384444E+01      0.4987372937E+00      0.7331783247E+00
    0.6899541472E+01      0.6899541472E+01      0.7225037352E+00      0.6801623566E+00
    0.6926666448E+01      0.6926666448E+01      0.9251231227E+00      0.6266908064E+00
    0.6944463996E+01      0.6944463996E+01      0.1104938758E+01      0.5717031781E+00
    0.6959389638E+01      0.6959389638E+01      0.1269390448E+01      0.5183804279E+00
    0.6968949575E+01      0.6968949575E+01      0.1416085000E+01      0.4668972628E+00
    0.6974354261E+01      0.6974354261E+01      0.1547070171E+01      0.4181314097E+00
    0.6976488141E+01      0.6976488141E+01      0.1664063877E+01      0.3729390770E+00
    0.6975900738E+01      0.6975900738E+01      0.1768179459E+01      0.3309232614E+00
    0.6973963735E+01      0.6973963735E+01      0.1861897687E+01      0.2921910048E+00
    0.6970992513E+01      0.6970992513E+01      0.1945578369E+01      0.2568409248E+00
    0.6967288909E+01      0.6967288909E+01      0.2019873876E+01      0.2240197430E+00
    0.6963065309E+01      0.6963065309E+01      0.2085180374E+01      0.1939426157E+00
    0.6958447390E+01      0.6958447390E+01      0.2141916798E+01      0.1665885878E+00
    0.6953440188E+01      0.6953440188E+01      0.2190654413E+01      0.1408780197E+00
    0.6948060038E+01      0.6948060038E+01      0.2231922116E+01      0.1167784741E+00
    0.6942289497E+01      0.6942289497E+01      0.2266207126E+01      0.9393417561E-01
    0.6936460717E+01      0.6936460717E+01      0.2293654999E+01      0.7351008802E-01
    0.6930120849E+01      0.6930120849E+01      0.2314684916E+01      0.5304068179E-01
    0.6924279723E+01      0.6924279723E+01      0.2329710930E+01      0.3303892981E-01
    0.6918222035E+01      0.6918222035E+01      0.2338496701E+01      0.1373468469E-01
    0.6914352193E+01      0.6914352193E+01      0.2343867696E+01     -0.2250255765E-02
    0.6910507131E+01      0.6910507131E+01      0.2344348542E+01     -0.2689515384E-01
    0.6771552477E+01      0.6771552477E+01     -0.4039635145E-01      0.5735458186E+00
    0.6826603775E+01      0.6826603775E+01      0.2180638888E+00      0.5484459606E+00
    0.6869406201E+01      0.6869406201E+01      0.4563659692E+00      0.5174224280E+00
    0.6903661258E+01      0.6903661258E+01      0.6767251467E+00      0.4821422040E+00
    0.6929942547E+01      0.6929942547E+01      0.8781141448E+00      0.4461452392E+00
    0.6947723966E+01      0.6947723966E+01      0.1059218351E+01      0.4084426238E+00
    0.6962250156E+01      0.6962250156E+01      0.1225535644E+01      0.3718945045E+00
    0.6971045121E+01      0.6971045121E+01      0.1374180424E+01      0.3358666660E+00
    0.6976134907E+01      0.6976134907E+01      0.1507778850E+01      0.3010382708E+00
    0.6978248489E+01      0.6978248489E+01      0.1627533119E+01      0.2690361315E+00
    0.6977659286E+01      0.6977659286E+01      0.1734388335E+01      0.2391315025E+00
    0.6975685425E+01      0.6975685425E+01      0.1830624438E+01      0.2114938035E+00
    0.6972571382E+01      0.6972571382E+01      0.1916501031E+01      0.1861891367E+00
    0.6968599124E+01      0.6968599124E+01      0.1992592452E+01      0.1626961685E+00
    0.6964011929E+01      0.6964011929E+01      0.2059317215E+01      0.1412329071E+00
    0.6958977919E+01      0.6958977919E+01      0.2117233021E+01      0.1217113182E+00
    0.6953563763E+01      0.6953563763E+01      0.2167000913E+01      0.1033124699E+00
    0.6947859212E+01      0.6947859212E+01      0.2209206675E+01      0.8597364940E-01
    0.6941873093E+01      0.6941873093E+01      0.2244306519E+01      0.6961470179E-01
    0.6936129149E+01      0.6936129149E+01      0.2272844507E+01      0.5493956839E-01
    0.6929752568E+01      0.6929752568E+01      0.2294698707E+01      0.4067423415E-01
    0.6924206422E+01      0.6924206422E+01      0.2310566358E+01      0.2627851264E-01
    0.6918818749E+01      0.6918818749E+01      0.2320259326E+01      0.1238995820E-01
    0.6915550652E+01      0.6915550652E+01      0.2326933854E+01      0.2566094241E-03
    0.6912903008E+01      0.6912903008E+01      0.2329680522E+01     -0.1820797961E-01
    0.6776569661E+01      0.6776569661E+01     -0.5491546844E-01      0.3379373104E+00
    0.6830267845E+01      0.6830267845E+01      0.1963430181E+00      0.3239816099E+00
    0.6872143484E+01      0.6872143484E+01      0.4295072464E+00      0.3065799191E+00
    0.6906272376E+01      0.6906272376E+01      0.6472187682E+00      0.2866928821E+00
    0.6932070577E+01      0.6932070577E+01      0.8469151415E+00      0.2662958108E+00
    0.6950323442E+01      0.6950323442E+01      0.1028569255E+01      0.2448748196E+00
    0.6964627772E+01      0.6964627772E+01      0.1195507170E+01      0.2237368055E+00
    0.6972688360E+01      0.6972688360E+01      0.1344740285E+01      0.2024644092E+00
    0.6977532047E+01      0.6977532047E+01      0.1479708179E+01      0.1816600563E+00
    0.6979600348E+01      0.6979600348E+01      0.1601038555E+01      0.1626709438E+00
    0.6978971311E+01      0.6978971311E+01      0.1709656333E+01      0.1448324526E+00
    0.6976901304E+01      0.6976901304E+01      0.1807581740E+01      0.1282887635E+00
    0.6973610139E+01      0.6973610139E+01      0.1894992151E+01      0.1130903820E+00
    0.6969387405E+01      0.6969387405E+01      0.1972443650E+01      0.9898958765E-01
    0.6964512364E+01      0.6964512364E+01      0.2040468074E+01      0.8616209348E-01
    0.6959215148E+01      0.6959215148E+01      0.2099803553E+01      0.7450799653E-01
    0.6953572415E+01      0.6953572415E+01      0.2151188586E+01      0.6343182541E-01
    0.6947612396E+01      0.6947612396E+01      0.2195172233E+01      0.5292143223E-01
    0.6941408158E+01      0.6941408158E+01      0.2232215956E+01      0.4306984889E-01
    0.6935550073E+01      0.6935550073E+01      0.2263074291E+01      0.3435394958E-01
    0.6928992378E+01      0.6928992378E+01      0.2287414542E+01      0.2611923876E-01
    0.6923562405E+01      0.6923562405E+01      0.2306464258E+01      0.1768596375E-01
    0.6918913460E+01      0.6918913460E+01      0.2319795137E+01      0.8969630526E-02
    0.6916073642E+01      0.6916073642E+01      0.2328991448E+01      0.9505522010E-03
    0.6914466666E+01      0.6914466666E+01      0.2333723315E+01     -0.1053245941E-01
    0.6781282795E+01      0.6781282795E+01     -0.5325979818E-01      0.1127446840E+00
    0.6834151479E+01      0.6834151479E+01      0.1940228861E+00      0.1080670855E+00
    0.6875337003E+01      0.6875337003E+01      0.4239905966E+00      0.1022395149E+00
    0.6909074901E+01      0.6909074901E+01      0.6394363379E+00      0.9571250184E-01
    0.6934187162E+01      0.6934187162E+01      0.8372530727E+00      0.8894836232E-01
    0.6952153417E+01      0.6952153417E+01      0.1018160999E+01      0.8189110946E-01
    0.6966039727E+01      0.6966039727E+01      0.1184726548E+01      0.7488071862E-01
    0.6973606031E+01      0.6973606031E+01      0.1333991959E+01      0.6778923911E-01
    0.6978307886E+01      0.6978307886E+01      0.1469736869E+01      0.6088301867E-01
    0.6980325220E+01      0.6980325220E+01      0.1592138518E+01      0.5459355429E-01
    0.6979652905E+01      0.6979652905E+01      0.1702107945E+01      0.4866485299E-01
    0.6977501806E+01      0.6977501806E+01      0.1801452545E+01      0.4314341313E-01
    0.6974089859E+01      0.6974089859E+01      0.1890278372E+01      0.3805325973E-01
    0.6969743160E+01      0.6969743160E+01      0.1969133816E+01      0.3333754422E-01
    0.6964777362E+01      0.6964777362E+01      0.2038617630E+01      0.2906077017E-01
    0.6959391403E+01      0.6959391403E+01      0.2099475079E+01      0.2516691307E-01
    0.6953638873E+01      0.6953638873E+01      0.2152363668E+01      0.2144032772E-01
    0.6947548072E+01      0.6947548072E+01      0.2197803679E+01      0.1789520982E-01
    0.6941253711E+01      0.6941253711E+01      0.2236304054E+01      0.1459727414E-01
    0.6935380306E+01      0.6935380306E+01      0.2268823605E+01      0.1170709693E-01
    0.6928816013E+01      0.6928816013E+01      0.2295091836E+01      0.9051165737E-02
    0.6923541651E+01      0.6923541651E+01      0.2316701389E+01      0.6314994198E-02
    0.6919229586E+01      0.6919229586E+01      0.2332753953E+01      0.3372985549E-02
    0.6916415919E+01      0.6916415919E+01      0.2343281504E+01      0.5393763523E-03
    0.6915483378E+01      0.6915483378E+01      0.2348932389E+01     -0.3245938606E-02
