    0.1000000000E+02      0.1000000000E+02      0.0000000000E+00      0.0000000000E+00
    0.1000000000E+02      0.1000000000E+02      0.0000000000E+00      0.0000000000E+00
    0.1000000000E+02      0.1000000000E+02      0.0000000000E+00      0.0000000000E+00
    0.1000000000E+02      0.1000000000E+02      0.0000000000E+00      0.0000000000E+00
    0.1000000000E+02      0.1000000000E+02      0.0000000000E+00      0.0000000000E+00
    0.9999999359E+01      0.9999999359E+01      0.0000000000E+00      0.0000000000E+00
    0.9999997935E+01      0.9999997935E+01      0.0000000000E+00      0.0000000000E+00
    0.9999991892E+01      0.9999991892E+01      0.0000000000E+00      0.0000000000E+00
    0.9999981224E+01      0.9999981224E+01      0.0000000000E+00      0.1137046593E-04
    0.9999963828E+01      0.9999963828E+01      0.1016016894E-04      0.1884339550E-04
    0.9999929802E+01      0.9999929802E+01      0.1681102599E-04      0.3227750388E-04
    0.9999888020E+01      0.9999888020E+01      0.2337288395E-04      0.4388793732E-04
    0.9999834844E+01      0.9999834844E+01      0.3788535906E-04      0.6118956605E-04
    0.9999778319E+01      0.9999778319E+01      0.5062379851E-04      0.7750239026E-04
    0.9999711132E+01      0.9999711132E+01      0.6154404285E-04      0.9813795371E-04
    0.9999641096E+01      0.9999641096E+01      0.6859768125E-04      0.1179047005E-03
    0.9999568226E+01      0.9999568226E+01      0.7552204007E-04      0.1386423103E-03
    0.9999493566E+01      0.9999493566E+01      0.7849961331E-04      0.1583440651E-03
    0.9999418799E+01      0.9999418799E+01      0.7730053032E-04      0.1772111085E-03
    0.9999350210E+01      0.9999350210E+01      0.7389957886E-04      0.1932182782E-03
    0.9999289676E+01      0.9999289676E+01      0.6488213582E-04      0.2094860047E-03
    0.9999242004E+01      0.9999242004E+01      0.5259605751E-04      0.2215367460E-03
    0.9999205631E+01      0.9999205631E+01      0.3489418984E-04      0.2301387983E-03
    0.9999171545E+01      0.9999171545E+01      0.0000000000E+00      0.2367427961E-03
    0.0000000000E+00      0.2000000000E+02      0.0000000000E+00      0.0000000000E+00
    0.1000000000E+02      0.1000000000E+02      0.0000000000E+00      0.0000000000E+00
    0.1000000000E+02      0.1000000000E+02      0.0000000000E+00      0.0000000000E+00
    0.1000000000E+02      0.1000000000E+02      0.0000000000E+00      0.0000000000E+00
    0.9999999823E+01      0.9999999823E+01      0.0000000000E+00      0.0000000000E+00
    0.9999998140E+01      0.9999998140E+01      0.0000000000E+00      0.0000000000E+00
    0.9999991816E+01      0.9999991816E+01      0.0000000000E+00      0.0000000000E+00
    0.9999980792E+01      0.9999980792E+01      0.0000000000E+00      0.1787913042E-04
    0.9999957587E+01      0.9999957587E+01      0.1223024728E-04      0.3843318207E-04
    0.9999925791E+01      0.9999925791E+01      0.1933561956E-04      0.6512522296E-04
    0.9999880436E+01      0.9999880436E+01      0.3275074506E-04      0.1030956306E-03
    0.9999832381E+01      0.9999832381E+01      0.4621014988E-04      0.1529140027E-03
    0.9999766781E+01      0.9999766781E+01      0.6244227932E-04      0.2064008818E-03
    0.9999692830E+01      0.9999692830E+01      0.7693117959E-04      0.2696686072E-03
    0.9999606870E+01      0.9999606870E+01      0.9433122014E-04      0.3377320851E-03
    0.9999511650E+01      0.9999511650E+01      0.1076929097E-03      0.4149683266E-03
    0.9999410923E+01      0.9999410923E+01      0.1184639108E-03      0.4937917379E-03
    0.9999307574E+01      0.9999307574E+01      0.1263274199E-03      0.5753585407E-03
    0.9999202196E+01      0.9999202196E+01      0.1279042326E-03      0.6545682155E-03
    0.9999102266E+01      0.9999102266E+01      0.1228079070E-03      0.7281678772E-03
    0.9999011486E+01      0.9999011486E+01      0.1122021186E-03      0.7914416731E-03
    0.9998931782E+01      0.9998931782E+01      0.9467479847E-04      0.8508184891E-03
    0.9998869056E+01      0.9998869056E+01      0.7245229272E-04      0.8958429531E-03
    0.9998823022E+01      0.9998823022E+01      0.4934626141E-04      0.9272450078E-03
    0.9998784727E+01      0.9998784727E+01      0.1290889517E-04      0.9503394330E-03
    0.0000000000E+00      0.2000000000E+02      0.0000000000E+00      0.0000000000E+00
    0.1000000000E+02      0.1000000000E+02      0.0000000000E+00      0.0000000000E+00
    0.1000000000E+02      0.1000000000E+02      0.0000000000E+00      0.0000000000E+00
    0.9999998612E+01      0.9999998612E+01      0.0000000000E+00      0.0000000000E+00
    0.9999993504E+01      0.9999993504E+01      0.0000000000E+00      0.0000000000E+00
    0.9999981398E+01      0.9999981398E+01      0.0000000000E+00      0.1684868556E-04
    0.9999955236E+01      0.9999955236E+01      0.1628999138E-04      0.3999349831E-04
    0.9999915819E+01      0.9999915819E+01      0.2837943653E-04      0.7104486001E-04
    0.9999867199E+01      0.9999867199E+01      0.4496398227E-04      0.1213488692E-03
    0.9999800124E+01      0.9999800124E+01      0.6705189799E-04      0.1815821538E-03
    0.9999719631E+01      0.9999719631E+01      0.8768582774E-04      0.2575321670E-03
    0.9999624020E+01      0.9999624020E+01      0.1156336790E-03      0.3545462281E-03
    0.9999509452E+01      0.9999509452E+01      0.1426841339E-03      0.4661165823E-03
    0.9999378476E+01      0.9999378476E+01      0.1679760003E-03      0.5979598935E-03
    0.9999232633E+01      0.9999232633E+01      0.1931858018E-03      0.7395641034E-03
    0.9999074246E+01      0.9999074246E+01      0.2124937461E-03      0.8959101427E-03
    0.9998908583E+01      0.9998908583E+01      0.2274302376E-03      0.1058226375E-02
    0.9998736448E+01      0.9998736448E+01      0.2357219408E-03      0.1228029257E-02
    0.9998564143E+01      0.9998564143E+01      0.2302012232E-03      0.1395405984E-02
    0.9998404881E+01      0.9998404881E+01      0.2161724265E-03      0.1548475872E-02
    0.9998263433E+01      0.9998263433E+01      0.1931208595E-03      0.1680942083E-02
    0.9998144060E+01      0.9998144060E+01      0.1601696049E-03      0.1797582420E-02
    0.9998050519E+01      0.9998050519E+01      0.1201618922E-03      0.1885094434E-02
    0.9997983241E+01      0.9997983241E+01      0.7850486487E-04      0.1948137079E-02
    0.9997940586E+01      0.9997940586E+01      0.2494599961E-04      0.1986045645E-02
    0.0000000000E+00      0.2000000000E+02      0.0000000000E+00      0.0000000000E+00
    0.9999999295E+01      0.9999999295E+01      0.0000000000E+00      0.0000000000E+00
    0.9999996324E+01      0.9999996324E+01      0.0000000000E+00      0.0000000000E+00
    0.9999985491E+01      0.9999985491E+01      0.0000000000E+00      0.1350830132E-04
    0.9999959954E+01      0.9999959954E+01      0.1372428150E-04      0.3467695409E-04
    0.9999919801E+01      0.9999919801E+01      0.2567072796E-04      0.6800490100E-04
    0.9999857241E+01      0.9999857241E+01      0.5155994566E-04      0.1222733193E-03
    0.9999779366E+01      0.9999779366E+01      0.8610893056E-04      0.1931504953E-03
    0.9999681535E+01      0.9999681535E+01      0.1176424827E-03      0.2906304056E-03
    0.9999553436E+01      0.9999553436E+01      0.1578872929E-03      0.4102197274E-03
    0.9999397226E+01      0.9999397226E+01      0.2039746139E-03      0.5627385455E-03
    0.9999209779E+01      0.9999209779E+01      0.2511750113E-03      0.7446026561E-03
    0.9998991356E+01      0.9998991356E+01      0.3026084139E-03      0.9601258996E-03
    0.9998748714E+01      0.9998748714E+01      0.3507072066E-03      0.1206838122E-02
    0.9998480597E+01      0.9998480597E+01      0.3923233892E-03      0.1476912525E-02
    0.9998196461E+01      0.9998196461E+01      0.4245892502E-03      0.1768825485E-02
    0.9997900355E+01      0.9997900355E+01      0.4460359061E-03      0.2070626458E-02
    0.9997598134E+01      0.9997598134E+01      0.4537917153E-03      0.2383379704E-02
    0.9997304000E+01      0.9997304000E+01      0.4398082639E-03      0.2688587880E-02
    0.9997031754E+01      0.9997031754E+01      0.4084678045E-03      0.2971179743E-02
    0.9996789249E+01      0.9996789249E+01      0.3590060493E-03      0.3219596980E-02
    0.9996586256E+01      0.9996586256E+01      0.2943637162E-03      0.3432732141E-02
    0.9996429612E+01      0.9996429612E+01      0.2181437041E-03      0.3593421035E-02
    0.9996323390E+01      0.9996323390E+01      0.1356124374E-03      0.3704515816E-02
    0.9996262522E+01      0.9996262522E+01      0.4693556140E-04      0.3766687243E-02
    0.0000000000E+00      0.2000000000E+02      0.0000000000E+00      0.0000000000E+00
    0.9999989924E+01      0.9999989924E+01      0.0000000000E+00      0.0000000000E+00
    0.9999971777E+01      0.9999971777E+01      0.1045157681E-04      0.2281272558E-04
    0.9999932999E+01      0.9999932999E+01      0.2491926593E-04      0.5675930540E-04
    0.9999868453E+01      0.9999868453E+01      0.5365107620E-04      0.1115855394E-03
    0.9999782923E+01      0.9999782923E+01      0.9285477443E-04      0.1872891799E-03
    0.9999670819E+01      0.9999670819E+01      0.1342919059E-03      0.2907554786E-03
    0.9999517331E+01      0.9999517331E+01      0.1925390630E-03      0.4305188116E-03
    0.9999321761E+01      0.9999321761E+01      0.2618078493E-03      0.6160288122E-03
    0.9999078818E+01      0.9999078818E+01      0.3389705689E-03      0.8501573310E-03
    0.9998784379E+01      0.9998784379E+01      0.4236482413E-03      0.1134764163E-02
    0.9998434611E+01      0.9998434611E+01      0.5134963455E-03      0.1476678658E-02
    0.9998038036E+01      0.9998038036E+01      0.6030458009E-03      0.1870275248E-02
    0.9997595899E+01      0.9997595899E+01      0.6845774103E-03      0.2313082791E-02
    0.9997118038E+01      0.9997118038E+01      0.7569155421E-03      0.2799235208E-02
    0.9996612210E+01      0.9996612210E+01      0.8127833351E-03      0.3316111800E-02
    0.9996094084E+01      0.9996094084E+01      0.8464833060E-03      0.3850235621E-02
    0.9995565881E+01      0.9995565881E+01      0.8463101503E-03      0.4397695351E-02
    0.9995070245E+01      0.9995070245E+01      0.8138417655E-03      0.4921624582E-02
    0.9994610858E+01      0.9994610858E+01      0.7490266364E-03      0.5406196479E-02
    0.9994204186E+01      0.9994204186E+01      0.6545857658E-03      0.5833593562E-02
    0.9993864785E+01      0.9993864785E+01      0.5344046848E-03      0.6195618080E-02
    0.9993603650E+01      0.9993603650E+01      0.3934868043E-03      0.6471641349E-02
    0.9993424796E+01      0.9993424796E+01      0.2421344612E-03      0.6663601403E-02
    0.9993316295E+01      0.9993316295E+01      0.8428790365E-04      0.6777833532E-02
    0.0000000000E+00      0.2000000000E+02      0.0000000000E+00      0.0000000000E+00
    0.9999949573E+01      0.9999949573E+01      0.2082413388E-04      0.4155124101E-04
    0.9999888461E+01      0.9999888461E+01      0.4813184642E-04      0.8840176742E-04
    0.9999810457E+01      0.9999810457E+01      0.8541805053E-04      0.1608905289E-03
    0.9999690063E+01      0.9999690063E+01      0.1375764935E-03      0.2669699408E-03
    0.9999522533E+01      0.9999522533E+01      0.2103259877E-03      0.4153084051E-03
    0.9999300166E+01      0.9999300166E+01      0.2983340138E-03      0.6197261081E-03
    0.9999012397E+01      0.9999012397E+01      0.4036206697E-03      0.8890462862E-03
    0.9998644197E+01      0.9998644197E+01      0.5314212811E-03      0.1235033617E-02
    0.9998194165E+01      0.9998194165E+01      0.6754939926E-03      0.1667895715E-02
    0.9997652815E+01      0.9997652815E+01      0.8302829871E-03      0.2192341124E-02
    0.9997029695E+01      0.9997029695E+01      0.9890258649E-03      0.2804725793E-02
    0.9996326811E+01      0.9996326811E+01      0.1141690210E-02      0.3501700280E-02
    0.9995557243E+01      0.9995557243E+01      0.1282200210E-02      0.4277872127E-02
    0.9994730261E+01      0.9994730261E+01      0.1399898582E-02      0.5117794102E-02
    0.9993867154E+01      0.9993867154E+01      0.1486223032E-02      0.6002779760E-02
    0.9992987291E+01      0.9992987291E+01      0.1531081830E-02      0.6910181036E-02
    0.9992106658E+01      0.9992106658E+01      0.1513504455E-02      0.7827409220E-02
    0.9991285949E+01      0.9991285949E+01      0.1446585140E-02      0.8694876462E-02
    0.9990533060E+01      0.9990533060E+01      0.1325436839E-02      0.9494454762E-02
    0.9989869416E+01      0.9989869416E+01      0.1152863137E-02      0.1019849674E-01
    0.9989316664E+01      0.9989316664E+01      0.9371554553E-03      0.1079027727E-01
    0.9988888392E+01      0.9988888392E+01      0.6889595870E-03      0.1124603907E-01
    0.9988591064E+01      0.9988591064E+01      0.4249415890E-03      0.1156521469E-01
    0.9988408944E+01      0.9988408944E+01      0.1482354730E-03      0.1176042416E-01
    0.0000000000E+00      0.2000000000E+02      0.0000000000E+00      0.0000000000E+00
    0.9999850308E+01      0.9999850308E+01      0.7088491738E-04      0.1237366486E-03
    0.9999734654E+01      0.9999734654E+01      0.1299162392E-03      0.2218436125E-03
    0.9999568126E+01      0.9999568126E+01      0.2069052449E-03      0.3659635744E-03
    0.9999339029E+01      0.9999339029E+01      0.3051790530E-03      0.5718033133E-03
    0.9999024844E+01      0.9999024844E+01      0.4381271091E-03      0.8516782589E-03
    0.9998607366E+01      0.9998607366E+01      0.6063926291E-03      0.1235874137E-02
    0.9998072007E+01      0.9998072007E+01      0.8043355166E-03      0.1738420802E-02
    0.9997403932E+01      0.9997403932E+01      0.1036343858E-02      0.2369462366E-02
    0.9996594639E+01      0.9996594639E+01      0.1289874126E-02      0.3144378632E-02
    0.9995647167E+01      0.9995647167E+01      0.1562252302E-02      0.4071122003E-02
    0.9994569331E+01      0.9994569331E+01      0.1828465699E-02      0.5133281603E-02
    0.9993376058E+01      0.9993376058E+01      0.2082683842E-02      0.6326615581E-02
    0.9992080870E+01      0.9992080870E+01      0.2308702791E-02      0.7633397808E-02
    0.9990712560E+01      0.9990712560E+01      0.2491834079E-02      0.9030415230E-02
    0.9989300196E+01      0.9989300196E+01      0.2616160364E-02      0.1048278091E-01
    0.9987872508E+01      0.9987872508E+01      0.2669313835E-02      0.1196507765E-01
    0.9986470187E+01      0.9986470187E+01      0.2613737395E-02      0.1343252869E-01
    0.9985167774E+01      0.9985167774E+01      0.2478711867E-02      0.1481387616E-01
    0.9983982426E+01      0.9983982426E+01      0.2259377862E-02      0.1607825711E-01
    0.9982942365E+01      0.9982942365E+01      0.1959415992E-02      0.1718889760E-01
    0.9982075981E+01      0.9982075981E+01      0.1589956966E-02      0.1811908138E-01
    0.9981405880E+01      0.9981405880E+01      0.1167270165E-02      0.1883740025E-01
    0.9980942527E+01      0.9980942527E+01      0.7187601005E-03      0.1933660311E-01
    0.9980659067E+01      0.9980659067E+01      0.2541167669E-03      0.1964125389E-01
    0.0000000000E+00      0.2000000000E+02      0.0000000000E+00      0.0000000000E+00
    0.9999648204E+01      0.9999648204E+01      0.1789040371E-03      0.2939299955E-03
    0.9999427690E+01      0.9999427690E+01      0.2850396454E-03      0.4778123113E-03
    0.9999113183E+01      0.9999113183E+01      0.4341098670E-03      0.7500537563E-03
    0.9998681780E+01      0.9998681780E+01      0.6279724201E-03      0.1141100087E-02
    0.9998097296E+01      0.9998097296E+01      0.8746852208E-03      0.1669421473E-02
    0.9997335985E+01      0.9997335985E+01      0.1175069874E-02      0.2366467466E-02
    0.9996382018E+01      0.9996382018E+01      0.1530511345E-02      0.3263879518E-02
    0.9995207681E+01      0.9995207681E+01      0.1933682348E-02      0.4375743525E-02
    0.9993818935E+01      0.9993818935E+01      0.2371599806E-02      0.5718149118E-02
    0.9992221642E+01      0.9992221642E+01      0.2815337201E-02      0.7278707103E-02
    0.9990440403E+01      0.9990440403E+01      0.3251444239E-02      0.9049303630E-02
    0.9988489990E+01      0.9988489990E+01      0.3653453416E-02      0.1100559163E-01
    0.9986408746E+01      0.9986408746E+01      0.4000534260E-02      0.1311989635E-01
    0.9984237607E+01      0.9984237607E+01      0.4267024656E-02      0.1534653334E-01
    0.9982031405E+01      0.9982031405E+01      0.4432274595E-02      0.1763458648E-01
    0.9979805465E+01      0.9979805465E+01      0.4464144501E-02      0.1995233356E-01
    0.9977685239E+01      0.9977685239E+01      0.4344417222E-02      0.2219878561E-01
    0.9975709442E+01      0.9975709442E+01      0.4089938429E-02      0.2430525539E-01
    0.9973921866E+01      0.9973921866E+01      0.3707031858E-02      0.2622218953E-01
    0.9972363425E+01      0.9972363425E+01      0.3203315811E-02      0.2789874327E-01
    0.9971070000E+01      0.9971070000E+01      0.2593840037E-02      0.2929573714E-01
    0.9970073317E+01      0.9970073317E+01      0.1901752305E-02      0.3037318555E-01
    0.9969387064E+01      0.9969387064E+01      0.1170591705E-02      0.3111851561E-01
    0.9968966113E+01      0.9968966113E+01      0.4212795572E-03      0.3157496620E-01
    0.0000000000E+00      0.2000000000E+02      0.0000000000E+00      0.0000000000E+00
    0.9999261618E+01      0.9999261618E+01      0.3834383686E-03      0.6089663126E-03
    0.9998849494E+01      0.9998849494E+01      0.5884348510E-03      0.9661093552E-03
    0.9998265315E+01      0.9998265315E+01      0.8622937904E-03      0.1475528008E-02
    0.9997473984E+01      0.9997473984E+01      0.1216781020E-02      0.2182193429E-02
    0.9996429498E+01      0.9996429498E+01      0.1662138589E-02      0.3129686831E-02
    0.9995100425E+01      0.9995100425E+01      0.2196189346E-02      0.4361536029E-02
    0.9993452639E+01      0.9993452639E+01      0.2807515794E-02      0.5904799689E-02
    0.9991485142E+01      0.9991485142E+01      0.3484634432E-02      0.7784214236E-02
    0.9989193382E+01      0.9989193382E+01      0.4195238420E-02      0.1000061052E-01
    0.9986626817E+01      0.9986626817E+01      0.4901578063E-02      0.1253276644E-01
    0.9983800127E+01      0.9983800127E+01      0.5570124034E-02      0.1535215469E-01
    0.9980761121E+01      0.9980761121E+01      0.6174834651E-02      0.1842367516E-01
    0.9977563421E+01      0.9977563421E+01      0.6674362092E-02      0.2169062550E-01
    0.9974279543E+01      0.9974279543E+01      0.7037312563E-02      0.2508577211E-01
    0.9970981564E+01      0.9970981564E+01      0.7228673055E-02      0.2853109973E-01
    0.9967683271E+01      0.9967683271E+01      0.7187219330E-02      0.3199232746E-01
    0.9964610356E+01      0.9964610356E+01      0.6954137697E-02      0.3528157133E-01
    0.9961757778E+01      0.9961757778E+01      0.6507514552E-02      0.3835250334E-01
    0.9959186767E+01      0.9959186767E+01      0.5866105368E-02      0.4113131873E-01
    0.9956959999E+01      0.9956959999E+01      0.5048537676E-02      0.4354859967E-01
    0.9955125826E+01      0.9955125826E+01      0.4075791327E-02      0.4555047780E-01
    0.9953718397E+01      0.9953718397E+01      0.2981915418E-02      0.4708881689E-01
    0.9952749933E+01      0.9952749933E+01      0.1831992155E-02      0.4815048427E-01
    0.9952151732E+01      0.9952151732E+01      0.6692816585E-03      0.4880482501E-01
    0.0000000000E+00      0.2000000000E+02      0.0000000000E+00      0.0000000000E+00
    0.9998550109E+01      0.9998550109E+01      0.7739772303E-03      0.1196169162E-02
    0.9997791251E+01      0.9997791251E+01      0.1147050725E-02      0.1850731458E-02
    0.9996744226E+01      0.9996744226E+01      0.1643240270E-02      0.2768265820E-02
    0.9995347398E+01      0.9995347398E+01      0.2276752406E-02      0.4018464214E-02
    0.9993553326E+01      0.9993553326E+01      0.3041333677E-02      0.5655860826E-02
    0.9991308890E+01      0.9991308890E+01      0.3937095069E-02      0.7732105264E-02
    0.9988603226E+01      0.9988603226E+01      0.4948979409E-02      0.1028588208E-01
    0.9985429814E+01      0.9985429814E+01      0.6026498503E-02      0.1332165636E-01
    0.9981846402E+01      0.9981846402E+01      0.7128893380E-02      0.1682231776E-01
    0.9977889217E+01      0.9977889217E+01      0.8188966510E-02      0.2074341524E-01
    0.9973613991E+01      0.9973613991E+01      0.9175462049E-02      0.2504190779E-01
    0.9969088837E+01      0.9969088837E+01      0.1002968138E-01      0.2964602296E-01
    0.9964409845E+01      0.9964409845E+01      0.1070419557E-01      0.3446880127E-01
    0.9959673173E+01      0.9959673173E+01      0.1114849539E-01      0.3940699437E-01
    0.9954951860E+01      0.9954951860E+01      0.1132518840E-01      0.4437985801E-01
    0.9950347556E+01      0.9950347556E+01      0.1114414968E-01      0.4927629178E-01
    0.9946074115E+01      0.9946074115E+01      0.1069367202E-01      0.5389455381E-01
    0.9942150003E+01      0.9942150003E+01      0.9950608132E-02      0.5816683638E-01
    0.9938638280E+01      0.9938638280E+01      0.8923652765E-02      0.6200805423E-01
    0.9935611428E+01      0.9935611428E+01      0.7644715756E-02      0.6533324249E-01
    0.9933129689E+01      0.9933129689E+01      0.6152139106E-02      0.6807390200E-01
    0.9931232291E+01      0.9931232291E+01      0.4494824490E-02      0.7017561003E-01
    0.9929926664E+01      0.9929926664E+01      0.2759227511E-02      0.7162521397E-01
    0.9929118687E+01      0.9929118687E+01      0.1025197563E-02      0.7251867325E-01
    0.0000000000E+00      0.2000000000E+02      0.0000000000E+00      0.0000000000E+00
    0.9997254952E+01      0.9997254952E+01      0.1484273501E-02      0.2256734989E-02
    0.9995914316E+01      0.9995914316E+01      0.2154243138E-02      0.3417070155E-02
    0.9994104762E+01      0.9994104762E+01      0.3018987987E-02      0.5013330670E-02
    0.9991744681E+01      0.9991744681E+01      0.4091290648E-02      0.7127092396E-02
    0.9988775666E+01      0.9988775666E+01      0.5363490686E-02      0.9836633743E-02
    0.9985172024E+01      0.9985172024E+01      0.6811015027E-02      0.1319980877E-01
    0.9980911872E+01      0.9980911872E+01      0.8384296428E-02      0.1722692896E-01
    0.9976060214E+01      0.9976060214E+01      0.1002978521E-01      0.2191227259E-01
    0.9970697015E+01      0.9970697015E+01      0.1163563764E-01      0.2718356312E-01
    0.9964886950E+01      0.9964886950E+01      0.1315655292E-01      0.3298993364E-01
    0.9958715358E+01      0.9958715358E+01      0.1452112425E-01      0.3923999510E-01
    0.9952306020E+01      0.9952306020E+01      0.1565837858E-01      0.4582593545E-01
    0.9945783419E+01      0.9945783419E+01      0.1649833686E-01      0.5261272804E-01
    0.9939288298E+01      0.9939288298E+01      0.1697123183E-01      0.5946887680E-01
    0.9932831919E+01      0.9932831919E+01      0.1702627639E-01      0.6632123112E-01
    0.9926747706E+01      0.9926747706E+01      0.1663633587E-01      0.7290900543E-01
    0.9921086494E+01      0.9921086494E+01      0.1583092343E-01      0.7910188339E-01
    0.9915931733E+01      0.9915931733E+01      0.1463316776E-01      0.8478647429E-01
    0.9911360976E+01      0.9911360976E+01      0.1305803820E-01      0.8985950909E-01
    0.9907441794E+01      0.9907441794E+01      0.1114091665E-01      0.9423075986E-01
    0.9904238253E+01      0.9904238253E+01      0.8938086922E-02      0.9782046752E-01
    0.9901793741E+01      0.9901793741E+01      0.6520247384E-02      0.1005687614E+00
    0.9900104742E+01      0.9900104742E+01      0.3994619051E-02      0.1024706102E+00
    0.9899073953E+01      0.9899073953E+01      0.1510500100E-02      0.1036301936E+00
    0.0000000000E+00      0.2000000000E+02      0.0000000000E+00      0.0000000000E+00
    0.9995009930E+01      0.9995009930E+01      0.2743749633E-02      0.4100313865E-02
    0.9992723182E+01      0.9992723182E+01      0.3892448798E-02      0.6080063875E-02
    0.9989714783E+01      0.9989714783E+01      0.5336182139E-02      0.8733711295E-02
    0.9985892249E+01      0.9985892249E+01      0.7082864599E-02      0.1216917893E-01
    0.9981215681E+01      0.9981215681E+01      0.9096655447E-02      0.1646519195E-01
    0.9975663664E+01      0.9975663664E+01      0.1131347554E-01      0.2165390222E-01
    0.9969301184E+01      0.9969301184E+01      0.1366573643E-01      0.2772917454E-01
    0.9962244289E+01      0.9962244289E+01      0.1600633293E-01      0.3459271588E-01
    0.9954602316E+01      0.9954602316E+01      0.1824508418E-01      0.4217668761E-01
    0.9946468778E+01      0.9946468778E+01      0.2030369748E-01      0.5036989093E-01
    0.9938000718E+01      0.9938000718E+01      0.2208313286E-01      0.5903883088E-01
    0.9929357369E+01      0.9929357369E+01      0.2348985835E-01      0.6801116199E-01
    0.9920722011E+01      0.9920722011E+01      0.2440141611E-01      0.7712669497E-01
    0.9912200960E+01      0.9912200960E+01      0.2484186814E-01      0.8622535936E-01
    0.9903852613E+01      0.9903852613E+01      0.2461255801E-01      0.9521617550E-01
    0.9896149704E+01      0.9896149704E+01      0.2387851084E-01      0.1036984153E+00
    0.9889023652E+01      0.9889023652E+01      0.2256570726E-01      0.1116290428E+00
    0.9882569373E+01      0.9882569373E+01      0.2072255451E-01      0.1188633944E+00
    0.9876878908E+01      0.9876878908E+01      0.1840033871E-01      0.1252849269E+00
    0.9872028115E+01      0.9872028115E+01      0.1564261184E-01      0.1307931822E+00
    0.9868077920E+01      0.9868077920E+01      0.1251759087E-01      0.1353014806E+00
    0.9865064132E+01      0.9865064132E+01      0.9122876145E-02      0.1387511418E+00
    0.9862963079E+01      0.9862963079E+01      0.5566897763E-02      0.1411538486E+00
    0.9861724401E+01      0.9861724401E+01      0.2146301750E-02      0.1425823529E+00
    0.0000000000E+00      0.2000000000E+02      0.0000000000E+00      0.0000000000E+00
    0.9991253425E+01      0.9991253425E+01      0.4873265408E-02      0.7172243397E-02
    0.9987511671E+01      0.9987511671E+01      0.6773241696E-02      0.1041170476E-01
    0.9982727055E+01      0.9982727055E+01      0.9091131924E-02      0.1464790435E-01
    0.9976823597E+01      0.9976823597E+01      0.1179924923E-01      0.1998461544E-01
    0.9969778634E+01      0.9969778634E+01      0.1482459881E-01      0.2647316489E-01
    0.9961671089E+01      0.9961671089E+01      0.1806934442E-01      0.3411977470E-01
    0.9952642028E+01      0.9952642028E+01      0.2135558578E-01      0.4280689776E-01
    0.9942882700E+01      0.9942882700E+01      0.2452646562E-01      0.5240966474E-01
    0.9932496859E+01      0.9932496859E+01      0.2748382291E-01      0.6280914555E-01
    0.9921674121E+01      0.9921674121E+01      0.3010931944E-01      0.7383816647E-01
    0.9910620010E+01      0.9910620010E+01      0.3227528634E-01      0.8528998700E-01
    0.9899558642E+01      0.9899558642E+01      0.3383125491E-01      0.9695422667E-01
    0.9888634165E+01      0.9888634165E+01      0.3472404405E-01      0.1086462013E+00
    0.9877914974E+01      0.9877914974E+01      0.3494870926E-01      0.1202524537E+00
    0.9867761441E+01      0.9867761441E+01      0.3431982165E-01      0.1314341845E+00
    0.9858381638E+01      0.9858381638E+01      0.3300149353E-01      0.1419466988E+00
    0.9849819871E+01      0.9849819871E+01      0.3098456550E-01      0.1516695670E+00
    0.9842073082E+01      0.9842073082E+01      0.2830848728E-01      0.1605202601E+00
    0.9835272614E+01      0.9835272614E+01      0.2502043637E-01      0.1683519892E+00
    0.9829481168E+01      0.9829481168E+01      0.2119512868E-01      0.1750702504E+00
    0.9824805267E+01      0.9824805267E+01      0.1692308486E-01      0.1805221147E+00
    0.9821251326E+01      0.9821251326E+01      0.1232591011E-01      0.1846790938E+00
    0.9818751682E+01      0.9818751682E+01      0.7492887818E-02      0.1875873232E+00
    0.9817344600E+01      0.9817344600E+01      0.2943330588E-02      0.1892726169E+00
    0.0000000000E+00      0.2000000000E+02      0.0000000000E+00      0.0000000000E+00
    0.9985226327E+01      0.9985226327E+01      0.8350637123E-02      0.1208700044E-01
    0.9979378760E+01      0.9979378760E+01      0.1134491808E-01      0.1716506000E-01
    0.9972112579E+01      0.9972112579E+01      0.1488574720E-01      0.2361885079E-01
    0.9963405532E+01      0.9963405532E+01      0.1888745066E-01      0.3152481585E-01
    0.9953340688E+01      0.9953340688E+01      0.2321919176E-01      0.4088286838E-01
    0.9942091732E+01      0.9942091732E+01      0.2767489641E-01      0.5156468932E-01
    0.9929963770E+01      0.9929963770E+01      0.3201320660E-01      0.6338958133E-01
    0.9917074192E+01      0.9917074192E+01      0.3609341801E-01      0.7620236040E-01
    0.9903653023E+01      0.9903653023E+01      0.3978698065E-01      0.8980889933E-01
    0.9889953876E+01      0.9889953876E+01      0.4292637278E-01      0.1039588578E+00
    0.9876235360E+01      0.9876235360E+01      0.4533251796E-01      0.1183960380E+00
    0.9862710077E+01      0.9862710077E+01      0.4688815709E-01      0.1329148271E+00
    0.9849494968E+01      0.9849494968E+01      0.4765467861E-01      0.1473263049E+00
    0.9836580287E+01      0.9836580287E+01      0.4735187916E-01      0.1615180512E+00
    0.9824756624E+01      0.9824756624E+01      0.4620578505E-01      0.1749028092E+00
    0.9813930071E+01      0.9813930071E+01      0.4406191662E-01      0.1873139176E+00
    0.9804274054E+01      0.9804274054E+01      0.4106552529E-01      0.1985805136E+00
    0.9795871331E+01      0.9795871331E+01      0.3724712475E-01      0.2084927064E+00
    0.9788722269E+01      0.9788722269E+01      0.3269115264E-01      0.2169593435E+00
    0.9782876872E+01      0.9782876872E+01      0.2752844445E-01      0.2240076896E+00
    0.9778231107E+01      0.9778231107E+01      0.2190327035E-01      0.2296891356E+00
    0.9774707001E+01      0.9774707001E+01      0.1593520899E-01      0.2339907991E+00
    0.9772156424E+01      0.9772156424E+01      0.9592642308E-02      0.2370629840E+00
    0.9770895937E+01      0.9770895937E+01      0.3860206868E-02      0.2386714663E+00
    0.0000000000E+00      0.2000000000E+02      0.0000000000E+00      0.0000000000E+00
    0.9975991313E+01      0.9975991313E+01      0.1377706760E-01      0.1959667165E-01
    0.9967262991E+01      0.9967262991E+01      0.1827762587E-01      0.2719840116E-01
    0.9956754275E+01      0.9956754275E+01      0.2342413518E-01      0.3657810703E-01
    0.9944559434E+01      0.9944559434E+01      0.2904108091E-01      0.4774425198E-01
    0.9930885895E+01      0.9930885895E+01      0.3489663864E-01      0.6054585807E-01
    0.9916167854E+01      0.9916167854E+01      0.4065368620E-01      0.7473677912E-01
    0.9900574956E+01      0.9900574956E+01      0.4609055168E-01      0.9010417504E-01
    0.9884386617E+01      0.9884386617E+01      0.5107842338E-01      0.1064236643E+00
    0.9867867174E+01      0.9867867174E+01      0.5540673428E-01      0.1234131747E+00
    0.9851386689E+01      0.9851386689E+01      0.5885314066E-01      0.1407333687E+00
    0.9835097137E+01      0.9835097137E+01      0.6132622322E-01      0.1582013859E+00
    0.9819200837E+01      0.9819200837E+01      0.6278855989E-01      0.1756019431E+00
    0.9804093284E+01      0.9804093284E+01      0.6294870442E-01      0.1924601616E+00
    0.9790613192E+01      0.9790613192E+01      0.6172579878E-01      0.2078346682E+00
    0.9778775490E+01      0.9778775490E+01      0.5938353501E-01      0.2217643858E+00
    0.9768344671E+01      0.9768344671E+01      0.5601154045E-01      0.2343542257E+00
    0.9759201569E+01      0.9759201569E+01      0.5162523802E-01      0.2455389433E+00
    0.9751360226E+01      0.9751360226E+01      0.4640649327E-01      0.2553663479E+00
    0.9744749552E+01      0.9744749552E+01      0.4048612958E-01      0.2638253940E+00
    0.9739279366E+01      0.9739279366E+01      0.3395088443E-01      0.2708545296E+00
    0.9734915423E+01      0.9734915423E+01      0.2688633641E-01      0.2764840508E+00
    0.9731603575E+01      0.9731603575E+01      0.1952859261E-01      0.2808017114E+00
    0.9729080974E+01      0.9729080974E+01      0.1163601826E-01      0.2840085653E+00
    0.9728084537E+01      0.9728084537E+01      0.4812451370E-02      0.2854617209E+00
    0.0000000000E+00      0.2000000000E+02      0.0000000000E+00      0.0000000000E+00
    0.9962479188E+01      0.9962479188E+01      0.2186156468E-01      0.3054140444E-01
    0.9950080205E+01      0.9950080205E+01      0.2830241980E-01      0.4140389881E-01
    0.9935620263E+01      0.9935620263E+01      0.3540466907E-01      0.5440046101E-01
    0.9919379660E+01      0.9919379660E+01      0.4288292041E-01      0.6937760690E-01
    0.9901898718E+01      0.9901898718E+01      0.5030963083E-01      0.8600767610E-01
    0.9883466663E+01      0.9883466663E+01      0.5734590490E-01      0.1039988805E+00
    0.9864373390E+01      0.9864373390E+01      0.6387616564E-01      0.1230855715E+00
    0.9844967727E+01      0.9844967727E+01      0.6963701106E-01      0.1429326227E+00
    0.9825592193E+01      0.9825592193E+01      0.7432051069E-01      0.1632839463E+00
    0.9806979718E+01      0.9806979718E+01      0.7769510216E-01      0.1832942928E+00
    0.9789672372E+01      0.9789672372E+01      0.7960723358E-01      0.2024353025E+00
    0.9773721912E+01      0.9773721912E+01      0.7998698386E-01      0.2206295691E+00
    0.9759522538E+01      0.9759522538E+01      0.7877853238E-01      0.2372286107E+00
    0.9747032852E+01      0.9747032852E+01      0.7632063392E-01      0.2524603499E+00
    0.9735944703E+01      0.9735944703E+01      0.7261692959E-01      0.2663065949E+00
    0.9726161810E+01      0.9726161810E+01      0.6784364777E-01      0.2788451124E+00
    0.9717625793E+01      0.9717625793E+01      0.6212828721E-01      0.2900412493E+00
    0.9710289631E+01      0.9710289631E+01      0.5554562883E-01      0.2998405191E+00
    0.9704091775E+01      0.9704091775E+01      0.4821764326E-01      0.3082558229E+00
    0.9698974894E+01      0.9698974894E+01      0.4027536743E-01      0.3152729787E+00
    0.9694896092E+01      0.9694896092E+01      0.3186944064E-01      0.3209248550E+00
    0.9691770370E+01      0.9691770370E+01      0.2320169774E-01      0.3252612024E+00
    0.9689256462E+01      0.9689256462E+01      0.1373073264E-01      0.3286199493E+00
    0.9688512270E+01      0.9688512270E+01      0.5795578654E-02      0.3298588504E+00
    0.0000000000E+00      0.2000000000E+02      0.0000000000E+00      0.0000000000E+00
    0.9943662295E+01      0.9943662295E+01      0.3334867297E-01      0.4574203255E-01
    0.9926877027E+01      0.9926877027E+01      0.4210698969E-01      0.6053648500E-01
    0.9907967679E+01      0.9907967679E+01      0.5142716753E-01      0.7766825210E-01
    0.9887620925E+01      0.9887620925E+01      0.6076090289E-01      0.9673620360E-01
    0.9866208336E+01      0.9866208336E+01      0.6968980964E-01      0.1173242071E+00
    0.9844219015E+01      0.9844219015E+01      0.7798731272E-01      0.1391538428E+00
    0.9821957823E+01      0.9821957823E+01      0.8535186490E-01      0.1617783263E+00
    0.9800774192E+01      0.9800774192E+01      0.9103220939E-01      0.1841391497E+00
    0.9781132280E+01      0.9781132280E+01      0.9500874884E-01      0.2054045987E+00
    0.9763172945E+01      0.9763172945E+01      0.9734339110E-01      0.2256492605E+00
    0.9746454875E+01      0.9746454875E+01      0.9807149927E-01      0.2451015837E+00
    0.9731445342E+01      0.9731445342E+01      0.9701970196E-01      0.2630594856E+00
    0.9718257068E+01      0.9718257068E+01      0.9462646060E-01      0.2795968326E+00
    0.9706524062E+01      0.9706524062E+01      0.9082941518E-01      0.2947579018E+00
    0.9696092907E+01      0.9696092907E+01      0.8582074699E-01      0.3086318403E+00
    0.9686914485E+01      0.9686914485E+01      0.7971825980E-01      0.3211868569E+00
    0.9678902500E+01      0.9678902500E+01      0.7263889994E-01      0.3324142582E+00
    0.9672005359E+01      0.9672005359E+01      0.6469038154E-01      0.3422709759E+00
    0.9666186599E+01      0.9666186599E+01      0.5599060226E-01      0.3507335582E+00
    0.9661397049E+01      0.9661397049E+01      0.4666606641E-01      0.3578032821E+00
    0.9657576575E+01      0.9657576575E+01      0.3686014200E-01      0.3634947453E+00
    0.9654611246E+01      0.9654611246E+01      0.2682756960E-01      0.3678920683E+00
    0.9652069877E+01      0.9652069877E+01      0.1575579521E-01      0.3714503662E+00
    0.9651598001E+01      0.9651598001E+01      0.6763496607E-02      0.3724818868E+00
    0.0000000000E+00      0.2000000000E+02      0.0000000000E+00      0.0000000000E+00
    0.9918689237E+01      0.9918689237E+01      0.4890530311E-01      0.6582646864E-01
    0.9897098529E+01      0.9897098529E+01      0.6024470530E-01      0.8502456080E-01
    0.9873768156E+01      0.9873768156E+01      0.7175371789E-01      0.1064569690E+00
    0.9849403375E+01      0.9849403375E+01      0.8285328194E-01      0.1295204487E+00
    0.9824689880E+01      0.9824689880E+01      0.9304541931E-01      0.1538940896E+00
    0.9800629419E+01      0.9800629419E+01      0.1015640222E+00      0.1782172612E+00
    0.9778666649E+01      0.9778666649E+01      0.1081634614E+00      0.2015610617E+00
    0.9758134580E+01      0.9758134580E+01      0.1128767716E+00      0.2240156561E+00
    0.9739408436E+01      0.9739408436E+01      0.1158346734E+00      0.2454279556E+00
    0.9721994748E+01      0.9721994748E+01      0.1170925694E+00      0.2659915466E+00
    0.9706010985E+01      0.9706010985E+01      0.1164008991E+00      0.2854188767E+00
    0.9692100477E+01      0.9692100477E+01      0.1142181741E+00      0.3033156372E+00
    0.9679670573E+01      0.9679670573E+01      0.1104824941E+00      0.3198910034E+00
    0.9668576267E+01      0.9668576267E+01      0.1053982648E+00      0.3351832687E+00
    0.9658739391E+01      0.9658739391E+01      0.9908369366E-01      0.3491752874E+00
    0.9650068492E+01      0.9650068492E+01      0.9165847587E-01      0.3618618554E+00
    0.9642504304E+01      0.9642504304E+01      0.8323657674E-01      0.3732261895E+00
    0.9635998889E+01      0.9635998889E+01      0.7392838383E-01      0.3832247175E+00
    0.9630510468E+01      0.9630510468E+01      0.6384901432E-01      0.3918236630E+00
    0.9625991943E+01      0.9625991943E+01      0.5312208485E-01      0.3990091054E+00
    0.9622387721E+01      0.9622387721E+01      0.4191042914E-01      0.4047959315E+00
    0.9619564306E+01      0.9619564306E+01      0.3052296945E-01      0.4092927877E+00
    0.9616978898E+01      0.9616978898E+01      0.1782133081E-01      0.4130597537E+00
    0.9616747036E+01      0.9616747036E+01      0.7739559143E-02      0.4139020235E+00
    0.0000000000E+00      0.2000000000E+02      0.0000000000E+00      0.0000000000E+00
    0.9887159976E+01      0.9887159976E+01      0.6905439242E-01      0.9109300365E-01
    0.9860798473E+01      0.9860798473E+01      0.8296900173E-01      0.1147712875E+00
    0.9833686671E+01      0.9833686671E+01      0.9640018668E-01      0.1400610076E+00
    0.9807056916E+01      0.9807056916E+01      0.1080727289E+00      0.1660376716E+00
    0.9782196656E+01      0.9782196656E+01      0.1178610568E+00      0.1912953047E+00
    0.9759022107E+01      0.9759022107E+01      0.1254302186E+00      0.2156971282E+00
    0.9737696316E+01      0.9737696316E+01      0.1311805485E+00      0.2393186062E+00
    0.9717993272E+01      0.9717993272E+01      0.1348676625E+00      0.2619235397E+00
    0.9699942261E+01      0.9699942261E+01      0.1368339204E+00      0.2835768936E+00
    0.9683001271E+01      0.9683001271E+01      0.1368296387E+00      0.3045072691E+00
    0.9668218182E+01      0.9668218182E+01      0.1349643941E+00      0.3238394707E+00
    0.9655017020E+01      0.9655017020E+01      0.1314772318E+00      0.3418846350E+00
    0.9643245133E+01      0.9643245133E+01      0.1265045725E+00      0.3586695198E+00
    0.9632712627E+01      0.9632712627E+01      0.1201450580E+00      0.3742055196E+00
    0.9623361646E+01      0.9623361646E+01      0.1125403828E+00      0.3884513387E+00
    0.9615121338E+01      0.9615121338E+01      0.1037931146E+00      0.4013809147E+00
    0.9607926148E+01      0.9607926148E+01      0.9401926672E-01      0.4129907201E+00
    0.9601739137E+01      0.9601739137E+01      0.8333990518E-01      0.4232301290E+00
    0.9596517647E+01      0.9596517647E+01      0.7186538264E-01      0.4320518156E+00
    0.9592222006E+01      0.9592222006E+01      0.5972407839E-01      0.4394267930E+00
    0.9588797832E+01      0.9588797832E+01      0.4708646990E-01      0.4453701427E+00
    0.9586103181E+01      0.9586103181E+01      0.3430763696E-01      0.4500009842E+00
    0.9583477266E+01      0.9583477266E+01      0.1997269280E-01      0.4540280260E+00
    0.9583467403E+01      0.9583467403E+01      0.8759268867E-02      0.4547279550E+00
    0.0000000000E+00      0.2000000000E+02      0.0000000000E+00      0.0000000000E+00
    0.9849196462E+01      0.9849196462E+01      0.9407551483E-01      0.1212279764E+00
    0.9820175308E+01      0.9820175308E+01      0.1094305955E+00      0.1480751395E+00
    0.9792063361E+01      0.9792063361E+01      0.1226724075E+00      0.1749430618E+00
    0.9766214142E+01      0.9766214142E+01      0.1339356604E+00      0.2012589512E+00
    0.9741755956E+01      0.9741755956E+01      0.1427221235E+00      0.2265988958E+00
    0.9719536686E+01      0.9719536686E+01      0.1496831351E+00      0.2515619998E+00
    0.9698765107E+01      0.9698765107E+01      0.1543162636E+00      0.2752225881E+00
    0.9679899922E+01      0.9679899922E+01      0.1571404284E+00      0.2982010254E+00
    0.9662214354E+01      0.9662214354E+01      0.1580603411E+00      0.3203651317E+00
    0.9646263303E+01      0.9646263303E+01      0.1567254873E+00      0.3413408557E+00
    0.9632274061E+01      0.9632274061E+01      0.1537312795E+00      0.3609182495E+00
    0.9619754186E+01      0.9619754186E+01      0.1490246401E+00      0.3792529978E+00
    0.9608492036E+01      0.9608492036E+01      0.1428069958E+00      0.3963959081E+00
    0.9598431974E+01      0.9598431974E+01      0.1351979387E+00      0.4122967911E+00
    0.9589479057E+01      0.9589479057E+01      0.1262959416E+00      0.4269228711E+00
    0.9581584259E+01      0.9581584259E+01      0.1162231618E+00      0.4402267559E+00
    0.9574693703E+01      0.9574693703E+01      0.1050963622E+00      0.4521930528E+00
    0.9568761840E+01      0.9568761840E+01      0.9302794369E-01      0.4627621477E+00
    0.9563760667E+01      0.9563760667E+01      0.8012703731E-01      0.4718787328E+00
    0.9559654203E+01      0.9559654203E+01      0.6652334208E-01      0.4795105190E+00
    0.9556388157E+01      0.9556388157E+01      0.5239765120E-01      0.4856687330E+00
    0.9553814124E+01      0.9553814124E+01      0.3815794296E-01      0.4904656432E+00
    0.9551153603E+01      0.9551153603E+01      0.2223339940E-01      0.4947547089E+00
    0.9551308514E+01      0.9551308514E+01      0.9738887534E-02      0.4954004795E+00
    0.0000000000E+00      0.2000000000E+02      0.0000000000E+00      0.0000000000E+00
    0.9809259549E+01      0.9809259549E+01      0.1216092421E+00      0.1531938372E+00
    0.9779532428E+01      0.9779532428E+01      0.1365913224E+00      0.1808928852E+00
    0.9752611452E+01      0.9752611452E+01      0.1495945348E+00      0.2082520984E+00
    0.9726649203E+01      0.9726649203E+01      0.1597348523E+00      0.2345301677E+00
    0.9703499800E+01      0.9703499800E+01      0.1682883020E+00      0.2607834378E+00
    0.9681505116E+01      0.9681505116E+01      0.1739580302E+00      0.2855225853E+00
    0.9661670994E+01      0.9661670994E+01      0.1778865223E+00      0.3099319822E+00
    0.9643341171E+01      0.9643341171E+01      0.1797776160E+00      0.3332058519E+00
    0.9626094202E+01      0.9626094202E+01      0.1793901369E+00      0.3558918188E+00
    0.9611208765E+01      0.9611208765E+01      0.1770508354E+00      0.3770529130E+00
    0.9597830534E+01      0.9597830534E+01      0.1728353251E+00      0.3970427138E+00
    0.9585805200E+01      0.9585805200E+01      0.1669678685E+00      0.4158574129E+00
    0.9574986572E+01      0.9574986572E+01      0.1595410748E+00      0.4334825781E+00
    0.9565288502E+01      0.9565288502E+01      0.1506791447E+00      0.4498874238E+00
    0.9556669852E+01      0.9556669852E+01      0.1404881159E+00      0.4650096084E+00
    0.9549076716E+01      0.9549076716E+01      0.1290716493E+00      0.4788010447E+00
    0.9542461420E+01      0.9542461420E+01      0.1165522472E+00      0.4912392247E+00
    0.9536765309E+01      0.9536765309E+01      0.1030470758E+00      0.5022650532E+00
    0.9531945038E+01      0.9531945038E+01      0.8867676511E-01      0.5118044916E+00
    0.9527971319E+01      0.9527971319E+01      0.7357284005E-01      0.5197980576E+00
    0.9524803271E+01      0.9524803271E+01      0.5791617390E-01      0.5262468125E+00
    0.9522315354E+01      0.9522315354E+01      0.4212561727E-01      0.5312623543E+00
    0.9519624983E+01      0.9519624983E+01      0.2462600040E-01      0.5358561873E+00
    0.9519845055E+01      0.9519845055E+01      0.1073992923E-01      0.5364758268E+00
    0.0000000000E+00      0.2000000000E+02      0.0000000000E+00      0.0000000000E+00
    0.9769471611E+01      0.9769471611E+01      0.1496586276E+00      0.1839773128E+00
    0.9741148985E+01      0.9741148985E+01      0.1645401821E+00      0.2123413463E+00
    0.9713734964E+01      0.9713734964E+01      0.1763643931E+00      0.2396007028E+00
    0.9689341673E+01      0.9689341673E+01      0.1865776036E+00      0.2670878982E+00
    0.9666124583E+01      0.9666124583E+01      0.1936427471E+00      0.2930128289E+00
    0.9645250651E+01      0.9645250651E+01      0.1989496786E+00      0.3187568949E+00
    0.9625910915E+01      0.9625910915E+01      0.2018380549E+00      0.3433663753E+00
    0.9607872383E+01      0.9607872383E+01      0.2027812646E+00      0.3674083427E+00
    0.9591578389E+01      0.9591578389E+01      0.2012139950E+00      0.3903763047E+00
    0.9577298698E+01      0.9577298698E+01      0.1977990344E+00      0.4120655776E+00
    0.9564454318E+01      0.9564454318E+01      0.1924835871E+00      0.4325993096E+00
    0.9552801642E+01      0.9552801642E+01      0.1854406591E+00      0.4520311984E+00
    0.9542336625E+01      0.9542336625E+01      0.1768162858E+00      0.4702755201E+00
    0.9532982676E+01      0.9532982676E+01      0.1667009792E+00      0.4873255071E+00
    0.9524662353E+01      0.9524662353E+01      0.1552023210E+00      0.5031136471E+00
    0.9517298095E+01      0.9517298095E+01      0.1424245494E+00      0.5175647993E+00
    0.9510841427E+01      0.9510841427E+01      0.1284930487E+00      0.5306186546E+00
    0.9505258679E+01      0.9505258679E+01      0.1135298847E+00      0.5422181471E+00
    0.9500525731E+01      0.9500525731E+01      0.9765341653E-01      0.5522792471E+00
    0.9496618394E+01      0.9496618394E+01      0.8099446218E-01      0.5607230445E+00
    0.9493503180E+01      0.9493503180E+01      0.6373896990E-01      0.5675357578E+00
    0.9491055286E+01      0.9491055286E+01      0.4631136695E-01      0.5728288955E+00
    0.9488284076E+01      0.9488284076E+01      0.2716558992E-01      0.5777742890E+00
    0.9488587632E+01      0.9488587632E+01      0.1181762372E-01      0.5783791234E+00
    0.0000000000E+00      0.2000000000E+02      0.0000000000E+00      0.0000000000E+00
    0.9731907351E+01      0.9731907351E+01      0.1785627535E+00      0.2137123238E+00
    0.9702930352E+01      0.9702930352E+01      0.1923570209E+00      0.2420374587E+00
    0.9677055849E+01      0.9677055849E+01      0.2043849537E+00      0.2705083707E+00
    0.9652564980E+01      0.9652564980E+01      0.2131727117E+00      0.2977506291E+00
    0.9630401766E+01      0.9630401766E+01      0.2199825614E+00      0.3247467889E+00
    0.9609984651E+01      0.9609984651E+01      0.2242413770E+00      0.3507837363E+00
    0.9591140547E+01      0.9591140547E+01      0.2263482565E+00      0.3759811985E+00
    0.9573434477E+01      0.9573434477E+01      0.2261778894E+00      0.4008670214E+00
    0.9558100490E+01      0.9558100490E+01      0.2237202274E+00      0.4242469468E+00
    0.9544246481E+01      0.9544246481E+01      0.2191508427E+00      0.4466130585E+00
    0.9531756189E+01      0.9531756189E+01      0.2127514412E+00      0.4678801436E+00
    0.9520485920E+01      0.9520485920E+01      0.2045888734E+00      0.4880898393E+00
    0.9510330830E+01      0.9510330830E+01      0.1947776534E+00      0.5071572361E+00
    0.9501190114E+01      0.9501190114E+01      0.1834145574E+00      0.5250323723E+00
    0.9493005145E+01      0.9493005145E+01      0.1706046944E+00      0.5416230954E+00
    0.9485745453E+01      0.9485745453E+01      0.1564571798E+00      0.5568614246E+00
    0.9479377037E+01      0.9479377037E+01      0.1410858895E+00      0.5706636190E+00
    0.9473866225E+01      0.9473866225E+01      0.1246110532E+00      0.5829539157E+00
    0.9469185836E+01      0.9469185836E+01      0.1071528373E+00      0.5936368596E+00
    0.9465315768E+01      0.9465315768E+01      0.8885305174E-01      0.6026158760E+00
    0.9462224428E+01      0.9462224428E+01      0.6990773301E-01      0.6098593367E+00
    0.9459788644E+01      0.9459788644E+01      0.5074629622E-01      0.6154823267E+00
    0.9456912736E+01      0.9456912736E+01      0.2984534433E-01      0.6208290806E+00
    0.9457291099E+01      0.9457291099E+01      0.1295511695E-01      0.6214223701E+00
    0.0000000000E+00      0.2000000000E+02      0.0000000000E+00      0.0000000000E+00
    0.9694283883E+01      0.9694283883E+01      0.2074267320E+00      0.2418048331E+00
    0.9666646186E+01      0.9666646186E+01      0.2213945523E+00      0.2711998165E+00
    0.9640794360E+01      0.9640794360E+01      0.2322717051E+00      0.2997948759E+00
    0.9617198139E+01      0.9617198139E+01      0.2407880764E+00      0.3278972427E+00
    0.9595528996E+01      0.9595528996E+01      0.2466808083E+00      0.3554028489E+00
    0.9575514932E+01      0.9575514932E+01      0.2500935455E+00      0.3820125453E+00
    0.9557135692E+01      0.9557135692E+01      0.2516380736E+00      0.4082261262E+00
    0.9540023768E+01      0.9540023768E+01      0.2502660118E+00      0.4336387842E+00
    0.9525165303E+01      0.9525165303E+01      0.2468630816E+00      0.4577997576E+00
    0.9511764270E+01      0.9511764270E+01      0.2413100630E+00      0.4809849966E+00
    0.9499592168E+01      0.9499592168E+01      0.2338477604E+00      0.5031961353E+00
    0.9488560682E+01      0.9488560682E+01      0.2245844235E+00      0.5243787350E+00
    0.9478544416E+01      0.9478544416E+01      0.2135940209E+00      0.5444074460E+00
    0.9469505995E+01      0.9469505995E+01      0.2009830039E+00      0.5632446929E+00
    0.9461404191E+01      0.9461404191E+01      0.1868557360E+00      0.5807829196E+00
    0.9454204946E+01      0.9454204946E+01      0.1713058971E+00      0.5969418605E+00
    0.9447879305E+01      0.9447879305E+01      0.1544423523E+00      0.6116109375E+00
    0.9442393326E+01      0.9442393326E+01      0.1363851374E+00      0.6247157538E+00
    0.9437723195E+01      0.9437723195E+01      0.1172675717E+00      0.6361425885E+00
    0.9433851543E+01      0.9433851543E+01      0.9723770354E-01      0.6457728466E+00
    0.9430748445E+01      0.9430748445E+01      0.7649847528E-01      0.6535496770E+00
    0.9428295031E+01      0.9428295031E+01      0.5549154694E-01      0.6595842860E+00
    0.9425286055E+01      0.9425286055E+01      0.3270297436E-01      0.6654033334E+00
    0.9425739142E+01      0.9425739142E+01      0.1416623573E-01      0.6659921445E+00
    0.0000000000E+00      0.2000000000E+02      0.0000000000E+00      0.0000000000E+00
    0.9658228173E+01      0.9658228173E+01      0.2373860377E+00      0.2692515879E+00
    0.9630874953E+01      0.9630874953E+01      0.2506222851E+00      0.2990321973E+00
    0.9605555410E+01      0.9605555410E+01      0.2610504732E+00      0.3283764253E+00
    0.9582642601E+01      0.9582642601E+01      0.2689472397E+00      0.3571909257E+00
    0.9561251958E+01      0.9561251958E+01      0.2739827919E+00      0.3852632639E+00
    0.9541899049E+01      0.9541899049E+01      0.2769484088E+00      0.4128779295E+00
    0.9523568774E+01      0.9523568774E+01      0.2774668037E+00      0.4399444057E+00
    0.9507223799E+01      0.9507223799E+01      0.2752597869E+00      0.4660707169E+00
    0.9492691058E+01      0.9492691058E+01      0.2708707800E+00      0.4912281245E+00
    0.9479613581E+01      0.9479613581E+01      0.2644124642E+00      0.5154731195E+00
    0.9467625668E+01      0.9467625668E+01      0.2559335039E+00      0.5387599493E+00
    0.9456689237E+01      0.9456689237E+01      0.2455770400E+00      0.5610409402E+00
    0.9446756082E+01      0.9446756082E+01      0.2334289217E+00      0.5821871437E+00
    0.9437770097E+01      0.9437770097E+01      0.2195752432E+00      0.6021451313E+00
    0.9429696144E+01      0.9429696144E+01      0.2041059458E+00      0.6208027714E+00
    0.9422486238E+01      0.9422486238E+01      0.1871152196E+00      0.6380652919E+00
    0.9416117098E+01      0.9416117098E+01      0.1687060676E+00      0.6537871673E+00
    0.9410568675E+01      0.9410568675E+01      0.1490036414E+00      0.6678726987E+00
    0.9405830157E+01      0.9405830157E+01      0.1281440655E+00      0.6802001751E+00
    0.9401889408E+01      0.9401889408E+01      0.1062802704E+00      0.6906255306E+00
    0.9398721956E+01      0.9398721956E+01      0.8362602438E-01      0.6990574810E+00
    0.9396212623E+01      0.9396212623E+01      0.6064185438E-01      0.7055992065E+00
    0.9393039448E+01      0.9393039448E+01      0.3579846521E-01      0.7119787966E+00
    0.9393564869E+01      0.9393564869E+01      0.1548564787E-01      0.7125794385E+00
    0.0000000000E+00      0.2000000000E+02      0.0000000000E+00      0.0000000000E+00
