    0.8296906283E+01      0.8296906283E+01      0.2182746303E-01      0.9454617316E+00
    0.8297171658E+01      0.8297171658E+01      0.6536213932E-01      0.9480384339E+00
    0.8297468029E+01      0.8297468029E+01      0.1086389847E+00      0.9501553903E+00
    0.8297202544E+01      0.8297202544E+01      0.1514749695E+00      0.9532312902E+00
    0.8295904654E+01      0.8295904654E+01      0.1934947261E+00      0.9567155231E+00
    0.8292291638E+01      0.8292291638E+01      0.2339486729E+00      0.9627398796E+00
    0.8285215922E+01      0.8285215922E+01      0.2715605926E+00      0.9724845151E+00
    0.8273159019E+01      0.8273159019E+01      0.3047783099E+00      0.9865453387E+00
    0.8254955244E+01      0.8254955244E+01      0.3319304610E+00      0.1004875030E+01
    0.8228705682E+01      0.8228705682E+01      0.3513429377E+00      0.1028456774E+01
    0.8191459914E+01      0.8191459914E+01      0.3614945012E+00      0.1059043823E+01
    0.8143290476E+01      0.8143290476E+01      0.3616486521E+00      0.1096303924E+01
    0.8088480406E+01      0.8088480406E+01      0.3541562532E+00      0.1137862196E+01
    0.8027776500E+01      0.8027776500E+01      0.3407352657E+00      0.1183639998E+01
    0.7970715043E+01      0.7970715043E+01      0.3307764917E+00      0.1228128353E+01
    0.7922562981E+01      0.7922562981E+01      0.3280849493E+00      0.1269510188E+01
    0.7881140932E+01      0.7881140932E+01      0.3309972514E+00      0.1308578399E+01
    0.7849295839E+01      0.7849295839E+01      0.3424395311E+00      0.1344316356E+01
    0.7828748286E+01      0.7828748286E+01      0.3629905179E+00      0.1376219316E+01
    0.7818131595E+01      0.7818131595E+01      0.3912456002E+00      0.1405367810E+01
    0.7814711275E+01      0.7814711275E+01      0.4263232659E+00      0.1433191151E+01
    0.7817849036E+01      0.7817849036E+01      0.4634758497E+00      0.1459566442E+01
    0.7823713336E+01      0.7823713336E+01      0.5034381454E+00      0.1486983000E+01
    0.7832595444E+01      0.7832595444E+01      0.5457395927E+00      0.1515463403E+01
    0.7843549870E+01      0.7843549870E+01      0.5908159396E+00      0.1545483190E+01
    0.8247999939E+01      0.8247999939E+01      0.2230897486E-01      0.9573389024E+00
    0.8248444967E+01      0.8248444967E+01      0.6673245570E-01      0.9597833777E+00
    0.8249227441E+01      0.8249227441E+01      0.1112959513E+00      0.9614584186E+00
    0.8249649244E+01      0.8249649244E+01      0.1555086216E+00      0.9641326633E+00
    0.8249355934E+01      0.8249355934E+01      0.1992083349E+00      0.9665396194E+00
    0.8247819943E+01      0.8247819943E+01      0.2419985824E+00      0.9705979670E+00
    0.8243842340E+01      0.8243842340E+01      0.2827492550E+00      0.9776220956E+00
    0.8236056468E+01      0.8236056468E+01      0.3197329905E+00      0.9886440070E+00
    0.8222803016E+01      0.8222803016E+01      0.3512445572E+00      0.1003498848E+01
    0.8202745408E+01      0.8202745408E+01      0.3758090435E+00      0.1022604082E+01
    0.8173462556E+01      0.8173462556E+01      0.3917083855E+00      0.1047305416E+01
    0.8132154784E+01      0.8132154784E+01      0.3981494386E+00      0.1079554948E+01
    0.8082145485E+01      0.8082145485E+01      0.3952562309E+00      0.1116992392E+01
    0.8025826354E+01      0.8025826354E+01      0.3860865924E+00      0.1158968985E+01
    0.7966774181E+01      0.7966774181E+01      0.3739115428E+00      0.1203210707E+01
    0.7915535128E+01      0.7915535128E+01      0.3691133070E+00      0.1244930188E+01
    0.7871284534E+01      0.7871284534E+01      0.3696261272E+00      0.1284494288E+01
    0.7834893590E+01      0.7834893590E+01      0.3772230007E+00      0.1321578824E+01
    0.7809441682E+01      0.7809441682E+01      0.3942616330E+00      0.1355227264E+01
    0.7794462815E+01      0.7794462815E+01      0.4201284955E+00      0.1385982689E+01
    0.7788183982E+01      0.7788183982E+01      0.4535193317E+00      0.1414904593E+01
    0.7789038503E+01      0.7789038503E+01      0.4916039841E+00      0.1442387132E+01
    0.7793461109E+01      0.7793461109E+01      0.5325381376E+00      0.1470218477E+01
    0.7801066835E+01      0.7801066835E+01      0.5762264561E+00      0.1499099915E+01
    0.7810870749E+01      0.7810870749E+01      0.6231267300E+00      0.1529546105E+01
    0.8200082932E+01      0.8200082932E+01      0.2272876027E-01      0.9673128367E+00
    0.8200652026E+01      0.8200652026E+01      0.6794112828E-01      0.9695863698E+00
    0.8201624836E+01      0.8201624836E+01      0.1133982941E+00      0.9709350909E+00
    0.8202617414E+01      0.8202617414E+01      0.1589082223E+00      0.9731436130E+00
    0.8203034028E+01      0.8203034028E+01      0.2039037241E+00      0.9747622747E+00
    0.8202729437E+01      0.8202729437E+01      0.2484308943E+00      0.9777755531E+00
    0.8200906397E+01      0.8200906397E+01      0.2914620400E+00      0.9831264998E+00
    0.8196323569E+01      0.8196323569E+01      0.3313415818E+00      0.9916754318E+00
    0.8187493998E+01      0.8187493998E+01      0.3665744975E+00      0.1003359225E+01
    0.8172705965E+01      0.8172705965E+01      0.3956712832E+00      0.1018545976E+01
    0.8149942482E+01      0.8149942482E+01      0.4171047802E+00      0.1038572595E+01
    0.8116695366E+01      0.8116695366E+01      0.4292034933E+00      0.1064831941E+01
    0.8071737256E+01      0.8071737256E+01      0.4319488994E+00      0.1098195544E+01
    0.8020066933E+01      0.8020066933E+01      0.4270179459E+00      0.1135827295E+01
    0.7963078571E+01      0.7963078571E+01      0.4168837344E+00      0.1177562488E+01
    0.7909033286E+01      0.7909033286E+01      0.4097800396E+00      0.1219146446E+01
    0.7862550974E+01      0.7862550974E+01      0.4086420451E+00      0.1258511657E+01
    0.7822585544E+01      0.7822585544E+01      0.4133277310E+00      0.1296050635E+01
    0.7792511814E+01      0.7792511814E+01      0.4270800694E+00      0.1330822001E+01
    0.7773301054E+01      0.7773301054E+01      0.4501920795E+00      0.1362754720E+01
    0.7763886337E+01      0.7763886337E+01      0.4814381245E+00      0.1392645369E+01
    0.7761595966E+01      0.7761595966E+01      0.5201917596E+00      0.1421365251E+01
    0.7764718792E+01      0.7764718792E+01      0.5619204157E+00      0.1449397626E+01
    0.7770832013E+01      0.7770832013E+01      0.6069996286E+00      0.1478613132E+01
    0.7779443672E+01      0.7779443672E+01      0.6556978633E+00      0.1509308159E+01
    0.8153200780E+01      0.8153200780E+01      0.2310356291E-01      0.9753463193E+00
    0.8153846065E+01      0.8153846065E+01      0.6901836263E-01      0.9774568512E+00
    0.8154953714E+01      0.8154953714E+01      0.1151646626E+00      0.9785788515E+00
    0.8156240959E+01      0.8156240959E+01      0.1616282314E+00      0.9805632685E+00
    0.8157431836E+01      0.8157431836E+01      0.2079841203E+00      0.9811588645E+00
    0.8157822554E+01      0.8157822554E+01      0.2537043180E+00      0.9833232783E+00
    0.8157455110E+01      0.8157455110E+01      0.2982704323E+00      0.9877648187E+00
    0.8155291071E+01      0.8155291071E+01      0.3403713484E+00      0.9945724455E+00
    0.8149867915E+01      0.8149867915E+01      0.3786179785E+00      0.1003689487E+01
    0.8139416411E+01      0.8139416411E+01      0.4116237004E+00      0.1015715502E+01
    0.8122144962E+01      0.8122144962E+01      0.4377679494E+00      0.1031773480E+01
    0.8095630609E+01      0.8095630609E+01      0.4554788470E+00      0.1053116922E+01
    0.8057640009E+01      0.8057640009E+01      0.4639192657E+00      0.1081132404E+01
    0.8010184772E+01      0.8010184772E+01      0.4635480095E+00      0.1114891988E+01
    0.7957126490E+01      0.7957126490E+01      0.4574554193E+00      0.1152475728E+01
    0.7902427794E+01      0.7902427794E+01      0.4495558061E+00      0.1192543847E+01
    0.7853937577E+01      0.7853937577E+01      0.4472121772E+00      0.1231374184E+01
    0.7811402308E+01      0.7811402308E+01      0.4498810998E+00      0.1268666450E+01
    0.7777536778E+01      0.7777536778E+01      0.4607117988E+00      0.1303755035E+01
    0.7754419619E+01      0.7754419619E+01      0.4811294690E+00      0.1336332820E+01
    0.7741267925E+01      0.7741267925E+01      0.5106534689E+00      0.1366962354E+01
    0.7735970275E+01      0.7735970275E+01      0.5485844388E+00      0.1396416787E+01
    0.7737452878E+01      0.7737452878E+01      0.5913802619E+00      0.1424734194E+01
    0.7742083333E+01      0.7742083333E+01      0.6377651588E+00      0.1454043753E+01
    0.7749392940E+01      0.7749392940E+01      0.6879675236E+00      0.1484807910E+01
    0.8107334598E+01      0.8107334598E+01      0.2341125157E-01      0.9814563236E+00
    0.8108030437E+01      0.8108030437E+01      0.6989993959E-01      0.9834600166E+00
    0.8109214792E+01      0.8109214792E+01      0.1166602238E+00      0.9844290575E+00
    0.8110674845E+01      0.8110674845E+01      0.1638118538E+00      0.9862571140E+00
    0.8112434116E+01      0.8112434116E+01      0.2113034394E+00      0.9859492360E+00
    0.8113579850E+01      0.8113579850E+01      0.2581601399E+00      0.9873549109E+00
    0.8114060470E+01      0.8114060470E+01      0.3037076621E+00      0.9911539082E+00
    0.8113593203E+01      0.8113593203E+01      0.3474230355E+00      0.9967437952E+00
    0.8110721878E+01      0.8110721878E+01      0.3881322135E+00      0.1003902131E+01
    0.8103751810E+01      0.8103751810E+01      0.4243025034E+00      0.1013428838E+01
    0.8090842109E+01      0.8090842109E+01      0.4544822440E+00      0.1026324706E+01
    0.8069892963E+01      0.8069892963E+01      0.4772327346E+00      0.1043678212E+01
    0.8038774999E+01      0.8038774999E+01      0.4910164030E+00      0.1066486601E+01
    0.7996565643E+01      0.7996565643E+01      0.4959444062E+00      0.1095812123E+01
    0.7947253275E+01      0.7947253275E+01      0.4938461234E+00      0.1129383999E+01
    0.7894536372E+01      0.7894536372E+01      0.4879414730E+00      0.1166181162E+01
    0.7844862470E+01      0.7844862470E+01      0.4847677699E+00      0.1203612508E+01
    0.7800512242E+01      0.7800512242E+01      0.4861022614E+00      0.1240137489E+01
    0.7763722646E+01      0.7763722646E+01      0.4945848684E+00      0.1274812336E+01
    0.7737024078E+01      0.7737024078E+01      0.5127646050E+00      0.1307395294E+01
    0.7720289095E+01      0.7720289095E+01      0.5406203072E+00      0.1338208772E+01
    0.7712407105E+01      0.7712407105E+01      0.5770248606E+00      0.1367840896E+01
    0.7711469103E+01      0.7711469103E+01      0.6208746876E+00      0.1396492629E+01
    0.7714782429E+01      0.7714782429E+01      0.6682674793E+00      0.1425632750E+01
    0.7720826244E+01      0.7720826244E+01      0.7198215326E+00      0.1456208911E+01
    0.8062471969E+01      0.8062471969E+01      0.2367100988E-01      0.9857715376E+00
    0.8063200201E+01      0.8063200201E+01      0.7064958629E-01      0.9877145102E+00
    0.8064450795E+01      0.8064450795E+01      0.1179138214E+00      0.9885913595E+00
    0.8065991949E+01      0.8065991949E+01      0.1656724042E+00      0.9902195987E+00
    0.8068035922E+01      0.8068035922E+01      0.2139306529E+00      0.9891533738E+00
    0.8069852630E+01      0.8069852630E+01      0.2617873953E+00      0.9900167622E+00
    0.8071069685E+01      0.8071069685E+01      0.3083266949E+00      0.9932627484E+00
    0.8071597663E+01      0.8071597663E+01      0.3531038875E+00      0.9980030446E+00
    0.8070570232E+01      0.8070570232E+01      0.3956079866E+00      0.1003736225E+01
    0.8066329695E+01      0.8066329695E+01      0.4343375879E+00      0.1011207416E+01
    0.8056935786E+01      0.8056935786E+01      0.4679250927E+00      0.1021584434E+01
    0.8040504633E+01      0.8040504633E+01      0.4948798077E+00      0.1035653193E+01
    0.8015004456E+01      0.8015004456E+01      0.5137914114E+00      0.1054297136E+01
    0.7979052840E+01      0.7979052840E+01      0.5237798432E+00      0.1078513365E+01
    0.7933666656E+01      0.7933666656E+01      0.5261383150E+00      0.1108221050E+01
    0.7883927594E+01      0.7883927594E+01      0.5234134149E+00      0.1141070315E+01
    0.7834405064E+01      0.7834405064E+01      0.5205010090E+00      0.1176002941E+01
    0.7789156488E+01      0.7789156488E+01      0.5212142826E+00      0.1210879381E+01
    0.7750150519E+01      0.7750150519E+01      0.5281434352E+00      0.1244526833E+01
    0.7720489157E+01      0.7720489157E+01      0.5445069031E+00      0.1276438646E+01
    0.7700778433E+01      0.7700778433E+01      0.5707366707E+00      0.1306772275E+01
    0.7690284679E+01      0.7690284679E+01      0.6059854103E+00      0.1336132600E+01
    0.7686757859E+01      0.7686757859E+01      0.6499670246E+00      0.1364916807E+01
    0.7688873040E+01      0.7688873040E+01      0.6984871007E+00      0.1393645634E+01
    0.7693602851E+01      0.7693602851E+01      0.7512467631E+00      0.1423898432E+01
    0.8018558461E+01      0.8018558461E+01      0.2390810660E-01      0.9883748616E+00
    0.8019266443E+01      0.8019266443E+01      0.7136403843E-01      0.9902613109E+00
    0.8020471541E+01      0.8020471541E+01      0.1191265127E+00      0.9910185996E+00
    0.8022127610E+01      0.8022127610E+01      0.1673223295E+00      0.9924962762E+00
    0.8024364033E+01      0.8024364033E+01      0.2160696821E+00      0.9908690869E+00
    0.8026659697E+01      0.8026659697E+01      0.2647862637E+00      0.9914614571E+00
    0.8028477704E+01      0.8028477704E+01      0.3121937683E+00      0.9942144470E+00
    0.8029587419E+01      0.8029587419E+01      0.3578936656E+00      0.9982862906E+00
    0.8029793804E+01      0.8029793804E+01      0.4013733824E+00      0.1002985176E+01
    0.8027638220E+01      0.8027638220E+01      0.4422146851E+00      0.1008779644E+01
    0.8021100902E+01      0.8021100902E+01      0.4786402048E+00      0.1017026711E+01
    0.8008319060E+01      0.8008319060E+01      0.5091676779E+00      0.1028428372E+01
    0.7987439632E+01      0.7987439632E+01      0.5324016060E+00      0.1043577482E+01
    0.7956894846E+01      0.7956894846E+01      0.5473593203E+00      0.1063491167E+01
    0.7916701426E+01      0.7916701426E+01      0.5541547812E+00      0.1088462051E+01
    0.7869995313E+01      0.7869995313E+01      0.5550749398E+00      0.1117654593E+01
    0.7821974581E+01      0.7821974581E+01      0.5535532259E+00      0.1149197597E+01
    0.7776508051E+01      0.7776508051E+01      0.5543795047E+00      0.1181493147E+01
    0.7736152930E+01      0.7736152930E+01      0.5606266606E+00      0.1213297694E+01
    0.7704231675E+01      0.7704231675E+01      0.5756663340E+00      0.1243899640E+01
    0.7682079132E+01      0.7682079132E+01      0.6005802686E+00      0.1273180055E+01
    0.7669011462E+01      0.7669011462E+01      0.6350885402E+00      0.1301846208E+01
    0.7663316591E+01      0.7663316591E+01      0.6785345355E+00      0.1330235629E+01
    0.7663971852E+01      0.7663971852E+01      0.7282391797E+00      0.1358536586E+01
    0.7667529107E+01      0.7667529107E+01      0.7822494687E+00      0.1388237711E+01
    0.7975568357E+01      0.7975568357E+01      0.2406105267E-01      0.9895671474E+00
    0.7976279825E+01      0.7976279825E+01      0.7184219149E-01      0.9914457956E+00
    0.7977388992E+01      0.7977388992E+01      0.1200922268E+00      0.9921153979E+00
    0.7978888665E+01      0.7978888665E+01      0.1689301688E+00      0.9931403224E+00
    0.7981003012E+01      0.7981003012E+01      0.2181759397E+00      0.9908197751E+00
    0.7983707189E+01      0.7983707189E+01      0.2672795011E+00      0.9912879254E+00
    0.7986089429E+01      0.7986089429E+01      0.3151580352E+00      0.9937904952E+00
    0.7987993267E+01      0.7987993267E+01      0.3615464804E+00      0.9974068627E+00
    0.7988922486E+01      0.7988922486E+01      0.4060786916E+00      0.1001262554E+01
    0.7988156255E+01      0.7988156255E+01      0.4483642763E+00      0.1005805078E+01
    0.7983855569E+01      0.7983855569E+01      0.4871198293E+00      0.1012311130E+01
    0.7974041283E+01      0.7974041283E+01      0.5205992224E+00      0.1021441161E+01
    0.7956921696E+01      0.7956921696E+01      0.5475245233E+00      0.1033734273E+01
    0.7930971783E+01      0.7930971783E+01      0.5667451236E+00      0.1049971620E+01
    0.7895657992E+01      0.7895657992E+01      0.5779244066E+00      0.1070724808E+01
    0.7852948446E+01      0.7852948446E+01      0.5824583707E+00      0.1095684941E+01
    0.7807011108E+01      0.7807011108E+01      0.5832368902E+00      0.1123504728E+01
    0.7761967592E+01      0.7761967592E+01      0.5847785190E+00      0.1152465909E+01
    0.7721167577E+01      0.7721167577E+01      0.5911872668E+00      0.1181587617E+01
    0.7687762006E+01      0.7687762006E+01      0.6055352679E+00      0.1210171797E+01
    0.7663510833E+01      0.7663510833E+01      0.6295955386E+00      0.1237962476E+01
    0.7648183617E+01      0.7648183617E+01      0.6635344917E+00      0.1265476087E+01
    0.7640755370E+01      0.7640755370E+01      0.7063616010E+00      0.1293002063E+01
    0.7639639617E+01      0.7639639617E+01      0.7572258227E+00      0.1320727490E+01
    0.7642160155E+01      0.7642160155E+01      0.8124667541E+00      0.1349703887E+01
    0.7933177624E+01      0.7933177624E+01      0.2425331111E-01      0.9886372047E+00
    0.7933899962E+01      0.7933899962E+01      0.7244966204E-01      0.9904223806E+00
    0.7935028266E+01      0.7935028266E+01      0.1211381601E+00      0.9909635833E+00
    0.7936734914E+01      0.7936734914E+01      0.1701962317E+00      0.9918086120E+00
    0.7938995421E+01      0.7938995421E+01      0.2196604186E+00      0.9893388875E+00
    0.7941847824E+01      0.7941847824E+01      0.2690254963E+00      0.9899349750E+00
    0.7944552360E+01      0.7944552360E+01      0.3173653276E+00      0.9922287346E+00
    0.7946945643E+01      0.7946945643E+01      0.3645161932E+00      0.9952700281E+00
    0.7948349053E+01      0.7948349053E+01      0.4100217111E+00      0.9983430569E+00
    0.7948369504E+01      0.7948369504E+01      0.4532744177E+00      0.1002023981E+01
    0.7945698574E+01      0.7945698574E+01      0.4937851866E+00      0.1007111418E+01
    0.7938234443E+01      0.7938234443E+01      0.5296641410E+00      0.1014332039E+01
    0.7924212993E+01      0.7924212993E+01      0.5595491340E+00      0.1024169493E+01
    0.7902094851E+01      0.7902094851E+01      0.5822654607E+00      0.1037373745E+01
    0.7871103290E+01      0.7871103290E+01      0.5972480612E+00      0.1054500662E+01
    0.7832456344E+01      0.7832456344E+01      0.6053666971E+00      0.1075376747E+01
    0.7789081599E+01      0.7789081599E+01      0.6093442130E+00      0.1098991335E+01
    0.7745342838E+01      0.7745342838E+01      0.6122879777E+00      0.1124065549E+01
    0.7704664000E+01      0.7704664000E+01      0.6192120218E+00      0.1149922310E+01
    0.7670495884E+01      0.7670495884E+01      0.6335642400E+00      0.1175819409E+01
    0.7644652474E+01      0.7644652474E+01      0.6573201881E+00      0.1201592901E+01
    0.7627474180E+01      0.7627474180E+01      0.6909060173E+00      0.1227520354E+01
    0.7618383349E+01      0.7618383349E+01      0.7335896678E+00      0.1253784106E+01
    0.7615526817E+01      0.7615526817E+01      0.7851770162E+00      0.1280692342E+01
    0.7617168440E+01      0.7617168440E+01      0.8418693493E+00      0.1308666546E+01
    0.7892382215E+01      0.7892382215E+01      0.2440392824E-01      0.9862282626E+00
    0.7893057661E+01      0.7893057661E+01      0.7292386723E-01      0.9879087106E+00
    0.7894047118E+01      0.7894047118E+01      0.1219751183E+00      0.9882965660E+00
    0.7895738500E+01      0.7895738500E+01      0.1712571653E+00      0.9888882849E+00
    0.7897963194E+01      0.7897963194E+01      0.2209012440E+00      0.9863267882E+00
    0.7900810831E+01      0.7900810831E+01      0.2704020849E+00      0.9871027368E+00
    0.7903755491E+01      0.7903755491E+01      0.3192150282E+00      0.9892339207E+00
    0.7906427798E+01      0.7906427798E+01      0.3669920059E+00      0.9917462080E+00
    0.7908198879E+01      0.7908198879E+01      0.4132371998E+00      0.9941995340E+00
    0.7908655810E+01      0.7908655810E+01      0.4572402618E+00      0.9971630562E+00
    0.7907083921E+01      0.7907083921E+01      0.4989468376E+00      0.1001201502E+01
    0.7901412330E+01      0.7901412330E+01      0.5366450807E+00      0.1006818743E+01
    0.7889877456E+01      0.7889877456E+01      0.5688293734E+00      0.1014587658E+01
    0.7870936578E+01      0.7870936578E+01      0.5943653517E+00      0.1025219333E+01
    0.7843674997E+01      0.7843674997E+01      0.6126200641E+00      0.1039153515E+01
    0.7808722543E+01      0.7808722543E+01      0.6241501849E+00      0.1056133617E+01
    0.7768288592E+01      0.7768288592E+01      0.6312622790E+00      0.1075505568E+01
    0.7726314772E+01      0.7726314772E+01      0.6362157785E+00      0.1096544833E+01
    0.7686267196E+01      0.7686267196E+01      0.6440490524E+00      0.1118726064E+01
    0.7651772950E+01      0.7651772950E+01      0.6588724791E+00      0.1141419248E+01
    0.7625002810E+01      0.7625002810E+01      0.6829204860E+00      0.1164594063E+01
    0.7606489622E+01      0.7606489622E+01      0.7166167148E+00      0.1188429482E+01
    0.7595809504E+01      0.7595809504E+01      0.7596216156E+00      0.1213071297E+01
    0.7591442185E+01      0.7591442185E+01      0.8117090025E+00      0.1238836385E+01
    0.7592296901E+01      0.7592296901E+01      0.8698605725E+00      0.1265519381E+01
    0.7852499716E+01      0.7852499716E+01      0.2455211922E-01      0.9822620713E+00
    0.7853139775E+01      0.7853139775E+01      0.7338795788E-01      0.9838606013E+00
    0.7854041178E+01      0.7854041178E+01      0.1227183791E+00      0.9841955643E+00
    0.7855702259E+01      0.7855702259E+01      0.1721620811E+00      0.9845254905E+00
    0.7857823151E+01      0.7857823151E+01      0.2220275440E+00      0.9818625535E+00
    0.7860604432E+01      0.7860604432E+01      0.2716725203E+00      0.9827748818E+00
    0.7863678934E+01      0.7863678934E+01      0.3208204409E+00      0.9847641935E+00
    0.7866484655E+01      0.7866484655E+01      0.3690338886E+00      0.9868715218E+00
    0.7868516248E+01      0.7868516248E+01      0.4157666820E+00      0.9888307830E+00
    0.7869276916E+01      0.7869276916E+01      0.4603849618E+00      0.9912095856E+00
    0.7868316583E+01      0.7868316583E+01      0.5028267231E+00      0.9944520754E+00
    0.7863939744E+01      0.7863939744E+01      0.5417970445E+00      0.9987800194E+00
    0.7854308955E+01      0.7854308955E+01      0.5757419253E+00      0.1004791603E+01
    0.7837962295E+01      0.7837962295E+01      0.6035505724E+00      0.1013105555E+01
    0.7813910255E+01      0.7813910255E+01      0.6246026723E+00      0.1024072581E+01
    0.7782249942E+01      0.7782249942E+01      0.6392082153E+00      0.1037471956E+01
    0.7744760083E+01      0.7744760083E+01      0.6491139251E+00      0.1052850897E+01
    0.7704774536E+01      0.7704774536E+01      0.6564350905E+00      0.1069813708E+01
    0.7665743403E+01      0.7665743403E+01      0.6655707218E+00      0.1088138022E+01
    0.7631259156E+01      0.7631259156E+01      0.6811349026E+00      0.1107428292E+01
    0.7603932728E+01      0.7603932728E+01      0.7058267148E+00      0.1127592629E+01
    0.7584601980E+01      0.7584601980E+01      0.7402568929E+00      0.1148825397E+01
    0.7572722764E+01      0.7572722764E+01      0.7840309767E+00      0.1171438207E+01
    0.7567302149E+01      0.7567302149E+01      0.8365880025E+00      0.1195496965E+01
    0.7567611347E+01      0.7567611347E+01      0.8960579230E+00      0.1220439018E+01
    0.7813285650E+01      0.7813285650E+01      0.2471384540E-01      0.9768903386E+00
    0.7813890408E+01      0.7813890408E+01      0.7388459590E-01      0.9783860121E+00
    0.7814772663E+01      0.7814772663E+01      0.1234357099E+00      0.9787323113E+00
    0.7816461904E+01      0.7816461904E+01      0.1730122172E+00      0.9787794992E+00
    0.7818509031E+01      0.7818509031E+01      0.2230770665E+00      0.9760279252E+00
    0.7821235490E+01      0.7821235490E+01      0.2728422281E+00      0.9770664358E+00
    0.7824320139E+01      0.7824320139E+01      0.3221395033E+00      0.9789553413E+00
    0.7827176404E+01      0.7827176404E+01      0.3705712153E+00      0.9807441848E+00
    0.7829352924E+01      0.7829352924E+01      0.4176002504E+00      0.9822852290E+00
    0.7830293895E+01      0.7830293895E+01      0.4626330465E+00      0.9841522809E+00
    0.7829701966E+01      0.7829701966E+01      0.5055586175E+00      0.9866877217E+00
    0.7826135302E+01      0.7826135302E+01      0.5453844974E+00      0.9900344075E+00
    0.7817925954E+01      0.7817925954E+01      0.5806269484E+00      0.9944704591E+00
    0.7803639630E+01      0.7803639630E+01      0.6102488499E+00      0.1000663245E+01
    0.7782222427E+01      0.7782222427E+01      0.6335588887E+00      0.1008895046E+01
    0.7753490398E+01      0.7753490398E+01      0.6507303531E+00      0.1018984853E+01
    0.7718727038E+01      0.7718727038E+01      0.6631054536E+00      0.1030692952E+01
    0.7680765097E+01      0.7680765097E+01      0.6727989602E+00      0.1043736761E+01
    0.7642977992E+01      0.7642977992E+01      0.6834879599E+00      0.1058184765E+01
    0.7608789858E+01      0.7608789858E+01      0.7001114118E+00      0.1073971279E+01
    0.7581159671E+01      0.7581159671E+01      0.7257000114E+00      0.1091019107E+01
    0.7561240009E+01      0.7561240009E+01      0.7611101768E+00      0.1109375811E+01
    0.7548774101E+01      0.7548774101E+01      0.8059566075E+00      0.1129383257E+01
    0.7542959170E+01      0.7542959170E+01      0.8592158746E+00      0.1151146670E+01
    0.7543283110E+01      0.7543283110E+01      0.9195976738E+00      0.1173646770E+01
    0.7774723663E+01      0.7774723663E+01      0.2486796367E-01      0.9703289050E+00
    0.7775277928E+01      0.7775277928E+01      0.7435686517E-01      0.9717066916E+00
    0.7776148270E+01      0.7776148270E+01      0.1241046725E+00      0.9720581607E+00
    0.7777883276E+01      0.7777883276E+01      0.1738321067E+00      0.9717012159E+00
    0.7779913939E+01      0.7779913939E+01      0.2240671170E+00      0.9689205471E+00
    0.7782609340E+01      0.7782609340E+01      0.2738865941E+00      0.9701175372E+00
    0.7785636399E+01      0.7785636399E+01      0.3231993714E+00      0.9719550638E+00
    0.7788500693E+01      0.7788500693E+01      0.3716877403E+00      0.9734793558E+00
    0.7790733626E+01      0.7790733626E+01      0.4188329341E+00      0.9746517664E+00
    0.7791796094E+01      0.7791796094E+01      0.4641113862E+00      0.9760436194E+00
    0.7791476155E+01      0.7791476155E+01      0.5073445827E+00      0.9778699924E+00
    0.7788489859E+01      0.7788489859E+01      0.5478004548E+00      0.9801662843E+00
    0.7781251141E+01      0.7781251141E+01      0.5839592587E+00      0.9832271256E+00
    0.7768457038E+01      0.7768457038E+01      0.6148626011E+00      0.9875220311E+00
    0.7749092877E+01      0.7749092877E+01      0.6398557114E+00      0.9933237796E+00
    0.7722762818E+01      0.7722762818E+01      0.6590182530E+00      0.1000426822E+01
    0.7690434267E+01      0.7690434267E+01      0.6734840821E+00      0.1008721498E+01
    0.7654405890E+01      0.7654405890E+01      0.6853593886E+00      0.1018129095E+01
    0.7617965857E+01      0.7617965857E+01      0.6977193904E+00      0.1028871144E+01
    0.7584285296E+01      0.7584285296E+01      0.7156070215E+00      0.1041135257E+01
    0.7556627437E+01      0.7556627437E+01      0.7423396176E+00      0.1054932051E+01
    0.7536481396E+01      0.7536481396E+01      0.7788878153E+00      0.1070252096E+01
    0.7523882840E+01      0.7523882840E+01      0.8247912886E+00      0.1087265661E+01
    0.7518261576E+01      0.7518261576E+01      0.8790138366E+00      0.1106136329E+01
    0.7519484124E+01      0.7519484124E+01      0.9398072217E+00      0.1125315769E+01
    0.7736706916E+01      0.7736706916E+01      0.2502030844E-01      0.9626696419E+00
    0.7737227865E+01      0.7737227865E+01      0.7481750812E-01      0.9639437370E+00
    0.7738113915E+01      0.7738113915E+01      0.1247714495E+00      0.9642963296E+00
    0.7739891140E+01      0.7739891140E+01      0.1746763463E+00      0.9633930362E+00
    0.7741956193E+01      0.7741956193E+01      0.2249951519E+00      0.9607405045E+00
    0.7744631421E+01      0.7744631421E+01      0.2747048453E+00      0.9621442000E+00
    0.7747588304E+01      0.7747588304E+01      0.3238415105E+00      0.9639623143E+00
    0.7750422989E+01      0.7750422989E+01      0.3722068498E+00      0.9652206543E+00
    0.7752650954E+01      0.7752650954E+01      0.4193294447E+00      0.9660061061E+00
    0.7753777488E+01      0.7753777488E+01      0.4647558088E+00      0.9668918652E+00
    0.7753636975E+01      0.7753636975E+01      0.5082335867E+00      0.9679623613E+00
    0.7751090489E+01      0.7751090489E+01      0.5491627425E+00      0.9691864012E+00
    0.7744534478E+01      0.7744534478E+01      0.5859667022E+00      0.9708931125E+00
    0.7732789345E+01      0.7732789345E+01      0.6177125791E+00      0.9734841987E+00
    0.7714904961E+01      0.7714904961E+01      0.6438574015E+00      0.9770894700E+00
    0.7690447830E+01      0.7690447830E+01      0.6644853720E+00      0.9815103121E+00
    0.7660089596E+01      0.7660089596E+01      0.6806354514E+00      0.9866957350E+00
    0.7625868842E+01      0.7625868842E+01      0.6943830640E+00      0.9927986162E+00
    0.7590745872E+01      0.7590745872E+01      0.7084347744E+00      0.1000115196E+01
    0.7557753369E+01      0.7557753369E+01      0.7276763012E+00      0.1008913756E+01
    0.7530398439E+01      0.7530398439E+01      0.7556380821E+00      0.1019351118E+01
    0.7510484504E+01      0.7510484504E+01      0.7932840151E+00      0.1031405686E+01
    0.7498363998E+01      0.7498363998E+01      0.8400653200E+00      0.1045090181E+01
    0.7493514830E+01      0.7493514830E+01      0.8953725685E+00      0.1060404296E+01
    0.7496438400E+01      0.7496438400E+01      0.9559640824E+00      0.1075656059E+01
    0.7699141934E+01      0.7699141934E+01      0.2513557828E-01      0.9540210606E+00
    0.7699662939E+01      0.7699662939E+01      0.7516000262E-01      0.9551945134E+00
    0.7700610502E+01      0.7700610502E+01      0.1252494820E+00      0.9555636665E+00
    0.7702429304E+01      0.7702429304E+01      0.1752654295E+00      0.9540290185E+00
    0.7704553458E+01      0.7704553458E+01      0.2255147132E+00      0.9517441911E+00
    0.7707197571E+01      0.7707197571E+01      0.2749643038E+00      0.9533494646E+00
    0.7710087669E+01      0.7710087669E+01      0.3238315685E+00      0.9551024919E+00
    0.7712892328E+01      0.7712892328E+01      0.3720560430E+00      0.9560309739E+00
    0.7715098297E+01      0.7715098297E+01      0.4191294901E+00      0.9563694190E+00
    0.7716255419E+01      0.7716255419E+01      0.4646446487E+00      0.9566607569E+00
    0.7716217778E+01      0.7716217778E+01      0.5083049101E+00      0.9569253034E+00
    0.7713949290E+01      0.7713949290E+01      0.5495452965E+00      0.9570964679E+00
    0.7707901684E+01      0.7707901684E+01      0.5867505647E+00      0.9574691030E+00
    0.7696908812E+01      0.7696908812E+01      0.6190042693E+00      0.9583798852E+00
    0.7680068009E+01      0.7680068009E+01      0.6458583508E+00      0.9599159673E+00
    0.7656930764E+01      0.7656930764E+01      0.6674613376E+00      0.9619075125E+00
    0.7628039113E+01      0.7628039113E+01      0.6848561832E+00      0.9643696781E+00
    0.7595322704E+01      0.7595322704E+01      0.7000472305E+00      0.9675132826E+00
    0.7561431274E+01      0.7561431274E+01      0.7156737339E+00      0.9717273498E+00
    0.7529304632E+01      0.7529304632E+01      0.7362464235E+00      0.9772180637E+00
    0.7502622775E+01      0.7502622775E+01      0.7653625711E+00      0.9842478406E+00
    0.7483489352E+01      0.7483489352E+01      0.8039165540E+00      0.9928748438E+00
    0.7472498147E+01      0.7472498147E+01      0.8512948670E+00      0.1003043337E+01
    0.7468977274E+01      0.7468977274E+01      0.9077828953E+00      0.1014087812E+01
    0.7474227548E+01      0.7474227548E+01      0.9675930616E+00      0.1025099382E+01
    0.7661983291E+01      0.7661983291E+01      0.2518846381E-01      0.9445544287E+00
    0.7662526308E+01      0.7662526308E+01      0.7532006405E-01      0.9455940746E+00
    0.7663553632E+01      0.7663553632E+01      0.1254675157E+00      0.9459695177E+00
    0.7665426110E+01      0.7665426110E+01      0.1755158289E+00      0.9437748406E+00
    0.7667625637E+01      0.7667625637E+01      0.2256178530E+00      0.9420941405E+00
    0.7670244420E+01      0.7670244420E+01      0.2747696616E+00      0.9438338744E+00
    0.7673102760E+01      0.7673102760E+01      0.3233557505E+00      0.9454263623E+00
    0.7675895425E+01      0.7675895425E+01      0.3714214670E+00      0.9459369778E+00
    0.7678071880E+01      0.7678071880E+01      0.4183951244E+00      0.9457554923E+00
    0.7679236598E+01      0.7679236598E+01      0.4638973797E+00      0.9453805021E+00
    0.7679241901E+01      0.7679241901E+01      0.5075618919E+00      0.9448190648E+00
    0.7677101983E+01      0.7677101983E+01      0.5488171271E+00      0.9439857957E+00
    0.7671340511E+01      0.7671340511E+01      0.5860854855E+00      0.9430530118E+00
    0.7660834807E+01      0.7660834807E+01      0.6185164026E+00      0.9422871714E+00
    0.7644688350E+01      0.7644688350E+01      0.6457437443E+00      0.9417790756E+00
    0.7622431047E+01      0.7622431047E+01      0.6679922120E+00      0.9414756468E+00
    0.7594544761E+01      0.7594544761E+01      0.6863149576E+00      0.9414962538E+00
    0.7562956484E+01      0.7562956484E+01      0.7026477698E+00      0.9420695734E+00
    0.7530172922E+01      0.7530172922E+01      0.7195815883E+00      0.9434647393E+00
    0.7499115903E+01      0.7499115903E+01      0.7414010168E+00      0.9458440006E+00
    0.7473510973E+01      0.7473510973E+01      0.7715792103E+00      0.9495002469E+00
    0.7455699943E+01      0.7455699943E+01      0.8108868761E+00      0.9546271518E+00
    0.7446549252E+01      0.7446549252E+01      0.8586777771E+00      0.9612036526E+00
    0.7445005878E+01      0.7445005878E+01      0.9163111898E+00      0.9674241477E+00
    0.7452698917E+01      0.7452698917E+01      0.9750969838E+00      0.9741257478E+00
    0.7625213212E+01      0.7625213212E+01      0.2518799454E-01      0.9344245465E+00
    0.7625787209E+01      0.7625787209E+01      0.7532700401E-01      0.9352732491E+00
    0.7626891737E+01      0.7626891737E+01      0.1254907212E+00      0.9355940075E+00
    0.7628851781E+01      0.7628851781E+01      0.1754882097E+00      0.9327827148E+00
    0.7631122215E+01      0.7631122215E+01      0.2253905516E+00      0.9318777392E+00
    0.7633740384E+01      0.7633740384E+01      0.2741781618E+00      0.9336621499E+00
    0.7636605106E+01      0.7636605106E+01      0.3224518943E+00      0.9349480264E+00
    0.7639394380E+01      0.7639394380E+01      0.3703320000E+00      0.9349563203E+00
    0.7641542852E+01      0.7641542852E+01      0.4171449648E+00      0.9341905709E+00
    0.7642676373E+01      0.7642676373E+01      0.4625116380E+00      0.9330979736E+00
    0.7642660395E+01      0.7642660395E+01      0.5060547340E+00      0.9317066467E+00
    0.7640513459E+01      0.7640513459E+01      0.5471472484E+00      0.9299120467E+00
    0.7634818320E+01      0.7634818320E+01      0.5842368182E+00      0.9277548837E+00
    0.7624558374E+01      0.7624558374E+01      0.6165621884E+00      0.9253045302E+00
    0.7608829963E+01      0.7608829963E+01      0.6438345846E+00      0.9227237274E+00
    0.7587120371E+01      0.7587120371E+01      0.6663097134E+00      0.9201647574E+00
    0.7559860217E+01      0.7559860217E+01      0.6851253013E+00      0.9178988385E+00
    0.7529048540E+01      0.7529048540E+01      0.7022050360E+00      0.9161834995E+00
    0.7497187342E+01      0.7497187342E+01      0.7200663065E+00      0.9150458194E+00
    0.7467429514E+01      0.7467429514E+01      0.7429180653E+00      0.9145083334E+00
    0.7443460622E+01      0.7443460622E+01      0.7738568100E+00      0.9148966397E+00
    0.7427508776E+01      0.7427508776E+01      0.8136972894E+00      0.9165026243E+00
    0.7420440390E+01      0.7420440390E+01      0.8626181569E+00      0.9191893329E+00
    0.7421987449E+01      0.7421987449E+01      0.9193197387E+00      0.9209182113E+00
    0.7431449646E+01      0.7431449646E+01      0.9779486463E+00      0.9231319723E+00
    0.7588821125E+01      0.7588821125E+01      0.2516668458E-01      0.9237198627E+00
    0.7589431924E+01      0.7589431924E+01      0.7527090348E-01      0.9243129617E+00
    0.7590609694E+01      0.7590609694E+01      0.1254230301E+00      0.9245097335E+00
    0.7592653534E+01      0.7592653534E+01      0.1753214985E+00      0.9211710787E+00
    0.7594984626E+01      0.7594984626E+01      0.2249471966E+00      0.9211361746E+00
    0.7597627753E+01      0.7597627753E+01      0.2733712991E+00      0.9228532979E+00
    0.7600545872E+01      0.7600545872E+01      0.3213536034E+00      0.9236724774E+00
    0.7603348550E+01      0.7603348550E+01      0.3690054907E+00      0.9231266142E+00
    0.7605475625E+01      0.7605475625E+01      0.4155710931E+00      0.9217170135E+00
    0.7606545324E+01      0.7606545324E+01      0.4606504677E+00      0.9198938515E+00
    0.7606448667E+01      0.7606448667E+01      0.5039189032E+00      0.9176675269E+00
    0.7604171269E+01      0.7604171269E+01      0.5446697018E+00      0.9149314051E+00
    0.7598314678E+01      0.7598314678E+01      0.5813833551E+00      0.9116420715E+00
    0.7587932010E+01      0.7587932010E+01      0.6133259729E+00      0.9076822034E+00
    0.7572214308E+01      0.7572214308E+01      0.6403459720E+00      0.9031215652E+00
    0.7550714008E+01      0.7550714008E+01      0.6628142650E+00      0.8983056736E+00
    0.7523873190E+01      0.7523873190E+01      0.6819278367E+00      0.8937453422E+00
    0.7493751837E+01      0.7493751837E+01      0.6995706378E+00      0.8897417102E+00
    0.7462881098E+01      0.7462881098E+01      0.7179657175E+00      0.8861428929E+00
    0.7434633269E+01      0.7434633269E+01      0.7413387917E+00      0.8829201213E+00
    0.7412779237E+01      0.7412779237E+01      0.7725421305E+00      0.8803056640E+00
    0.7399369206E+01      0.7399369206E+01      0.8126271325E+00      0.8785376117E+00
    0.7394551008E+01      0.7394551008E+01      0.8630204820E+00      0.8767054980E+00
    0.7399544954E+01      0.7399544954E+01      0.9179224018E+00      0.8748628884E+00
    0.7410587632E+01      0.7410587632E+01      0.9766923870E+00      0.8724056754E+00
    0.7552809780E+01      0.7552809780E+01      0.2513043012E-01      0.9124957662E+00
    0.7553452311E+01      0.7553452311E+01      0.7516816881E-01      0.9127690644E+00
    0.7554694905E+01      0.7554694905E+01      0.1252670785E+00      0.9127904811E+00
    0.7556775111E+01      0.7556775111E+01      0.1750262845E+00      0.9090388247E+00
    0.7559161179E+01      0.7559161179E+01      0.2243316345E+00      0.9098615356E+00
    0.7561864094E+01      0.7561864094E+01      0.2724297475E+00      0.9114203403E+00
    0.7564870200E+01      0.7564870200E+01      0.3201248322E+00      0.9116511838E+00
    0.7567720464E+01      0.7567720464E+01      0.3674851394E+00      0.9105110746E+00
    0.7569819602E+01      0.7569819602E+01      0.4136796449E+00      0.9084332081E+00
    0.7570794082E+01      0.7570794082E+01      0.4582884936E+00      0.9058837596E+00
    0.7570549815E+01      0.7570549815E+01      0.5011135990E+00      0.9028171944E+00
    0.7568010458E+01      0.7568010458E+01      0.5413394288E+00      0.8991396896E+00
    0.7561870971E+01      0.7561870971E+01      0.5775149708E+00      0.8946537051E+00
    0.7551155152E+01      0.7551155152E+01      0.6089514142E+00      0.8891708431E+00
    0.7535081261E+01      0.7535081261E+01      0.6355140412E+00      0.8827398146E+00
    0.7513317022E+01      0.7513317022E+01      0.6576821275E+00      0.8758467507E+00
    0.7486537715E+01      0.7486537715E+01      0.6767437208E+00      0.8691575663E+00
    0.7456965566E+01      0.7456965566E+01      0.6945097460E+00      0.8628975234E+00
    0.7427228131E+01      0.7427228131E+01      0.7132636929E+00      0.8568457929E+00
    0.7400905653E+01      0.7400905653E+01      0.7371309230E+00      0.8509828093E+00
    0.7381556420E+01      0.7381556420E+01      0.7686146399E+00      0.8455497253E+00
    0.7371289697E+01      0.7371289697E+01      0.8087816675E+00      0.8406455802E+00
    0.7369747102E+01      0.7369747102E+01      0.8599042986E+00      0.8347418510E+00
    0.7377374129E+01      0.7377374129E+01      0.9133931961E+00      0.8292166721E+00
    0.7390233138E+01      0.7390233138E+01      0.9718683938E+00      0.8225356373E+00
    0.7517172324E+01      0.7517172324E+01      0.2506175076E-01      0.9008219179E+00
    0.7517831888E+01      0.7517831888E+01      0.7496350389E-01      0.9007243399E+00
    0.7519123537E+01      0.7519123537E+01      0.1249181375E+00      0.9005362624E+00
    0.7521190596E+01      0.7521190596E+01      0.1744727257E+00      0.8964952510E+00
    0.7523617966E+01      0.7523617966E+01      0.2234086982E+00      0.8980640766E+00
    0.7526416952E+01      0.7526416952E+01      0.2712118181E+00      0.8993545165E+00
    0.7529519378E+01      0.7529519378E+01      0.3186346326E+00      0.8989610686E+00
    0.7532439565E+01      0.7532439565E+01      0.3656368092E+00      0.8971906552E+00
    0.7534501633E+01      0.7534501633E+01      0.4113507277E+00      0.8944648862E+00
    0.7535355894E+01      0.7535355894E+01      0.4553276111E+00      0.8911998548E+00
    0.7534887681E+01      0.7534887681E+01      0.4975441171E+00      0.8872757065E+00
    0.7531932516E+01      0.7531932516E+01      0.5370502528E+00      0.8826080086E+00
    0.7525264141E+01      0.7525264141E+01      0.5724910853E+00      0.8769626798E+00
    0.7513971354E+01      0.7513971354E+01      0.6032241155E+00      0.8699941948E+00
    0.7497303705E+01      0.7497303705E+01      0.6291531280E+00      0.8616873935E+00
    0.7475056794E+01      0.7475056794E+01      0.6508121639E+00      0.8526773391E+00
    0.7448158538E+01      0.7448158538E+01      0.6695389799E+00      0.8438359288E+00
    0.7419058895E+01      0.7419058895E+01      0.6869630519E+00      0.8353024965E+00
    0.7390582943E+01      0.7390582943E+01      0.7057943854E+00      0.8269112240E+00
    0.7366585471E+01      0.7366585471E+01      0.7297717260E+00      0.8186682531E+00
    0.7350284495E+01      0.7350284495E+01      0.7614537475E+00      0.8105002920E+00
    0.7343056773E+01      0.7343056773E+01      0.8032186319E+00      0.8021487918E+00
    0.7345737541E+01      0.7345737541E+01      0.8524240277E+00      0.7933211773E+00
    0.7355477718E+01      0.7355477718E+01      0.9055258929E+00      0.7841261306E+00
    0.7370358176E+01      0.7370358176E+01      0.9635190976E+00      0.7738221132E+00
    0.7481884631E+01      0.7481884631E+01      0.2492923769E-01      0.8888122291E+00
    0.7482543113E+01      0.7482543113E+01      0.7456225700E-01      0.8883193032E+00
    0.7483863333E+01      0.7483863333E+01      0.1242319456E+00      0.8878777672E+00
    0.7485885462E+01      0.7485885462E+01      0.1734868114E+00      0.8836686697E+00
    0.7488350095E+01      0.7488350095E+01      0.2220114229E+00      0.8857577706E+00
    0.7491254132E+01      0.7491254132E+01      0.2695581903E+00      0.8866421996E+00
    0.7494446029E+01      0.7494446029E+01      0.3167362887E+00      0.8856389881E+00
    0.7497427702E+01      0.7497427702E+01      0.3633350670E+00      0.8832434578E+00
    0.7499428128E+01      0.7499428128E+01      0.4084747336E+00      0.8799278347E+00
    0.7500139790E+01      0.7500139790E+01      0.4516922805E+00      0.8759685888E+00
    0.7499362799E+01      0.7499362799E+01      0.4931289873E+00      0.8711514623E+00
    0.7495830708E+01      0.7495830708E+01      0.5316964720E+00      0.8654306767E+00
    0.7488420478E+01      0.7488420478E+01      0.5661898932E+00      0.8586100157E+00
    0.7476269326E+01      0.7476269326E+01      0.5960317294E+00      0.8501921577E+00
    0.7458729974E+01      0.7458729974E+01      0.6211227836E+00      0.8400796716E+00
    0.7435813781E+01      0.7435813781E+01      0.6420053777E+00      0.8289584430E+00
    0.7408721796E+01      0.7408721796E+01      0.6600906832E+00      0.8178659239E+00
    0.7380201298E+01      0.7380201298E+01      0.6768173746E+00      0.8069125728E+00
    0.7353231299E+01      0.7353231299E+01      0.6956078104E+00      0.7961755441E+00
    0.7331812572E+01      0.7331812572E+01      0.7197398859E+00      0.7857638482E+00
    0.7319044669E+01      0.7319044669E+01      0.7516438486E+00      0.7752744793E+00
    0.7315282129E+01      0.7315282129E+01      0.7949408482E+00      0.7635515250E+00
    0.7321770248E+01      0.7321770248E+01      0.8420250832E+00      0.7521996231E+00
    0.7333739524E+01      0.7333739524E+01      0.8944693377E+00      0.7398044223E+00
    0.7350701712E+01      0.7350701712E+01      0.9519920694E+00      0.7264781449E+00
    0.7446908420E+01      0.7446908420E+01      0.2473048578E-01      0.8765887567E+00
    0.7447551959E+01      0.7447551959E+01      0.7395661286E-01      0.8757033176E+00
    0.7448885714E+01      0.7448885714E+01      0.1231993949E+00      0.8749450473E+00
    0.7450852000E+01      0.7450852000E+01      0.1720556846E+00      0.8706762745E+00
    0.7453360534E+01      0.7453360534E+01      0.2201357915E+00      0.8729577893E+00
    0.7456350115E+01      0.7456350115E+01      0.2674462572E+00      0.8733042437E+00
    0.7459617820E+01      0.7459617820E+01      0.3143751291E+00      0.8717102384E+00
    0.7462608298E+01      0.7462608298E+01      0.3605054498E+00      0.8687450644E+00
    0.7464503784E+01      0.7464503784E+01      0.4049771176E+00      0.8649003753E+00
    0.7465025969E+01      0.7465025969E+01      0.4473177820E+00      0.8602539589E+00
    0.7463841223E+01      0.7463841223E+01      0.4878347261E+00      0.8545164351E+00
    0.7459587021E+01      0.7459587021E+01      0.5252510849E+00      0.8477241754E+00
    0.7451236768E+01      0.7451236768E+01      0.5585858257E+00      0.8396330557E+00
    0.7437999686E+01      0.7437999686E+01      0.5873230937E+00      0.8297277173E+00
    0.7419361068E+01      0.7419361068E+01      0.6113428746E+00      0.8178186275E+00
    0.7395649564E+01      0.7395649564E+01      0.6311952206E+00      0.8046265113E+00
    0.7368287327E+01      0.7368287327E+01      0.6482905563E+00      0.7912099007E+00
    0.7340486566E+01      0.7340486566E+01      0.6641626315E+00      0.7777650178E+00
    0.7315450808E+01      0.7315450808E+01      0.6827112365E+00      0.7647483553E+00
    0.7296917591E+01      0.7296917591E+01      0.7072006596E+00      0.7522166826E+00
    0.7287618269E+01      0.7287618269E+01      0.7404927442E+00      0.7394029870E+00
    0.7288417753E+01      0.7288417753E+01      0.7830289209E+00      0.7254800082E+00
    0.7297532656E+01      0.7297532656E+01      0.8289844070E+00      0.7115824539E+00
    0.7312135329E+01      0.7312135329E+01      0.8805860302E+00      0.6966262965E+00
    0.7331129159E+01      0.7331129159E+01      0.9374788471E+00      0.6808678029E+00
    0.7412209275E+01      0.7412209275E+01      0.2448893046E-01      0.8642198841E+00
    0.7412837894E+01      0.7412837894E+01      0.7321249522E-01      0.8629659053E+00
    0.7414176432E+01      0.7414176432E+01      0.1219148447E+00      0.8618484238E+00
    0.7416085086E+01      0.7416085086E+01      0.1702693312E+00      0.8576199596E+00
    0.7418637644E+01      0.7418637644E+01      0.2178456116E+00      0.8597091492E+00
    0.7421681865E+01      0.7421681865E+01      0.2648870309E+00      0.8594221645E+00
    0.7424987457E+01      0.7424987457E+01      0.3115137808E+00      0.8572342925E+00
    0.7427918165E+01      0.7427918165E+01      0.3570758283E+00      0.8537553832E+00
    0.7429629382E+01      0.7429629382E+01      0.4007492273E+00      0.8494098369E+00
    0.7429900466E+01      0.7429900466E+01      0.4421657381E+00      0.8441155608E+00
    0.7428168110E+01      0.7428168110E+01      0.4815516278E+00      0.8375061014E+00
    0.7423044902E+01      0.7423044902E+01      0.5176088577E+00      0.8295584160E+00
    0.7413578824E+01      0.7413578824E+01      0.5495795919E+00      0.8200697111E+00
    0.7399059404E+01      0.7399059404E+01      0.5770037935E+00      0.8085691703E+00
    0.7379151194E+01      0.7379151194E+01      0.5997721744E+00      0.7948264026E+00
    0.7354520813E+01      0.7354520813E+01      0.6184384830E+00      0.7795823710E+00
    0.7326992074E+01      0.7326992074E+01      0.6340855547E+00      0.7638213103E+00
    0.7300065003E+01      0.7300065003E+01      0.6492864795E+00      0.7479219012E+00
    0.7277250472E+01      0.7277250472E+01      0.6677078199E+00      0.7327229826E+00
    0.7262147563E+01      0.7262147563E+01      0.6926227209E+00      0.7183791614E+00
    0.7256127736E+01      0.7256127736E+01      0.7281932902E+00      0.7030742635E+00
    0.7261465791E+01      0.7261465791E+01      0.7685626236E+00      0.6879024385E+00
    0.7273157310E+01      0.7273157310E+01      0.8140061676E+00      0.6718302395E+00
    0.7290278106E+01      0.7290278106E+01      0.8646970575E+00      0.6549371458E+00
    0.7311342374E+01      0.7311342374E+01      0.9209715224E+00      0.6373224511E+00
    0.7377759173E+01      0.7377759173E+01      0.2422797834E-01      0.8516927486E+00
    0.7378387201E+01      0.7378387201E+01      0.7238681995E-01      0.8501333205E+00
    0.7379723422E+01      0.7379723422E+01      0.1204801702E+00      0.8486597437E+00
    0.7381571089E+01      0.7381571089E+01      0.1682373355E+00      0.8445787196E+00
    0.7384161860E+01      0.7384161860E+01      0.2152328595E+00      0.8460889883E+00
    0.7387230947E+01      0.7387230947E+01      0.2619331192E+00      0.8451236777E+00
    0.7390513090E+01      0.7390513090E+01      0.3081422211E+00      0.8423372365E+00
    0.7393281165E+01      0.7393281165E+01      0.3529946067E+00      0.8383574551E+00
    0.7394724888E+01      0.7394724888E+01      0.3957044479E+00      0.8335079436E+00
    0.7394666279E+01      0.7394666279E+01      0.4361196294E+00      0.8275957385E+00
    0.7392240839E+01      0.7392240839E+01      0.4741926048E+00      0.8200922785E+00
    0.7386079283E+01      0.7386079283E+01      0.5086893528E+00      0.8109217870E+00
    0.7375307621E+01      0.7375307621E+01      0.5390491909E+00      0.7999137104E+00
    0.7359316493E+01      0.7359316493E+01      0.5649133707E+00      0.7866980184E+00
    0.7338010874E+01      0.7338010874E+01      0.5862019230E+00      0.7710539387E+00
    0.7312399534E+01      0.7312399534E+01      0.6035559337E+00      0.7537762692E+00
    0.7284859117E+01      0.7284859117E+01      0.6176639983E+00      0.7356962510E+00
    0.7259119989E+01      0.7259119989E+01      0.6323854336E+00      0.7174447826E+00
    0.7238667082E+01      0.7238667082E+01      0.6512033501E+00      0.7001441186E+00
    0.7227226760E+01      0.7227226760E+01      0.6771266848E+00      0.6841973041E+00
    0.7225474839E+01      0.7225474839E+01      0.7139150592E+00      0.6675206438E+00
    0.7233984513E+01      0.7233984513E+01      0.7529070512E+00      0.6511211064E+00
    0.7248380084E+01      0.7248380084E+01      0.7975803148E+00      0.6334390327E+00
    0.7267944061E+01      0.7267944061E+01      0.8475060799E+00      0.6151966583E+00
    0.7291013269E+01      0.7291013269E+01      0.9031698886E+00      0.5962774128E+00
    0.7343527468E+01      0.7343527468E+01      0.2394238639E-01      0.8389693828E+00
    0.7344166414E+01      0.7344166414E+01      0.7148018131E-01      0.8371904814E+00
    0.7345506372E+01      0.7345506372E+01      0.1189145171E+00      0.8354270129E+00
    0.7347322434E+01      0.7347322434E+01      0.1660231369E+00      0.8316137359E+00
    0.7349918779E+01      0.7349918779E+01      0.2124026786E+00      0.8322574009E+00
    0.7352998012E+01      0.7352998012E+01      0.2586506717E+00      0.8305714636E+00
    0.7356128830E+01      0.7356128830E+01      0.3042555078E+00      0.8271833374E+00
    0.7358617504E+01      0.7358617504E+01      0.3482205099E+00      0.8226494430E+00
    0.7359732167E+01      0.7359732167E+01      0.3898126496E+00      0.8172618697E+00
    0.7359233905E+01      0.7359233905E+01      0.4291128708E+00      0.8106847276E+00
    0.7355929096E+01      0.7355929096E+01      0.4656288337E+00      0.8022228823E+00
    0.7348548532E+01      0.7348548532E+01      0.4983382285E+00      0.7917464799E+00
    0.7336275388E+01      0.7336275388E+01      0.5268401148E+00      0.7791150321E+00
    0.7318622877E+01      0.7318622877E+01      0.5508819271E+00      0.7640686165E+00
    0.7295875982E+01      0.7295875982E+01      0.5704168636E+00      0.7464780601E+00
    0.7269238126E+01      0.7269238126E+01      0.5862017733E+00      0.7271043828E+00
    0.7241918225E+01      0.7241918225E+01      0.5990934571E+00      0.7068179157E+00
    0.7217793425E+01      0.7217793425E+01      0.6134710429E+00      0.6865083854E+00
    0.7200184559E+01      0.7200184559E+01      0.6330345300E+00      0.6675721547E+00
    0.7191744339E+01      0.7191744339E+01      0.6617870365E+00      0.6497897799E+00
    0.7194957308E+01      0.7194957308E+01      0.6971367802E+00      0.6329008446E+00
    0.7206027832E+01      0.7206027832E+01      0.7361988872E+00      0.6154608978E+00
    0.7223147308E+01      0.7223147308E+01      0.7801881812E+00      0.5968937478E+00
    0.7245032428E+01      0.7245032428E+01      0.8293438543E+00      0.5777075001E+00
    0.7270134965E+01      0.7270134965E+01      0.8843744535E+00      0.5578606280E+00
