    0.5980278230E+01      0.5980278230E+01      0.5423917720E+01      0.7121629011E+00
    0.6061808359E+01      0.6061808359E+01      0.5245095337E+01      0.6998166200E+00
    0.6140029266E+01      0.6140029266E+01      0.5070202539E+01      0.6753169638E+00
    0.6213081716E+01      0.6213081716E+01      0.4903196756E+01      0.6400347476E+00
    0.6280065555E+01      0.6280065555E+01      0.4748626439E+01      0.5960384206E+00
    0.6339826051E+01      0.6339826051E+01      0.4607068865E+01      0.5458332797E+00
    0.6391483840E+01      0.6391483840E+01      0.4477276479E+01      0.4911084876E+00
    0.6437029226E+01      0.6437029226E+01      0.4360259135E+01      0.4332829369E+00
    0.6477795112E+01      0.6477795112E+01      0.4255641548E+01      0.3732334663E+00
    0.6512791455E+01      0.6512791455E+01      0.4160358440E+01      0.3111275470E+00
    0.6543398027E+01      0.6543398027E+01      0.4074148919E+01      0.2484055975E+00
    0.6569661349E+01      0.6569661349E+01      0.3995883362E+01      0.1854728513E+00
    0.6592222489E+01      0.6592222489E+01      0.3925773653E+01      0.1233104632E+00
    0.6611283809E+01      0.6611283809E+01      0.3862363613E+01      0.6422512942E-01
    0.6625417549E+01      0.6625417549E+01      0.3803030214E+01      0.6037777684E-02
    0.6635690400E+01      0.6635690400E+01      0.3748581415E+01     -0.4994584489E-01
    0.6645239236E+01      0.6645239236E+01      0.3701904390E+01     -0.1031358472E+00
    0.6651703609E+01      0.6651703609E+01      0.3660013852E+01     -0.1546378472E+00
    0.6653392861E+01      0.6653392861E+01      0.3620254170E+01     -0.2065673170E+00
    0.6652556294E+01      0.6652556294E+01      0.3584955434E+01     -0.2564250544E+00
    0.6649504198E+01      0.6649504198E+01      0.3553386715E+01     -0.3057285441E+00
    0.6643635417E+01      0.6643635417E+01      0.3524593967E+01     -0.3512753549E+00
    0.6635066543E+01      0.6635066543E+01      0.3497958484E+01     -0.3963634483E+00
    0.6624656317E+01      0.6624656317E+01      0.3472927790E+01     -0.4375599778E+00
    0.6602059256E+01      0.6602059256E+01      0.3443751400E+01     -0.4972605926E+00
    0.5981403655E+01      0.5981403655E+01      0.5424436571E+01      0.8942811228E+00
    0.6069818783E+01      0.6069818783E+01      0.5228523733E+01      0.8814076397E+00
    0.6152883988E+01      0.6152883988E+01      0.5039281863E+01      0.8541577118E+00
    0.6229004427E+01      0.6229004427E+01      0.4861237009E+01      0.8139684208E+00
    0.6297818701E+01      0.6297818701E+01      0.4698155505E+01      0.7638588133E+00
    0.6358391529E+01      0.6358391529E+01      0.4549932426E+01      0.7062998842E+00
    0.6410582527E+01      0.6410582527E+01      0.4415341615E+01      0.6432677299E+00
    0.6456449101E+01      0.6456449101E+01      0.4295077631E+01      0.5766018476E+00
    0.6497239010E+01      0.6497239010E+01      0.4188409181E+01      0.5074668765E+00
    0.6532631887E+01      0.6532631887E+01      0.4092738508E+01      0.4368594141E+00
    0.6563326801E+01      0.6563326801E+01      0.4006737800E+01      0.3658673085E+00
    0.6589226638E+01      0.6589226638E+01      0.3929386540E+01      0.2942444959E+00
    0.6612031973E+01      0.6612031973E+01      0.3861386392E+01      0.2246647430E+00
    0.6630633545E+01      0.6630633545E+01      0.3799583369E+01      0.1587279987E+00
    0.6644099873E+01      0.6644099873E+01      0.3742010057E+01      0.9396514016E-01
    0.6655078425E+01      0.6655078425E+01      0.3691152850E+01      0.3255293831E-01
    0.6665559627E+01      0.6665559627E+01      0.3648399009E+01     -0.2598321218E-01
    0.6671739616E+01      0.6671739616E+01      0.3609242493E+01     -0.8316175536E-01
    0.6672961093E+01      0.6672961093E+01      0.3571898400E+01     -0.1407801910E+00
    0.6671874496E+01      0.6671874496E+01      0.3538814034E+01     -0.1953422774E+00
    0.6668398826E+01      0.6668398826E+01      0.3508715920E+01     -0.2489258345E+00
    0.6661941596E+01      0.6661941596E+01      0.3480670625E+01     -0.2982571454E+00
    0.6652647072E+01      0.6652647072E+01      0.3454370893E+01     -0.3468116637E+00
    0.6641535438E+01      0.6641535438E+01      0.3429373791E+01     -0.3910478398E+00
    0.6618580111E+01      0.6618580111E+01      0.3400096280E+01     -0.4549594922E+00
    0.5978099563E+01      0.5978099563E+01      0.5428132708E+01      0.1091641816E+01
    0.6073765439E+01      0.6073765439E+01      0.5210261804E+01      0.1075582256E+01
    0.6162766083E+01      0.6162766083E+01      0.5004285122E+01      0.1043418092E+01
    0.6242564206E+01      0.6242564206E+01      0.4813797004E+01      0.9970289378E+00
    0.6313599858E+01      0.6313599858E+01      0.4641016548E+01      0.9391784714E+00
    0.6375457296E+01      0.6375457296E+01      0.4484983274E+01      0.8726575782E+00
    0.6428675404E+01      0.6428675404E+01      0.4344786474E+01      0.7994212287E+00
    0.6475177534E+01      0.6475177534E+01      0.4220737665E+01      0.7220918942E+00
    0.6516346981E+01      0.6516346981E+01      0.4111897189E+01      0.6424798974E+00
    0.6552307392E+01      0.6552307392E+01      0.4015750915E+01      0.5621506051E+00
    0.6582967779E+01      0.6582967779E+01      0.3930249321E+01      0.4813942692E+00
    0.6608859869E+01      0.6608859869E+01      0.3854994954E+01      0.4006332592E+00
    0.6631917667E+01      0.6631917667E+01      0.3789839361E+01      0.3234990657E+00
    0.6649837746E+01      0.6649837746E+01      0.3730261338E+01      0.2503494366E+00
    0.6663086458E+01      0.6663086458E+01      0.3675853101E+01      0.1790063699E+00
    0.6675132805E+01      0.6675132805E+01      0.3629656238E+01      0.1121338083E+00
    0.6685868108E+01      0.6685868108E+01      0.3590717409E+01      0.4765129856E-01
    0.6691148226E+01      0.6691148226E+01      0.3554085646E+01     -0.1569309915E-01
    0.6691811262E+01      0.6691811262E+01      0.3519238198E+01     -0.7875019740E-01
    0.6690403867E+01      0.6690403867E+01      0.3488475568E+01     -0.1376915087E+00
    0.6686451632E+01      0.6686451632E+01      0.3459924739E+01     -0.1951229472E+00
    0.6679455097E+01      0.6679455097E+01      0.3432710040E+01     -0.2478260088E+00
    0.6669536096E+01      0.6669536096E+01      0.3406870652E+01     -0.2994978194E+00
    0.6657920973E+01      0.6657920973E+01      0.3382104900E+01     -0.3464366778E+00
    0.6634972860E+01      0.6634972860E+01      0.3353144528E+01     -0.4140446605E+00
    0.5970092951E+01      0.5970092951E+01      0.5433022193E+01      0.1305764129E+01
    0.6074694384E+01      0.6074694384E+01      0.5190629315E+01      0.1285106917E+01
    0.6169639522E+01      0.6169639522E+01      0.4965061176E+01      0.1245981742E+01
    0.6253591205E+01      0.6253591205E+01      0.4759829500E+01      0.1191296968E+01
    0.6327470345E+01      0.6327470345E+01      0.4575405364E+01      0.1123551504E+01
    0.6391163503E+01      0.6391163503E+01      0.4410149567E+01      0.1045650086E+01
    0.6446105191E+01      0.6446105191E+01      0.4263878895E+01      0.9597880728E+00
    0.6493573244E+01      0.6493573244E+01      0.4135819274E+01      0.8697748701E+00
    0.6535342038E+01      0.6535342038E+01      0.4024758563E+01      0.7782336562E+00
    0.6572195084E+01      0.6572195084E+01      0.3928681064E+01      0.6863738888E+00
    0.6602688076E+01      0.6602688076E+01      0.3844440945E+01      0.5941373126E+00
    0.6628885512E+01      0.6628885512E+01      0.3772322623E+01      0.5039260882E+00
    0.6652077486E+01      0.6652077486E+01      0.3710606116E+01      0.4188686389E+00
    0.6669409514E+01      0.6669409514E+01      0.3654186961E+01      0.3383031512E+00
    0.6682987890E+01      0.6682987890E+01      0.3604271897E+01      0.2605008832E+00
    0.6695744735E+01      0.6695744735E+01      0.3563299948E+01      0.1879700375E+00
    0.6705785084E+01      0.6705785084E+01      0.3528075497E+01      0.1169000629E+00
    0.6709864804E+01      0.6709864804E+01      0.3494074307E+01      0.4747602004E-01
    0.6710010884E+01      0.6710010884E+01      0.3462196112E+01     -0.2054252950E-01
    0.6708098901E+01      0.6708098901E+01      0.3433786300E+01     -0.8356838774E-01
    0.6703542070E+01      0.6703542070E+01      0.3406866888E+01     -0.1444553910E+00
    0.6696034623E+01      0.6696034623E+01      0.3380627753E+01     -0.2001252089E+00
    0.6685704166E+01      0.6685704166E+01      0.3355439160E+01     -0.2544703196E+00
    0.6673939073E+01      0.6673939073E+01      0.3331224285E+01     -0.3036774945E+00
    0.6651438501E+01      0.6651438501E+01      0.3303083762E+01     -0.3744674731E+00
    0.5958690788E+01      0.5958690788E+01      0.5454389571E+01      0.1542790750E+01
    0.6072366202E+01      0.6072366202E+01      0.5181201981E+01      0.1513819117E+01
    0.6173550985E+01      0.6173550985E+01      0.4929093630E+01      0.1468078573E+01
    0.6262181059E+01      0.6262181059E+01      0.4702676754E+01      0.1401310957E+01
    0.6339573383E+01      0.6339573383E+01      0.4501977812E+01      0.1320243788E+01
    0.6405880651E+01      0.6405880651E+01      0.4324894234E+01      0.1226714778E+01
    0.6463298691E+01      0.6463298691E+01      0.4171621473E+01      0.1125043803E+01
    0.6511962901E+01      0.6511962901E+01      0.4038514194E+01      0.1019818276E+01
    0.6555056517E+01      0.6555056517E+01      0.3925804542E+01      0.9138347147E+00
    0.6592513086E+01      0.6592513086E+01      0.3830840775E+01      0.8080883157E+00
    0.6622837751E+01      0.6622837751E+01      0.3749330622E+01      0.7030977823E+00
    0.6649452396E+01      0.6649452396E+01      0.3681652314E+01      0.6032625607E+00
    0.6672360247E+01      0.6672360247E+01      0.3624274240E+01      0.5098520826E+00
    0.6689024404E+01      0.6689024404E+01      0.3572249943E+01      0.4217616591E+00
    0.6702740338E+01      0.6702740338E+01      0.3527835377E+01      0.3369962835E+00
    0.6715491002E+01      0.6715491002E+01      0.3492268982E+01      0.2579160188E+00
    0.6724344504E+01      0.6724344504E+01      0.3460814984E+01      0.1802694111E+00
    0.6727307748E+01      0.6727307748E+01      0.3429844227E+01      0.1053504945E+00
    0.6727031149E+01      0.6727031149E+01      0.3401139941E+01      0.3304776944E-01
    0.6724624680E+01      0.6724624680E+01      0.3375156570E+01     -0.3340242230E-01
    0.6719560572E+01      0.6719560572E+01      0.3350016331E+01     -0.9704458333E-01
    0.6711764496E+01      0.6711764496E+01      0.3325015844E+01     -0.1550431829E+00
    0.6701339890E+01      0.6701339890E+01      0.3300675958E+01     -0.2115526396E+00
    0.6689809866E+01      0.6689809866E+01      0.3277278521E+01     -0.2625978482E+00
    0.6668208321E+01      0.6668208321E+01      0.3250329403E+01     -0.3361552903E+00
    0.5933521683E+01      0.5933521683E+01      0.5419894641E+01      0.1790575434E+01
    0.6062026200E+01      0.6062026200E+01      0.5140553697E+01      0.1765601073E+01
    0.6171103222E+01      0.6171103222E+01      0.4871431423E+01      0.1707416729E+01
    0.6267388388E+01      0.6267388388E+01      0.4627870995E+01      0.1628292498E+01
    0.6349274600E+01      0.6349274600E+01      0.4411673263E+01      0.1529255199E+01
    0.6419858377E+01      0.6419858377E+01      0.4223754762E+01      0.1416469862E+01
    0.6480107406E+01      0.6480107406E+01      0.4063070878E+01      0.1295453583E+01
    0.6530433109E+01      0.6530433109E+01      0.3925374593E+01      0.1171879437E+01
    0.6575639622E+01      0.6575639622E+01      0.3812969717E+01      0.1047789127E+01
    0.6613402686E+01      0.6613402686E+01      0.3720883485E+01      0.9256228606E+00
    0.6643643214E+01      0.6643643214E+01      0.3644012268E+01      0.8071793940E+00
    0.6670633461E+01      0.6670633461E+01      0.3582348378E+01      0.6972216796E+00
    0.6693073301E+01      0.6693073301E+01      0.3530729225E+01      0.5950761715E+00
    0.6709073477E+01      0.6709073477E+01      0.3484559759E+01      0.4993844032E+00
    0.6722616165E+01      0.6722616165E+01      0.3446577108E+01      0.4077374481E+00
    0.6734717281E+01      0.6734717281E+01      0.3416552757E+01      0.3219105052E+00
    0.6742067182E+01      0.6742067182E+01      0.3389023695E+01      0.2380319549E+00
    0.6743995043E+01      0.6743995043E+01      0.3361503755E+01      0.1583848643E+00
    0.6743291350E+01      0.6743291350E+01      0.3336093684E+01      0.8250000856E-01
    0.6740330688E+01      0.6740330688E+01      0.3312459725E+01      0.1318178455E-01
    0.6734725964E+01      0.6734725964E+01      0.3289162087E+01     -0.5269064801E-01
    0.6726779616E+01      0.6726779616E+01      0.3265704676E+01     -0.1124492621E+00
    0.6716607633E+01      0.6716607633E+01      0.3242585045E+01     -0.1706325153E+00
    0.6705690758E+01      0.6705690758E+01      0.3220391701E+01     -0.2230706164E+00
    0.6685438386E+01      0.6685438386E+01      0.3194966158E+01     -0.2990203554E+00
    0.5904941134E+01      0.5904941134E+01      0.5300320808E+01      0.2030132558E+01
    0.6048035708E+01      0.6048035708E+01      0.5038027920E+01      0.2010841941E+01
    0.6167203773E+01      0.6167203773E+01      0.4773827646E+01      0.1957451396E+01
    0.6269385663E+01      0.6269385663E+01      0.4522088019E+01      0.1865654585E+01
    0.6357436854E+01      0.6357436854E+01      0.4294830401E+01      0.1749227641E+01
    0.6433392715E+01      0.6433392715E+01      0.4099184050E+01      0.1613231957E+01
    0.6496460529E+01      0.6496460529E+01      0.3931547956E+01      0.1470186372E+01
    0.6549961692E+01      0.6549961692E+01      0.3792341200E+01      0.1323614853E+01
    0.6597098993E+01      0.6597098993E+01      0.3684203318E+01      0.1177279914E+01
    0.6634972989E+01      0.6634972989E+01      0.3598391242E+01      0.1036775042E+01
    0.6665072211E+01      0.6665072211E+01      0.3528966625E+01      0.9046925286E+00
    0.6691721903E+01      0.6691721903E+01      0.3474918091E+01      0.7839509832E+00
    0.6713221362E+01      0.6713221362E+01      0.3430441407E+01      0.6724027192E+00
    0.6728456866E+01      0.6728456866E+01      0.3391577694E+01      0.5688039180E+00
    0.6741324050E+01      0.6741324050E+01      0.3360670091E+01      0.4702963682E+00
    0.6752297207E+01      0.6752297207E+01      0.3336290283E+01      0.3782291700E+00
    0.6758153837E+01      0.6758153837E+01      0.3312986827E+01      0.2889423690E+00
    0.6759261259E+01      0.6759261259E+01      0.3289269629E+01      0.2055890883E+00
    0.6758127747E+01      0.6758127747E+01      0.3267206485E+01      0.1270943292E+00
    0.6754776934E+01      0.6754776934E+01      0.3245976335E+01      0.5572305624E-01
    0.6748981540E+01      0.6748981540E+01      0.3224768315E+01     -0.1158033922E-01
    0.6741186993E+01      0.6741186993E+01      0.3203369174E+01     -0.7243139386E-01
    0.6731649357E+01      0.6731649357E+01      0.3182147420E+01     -0.1315897312E+00
    0.6721783933E+01      0.6721783933E+01      0.3161691233E+01     -0.1851128303E+00
    0.6703266391E+01      0.6703266391E+01      0.3138056696E+01     -0.2630975072E+00
    0.5869445197E+01      0.5869445197E+01      0.5033251417E+01      0.2229611910E+01
    0.6024483065E+01      0.6024483065E+01      0.4826371258E+01      0.2240914161E+01
    0.6158369049E+01      0.6158369049E+01      0.4599414442E+01      0.2198759808E+01
    0.6272046504E+01      0.6272046504E+01      0.4366475829E+01      0.2108008169E+01
    0.6365833412E+01      0.6365833412E+01      0.4140489966E+01      0.1973634512E+01
    0.6447776712E+01      0.6447776712E+01      0.3942637151E+01      0.1814895676E+01
    0.6514362933E+01      0.6514362933E+01      0.3772791671E+01      0.1645167159E+01
    0.6570740161E+01      0.6570740161E+01      0.3637286489E+01      0.1470977387E+01
    0.6619520608E+01      0.6619520608E+01      0.3537755756E+01      0.1298309760E+01
    0.6657480740E+01      0.6657480740E+01      0.3462037563E+01      0.1138468487E+01
    0.6687366060E+01      0.6687366060E+01      0.3403007489E+01      0.9930731040E+00
    0.6713326333E+01      0.6713326333E+01      0.3358884811E+01      0.8618022656E+00
    0.6733745523E+01      0.6733745523E+01      0.3323593060E+01      0.7410525304E+00
    0.6748001023E+01      0.6748001023E+01      0.3293457328E+01      0.6296892482E+00
    0.6759733760E+01      0.6759733760E+01      0.3270246432E+01      0.5248125969E+00
    0.6768886511E+01      0.6768886511E+01      0.3251543412E+01      0.4272180345E+00
    0.6773403906E+01      0.6773403906E+01      0.3232925582E+01      0.3337177604E+00
    0.6773973216E+01      0.6773973216E+01      0.3213397417E+01      0.2478048768E+00
    0.6772465705E+01      0.6772465705E+01      0.3194887019E+01      0.1678232393E+00
    0.6768883402E+01      0.6768883402E+01      0.3176408077E+01      0.9520940801E-01
    0.6763154058E+01      0.6763154058E+01      0.3157780669E+01      0.2703706708E-01
    0.6755729716E+01      0.6755729716E+01      0.3138876248E+01     -0.3465458494E-01
    0.6747069274E+01      0.6747069274E+01      0.3120022115E+01     -0.9438152079E-01
    0.6738072320E+01      0.6738072320E+01      0.3101631792E+01     -0.1487398541E+00
    0.6721010665E+01      0.6721010665E+01      0.3079460469E+01     -0.2289598882E+00
    0.5833082352E+01      0.5833082352E+01      0.4623670732E+01      0.2355286057E+01
    0.5994060756E+01      0.5994060756E+01      0.4478168023E+01      0.2424839219E+01
    0.6145436170E+01      0.6145436170E+01      0.4310673936E+01      0.2405732607E+01
    0.6271207853E+01      0.6271207853E+01      0.4126466564E+01      0.2329092489E+01
    0.6377305917E+01      0.6377305917E+01      0.3932278491E+01      0.2191736280E+01
    0.6464642662E+01      0.6464642662E+01      0.3746634148E+01      0.2012406633E+01
    0.6534082793E+01      0.6534082793E+01      0.3583872269E+01      0.1815336796E+01
    0.6593101198E+01      0.6593101198E+01      0.3459725886E+01      0.1608136136E+01
    0.6642689066E+01      0.6642689066E+01      0.3374803798E+01      0.1406619044E+01
    0.6680230624E+01      0.6680230624E+01      0.3313569800E+01      0.1227468370E+01
    0.6709138102E+01      0.6709138102E+01      0.3267835904E+01      0.1068579441E+01
    0.6733629571E+01      0.6733629571E+01      0.3235426393E+01      0.9268177681E+00
    0.6752614401E+01      0.6752614401E+01      0.3210683529E+01      0.7972611146E+00
    0.6765867997E+01      0.6765867997E+01      0.3190363238E+01      0.6790137663E+00
    0.6776503950E+01      0.6776503950E+01      0.3175193455E+01      0.5690067587E+00
    0.6783875540E+01      0.6783875540E+01      0.3162325303E+01      0.4675197855E+00
    0.6787509728E+01      0.6787509728E+01      0.3148933886E+01      0.3716909022E+00
    0.6787826668E+01      0.6787826668E+01      0.3134154386E+01      0.2844700611E+00
    0.6785912775E+01      0.6785912775E+01      0.3119542351E+01      0.2037483338E+00
    0.6782282464E+01      0.6782282464E+01      0.3104234277E+01      0.1307288793E+00
    0.6776771801E+01      0.6776771801E+01      0.3088538197E+01      0.6236727195E-01
    0.6769955637E+01      0.6769955637E+01      0.3072443921E+01      0.3472734218E-03
    0.6762155025E+01      0.6762155025E+01      0.3056257718E+01     -0.5969571774E-01
    0.6753814628E+01      0.6753814628E+01      0.3040324420E+01     -0.1150893806E+00
    0.6737950613E+01      0.6737950613E+01      0.3019626043E+01     -0.1972319093E+00
    0.5806108171E+01      0.5806108171E+01      0.4126151654E+01      0.2436067073E+01
    0.5970134770E+01      0.5970134770E+01      0.4027154160E+01      0.2549648066E+01
    0.6129118002E+01      0.6129118002E+01      0.3913684034E+01      0.2552754626E+01
    0.6268135155E+01      0.6268135155E+01      0.3786750009E+01      0.2503755715E+01
    0.6386759351E+01      0.6386759351E+01      0.3645568530E+01      0.2380877302E+01
    0.6484070017E+01      0.6484070017E+01      0.3498606194E+01      0.2193493612E+01
    0.6556144728E+01      0.6556144728E+01      0.3359379116E+01      0.1969854212E+01
    0.6617720322E+01      0.6617720322E+01      0.3258308508E+01      0.1727190674E+01
    0.6667859299E+01      0.6667859299E+01      0.3195792726E+01      0.1497434069E+01
    0.6704321368E+01      0.6704321368E+01      0.3153660052E+01      0.1300624909E+01
    0.6731850187E+01      0.6731850187E+01      0.3124331846E+01      0.1129688677E+01
    0.6754736286E+01      0.6754736286E+01      0.3105842105E+01      0.9790919190E+00
    0.6771772995E+01      0.6771772995E+01      0.3092729732E+01      0.8419377705E+00
    0.6783848582E+01      0.6783848582E+01      0.3082999439E+01      0.7183919900E+00
    0.6793095965E+01      0.6793095965E+01      0.3076231494E+01      0.6043470481E+00
    0.6798686633E+01      0.6798686633E+01      0.3069818155E+01      0.5002830374E+00
    0.6801397712E+01      0.6801397712E+01      0.3062266968E+01      0.4033792558E+00
    0.6801254629E+01      0.6801254629E+01      0.3052857657E+01      0.3158840036E+00
    0.6799297731E+01      0.6799297731E+01      0.3042498979E+01      0.2353231644E+00
    0.6795744462E+01      0.6795744462E+01      0.3030857221E+01      0.1626628400E+00
    0.6790585138E+01      0.6790585138E+01      0.3018489159E+01      0.9466392426E-01
    0.6784272515E+01      0.6784272515E+01      0.3005331876E+01      0.3267252096E-01
    0.6776981300E+01      0.6776981300E+01      0.2991886166E+01     -0.2794788278E-01
    0.6768813404E+01      0.6768813404E+01      0.2977880573E+01     -0.8431046049E-01
    0.6753823935E+01      0.6753823935E+01      0.2958248142E+01     -0.1683510530E+00
    0.5787147109E+01      0.5787147109E+01      0.3570002784E+01      0.2497182161E+01
    0.5959215040E+01      0.5959215040E+01      0.3503841599E+01      0.2634887916E+01
    0.6122970660E+01      0.6122970660E+01      0.3436612172E+01      0.2656262890E+01
    0.6269729689E+01      0.6269729689E+01      0.3364562868E+01      0.2623255618E+01
    0.6396539507E+01      0.6396539507E+01      0.3282548589E+01      0.2518998985E+01
    0.6502061359E+01      0.6502061359E+01      0.3192436849E+01      0.2335419842E+01
    0.6578419572E+01      0.6578419572E+01      0.3098905913E+01      0.2093409608E+01
    0.6641384143E+01      0.6641384143E+01      0.3035806031E+01      0.1817834592E+01
    0.6690030149E+01      0.6690030149E+01      0.3002132930E+01      0.1562493053E+01
    0.6724966537E+01      0.6724966537E+01      0.2982567316E+01      0.1351382136E+01
    0.6751755328E+01      0.6751755328E+01      0.2972608617E+01      0.1171465573E+01
    0.6772892264E+01      0.6772892264E+01      0.2969252346E+01      0.1013903590E+01
    0.6788485725E+01      0.6788485725E+01      0.2968956612E+01      0.8717331955E+00
    0.6799642340E+01      0.6799642340E+01      0.2969969532E+01      0.7449248684E+00
    0.6807875178E+01      0.6807875178E+01      0.2972040899E+01      0.6288165920E+00
    0.6812699163E+01      0.6812699163E+01      0.2972912649E+01      0.5241769146E+00
    0.6814886852E+01      0.6814886852E+01      0.2971744876E+01      0.4281055410E+00
    0.6814739873E+01      0.6814739873E+01      0.2968230750E+01      0.3419285231E+00
    0.6812745792E+01      0.6812745792E+01      0.2963205988E+01      0.2624782001E+00
    0.6809258978E+01      0.6809258978E+01      0.2956026002E+01      0.1907650227E+00
    0.6804223192E+01      0.6804223192E+01      0.2947095873E+01      0.1232741432E+00
    0.6798105659E+01      0.6798105659E+01      0.2936512037E+01      0.6138093734E-01
    0.6790733925E+01      0.6790733925E+01      0.2925325986E+01      0.1103970124E-03
    0.6782593523E+01      0.6782593523E+01      0.2913181464E+01     -0.5707568845E-01
    0.6768206937E+01      0.6768206937E+01      0.2894720385E+01     -0.1424113274E+00
    0.5788464373E+01      0.5788464373E+01      0.2958734326E+01      0.2560984070E+01
    0.5965647006E+01      0.5965647006E+01      0.2931544407E+01      0.2692020930E+01
    0.6130995516E+01      0.6130995516E+01      0.2909950978E+01      0.2715470647E+01
    0.6280731825E+01      0.6280731825E+01      0.2886829428E+01      0.2688617676E+01
    0.6413715220E+01      0.6413715220E+01      0.2860456098E+01      0.2598460289E+01
    0.6525224651E+01      0.6525224651E+01      0.2832325225E+01      0.2425539340E+01
    0.6608000728E+01      0.6608000728E+01      0.2805115556E+01      0.2173597935E+01
    0.6673282961E+01      0.6673282961E+01      0.2796957877E+01      0.1876608612E+01
    0.6718826020E+01      0.6718826020E+01      0.2799634271E+01      0.1605587108E+01
    0.6751091665E+01      0.6751091665E+01      0.2806190034E+01      0.1385037238E+01
    0.6775318013E+01      0.6775318013E+01      0.2816378885E+01      0.1198317734E+01
    0.6793322052E+01      0.6793322052E+01      0.2828911514E+01      0.1035403440E+01
    0.6806451938E+01      0.6806451938E+01      0.2841914317E+01      0.8905310492E+00
    0.6815878228E+01      0.6815878228E+01      0.2854485129E+01      0.7617074609E+00
    0.6822759582E+01      0.6822759582E+01      0.2866104083E+01      0.6447001504E+00
    0.6826978326E+01      0.6826978326E+01      0.2874876445E+01      0.5403834537E+00
    0.6828104916E+01      0.6828104916E+01      0.2879502886E+01      0.4457839570E+00
    0.6827391009E+01      0.6827391009E+01      0.2881677262E+01      0.3609993061E+00
    0.6825031399E+01      0.6825031399E+01      0.2881198683E+01      0.2830621663E+00
    0.6821682252E+01      0.6821682252E+01      0.2878386033E+01      0.2128037659E+00
    0.6816720624E+01      0.6816720624E+01      0.2873736629E+01      0.1466834819E+00
    0.6810517644E+01      0.6810517644E+01      0.2866892777E+01      0.8514051703E-01
    0.6802896952E+01      0.6802896952E+01      0.2858440226E+01      0.2367743133E-01
    0.6794745106E+01      0.6794745106E+01      0.2848148883E+01     -0.3380154985E-01
    0.6781181320E+01      0.6781181320E+01      0.2831291133E+01     -0.1196812957E+00
    0.5807333751E+01      0.5807333751E+01      0.2317272891E+01      0.2591818801E+01
    0.5981507516E+01      0.5981507516E+01      0.2331348135E+01      0.2710174245E+01
    0.6144369696E+01      0.6144369696E+01      0.2355551363E+01      0.2733500386E+01
    0.6293315811E+01      0.6293315811E+01      0.2384797255E+01      0.2709948228E+01
    0.6424379283E+01      0.6424379283E+01      0.2417297274E+01      0.2621431749E+01
    0.6533366616E+01      0.6533366616E+01      0.2452818804E+01      0.2444581022E+01
    0.6618206794E+01      0.6618206794E+01      0.2491302556E+01      0.2183267670E+01
    0.6682009880E+01      0.6682009880E+01      0.2534860806E+01      0.1876950928E+01
    0.6728030624E+01      0.6728030624E+01      0.2576976350E+01      0.1606123822E+01
    0.6761377949E+01      0.6761377949E+01      0.2613616174E+01      0.1385949137E+01
    0.6786663616E+01      0.6786663616E+01      0.2647075430E+01      0.1198776890E+01
    0.6805034104E+01      0.6805034104E+01      0.2676446734E+01      0.1035939210E+01
    0.6817704567E+01      0.6817704567E+01      0.2701617123E+01      0.8918930348E+00
    0.6827545388E+01      0.6827545388E+01      0.2724801596E+01      0.7646949707E+00
    0.6835550675E+01      0.6835550675E+01      0.2746140978E+01      0.6506061645E+00
    0.6840443018E+01      0.6840443018E+01      0.2763929792E+01      0.5493600371E+00
    0.6841333193E+01      0.6841333193E+01      0.2776653032E+01      0.4571923110E+00
    0.6840440548E+01      0.6840440548E+01      0.2786212360E+01      0.3746327653E+00
    0.6838054983E+01      0.6838054983E+01      0.2791977333E+01      0.2987967066E+00
    0.6834141465E+01      0.6834141465E+01      0.2794609620E+01      0.2294930494E+00
    0.6828168319E+01      0.6828168319E+01      0.2794532029E+01      0.1638765112E+00
    0.6821967188E+01      0.6821967188E+01      0.2791506624E+01      0.1033887431E+00
    0.6814050305E+01      0.6814050305E+01      0.2786810701E+01      0.4297503600E-01
    0.6805744582E+01      0.6805744582E+01      0.2779455038E+01     -0.1430376207E-01
    0.6793152016E+01      0.6793152016E+01      0.2764844800E+01     -0.9967702032E-01
    0.5832830293E+01      0.5832830293E+01      0.1638442893E+01      0.2593583311E+01
    0.6014538604E+01      0.6014538604E+01      0.1704548222E+01      0.2681974009E+01
    0.6178984528E+01      0.6178984528E+01      0.1782369947E+01      0.2694489187E+01
    0.6327334656E+01      0.6327334656E+01      0.1867590582E+01      0.2665675283E+01
    0.6457222830E+01      0.6457222830E+01      0.1961121081E+01      0.2568476178E+01
    0.6564695648E+01      0.6564695648E+01      0.2061592448E+01      0.2383969267E+01
    0.6649345852E+01      0.6649345852E+01      0.2167723932E+01      0.2120376052E+01
    0.6712284345E+01      0.6712284345E+01      0.2269780670E+01      0.1820584807E+01
    0.6753730680E+01      0.6753730680E+01      0.2352765326E+01      0.1563998942E+01
    0.6783899172E+01      0.6783899172E+01      0.2420608002E+01      0.1353762792E+01
    0.6806414723E+01      0.6806414723E+01      0.2478178261E+01      0.1174262722E+01
    0.6822234313E+01      0.6822234313E+01      0.2526307518E+01      0.1017417980E+01
    0.6832808243E+01      0.6832808243E+01      0.2566181426E+01      0.8781050643E+00
    0.6841031124E+01      0.6841031124E+01      0.2600766035E+01      0.7562220674E+00
    0.6847785057E+01      0.6847785057E+01      0.2630490299E+01      0.6466870853E+00
    0.6851105831E+01      0.6851105831E+01      0.2653449981E+01      0.5482869329E+00
    0.6851679014E+01      0.6851679014E+01      0.2670754239E+01      0.4591595996E+00
    0.6850979363E+01      0.6850979363E+01      0.2685169346E+01      0.3798116063E+00
    0.6848748184E+01      0.6848748184E+01      0.2696821330E+01      0.3064712677E+00
    0.6844748201E+01      0.6844748201E+01      0.2705453065E+01      0.2387836107E+00
    0.6838954426E+01      0.6838954426E+01      0.2710886908E+01      0.1751706290E+00
    0.6831773549E+01      0.6831773549E+01      0.2712969544E+01      0.1147215567E+00
    0.6823209663E+01      0.6823209663E+01      0.2711974329E+01      0.5583373295E-01
    0.6814865281E+01      0.6814865281E+01      0.2708312112E+01     -0.1023514065E-03
    0.6804002096E+01      0.6804002096E+01      0.2697299014E+01     -0.8275392617E-01
    0.5898074780E+01      0.5898074780E+01      0.9535912406E+00      0.2524619606E+01
    0.6073282516E+01      0.6073282516E+01      0.1085560437E+01      0.2596083114E+01
    0.6231524202E+01      0.6231524202E+01      0.1224345236E+01      0.2604978112E+01
    0.6373713741E+01      0.6373713741E+01      0.1369916994E+01      0.2570682250E+01
    0.6496228749E+01      0.6496228749E+01      0.1525151605E+01      0.2464222478E+01
    0.6596508648E+01      0.6596508648E+01      0.1687568897E+01      0.2271939644E+01
    0.6677333978E+01      0.6677333978E+01      0.1858700635E+01      0.2008000508E+01
    0.6734701890E+01      0.6734701890E+01      0.2010831079E+01      0.1727413302E+01
    0.6772873126E+01      0.6772873126E+01      0.2130075554E+01      0.1494022614E+01
    0.6801509554E+01      0.6801509554E+01      0.2227491795E+01      0.1298886120E+01
    0.6822802945E+01      0.6822802945E+01      0.2309074494E+01      0.1130337991E+01
    0.6836684962E+01      0.6836684962E+01      0.2376114620E+01      0.9823510199E+00
    0.6846046879E+01      0.6846046879E+01      0.2432375720E+01      0.8510540109E+00
    0.6854180060E+01      0.6854180060E+01      0.2481636761E+01      0.7365585200E+00
    0.6859851167E+01      0.6859851167E+01      0.2522722030E+01      0.6331662989E+00
    0.6861672008E+01      0.6861672008E+01      0.2554434244E+01      0.5395609129E+00
    0.6861355645E+01      0.6861355645E+01      0.2579481234E+01      0.4543265295E+00
    0.6859746788E+01      0.6859746788E+01      0.2599427583E+01      0.3775539761E+00
    0.6856576855E+01      0.6856576855E+01      0.2614730446E+01      0.3060139172E+00
    0.6851982254E+01      0.6851982254E+01      0.2626005576E+01      0.2395714739E+00
    0.6846110842E+01      0.6846110842E+01      0.2634263009E+01      0.1775961672E+00
    0.6839391996E+01      0.6839391996E+01      0.2639748445E+01      0.1191239910E+00
    0.6831359682E+01      0.6831359682E+01      0.2642527861E+01      0.6349179835E-01
    0.6823223172E+01      0.6823223172E+01      0.2642167260E+01      0.9497077997E-02
    0.6814512671E+01      0.6814512671E+01      0.2634774002E+01     -0.6827175507E-01
    0.5968647235E+01      0.5968647235E+01      0.2869180006E+00      0.2412337599E+01
    0.6137014834E+01      0.6137014834E+01      0.4913928939E+00      0.2466587751E+01
    0.6288873518E+01      0.6288873518E+01      0.6983737058E+00      0.2468377780E+01
    0.6424421966E+01      0.6424421966E+01      0.9132090308E+00      0.2420178128E+01
    0.6539427699E+01      0.6539427699E+01      0.1138654315E+01      0.2296475550E+01
    0.6633005601E+01      0.6633005601E+01      0.1372091261E+01      0.2093650803E+01
    0.6709740649E+01      0.6709740649E+01      0.1601395800E+01      0.1845484752E+01
    0.6758697862E+01      0.6758697862E+01      0.1786789696E+01      0.1600898991E+01
    0.6793305555E+01      0.6793305555E+01      0.1932452173E+01      0.1396410374E+01
    0.6819823803E+01      0.6819823803E+01      0.2052874518E+01      0.1221298782E+01
    0.6839092335E+01      0.6839092335E+01      0.2153209894E+01      0.1067465699E+01
    0.6851267692E+01      0.6851267692E+01      0.2236005066E+01      0.9307919688E+00
    0.6860020859E+01      0.6860020859E+01      0.2306665318E+01      0.8100463545E+00
    0.6867427533E+01      0.6867427533E+01      0.2368099980E+01      0.7049369326E+00
    0.6871154564E+01      0.6871154564E+01      0.2418780623E+01      0.6084093987E+00
    0.6871563703E+01      0.6871563703E+01      0.2459714313E+01      0.5209600081E+00
    0.6870509756E+01      0.6870509756E+01      0.2493599405E+01      0.4412487027E+00
    0.6868033819E+01      0.6868033819E+01      0.2520661046E+01      0.3685866762E+00
    0.6864119573E+01      0.6864119573E+01      0.2541425282E+01      0.3004396474E+00
    0.6858969872E+01      0.6858969872E+01      0.2556636798E+01      0.2361211233E+00
    0.6852676938E+01      0.6852676938E+01      0.2567961723E+01      0.1755483329E+00
    0.6845511647E+01      0.6845511647E+01      0.2575677112E+01      0.1190020119E+00
    0.6838393513E+01      0.6838393513E+01      0.2580338713E+01      0.6675389095E-01
    0.6831798288E+01      0.6831798288E+01      0.2583084047E+01      0.1597941614E-01
    0.6824766734E+01      0.6824766734E+01      0.2578561801E+01     -0.5590810834E-01
    0.6062940469E+01      0.6062940469E+01     -0.2692781604E+00      0.2225600779E+01
    0.6217366240E+01      0.6217366240E+01      0.0000000000E+00      0.2273012732E+01
    0.6356846471E+01      0.6356846471E+01      0.2720816322E+00      0.2267818499E+01
    0.6479993399E+01      0.6479993399E+01      0.5559370378E+00      0.2201391992E+01
    0.6583613658E+01      0.6583613658E+01      0.8508453284E+00      0.2063336599E+01
    0.6671255426E+01      0.6671255426E+01      0.1141953492E+01      0.1868930347E+01
    0.6737462914E+01      0.6737462914E+01      0.1396909743E+01      0.1654826831E+01
    0.6779907933E+01      0.6779907933E+01      0.1598785357E+01      0.1453517723E+01
    0.6811393530E+01      0.6811393530E+01      0.1761465906E+01      0.1279086237E+01
    0.6836000045E+01      0.6836000045E+01      0.1898269943E+01      0.1126118261E+01
    0.6853122281E+01      0.6853122281E+01      0.2012393383E+01      0.9887891134E+00
    0.6864101884E+01      0.6864101884E+01      0.2108024445E+01      0.8659367851E+00
    0.6872881435E+01      0.6872881435E+01      0.2191038408E+01      0.7578200585E+00
    0.6879105274E+01      0.6879105274E+01      0.2262178687E+01      0.6621509691E+00
    0.6880919226E+01      0.6880919226E+01      0.2320908505E+01      0.5730820592E+00
    0.6880437499E+01      0.6880437499E+01      0.2370472384E+01      0.4927905304E+00
    0.6878513469E+01      0.6878513469E+01      0.2412051942E+01      0.4192175642E+00
    0.6875094454E+01      0.6875094454E+01      0.2446019846E+01      0.3515990132E+00
    0.6870408215E+01      0.6870408215E+01      0.2472905874E+01      0.2881184905E+00
    0.6864866294E+01      0.6864866294E+01      0.2493065461E+01      0.2275913211E+00
    0.6858379698E+01      0.6858379698E+01      0.2507547428E+01      0.1705686538E+00
    0.6851787521E+01      0.6851787521E+01      0.2517172928E+01      0.1167622448E+00
    0.6845296119E+01      0.6845296119E+01      0.2523497655E+01      0.6728459956E-01
    0.6840933572E+01      0.6840933572E+01      0.2528706279E+01      0.2103431930E-01
    0.6835361522E+01      0.6835361522E+01      0.2527266883E+01     -0.4480923610E-01
    0.6154105254E+01      0.6154105254E+01     -0.6815111231E+00      0.1988235639E+01
    0.6295121473E+01      0.6295121473E+01     -0.3480590553E+00      0.2025217701E+01
    0.6423214552E+01      0.6423214552E+01     -0.7585181562E-02      0.2003246067E+01
    0.6536643991E+01      0.6536643991E+01      0.3433232921E+00      0.1921578565E+01
    0.6631836448E+01      0.6631836448E+01      0.6818296065E+00      0.1789825995E+01
    0.6706608064E+01      0.6706608064E+01      0.9852104482E+00      0.1627400904E+01
    0.6761572536E+01      0.6761572536E+01      0.1239318981E+01      0.1454732251E+01
    0.6798947425E+01      0.6798947425E+01      0.1444859843E+01      0.1293878979E+01
    0.6827927002E+01      0.6827927002E+01      0.1617149086E+01      0.1148259211E+01
    0.6850352980E+01      0.6850352980E+01      0.1764140888E+01      0.1017692334E+01
    0.6865272547E+01      0.6865272547E+01      0.1887656010E+01      0.8979914193E+00
    0.6875874920E+01      0.6875874920E+01      0.1993622603E+01      0.7907687608E+00
    0.6884430178E+01      0.6884430178E+01      0.2086023258E+01      0.6958196712E+00
    0.6888675320E+01      0.6888675320E+01      0.2164058361E+01      0.6095228136E+00
    0.6889017149E+01      0.6889017149E+01      0.2229663632E+01      0.5288378294E+00
    0.6887741929E+01      0.6887741929E+01      0.2286180813E+01      0.4561583441E+00
    0.6884902517E+01      0.6884902517E+01      0.2333999455E+01      0.3889995270E+00
    0.6880649652E+01      0.6880649652E+01      0.2373803246E+01      0.3269958261E+00
    0.6875297951E+01      0.6875297951E+01      0.2406427159E+01      0.2688168165E+00
    0.6869431966E+01      0.6869431966E+01      0.2432106710E+01      0.2133869572E+00
    0.6862888630E+01      0.6862888630E+01      0.2451087306E+01      0.1614408530E+00
    0.6857379164E+01      0.6857379164E+01      0.2465116818E+01      0.1123399167E+00
    0.6852086094E+01      0.6852086094E+01      0.2473632997E+01      0.6616934205E-01
    0.6849550294E+01      0.6849550294E+01      0.2480794523E+01      0.2439335071E-01
    0.6845441266E+01      0.6845441266E+01      0.2482294665E+01     -0.3535503259E-01
    0.6246422503E+01      0.6246422503E+01     -0.8659212500E+00      0.1702085477E+01
    0.6373736685E+01      0.6373736685E+01     -0.4881985603E+00      0.1726708711E+01
    0.6491510221E+01      0.6491510221E+01     -0.1082601710E+00      0.1696818327E+01
    0.6590483999E+01      0.6590483999E+01      0.2527253238E+00      0.1620005511E+01
    0.6668817905E+01      0.6668817905E+01      0.5778949586E+00      0.1511274085E+01
    0.6732788536E+01      0.6732788536E+01      0.8656807284E+00      0.1386621108E+01
    0.6780998234E+01      0.6780998234E+01      0.1111356968E+01      0.1254370210E+01
    0.6815394473E+01      0.6815394473E+01      0.1317331318E+01      0.1127726072E+01
    0.6842746097E+01      0.6842746097E+01      0.1495255859E+01      0.1008830287E+01
    0.6862875908E+01      0.6862875908E+01      0.1647913470E+01      0.8999137718E+00
    0.6875994827E+01      0.6875994827E+01      0.1777747853E+01      0.7985288947E+00
    0.6886467603E+01      0.6886467603E+01      0.1891595772E+01      0.7074450647E+00
    0.6893783162E+01      0.6893783162E+01      0.1990496677E+01      0.6250115950E+00
    0.6895922134E+01      0.6895922134E+01      0.2073878042E+01      0.5483389238E+00
    0.6895295123E+01      0.6895295123E+01      0.2146030641E+01      0.4767824637E+00
    0.6893109881E+01      0.6893109881E+01      0.2208574162E+01      0.4117994782E+00
    0.6889423662E+01      0.6889423662E+01      0.2262102654E+01      0.3513653226E+00
    0.6884631319E+01      0.6884631319E+01      0.2307301402E+01      0.2954891105E+00
    0.6878883597E+01      0.6878883597E+01      0.2345166301E+01      0.2430692924E+00
    0.6873042729E+01      0.6873042729E+01      0.2376273872E+01      0.1935880999E+00
    0.6866970347E+01      0.6866970347E+01      0.2400419398E+01      0.1477907539E+00
    0.6862593417E+01      0.6862593417E+01      0.2419521430E+01      0.1049369811E+00
    0.6858468397E+01      0.6858468397E+01      0.2431799306E+01      0.6323472824E-01
    0.6856979539E+01      0.6856979539E+01      0.2441155823E+01      0.2543431859E-01
    0.6854370302E+01      0.6854370302E+01      0.2444493922E+01     -0.2769084661E-01
    0.6328356950E+01      0.6328356950E+01     -0.8732459246E+00      0.1399065337E+01
    0.6442735646E+01      0.6442735646E+01     -0.5020853319E+00      0.1414103212E+01
    0.6542984296E+01      0.6542984296E+01     -0.1441334062E+00      0.1386309879E+01
    0.6628574278E+01      0.6628574278E+01      0.1903574673E+00      0.1328305614E+01
    0.6698588153E+01      0.6698588153E+01      0.4943279549E+00      0.1249022482E+01
    0.6754887366E+01      0.6754887366E+01      0.7652677703E+00      0.1155979402E+01
    0.6797918112E+01      0.6797918112E+01      0.1002140630E+01      0.1056116406E+01
    0.6830166217E+01      0.6830166217E+01      0.1207384404E+01      0.9583535668E+00
    0.6855880318E+01      0.6855880318E+01      0.1388191973E+01      0.8639238658E+00
    0.6873673832E+01      0.6873673832E+01      0.1544129945E+01      0.7753293521E+00
    0.6885431462E+01      0.6885431462E+01      0.1679209187E+01      0.6921129065E+00
    0.6895291854E+01      0.6895291854E+01      0.1799530735E+01      0.6162915639E+00
    0.6900496464E+01      0.6900496464E+01      0.1903770834E+01      0.5455467376E+00
    0.6901049014E+01      0.6901049014E+01      0.1993045944E+01      0.4790748413E+00
    0.6899684484E+01      0.6899684484E+01      0.2071775834E+01      0.4170110684E+00
    0.6896679526E+01      0.6896679526E+01      0.2140322730E+01      0.3600176797E+00
    0.6892361880E+01      0.6892361880E+01      0.2199442673E+01      0.3069228729E+00
    0.6887331251E+01      0.6887331251E+01      0.2249745591E+01      0.2579118692E+00
    0.6881520930E+01      0.6881520930E+01      0.2292087124E+01      0.2120105360E+00
    0.6876107748E+01      0.6876107748E+01      0.2327684987E+01      0.1691364010E+00
    0.6870850022E+01      0.6870850022E+01      0.2356410793E+01      0.1301614114E+00
    0.6867496621E+01      0.6867496621E+01      0.2380083001E+01      0.9395706417E-01
    0.6864265861E+01      0.6864265861E+01      0.2396480242E+01      0.5776214870E-01
    0.6863342896E+01      0.6863342896E+01      0.2408292309E+01      0.2455496338E-01
    0.6861639537E+01      0.6861639537E+01      0.2413036972E+01     -0.2168660454E-01
    0.6387904714E+01      0.6387904714E+01     -0.8529962320E+00      0.1102424467E+01
    0.6492764917E+01      0.6492764917E+01     -0.5031952134E+00      0.1117171981E+01
    0.6583424358E+01      0.6583424358E+01     -0.1704372220E+00      0.1100157397E+01
    0.6660397725E+01      0.6660397725E+01      0.1406283907E+00      0.1059820636E+01
    0.6723829690E+01      0.6723829690E+01      0.4259827671E+00      0.1003749508E+01
    0.6774557167E+01      0.6774557167E+01      0.6837141281E+00      0.9359180105E+00
    0.6814040269E+01      0.6814040269E+01      0.9137381014E+00      0.8622033953E+00
    0.6843598271E+01      0.6843598271E+01      0.1116720916E+01      0.7882027012E+00
    0.6867146882E+01      0.6867146882E+01      0.1298005904E+01      0.7151713932E+00
    0.6882848604E+01      0.6882848604E+01      0.1456511057E+01      0.6449967251E+00
    0.6893491724E+01      0.6893491724E+01      0.1596667936E+01      0.5787978641E+00
    0.6901943562E+01      0.6901943562E+01      0.1722492111E+01      0.5168407750E+00
    0.6904949851E+01      0.6904949851E+01      0.1831605052E+01      0.4576453915E+00
    0.6904548209E+01      0.6904548209E+01      0.1927230527E+01      0.4020514867E+00
    0.6902466934E+01      0.6902466934E+01      0.2011884174E+01      0.3498518786E+00
    0.6898860908E+01      0.6898860908E+01      0.2085834025E+01      0.3015867567E+00
    0.6894189532E+01      0.6894189532E+01      0.2149826440E+01      0.2567171586E+00
    0.6889157593E+01      0.6889157593E+01      0.2204457011E+01      0.2154789141E+00
    0.6883590351E+01      0.6883590351E+01      0.2250385260E+01      0.1770946756E+00
    0.6878879504E+01      0.6878879504E+01      0.2289319846E+01      0.1415147419E+00
    0.6874539827E+01      0.6874539827E+01      0.2321093724E+01      0.1097135606E+00
    0.6871997173E+01      0.6871997173E+01      0.2347460988E+01      0.8018038145E-01
    0.6869405623E+01      0.6869405623E+01      0.2366240523E+01      0.5035296158E-01
    0.6868833250E+01      0.6868833250E+01      0.2379356862E+01      0.2258519875E-01
    0.6867722329E+01      0.6867722329E+01      0.2384984636E+01     -0.1634670519E-01
    0.6435593371E+01      0.6435593371E+01     -0.8275087041E+00      0.8289568909E+00
    0.6532182330E+01      0.6532182330E+01     -0.5038293572E+00      0.8437008211E+00
    0.6615015457E+01      0.6615015457E+01     -0.1946192688E+00      0.8347170745E+00
    0.6685574658E+01      0.6685574658E+01      0.9745303913E-01      0.8084621348E+00
    0.6743889471E+01      0.6743889471E+01      0.3684572904E+00      0.7701035841E+00
    0.6790558224E+01      0.6790558224E+01      0.6166421504E+00      0.7223385040E+00
    0.6827494866E+01      0.6827494866E+01      0.8422268416E+00      0.6701035625E+00
    0.6854897921E+01      0.6854897921E+01      0.1044280728E+01      0.6167046718E+00
    0.6876183680E+01      0.6876183680E+01      0.1226491925E+01      0.5622367878E+00
    0.6890328992E+01      0.6890328992E+01      0.1388240207E+01      0.5087948451E+00
    0.6899912814E+01      0.6899912814E+01      0.1533092474E+01      0.4582988450E+00
    0.6906459695E+01      0.6906459695E+01      0.1663099066E+01      0.4095046078E+00
    0.6907744948E+01      0.6907744948E+01      0.1776273255E+01      0.3624114941E+00
    0.6906687309E+01      0.6906687309E+01      0.1876951776E+01      0.3183749667E+00
    0.6904009019E+01      0.6904009019E+01      0.1966027650E+01      0.2767409356E+00
    0.6900052312E+01      0.6900052312E+01      0.2043886223E+01      0.2381712569E+00
    0.6895272864E+01      0.6895272864E+01      0.2111290096E+01      0.2024444560E+00
    0.6890468550E+01      0.6890468550E+01      0.2168995950E+01      0.1699255775E+00
    0.6885401642E+01      0.6885401642E+01      0.2217409982E+01      0.1399011419E+00
    0.6881434785E+01      0.6881434785E+01      0.2258478448E+01      0.1122375195E+00
    0.6877797808E+01      0.6877797808E+01      0.2291751699E+01      0.8774548820E-01
    0.6875699102E+01      0.6875699102E+01      0.2319118371E+01      0.6496144617E-01
    0.6873451121E+01      0.6873451121E+01      0.2338739104E+01      0.4184031770E-01
    0.6873028347E+01      0.6873028347E+01      0.2352467578E+01      0.1983436259E-01
    0.6872363664E+01      0.6872363664E+01      0.2358756498E+01     -0.1175598252E-01
    0.6472194744E+01      0.6472194744E+01     -0.8046780462E+00      0.5790086205E+00
    0.6562408264E+01      0.6562408264E+01     -0.5005927208E+00      0.5913810690E+00
    0.6639664123E+01      0.6639664123E+01     -0.2080450727E+00      0.5869387082E+00
    0.6705913528E+01      0.6705913528E+01      0.7112618945E-01      0.5710675170E+00
    0.6760190090E+01      0.6760190090E+01      0.3321386256E+00      0.5459427253E+00
    0.6803999127E+01      0.6803999127E+01      0.5740864112E+00      0.5142759129E+00
    0.6838633272E+01      0.6838633272E+01      0.7960615067E+00      0.4791361408E+00
    0.6864060113E+01      0.6864060113E+01      0.9966216303E+00      0.4432265220E+00
    0.6883255511E+01      0.6883255511E+01      0.1178934894E+01      0.4052615764E+00
    0.6896134887E+01      0.6896134887E+01      0.1342697411E+01      0.3674759192E+00
    0.6904578115E+01      0.6904578115E+01      0.1490101176E+01      0.3317683970E+00
    0.6909180295E+01      0.6909180295E+01      0.1621949206E+01      0.2962649292E+00
    0.6909341031E+01      0.6909341031E+01      0.1737518630E+01      0.2620414252E+00
    0.6907748213E+01      0.6907748213E+01      0.1840952275E+01      0.2301562539E+00
    0.6904618392E+01      0.6904618392E+01      0.1932393108E+01      0.1998566737E+00
    0.6900510566E+01      0.6900510566E+01      0.2012457563E+01      0.1718333779E+00
    0.6895833293E+01      0.6895833293E+01      0.2081880980E+01      0.1459752378E+00
    0.6891421658E+01      0.6891421658E+01      0.2141652005E+01      0.1228188550E+00
    0.6886930535E+01      0.6886930535E+01      0.2191893417E+01      0.1015096708E+00
    0.6883554990E+01      0.6883554990E+01      0.2234544975E+01      0.8206912101E-01
    0.6880324959E+01      0.6880324959E+01      0.2268853573E+01      0.6479850939E-01
    0.6878371692E+01      0.6878371692E+01      0.2296780986E+01      0.4899321040E-01
    0.6876294831E+01      0.6876294831E+01      0.2316623149E+01      0.3271637498E-01
    0.6875961901E+01      0.6875961901E+01      0.2330575832E+01      0.1649817370E-01
    0.6876225847E+01      0.6876225847E+01      0.2337800523E+01     -0.7183598581E-02
    0.6495479714E+01      0.6495479714E+01     -0.7880137170E+00      0.3421995426E+00
    0.6581348106E+01      0.6581348106E+01     -0.4972052765E+00      0.3502141961E+00
    0.6655447281E+01      0.6655447281E+01     -0.2156730235E+00      0.3483680696E+00
    0.6718911064E+01      0.6718911064E+01      0.5415035948E-01      0.3399042282E+00
    0.6770722119E+01      0.6770722119E+01      0.3078516443E+00      0.3257387560E+00
    0.6812515778E+01      0.6812515778E+01      0.5445809853E+00      0.3076113578E+00
    0.6846330540E+01      0.6846330540E+01      0.7646995334E+00      0.2878286876E+00
    0.6870340203E+01      0.6870340203E+01      0.9644659912E+00      0.2672486985E+00
    0.6887966021E+01      0.6887966021E+01      0.1146864034E+01      0.2447464261E+00
    0.6899884018E+01      0.6899884018E+01      0.1311760125E+01      0.2222037909E+00
    0.6907301536E+01      0.6907301536E+01      0.1460314080E+01      0.2008780203E+00
    0.6910437028E+01      0.6910437028E+01      0.1592751943E+01      0.1792699420E+00
    0.6909996970E+01      0.6909996970E+01      0.1709857438E+01      0.1585052706E+00
    0.6907979298E+01      0.6907979298E+01      0.1814680498E+01      0.1391580636E+00
    0.6904614853E+01      0.6904614853E+01      0.1907532480E+01      0.1208026881E+00
    0.6900497176E+01      0.6900497176E+01      0.1989106047E+01      0.1038782281E+00
    0.6896042468E+01      0.6896042468E+01      0.2060197126E+01      0.8831121408E-01
    0.6892017497E+01      0.6892017497E+01      0.2121913565E+01      0.7455923596E-01
    0.6888008668E+01      0.6888008668E+01      0.2174320674E+01      0.6186043294E-01
    0.6884997677E+01      0.6884997677E+01      0.2219019530E+01      0.5043322920E-01
    0.6881983097E+01      0.6881983097E+01      0.2255444218E+01      0.4016424655E-01
    0.6879867969E+01      0.6879867969E+01      0.2285115388E+01      0.3107505251E-01
    0.6877763369E+01      0.6877763369E+01      0.2307120028E+01      0.2138639502E-01
    0.6877678195E+01      0.6877678195E+01      0.2323813895E+01      0.1137574682E-01
    0.6878578942E+01      0.6878578942E+01      0.2332948302E+01     -0.3805288121E-02
    0.6508483860E+01      0.6508483860E+01     -0.7721878839E+00      0.1156588940E+00
    0.6592133502E+01      0.6592133502E+01     -0.4877102157E+00      0.1180026494E+00
    0.6664416055E+01      0.6664416055E+01     -0.2114503621E+00      0.1171442465E+00
    0.6726215434E+01      0.6726215434E+01      0.5375845285E-01      0.1141247909E+00
    0.6776556123E+01      0.6776556123E+01      0.3035275758E+00      0.1092592346E+00
    0.6817350887E+01      0.6817350887E+01      0.5373088336E+00      0.1031344760E+00
    0.6850513144E+01      0.6850513144E+01      0.7553098332E+00      0.9654529766E-01
    0.6873649241E+01      0.6873649241E+01      0.9534780512E+00      0.8969527271E-01
    0.6890364124E+01      0.6890364124E+01      0.1135185340E+01      0.8212897515E-01
    0.6901703071E+01      0.6901703071E+01      0.1300226136E+01      0.7456321368E-01
    0.6908477288E+01      0.6908477288E+01      0.1449153798E+01      0.6737396518E-01
    0.6910835387E+01      0.6910835387E+01      0.1581971574E+01      0.6003891094E-01
    0.6910080000E+01      0.6910080000E+01      0.1700147734E+01      0.5307054846E-01
    0.6907837860E+01      0.6907837860E+01      0.1806076535E+01      0.4659920187E-01
    0.6904419260E+01      0.6904419260E+01      0.1900164202E+01      0.4046310976E-01
    0.6900389699E+01      0.6900389699E+01      0.1983117700E+01      0.3482566764E-01
    0.6896141341E+01      0.6896141341E+01      0.2055723212E+01      0.2968328072E-01
    0.6892395002E+01      0.6892395002E+01      0.2119120849E+01      0.2517902952E-01
    0.6888674928E+01      0.6888674928E+01      0.2173287180E+01      0.2099056376E-01
    0.6885877743E+01      0.6885877743E+01      0.2219541857E+01      0.1724880186E-01
    0.6882975457E+01      0.6882975457E+01      0.2257633165E+01      0.1383343565E-01
    0.6880683457E+01      0.6880683457E+01      0.2288670273E+01      0.1086623359E-01
    0.6878669304E+01      0.6878669304E+01      0.2312820029E+01      0.7671282055E-02
    0.6878721923E+01      0.6878721923E+01      0.2331467244E+01      0.4318253987E-02
    0.6880269139E+01      0.6880269139E+01      0.2342162905E+01     -0.7759690335E-03
