    0.5573346298E+01      0.5573346298E+01      0.6044287740E+01      0.2965485681E+01
    0.5335488632E+01      0.5335488632E+01      0.6033780706E+01      0.2096548218E+01
    0.5148615320E+01      0.5148615320E+01      0.5905059754E+01      0.1356914075E+01
    0.4995164117E+01      0.4995164117E+01      0.5911411053E+01      0.7663179044E+00
    0.4830309920E+01      0.4830309920E+01      0.6044300259E+01      0.3070668760E+00
    0.4653849007E+01      0.4653849007E+01      0.6308204357E+01     -0.1551089165E+00
    0.4542916993E+01      0.4542916993E+01      0.6612042947E+01     -0.6844898556E+00
    0.4489989291E+01      0.4489989291E+01      0.6958165630E+01     -0.1303332822E+01
    0.4542195701E+01      0.4542195701E+01      0.7168920056E+01     -0.1976386180E+01
    0.4640980278E+01      0.4640980278E+01      0.7190173845E+01     -0.2575411236E+01
    0.4777950130E+01      0.4777950130E+01      0.7112509796E+01     -0.3153088312E+01
    0.4972690584E+01      0.4972690584E+01      0.6848592319E+01     -0.3708475480E+01
    0.5239000467E+01      0.5239000467E+01      0.6385699946E+01     -0.3887702712E+01
    0.5487727562E+01      0.5487727562E+01      0.5883528952E+01     -0.3848839606E+01
    0.5690306719E+01      0.5690306719E+01      0.5381597173E+01     -0.3725603579E+01
    0.5860750049E+01      0.5860750049E+01      0.4940688137E+01     -0.3553443137E+01
    0.6001296619E+01      0.6001296619E+01      0.4574905669E+01     -0.3355353586E+01
    0.6113841384E+01      0.6113841384E+01      0.4274718540E+01     -0.3152573702E+01
    0.6197765232E+01      0.6197765232E+01      0.4024325983E+01     -0.2960291779E+01
    0.6263257716E+01      0.6263257716E+01      0.3816420293E+01     -0.2780660473E+01
    0.6318811098E+01      0.6318811098E+01      0.3645888140E+01     -0.2614826173E+01
    0.6366144102E+01      0.6366144102E+01      0.3503321886E+01     -0.2462000479E+01
    0.6403526777E+01      0.6403526777E+01      0.3379254657E+01     -0.2318543674E+01
    0.6431172850E+01      0.6431172850E+01      0.3268849653E+01     -0.2181866966E+01
    0.6451663847E+01      0.6451663847E+01      0.3170654651E+01     -0.2052566553E+01
    0.6005654854E+01      0.6005654854E+01      0.6660371410E+01      0.2847523331E+01
    0.5675921737E+01      0.5675921737E+01      0.6993800167E+01      0.2177528097E+01
    0.5467289474E+01      0.5467289474E+01      0.7112464851E+01      0.1512927136E+01
    0.5303313196E+01      0.5303313196E+01      0.7225177644E+01      0.9111974022E+00
    0.5117594068E+01      0.5117594068E+01      0.7384932860E+01      0.3882751525E+00
    0.5007606029E+01      0.5007606029E+01      0.7527078099E+01     -0.1605913493E+00
    0.4933802745E+01      0.4933802745E+01      0.7631227519E+01     -0.7194719245E+00
    0.4913177113E+01      0.4913177113E+01      0.7695721163E+01     -0.1272091347E+01
    0.4915552249E+01      0.4915552249E+01      0.7692530290E+01     -0.1832122691E+01
    0.4976591219E+01      0.4976591219E+01      0.7581712930E+01     -0.2347349008E+01
    0.5092708335E+01      0.5092708335E+01      0.7351338127E+01     -0.2839507793E+01
    0.5258637320E+01      0.5258637320E+01      0.6972921220E+01     -0.3242852566E+01
    0.5477224899E+01      0.5477224899E+01      0.6480118748E+01     -0.3349605400E+01
    0.5658604322E+01      0.5658604322E+01      0.5969340824E+01     -0.3326842276E+01
    0.5810304504E+01      0.5810304504E+01      0.5503292842E+01     -0.3256238385E+01
    0.5947923219E+01      0.5947923219E+01      0.5090676210E+01     -0.3143581420E+01
    0.6067216052E+01      0.6067216052E+01      0.4742163949E+01     -0.3008207163E+01
    0.6163120406E+01      0.6163120406E+01      0.4446918277E+01     -0.2861335666E+01
    0.6236145621E+01      0.6236145621E+01      0.4192727146E+01     -0.2712822911E+01
    0.6293902585E+01      0.6293902585E+01      0.3977153315E+01     -0.2567334739E+01
    0.6343553973E+01      0.6343553973E+01      0.3797136553E+01     -0.2428293586E+01
    0.6386441468E+01      0.6386441468E+01      0.3644338502E+01     -0.2297197188E+01
    0.6420895839E+01      0.6420895839E+01      0.3510156347E+01     -0.2172536864E+01
    0.6446620168E+01      0.6446620168E+01      0.3389935903E+01     -0.2052250041E+01
    0.6465681914E+01      0.6465681914E+01      0.3282449587E+01     -0.1936699154E+01
    0.6365129006E+01      0.6365129006E+01      0.6511817406E+01      0.2587107097E+01
    0.6075315447E+01      0.6075315447E+01      0.6998244198E+01      0.2099911159E+01
    0.5812600807E+01      0.5812600807E+01      0.7268354373E+01      0.1536532858E+01
    0.5638150200E+01      0.5638150200E+01      0.7469033581E+01      0.9734443629E+00
    0.5458632501E+01      0.5458632501E+01      0.7651239785E+01      0.4453910020E+00
    0.5344569780E+01      0.5344569780E+01      0.7770763499E+01     -0.7284016032E-01
    0.5262627046E+01      0.5262627046E+01      0.7841306796E+01     -0.5987804876E+00
    0.5228454174E+01      0.5228454174E+01      0.7825540827E+01     -0.1108691298E+01
    0.5237075793E+01      0.5237075793E+01      0.7763525061E+01     -0.1608755691E+01
    0.5290317246E+01      0.5290317246E+01      0.7603288086E+01     -0.2053372493E+01
    0.5383589339E+01      0.5383589339E+01      0.7324262422E+01     -0.2455528088E+01
    0.5531056346E+01      0.5531056346E+01      0.6892396546E+01     -0.2707692616E+01
    0.5691595315E+01      0.5691595315E+01      0.6402141427E+01     -0.2801484999E+01
    0.5828268149E+01      0.5828268149E+01      0.5955779929E+01     -0.2819413813E+01
    0.5938163377E+01      0.5938163377E+01      0.5545001688E+01     -0.2802134412E+01
    0.6039709111E+01      0.6039709111E+01      0.5178785185E+01     -0.2751102565E+01
    0.6134408607E+01      0.6134408607E+01      0.4858344590E+01     -0.2669500951E+01
    0.6213291821E+01      0.6213291821E+01      0.4576859889E+01     -0.2569806082E+01
    0.6273814481E+01      0.6273814481E+01      0.4326569748E+01     -0.2461152380E+01
    0.6323425727E+01      0.6323425727E+01      0.4109118904E+01     -0.2348413043E+01
    0.6367448311E+01      0.6367448311E+01      0.3924570350E+01     -0.2234573662E+01
    0.6406087670E+01      0.6406087670E+01      0.3765994749E+01     -0.2124313498E+01
    0.6437469066E+01      0.6437469066E+01      0.3625251710E+01     -0.2017794047E+01
    0.6461010497E+01      0.6461010497E+01      0.3497922720E+01     -0.1913836406E+01
    0.6478549711E+01      0.6478549711E+01      0.3383267607E+01     -0.1812278819E+01
    0.6610843699E+01      0.6610843699E+01      0.6182947944E+01      0.2257968319E+01
    0.6373408018E+01      0.6373408018E+01      0.6705570032E+01      0.1902220161E+01
    0.6132024426E+01      0.6132024426E+01      0.7062256566E+01      0.1477791234E+01
    0.5958963912E+01      0.5958963912E+01      0.7345659534E+01      0.9985130785E+00
    0.5787134137E+01      0.5787134137E+01      0.7496976431E+01      0.5152354713E+00
    0.5663621373E+01      0.5663621373E+01      0.7647666261E+01      0.1809106109E-01
    0.5576291920E+01      0.5576291920E+01      0.7692815893E+01     -0.4500896062E+00
    0.5532598358E+01      0.5532598358E+01      0.7651475271E+01     -0.9057754510E+00
    0.5534178982E+01      0.5534178982E+01      0.7538367201E+01     -0.1331912751E+01
    0.5573682946E+01      0.5573682946E+01      0.7315411988E+01     -0.1704583739E+01
    0.5644574365E+01      0.5644574365E+01      0.6997721439E+01     -0.2016941901E+01
    0.5745140504E+01      0.5745140504E+01      0.6619697194E+01     -0.2220545805E+01
    0.5850221913E+01      0.5850221913E+01      0.6234039041E+01     -0.2340212022E+01
    0.5948670797E+01      0.5948670797E+01      0.5862778608E+01     -0.2403627918E+01
    0.6039884510E+01      0.6039884510E+01      0.5525038463E+01     -0.2415699926E+01
    0.6119389872E+01      0.6119389872E+01      0.5215826421E+01     -0.2398195181E+01
    0.6195645726E+01      0.6195645726E+01      0.4930094783E+01     -0.2353227609E+01
    0.6260593902E+01      0.6260593902E+01      0.4667046362E+01     -0.2288408247E+01
    0.6311064637E+01      0.6311064637E+01      0.4427341010E+01     -0.2211968441E+01
    0.6352548416E+01      0.6352548416E+01      0.4214474484E+01     -0.2127563386E+01
    0.6390465375E+01      0.6390465375E+01      0.4029919620E+01     -0.2038058727E+01
    0.6424861117E+01      0.6424861117E+01      0.3869160102E+01     -0.1947057568E+01
    0.6453061449E+01      0.6453061449E+01      0.3724742700E+01     -0.1857404516E+01
    0.6474242050E+01      0.6474242050E+01      0.3592680658E+01     -0.1768970913E+01
    0.6490221543E+01      0.6490221543E+01      0.3472876983E+01     -0.1681036489E+01
    0.6802240845E+01      0.6802240845E+01      0.5852535424E+01      0.1966084219E+01
    0.6593931181E+01      0.6593931181E+01      0.6292210520E+01      0.1682900921E+01
    0.6383552825E+01      0.6383552825E+01      0.6652803598E+01      0.1341662475E+01
    0.6221421975E+01      0.6221421975E+01      0.6969124400E+01      0.9616843970E+00
    0.6058746712E+01      0.6058746712E+01      0.7159739857E+01      0.5442050209E+00
    0.5946513278E+01      0.5946513278E+01      0.7294801233E+01      0.1169723984E+00
    0.5856902182E+01      0.5856902182E+01      0.7302858837E+01     -0.2909851847E+00
    0.5800091516E+01      0.5800091516E+01      0.7251241224E+01     -0.6869874259E+00
    0.5787952489E+01      0.5787952489E+01      0.7136987669E+01     -0.1045244777E+01
    0.5803553331E+01      0.5803553331E+01      0.6957234841E+01     -0.1361721610E+01
    0.5847331132E+01      0.5847331132E+01      0.6709487992E+01     -0.1626431650E+01
    0.5912421184E+01      0.5912421184E+01      0.6417821939E+01     -0.1820674470E+01
    0.5985233276E+01      0.5985233276E+01      0.6112086394E+01     -0.1952551143E+01
    0.6058014232E+01      0.6058014232E+01      0.5805551531E+01     -0.2038355163E+01
    0.6129489102E+01      0.6129489102E+01      0.5509745842E+01     -0.2078482035E+01
    0.6195680103E+01      0.6195680103E+01      0.5232629452E+01     -0.2078657425E+01
    0.6252479187E+01      0.6252479187E+01      0.4974452379E+01     -0.2060264074E+01
    0.6302752092E+01      0.6302752092E+01      0.4729598216E+01     -0.2023848551E+01
    0.6343348005E+01      0.6343348005E+01      0.4501408662E+01     -0.1973997881E+01
    0.6378330602E+01      0.6378330602E+01      0.4295716779E+01     -0.1912823701E+01
    0.6411604991E+01      0.6411604991E+01      0.4114911653E+01     -0.1843140571E+01
    0.6442504143E+01      0.6442504143E+01      0.3955185049E+01     -0.1769101516E+01
    0.6467616283E+01      0.6467616283E+01      0.3809460857E+01     -0.1694247672E+01
    0.6486353866E+01      0.6486353866E+01      0.3674603450E+01     -0.1619736359E+01
    0.6500649698E+01      0.6500649698E+01      0.3551279120E+01     -0.1544840071E+01
    0.6954414095E+01      0.6954414095E+01      0.5606200390E+01      0.1753099515E+01
    0.6770397842E+01      0.6770397842E+01      0.5968842725E+01      0.1508495059E+01
    0.6580396183E+01      0.6580396183E+01      0.6266632898E+01      0.1221195388E+01
    0.6430897164E+01      0.6430897164E+01      0.6543022462E+01      0.9039438686E+00
    0.6283113754E+01      0.6283113754E+01      0.6730407297E+01      0.5584899309E+00
    0.6171747448E+01      0.6171747448E+01      0.6856036861E+01      0.2068243541E+00
    0.6083381317E+01      0.6083381317E+01      0.6899445361E+01     -0.1452237056E+00
    0.6017518584E+01      0.6017518584E+01      0.6869008251E+01     -0.4856018325E+00
    0.5992411967E+01      0.5992411967E+01      0.6783879627E+01     -0.7934941867E+00
    0.5990467561E+01      0.5990467561E+01      0.6653286274E+01     -0.1070723643E+01
    0.6013530456E+01      0.6013530456E+01      0.6464430153E+01     -0.1303378865E+01
    0.6053989458E+01      0.6053989458E+01      0.6236022091E+01     -0.1485621784E+01
    0.6103576541E+01      0.6103576541E+01      0.5987126637E+01     -0.1620083711E+01
    0.6156661394E+01      0.6156661394E+01      0.5730442597E+01     -0.1713405428E+01
    0.6208749445E+01      0.6208749445E+01      0.5471830327E+01     -0.1771468242E+01
    0.6259006418E+01      0.6259006418E+01      0.5224835510E+01     -0.1794198201E+01
    0.6303174878E+01      0.6303174878E+01      0.4989884209E+01     -0.1791558435E+01
    0.6340705910E+01      0.6340705910E+01      0.4766199170E+01     -0.1775383965E+01
    0.6373376305E+01      0.6373376305E+01      0.4553015880E+01     -0.1745694926E+01
    0.6403057303E+01      0.6403057303E+01      0.4357616218E+01     -0.1702996668E+01
    0.6432503120E+01      0.6432503120E+01      0.4183192161E+01     -0.1649911079E+01
    0.6459716393E+01      0.6459716393E+01      0.4026040075E+01     -0.1590809490E+01
    0.6481419505E+01      0.6481419505E+01      0.3880404593E+01     -0.1529729574E+01
    0.6497458003E+01      0.6497458003E+01      0.3744321746E+01     -0.1468104998E+01
    0.6509758417E+01      0.6509758417E+01      0.3618725663E+01     -0.1405469718E+01
    0.7069355839E+01      0.7069355839E+01      0.5406705368E+01      0.1575291596E+01
    0.6905811508E+01      0.6905811508E+01      0.5716025309E+01      0.1372592365E+01
    0.6739638140E+01      0.6739638140E+01      0.5981392106E+01      0.1129330310E+01
    0.6597173033E+01      0.6597173033E+01      0.6215915611E+01      0.8638020221E+00
    0.6465980906E+01      0.6465980906E+01      0.6387690141E+01      0.5727627812E+00
    0.6352132882E+01      0.6352132882E+01      0.6504996725E+01      0.2784998028E+00
    0.6269951819E+01      0.6269951819E+01      0.6573711833E+01     -0.2167929522E-01
    0.6196296092E+01      0.6196296092E+01      0.6561008128E+01     -0.3146480272E+00
    0.6159727469E+01      0.6159727469E+01      0.6503299245E+01     -0.5832924897E+00
    0.6144805835E+01      0.6144805835E+01      0.6399774591E+01     -0.8260386346E+00
    0.6149216668E+01      0.6149216668E+01      0.6257120114E+01     -0.1035671557E+01
    0.6170721164E+01      0.6170721164E+01      0.6073925653E+01     -0.1204429643E+01
    0.6201444696E+01      0.6201444696E+01      0.5867656651E+01     -0.1336026408E+01
    0.6237173314E+01      0.6237173314E+01      0.5649036326E+01     -0.1433041794E+01
    0.6274766181E+01      0.6274766181E+01      0.5425784128E+01     -0.1499046139E+01
    0.6310896502E+01      0.6310896502E+01      0.5202300843E+01     -0.1537124009E+01
    0.6345444813E+01      0.6345444813E+01      0.4988830884E+01     -0.1549090901E+01
    0.6374671061E+01      0.6374671061E+01      0.4784016453E+01     -0.1544596537E+01
    0.6401434231E+01      0.6401434231E+01      0.4587262489E+01     -0.1528490173E+01
    0.6427121899E+01      0.6427121899E+01      0.4403311970E+01     -0.1499525885E+01
    0.6453032609E+01      0.6453032609E+01      0.4236078455E+01     -0.1460010631E+01
    0.6476330855E+01      0.6476330855E+01      0.4082139923E+01     -0.1414341318E+01
    0.6494321343E+01      0.6494321343E+01      0.3937699339E+01     -0.1366029794E+01
    0.6507602447E+01      0.6507602447E+01      0.3802198807E+01     -0.1316135410E+01
    0.6517511081E+01      0.6517511081E+01      0.3675750034E+01     -0.1264518724E+01
    0.7148686371E+01      0.7148686371E+01      0.5238145521E+01      0.1413812719E+01
    0.7003536509E+01      0.7003536509E+01      0.5506012137E+01      0.1247522025E+01
    0.6859991758E+01      0.6859991758E+01      0.5742886881E+01      0.1044698385E+01
    0.6723455669E+01      0.6723455669E+01      0.5946513732E+01      0.8222353076E+00
    0.6606288223E+01      0.6606288223E+01      0.6113051212E+01      0.5785858890E+00
    0.6495271050E+01      0.6495271050E+01      0.6217670133E+01      0.3288946326E+00
    0.6418533259E+01      0.6418533259E+01      0.6298092175E+01      0.7752169040E-01
    0.6339549310E+01      0.6339549310E+01      0.6299099368E+01     -0.1765708310E+00
    0.6293236232E+01      0.6293236232E+01      0.6262315693E+01     -0.4108058164E+00
    0.6267454539E+01      0.6267454539E+01      0.6184324161E+01     -0.6241185851E+00
    0.6258499163E+01      0.6258499163E+01      0.6069910889E+01     -0.8116262076E+00
    0.6263315261E+01      0.6263315261E+01      0.5925452456E+01     -0.9688910185E+00
    0.6279861119E+01      0.6279861119E+01      0.5752760132E+01     -0.1093502837E+01
    0.6301935225E+01      0.6301935225E+01      0.5565257268E+01     -0.1190155570E+01
    0.6327538479E+01      0.6327538479E+01      0.5369945298E+01     -0.1259626516E+01
    0.6354023399E+01      0.6354023399E+01      0.5172309412E+01     -0.1304318847E+01
    0.6380669983E+01      0.6380669983E+01      0.4976794607E+01     -0.1327066006E+01
    0.6405567147E+01      0.6405567147E+01      0.4788776201E+01     -0.1330191198E+01
    0.6427549027E+01      0.6427549027E+01      0.4608465986E+01     -0.1322709708E+01
    0.6449615561E+01      0.6449615561E+01      0.4435973598E+01     -0.1304193762E+01
    0.6471870523E+01      0.6471870523E+01      0.4276033920E+01     -0.1275871819E+01
    0.6491052765E+01      0.6491052765E+01      0.4125852639E+01     -0.1241977845E+01
    0.6505332214E+01      0.6505332214E+01      0.3983225880E+01     -0.1205170260E+01
    0.6516032665E+01      0.6516032665E+01      0.3849040200E+01     -0.1165546865E+01
    0.6523978955E+01      0.6523978955E+01      0.3723047868E+01     -0.1123444163E+01
    0.7202580683E+01      0.7202580683E+01      0.5095343230E+01      0.1269525434E+01
    0.7070523329E+01      0.7070523329E+01      0.5327846351E+01      0.1127934350E+01
    0.6945033088E+01      0.6945033088E+01      0.5542911773E+01      0.9603869862E+00
    0.6819176618E+01      0.6819176618E+01      0.5720030042E+01      0.7740885476E+00
    0.6711155257E+01      0.6711155257E+01      0.5880200022E+01      0.5717372003E+00
    0.6605004063E+01      0.6605004063E+01      0.5981718788E+01      0.3592361960E+00
    0.6527297177E+01      0.6527297177E+01      0.6062538819E+01      0.1481979268E+00
    0.6450615999E+01      0.6450615999E+01      0.6079815245E+01     -0.6930852908E-01
    0.6396299106E+01      0.6396299106E+01      0.6055906457E+01     -0.2729641953E+00
    0.6362903603E+01      0.6362903603E+01      0.5997308199E+01     -0.4594213145E+00
    0.6345121505E+01      0.6345121505E+01      0.5905244838E+01     -0.6246641175E+00
    0.6339600616E+01      0.6339600616E+01      0.5786174432E+01     -0.7665651232E+00
    0.6344422931E+01      0.6344422931E+01      0.5644259515E+01     -0.8829296246E+00
    0.6357829818E+01      0.6357829818E+01      0.5482753028E+01     -0.9737771457E+00
    0.6375291835E+01      0.6375291835E+01      0.5311607786E+01     -0.1042231442E+01
    0.6395219461E+01      0.6395219461E+01      0.5136020213E+01     -0.1088269207E+01
    0.6415453742E+01      0.6415453742E+01      0.4959510510E+01     -0.1116216236E+01
    0.6436120009E+01      0.6436120009E+01      0.4786481116E+01     -0.1127320410E+01
    0.6454475353E+01      0.6454475353E+01      0.4618946133E+01     -0.1125537116E+01
    0.6472249168E+01      0.6472249168E+01      0.4457929214E+01     -0.1115259609E+01
    0.6489822905E+01      0.6489822905E+01      0.4304696618E+01     -0.1096975871E+01
    0.6504419731E+01      0.6504419731E+01      0.4158448420E+01     -0.1073606780E+01
    0.6515114901E+01      0.6515114901E+01      0.4018411926E+01     -0.1046858823E+01
    0.6523223051E+01      0.6523223051E+01      0.3885930662E+01     -0.1016395068E+01
    0.6529368036E+01      0.6529368036E+01      0.3761273841E+01     -0.9826512892E+00
    0.7244449901E+01      0.7244449901E+01      0.4973102827E+01      0.1142235900E+01
    0.7119944834E+01      0.7119944834E+01      0.5179225501E+01      0.1022016023E+01
    0.7005556214E+01      0.7005556214E+01      0.5374122132E+01      0.8805154233E+00
    0.6889213250E+01      0.6889213250E+01      0.5534988947E+01      0.7232979216E+00
    0.6789323239E+01      0.6789323239E+01      0.5680513247E+01      0.5560935996E+00
    0.6689589850E+01      0.6689589850E+01      0.5782541385E+01      0.3755822611E+00
    0.6608872402E+01      0.6608872402E+01      0.5858591437E+01      0.1990476633E+00
    0.6538352053E+01      0.6538352053E+01      0.5892251935E+01      0.1543595494E-01
    0.6478152589E+01      0.6478152589E+01      0.5879278065E+01     -0.1602931625E+00
    0.6439537677E+01      0.6439537677E+01      0.5836272682E+01     -0.3223892230E+00
    0.6415571321E+01      0.6415571321E+01      0.5762853019E+01     -0.4670168610E+00
    0.6403672753E+01      0.6403672753E+01      0.5662811126E+01     -0.5921536591E+00
    0.6401185440E+01      0.6401185440E+01      0.5543285361E+01     -0.6970427073E+00
    0.6406435997E+01      0.6406435997E+01      0.5406161135E+01     -0.7820100967E+00
    0.6418006168E+01      0.6418006168E+01      0.5255350914E+01     -0.8463357058E+00
    0.6432257795E+01      0.6432257795E+01      0.5098131924E+01     -0.8919918813E+00
    0.6447499792E+01      0.6447499792E+01      0.4938483698E+01     -0.9213205477E+00
    0.6462567564E+01      0.6462567564E+01      0.4778038858E+01     -0.9385506958E+00
    0.6477199533E+01      0.6477199533E+01      0.4621244117E+01     -0.9427937679E+00
    0.6490305996E+01      0.6490305996E+01      0.4469738372E+01     -0.9387190596E+00
    0.6503275988E+01      0.6503275988E+01      0.4323148550E+01     -0.9282227535E+00
    0.6514067956E+01      0.6514067956E+01      0.4181467355E+01     -0.9127398694E+00
    0.6522233317E+01      0.6522233317E+01      0.4045033568E+01     -0.8934127570E+00
    0.6528477222E+01      0.6528477222E+01      0.3914925219E+01     -0.8701881222E+00
    0.6533056329E+01      0.6533056329E+01      0.3791549781E+01     -0.8437014718E+00
    0.7276987088E+01      0.7276987088E+01      0.4866545411E+01      0.1035906122E+01
    0.7162786074E+01      0.7162786074E+01      0.5055837285E+01      0.9302308227E+00
    0.7053853919E+01      0.7053853919E+01      0.5232219733E+01      0.8120629979E+00
    0.6946331708E+01      0.6946331708E+01      0.5382404920E+01      0.6777039838E+00
    0.6849344697E+01      0.6849344697E+01      0.5514181251E+01      0.5380340713E+00
    0.6759169610E+01      0.6759169610E+01      0.5616159687E+01      0.3869131556E+00
    0.6677298886E+01      0.6677298886E+01      0.5684924277E+01      0.2386512753E+00
    0.6612765982E+01      0.6612765982E+01      0.5729792341E+01      0.8571306316E-01
    0.6549646519E+01      0.6549646519E+01      0.5725620494E+01     -0.6457634077E-01
    0.6507823827E+01      0.6507823827E+01      0.5695698498E+01     -0.2034913079E+00
    0.6479918505E+01      0.6479918505E+01      0.5638085777E+01     -0.3283015364E+00
    0.6463233278E+01      0.6463233278E+01      0.5555594898E+01     -0.4373567220E+00
    0.6455675316E+01      0.6455675316E+01      0.5452434475E+01     -0.5301516556E+00
    0.6454697970E+01      0.6454697970E+01      0.5334279060E+01     -0.6073422857E+00
    0.6458854029E+01      0.6458854029E+01      0.5202509544E+01     -0.6685526297E+00
    0.6467383170E+01      0.6467383170E+01      0.5060552922E+01     -0.7125684876E+00
    0.6477221069E+01      0.6477221069E+01      0.4914351929E+01     -0.7423386055E+00
    0.6487462888E+01      0.6487462888E+01      0.4766515838E+01     -0.7614548951E+00
    0.6497367703E+01      0.6497367703E+01      0.4618531530E+01     -0.7714556820E+00
    0.6507131355E+01      0.6507131355E+01      0.4474907381E+01     -0.7712182600E+00
    0.6515696583E+01      0.6515696583E+01      0.4334960215E+01     -0.7663376566E+00
    0.6522962793E+01      0.6522962793E+01      0.4198100761E+01     -0.7568484666E+00
    0.6528638088E+01      0.6528638088E+01      0.4065451176E+01     -0.7433499154E+00
    0.6532962909E+01      0.6532962909E+01      0.3937854992E+01     -0.7261698325E+00
    0.6536141481E+01      0.6536141481E+01      0.3816086807E+01     -0.7059548368E+00
    0.7306343396E+01      0.7306343396E+01      0.4778050311E+01      0.9401667794E+00
    0.7199978339E+01      0.7199978339E+01      0.4952765809E+01      0.8521002464E+00
    0.7096044989E+01      0.7096044989E+01      0.5113626350E+01      0.7518537814E+00
    0.6997346775E+01      0.6997346775E+01      0.5257809889E+01      0.6390078234E+00
    0.6901116935E+01      0.6901116935E+01      0.5374772030E+01      0.5202587257E+00
    0.6819442059E+01      0.6819442059E+01      0.5475246749E+01      0.3953043673E+00
    0.6738135918E+01      0.6738135918E+01      0.5539676668E+01      0.2680472318E+00
    0.6677195889E+01      0.6677195889E+01      0.5590072888E+01      0.1419396881E+00
    0.6614872483E+01      0.6614872483E+01      0.5595481083E+01      0.1418801502E-01
    0.6570690360E+01      0.6570690360E+01      0.5575547385E+01     -0.1035582005E+00
    0.6539781419E+01      0.6539781419E+01      0.5531031551E+01     -0.2099343189E+00
    0.6518975149E+01      0.6518975149E+01      0.5463118262E+01     -0.3040310284E+00
    0.6506251891E+01      0.6506251891E+01      0.5374912773E+01     -0.3854369850E+00
    0.6499702259E+01      0.6499702259E+01      0.5269972737E+01     -0.4541049344E+00
    0.6497697467E+01      0.6497697467E+01      0.5152312132E+01     -0.5098246357E+00
    0.6499392637E+01      0.6499392637E+01      0.5024957443E+01     -0.5517032675E+00
    0.6503997233E+01      0.6503997233E+01      0.4890163208E+01     -0.5803918952E+00
    0.6509525389E+01      0.6509525389E+01      0.4752436611E+01     -0.5994190378E+00
    0.6515402106E+01      0.6515402106E+01      0.4613409112E+01     -0.6111867292E+00
    0.6521696022E+01      0.6521696022E+01      0.4475582295E+01     -0.6146837964E+00
    0.6527062307E+01      0.6527062307E+01      0.4341139609E+01     -0.6123837575E+00
    0.6531709451E+01      0.6531709451E+01      0.4209077804E+01     -0.6063944842E+00
    0.6535404003E+01      0.6535404003E+01      0.4080426949E+01     -0.5968756004E+00
    0.6538044531E+01      0.6538044531E+01      0.3955741375E+01     -0.5844140413E+00
    0.6539771276E+01      0.6539771276E+01      0.3835709518E+01     -0.5695161761E+00
    0.7327638965E+01      0.7327638965E+01      0.4704481219E+01      0.8490166713E+00
    0.7230458726E+01      0.7230458726E+01      0.4867181348E+01      0.7754375449E+00
    0.7131602767E+01      0.7131602767E+01      0.5014735396E+01      0.6917841781E+00
    0.7039931847E+01      0.7039931847E+01      0.5151825744E+01      0.5985228785E+00
    0.6948128703E+01      0.6948128703E+01      0.5260833541E+01      0.4988099228E+00
    0.6869186111E+01      0.6869186111E+01      0.5355691302E+01      0.3936776028E+00
    0.6794486638E+01      0.6794486638E+01      0.5419902679E+01      0.2857841873E+00
    0.6734073069E+01      0.6734073069E+01      0.5472145619E+01      0.1817462544E+00
    0.6675223539E+01      0.6675223539E+01      0.5487182265E+01      0.7422294643E-01
    0.6627974702E+01      0.6627974702E+01      0.5474046677E+01     -0.2554543812E-01
    0.6593743735E+01      0.6593743735E+01      0.5439067485E+01     -0.1156212264E+00
    0.6568740950E+01      0.6568740950E+01      0.5382261539E+01     -0.1956271740E+00
    0.6551203519E+01      0.6551203519E+01      0.5305990807E+01     -0.2653117289E+00
    0.6539598445E+01      0.6539598445E+01      0.5213239802E+01     -0.3242741857E+00
    0.6532607740E+01      0.6532607740E+01      0.5107030908E+01     -0.3721093207E+00
    0.6529349140E+01      0.6529349140E+01      0.4990397416E+01     -0.4084954498E+00
    0.6529015724E+01      0.6529015724E+01      0.4867313502E+01     -0.4338659634E+00
    0.6530741074E+01      0.6530741074E+01      0.4738731541E+01     -0.4506908441E+00
    0.6533193361E+01      0.6533193361E+01      0.4607805115E+01     -0.4611281798E+00
    0.6536091338E+01      0.6536091338E+01      0.4476120750E+01     -0.4664441068E+00
    0.6538806542E+01      0.6538806542E+01      0.4346019671E+01     -0.4657723142E+00
    0.6540755353E+01      0.6540755353E+01      0.4217762861E+01     -0.4621821831E+00
    0.6542180376E+01      0.6542180376E+01      0.4091866709E+01     -0.4556750982E+00
    0.6542940870E+01      0.6542940870E+01      0.3969240849E+01     -0.4468726670E+00
    0.6543176876E+01      0.6543176876E+01      0.3850747035E+01     -0.4361820351E+00
    0.7344678343E+01      0.7344678343E+01      0.4645846097E+01      0.7553587215E+00
    0.7254781016E+01      0.7254781016E+01      0.4796124795E+01      0.6951622090E+00
    0.7163371584E+01      0.7163371584E+01      0.4934789030E+01      0.6261228720E+00
    0.7077590259E+01      0.7077590259E+01      0.5063276118E+01      0.5497669910E+00
    0.6991614469E+01      0.6991614469E+01      0.5169188737E+01      0.4668142735E+00
    0.6917310803E+01      0.6917310803E+01      0.5260948687E+01      0.3796770860E+00
    0.6844159255E+01      0.6844159255E+01      0.5323575464E+01      0.2877241477E+00
    0.6785927762E+01      0.6785927762E+01      0.5373521117E+01      0.2035400752E+00
    0.6730789582E+01      0.6730789582E+01      0.5396443755E+01      0.1146511082E+00
    0.6680218914E+01      0.6680218914E+01      0.5388670401E+01      0.3201956335E-01
    0.6642738067E+01      0.6642738067E+01      0.5361205798E+01     -0.4220232386E-01
    0.6614087657E+01      0.6614087657E+01      0.5313313370E+01     -0.1079024379E+00
    0.6592561872E+01      0.6592561872E+01      0.5246822534E+01     -0.1649575032E+00
    0.6576871100E+01      0.6576871100E+01      0.5164175949E+01     -0.2129569816E+00
    0.6565869795E+01      0.6565869795E+01      0.5068024043E+01     -0.2515169978E+00
    0.6558662321E+01      0.6558662321E+01      0.4961123747E+01     -0.2805715540E+00
    0.6554380769E+01      0.6554380769E+01      0.4846185357E+01     -0.3007984490E+00
    0.6552329006E+01      0.6552329006E+01      0.4725810064E+01     -0.3140594463E+00
    0.6551546652E+01      0.6551546652E+01      0.4602085288E+01     -0.3222863307E+00
    0.6551406951E+01      0.6551406951E+01      0.4476347175E+01     -0.3268371951E+00
    0.6551351054E+01      0.6551351054E+01      0.4349659283E+01     -0.3269933667E+00
    0.6550691402E+01      0.6550691402E+01      0.4224351275E+01     -0.3247282488E+00
    0.6549682382E+01      0.6549682382E+01      0.4100706707E+01     -0.3201962725E+00
    0.6548458158E+01      0.6548458158E+01      0.3979782460E+01     -0.3139790040E+00
    0.6547211518E+01      0.6547211518E+01      0.3862433530E+01     -0.3064466857E+00
    0.7359084484E+01      0.7359084484E+01      0.4596111484E+01      0.6583809596E+00
    0.7276694920E+01      0.7276694920E+01      0.4738551357E+01      0.6081231510E+00
    0.7192636898E+01      0.7192636898E+01      0.4869018075E+01      0.5508126210E+00
    0.7113779341E+01      0.7113779341E+01      0.4990564026E+01      0.4876333731E+00
    0.7034065668E+01      0.7034065668E+01      0.5093292823E+01      0.4192303115E+00
    0.6963137818E+01      0.6963137818E+01      0.5184281954E+01      0.3492051109E+00
    0.6894002855E+01      0.6894002855E+01      0.5249419821E+01      0.2736653510E+00
    0.6831013512E+01      0.6831013512E+01      0.5294380562E+01      0.2062999003E+00
    0.6779947616E+01      0.6779947616E+01      0.5324024062E+01      0.1371507967E+00
    0.6726915468E+01      0.6726915468E+01      0.5322169384E+01      0.7241292355E-01
    0.6686744693E+01      0.6686744693E+01      0.5301622664E+01      0.1530998624E-01
    0.6655311248E+01      0.6655311248E+01      0.5261168202E+01     -0.3529493997E-01
    0.6630739833E+01      0.6630739833E+01      0.5202265488E+01     -0.7897244599E-01
    0.6611987497E+01      0.6611987497E+01      0.5127253638E+01     -0.1152858309E+00
    0.6598008604E+01      0.6598008604E+01      0.5038608986E+01     -0.1439450116E+00
    0.6587816605E+01      0.6587816605E+01      0.4938979815E+01     -0.1652355740E+00
    0.6580453111E+01      0.6580453111E+01      0.4830826675E+01     -0.1798598654E+00
    0.6575206769E+01      0.6575206769E+01      0.4716385543E+01     -0.1890464520E+00
    0.6571407423E+01      0.6571407423E+01      0.4597579762E+01     -0.1945314925E+00
    0.6568312586E+01      0.6568312586E+01      0.4475902217E+01     -0.1968449089E+00
    0.6565583449E+01      0.6565583449E+01      0.4352672228E+01     -0.1965599107E+00
    0.6562377621E+01      0.6562377621E+01      0.4229344055E+01     -0.1945777002E+00
    0.6558956787E+01      0.6558956787E+01      0.4107193118E+01     -0.1908876738E+00
    0.6555703375E+01      0.6555703375E+01      0.3987224221E+01     -0.1859621841E+00
    0.6552919666E+01      0.6552919666E+01      0.3870587907E+01     -0.1803800996E+00
    0.7377665841E+01      0.7377665841E+01      0.4553448033E+01      0.5557493196E+00
    0.7301223469E+01      0.7301223469E+01      0.4689211368E+01      0.5120190434E+00
    0.7224568445E+01      0.7224568445E+01      0.4814251115E+01      0.4632437021E+00
    0.7150707845E+01      0.7150707845E+01      0.4930578778E+01      0.4122781712E+00
    0.7076663882E+01      0.7076663882E+01      0.5031895371E+01      0.3579555790E+00
    0.7005314829E+01      0.7005314829E+01      0.5119134442E+01      0.3059129430E+00
    0.6940098828E+01      0.6940098828E+01      0.5190378058E+01      0.2488192332E+00
    0.6874544150E+01      0.6874544150E+01      0.5234593717E+01      0.1975958960E+00
    0.6821726356E+01      0.6821726356E+01      0.5267122877E+01      0.1479507328E+00
    0.6767606809E+01      0.6767606809E+01      0.5271789844E+01      0.1013539621E+00
    0.6725108656E+01      0.6725108656E+01      0.5257226232E+01      0.6257732928E-01
    0.6691745410E+01      0.6691745410E+01      0.5223440750E+01      0.2819121292E-01
    0.6665130377E+01      0.6665130377E+01      0.5170841341E+01     -0.1575134348E-02
    0.6644289017E+01      0.6644289017E+01      0.5101706967E+01     -0.2618673725E-01
    0.6628256100E+01      0.6628256100E+01      0.5018698930E+01     -0.4529047472E-01
    0.6616008794E+01      0.6616008794E+01      0.4924450319E+01     -0.5903815471E-01
    0.6606551259E+01      0.6606551259E+01      0.4821344732E+01     -0.6821910320E-01
    0.6599010546E+01      0.6599010546E+01      0.4711386438E+01     -0.7360370866E-01
    0.6592867141E+01      0.6592867141E+01      0.4596273864E+01     -0.7604375565E-01
    0.6587531334E+01      0.6587531334E+01      0.4477626720E+01     -0.7604422785E-01
    0.6582387280E+01      0.6582387280E+01      0.4356869272E+01     -0.7439539003E-01
    0.6577165689E+01      0.6577165689E+01      0.4235170226E+01     -0.7157930208E-01
    0.6571761599E+01      0.6571761599E+01      0.4113712205E+01     -0.6769591709E-01
    0.6566660069E+01      0.6566660069E+01      0.3994009383E+01     -0.6313372250E-01
    0.6562097623E+01      0.6562097623E+01      0.3877295359E+01     -0.5866631173E-01
    0.7402284082E+01      0.7402284082E+01      0.4512925589E+01      0.4448436195E+00
    0.7330636738E+01      0.7330636738E+01      0.4645424893E+01      0.4083445741E+00
    0.7256092892E+01      0.7256092892E+01      0.4768821609E+01      0.3702264342E+00
    0.7183258200E+01      0.7183258200E+01      0.4883173937E+01      0.3324520378E+00
    0.7111060479E+01      0.7111060479E+01      0.4985021402E+01      0.2932652069E+00
    0.7038726028E+01      0.7038726028E+01      0.5071017478E+01      0.2587870114E+00
    0.6973732904E+01      0.6973732904E+01      0.5145125743E+01      0.2208930551E+00
    0.6908489075E+01      0.6908489075E+01      0.5193285762E+01      0.1861527984E+00
    0.6854454648E+01      0.6854454648E+01      0.5230177265E+01      0.1548303444E+00
    0.6800254593E+01      0.6800254593E+01      0.5239633658E+01      0.1246740577E+00
    0.6755321647E+01      0.6755321647E+01      0.5228361558E+01      0.1027030209E+00
    0.6720183202E+01      0.6720183202E+01      0.5199179889E+01      0.8449727729E-01
    0.6692305794E+01      0.6692305794E+01      0.5151462566E+01      0.6894817425E-01
    0.6670556408E+01      0.6670556408E+01      0.5086607786E+01      0.5604921881E-01
    0.6653868586E+01      0.6653868586E+01      0.5007259612E+01      0.4634806065E-01
    0.6641014564E+01      0.6641014564E+01      0.4916398772E+01      0.4000585360E-01
    0.6630966333E+01      0.6630966333E+01      0.4816581198E+01      0.3633081314E-01
    0.6622805529E+01      0.6622805529E+01      0.4709599478E+01      0.3480332129E-01
    0.6615836171E+01      0.6615836171E+01      0.4597015651E+01      0.3513046243E-01
    0.6609368984E+01      0.6609368984E+01      0.4480430536E+01      0.3688646372E-01
    0.6603037019E+01      0.6603037019E+01      0.4361205300E+01      0.4014088444E-01
    0.6596825122E+01      0.6596825122E+01      0.4240655200E+01      0.4418300154E-01
    0.6590473068E+01      0.6590473068E+01      0.4119957788E+01      0.4827301999E-01
    0.6584009909E+01      0.6584009909E+01      0.4000160943E+01      0.5225614316E-01
    0.6577591696E+01      0.6577591696E+01      0.3882562307E+01      0.5546738080E-01
    0.7428006903E+01      0.7428006903E+01      0.4481325743E+01      0.3344112423E+00
    0.7354853192E+01      0.7354853192E+01      0.4613142354E+01      0.3077963087E+00
    0.7281602284E+01      0.7281602284E+01      0.4738238973E+01      0.2802090736E+00
    0.7207037927E+01      0.7207037927E+01      0.4852500444E+01      0.2566195052E+00
    0.7135010037E+01      0.7135010037E+01      0.4956963192E+01      0.2319889626E+00
    0.7061546905E+01      0.7061546905E+01      0.5043963845E+01      0.2138087439E+00
    0.6996643591E+01      0.6996643591E+01      0.5120644664E+01      0.1946947951E+00
    0.6931437386E+01      0.6931437386E+01      0.5171303767E+01      0.1773939935E+00
    0.6877510609E+01      0.6877510609E+01      0.5209514713E+01      0.1635879277E+00
    0.6824280108E+01      0.6824280108E+01      0.5223892872E+01      0.1502647422E+00
    0.6778352348E+01      0.6778352348E+01      0.5215427653E+01      0.1439893779E+00
    0.6742461902E+01      0.6742461902E+01      0.5189719789E+01      0.1408605217E+00
    0.6714125273E+01      0.6714125273E+01      0.5145140762E+01      0.1392841514E+00
    0.6692433230E+01      0.6692433230E+01      0.5082755823E+01      0.1381887999E+00
    0.6676104642E+01      0.6676104642E+01      0.5005182795E+01      0.1374122581E+00
    0.6663568716E+01      0.6663568716E+01      0.4915274828E+01      0.1375040452E+00
    0.6653928122E+01      0.6653928122E+01      0.4815516483E+01      0.1381829896E+00
    0.6646532230E+01      0.6646532230E+01      0.4708268553E+01      0.1393287830E+00
    0.6640413737E+01      0.6640413737E+01      0.4595716905E+01      0.1411202037E+00
    0.6634818601E+01      0.6634818601E+01      0.4479491302E+01      0.1435292991E+00
    0.6629440351E+01      0.6629440351E+01      0.4360771597E+01      0.1466580396E+00
    0.6624039786E+01      0.6624039786E+01      0.4240537001E+01      0.1501663634E+00
    0.6618056383E+01      0.6618056383E+01      0.4120009193E+01      0.1527954181E+00
    0.6611295006E+01      0.6611295006E+01      0.4000097131E+01      0.1548198957E+00
    0.6603618610E+01      0.6603618610E+01      0.3881791011E+01      0.1558715530E+00
    0.7448749827E+01      0.7448749827E+01      0.4457876365E+01      0.2282312422E+00
    0.7375998962E+01      0.7375998962E+01      0.4592155720E+01      0.2113376261E+00
    0.7300641537E+01      0.7300641537E+01      0.4719114147E+01      0.1965826204E+00
    0.7225246078E+01      0.7225246078E+01      0.4836045856E+01      0.1858856380E+00
    0.7151799036E+01      0.7151799036E+01      0.4943401889E+01      0.1766661443E+00
    0.7077412966E+01      0.7077412966E+01      0.5032846660E+01      0.1741348065E+00
    0.7011657420E+01      0.7011657420E+01      0.5112954291E+01      0.1729809964E+00
    0.6946019766E+01      0.6946019766E+01      0.5168006197E+01      0.1739215042E+00
    0.6891412710E+01      0.6891412710E+01      0.5208687622E+01      0.1766280283E+00
    0.6838880254E+01      0.6838880254E+01      0.5225602989E+01      0.1810890029E+00
    0.6792196732E+01      0.6792196732E+01      0.5218355802E+01      0.1898360178E+00
    0.6756319585E+01      0.6756319585E+01      0.5193963493E+01      0.2013536354E+00
    0.6728554126E+01      0.6728554126E+01      0.5150201713E+01      0.2136989270E+00
    0.6707867277E+01      0.6707867277E+01      0.5087877994E+01      0.2243424202E+00
    0.6693107056E+01      0.6693107056E+01      0.5009946953E+01      0.2315398634E+00
    0.6682277671E+01      0.6682277671E+01      0.4919195140E+01      0.2371763081E+00
    0.6674977052E+01      0.6674977052E+01      0.4818089015E+01      0.2410089481E+00
    0.6670501481E+01      0.6670501481E+01      0.4709358491E+01      0.2427466285E+00
    0.6667553566E+01      0.6667553566E+01      0.4595282914E+01      0.2435372259E+00
    0.6665565433E+01      0.6665565433E+01      0.4477598609E+01      0.2434093657E+00
    0.6664080897E+01      0.6664080897E+01      0.4357645747E+01      0.2426013015E+00
    0.6662051745E+01      0.6662051745E+01      0.4236764408E+01      0.2414581147E+00
    0.6658408657E+01      0.6658408657E+01      0.4115901328E+01      0.2398353424E+00
    0.6652875895E+01      0.6652875895E+01      0.3995573800E+01      0.2377064940E+00
    0.6645258554E+01      0.6645258554E+01      0.3877160559E+01      0.2351042306E+00
    0.7465253376E+01      0.7465253376E+01      0.4443538707E+01      0.1246459940E+00
    0.7390218470E+01      0.7390218470E+01      0.4580612159E+01      0.1181763722E+00
    0.7314079966E+01      0.7314079966E+01      0.4711846418E+01      0.1165881061E+00
    0.7236470971E+01      0.7236470971E+01      0.4832506526E+01      0.1192470494E+00
    0.7161891915E+01      0.7161891915E+01      0.4944260810E+01      0.1260570163E+00
    0.7086030763E+01      0.7086030763E+01      0.5036812411E+01      0.1385987316E+00
    0.7019613974E+01      0.7019613974E+01      0.5120071879E+01      0.1545494199E+00
    0.6953344703E+01      0.6953344703E+01      0.5178522825E+01      0.1736877430E+00
    0.6897661651E+01      0.6897661651E+01      0.5221556200E+01      0.1941893891E+00
    0.6844941487E+01      0.6844941487E+01      0.5240798442E+01      0.2163118876E+00
    0.6797303164E+01      0.6797303164E+01      0.5233709889E+01      0.2410129333E+00
    0.6761622836E+01      0.6761622836E+01      0.5208593134E+01      0.2677133060E+00
    0.6734943210E+01      0.6734943210E+01      0.5163503266E+01      0.2943405659E+00
    0.6716113225E+01      0.6716113225E+01      0.5099195550E+01      0.3164533638E+00
    0.6704213917E+01      0.6704213917E+01      0.5018712089E+01      0.3306737966E+00
    0.6697048179E+01      0.6697048179E+01      0.4924912009E+01      0.3401252656E+00
    0.6694749478E+01      0.6694749478E+01      0.4820578530E+01      0.3445921418E+00
    0.6695757616E+01      0.6695757616E+01      0.4708868970E+01      0.3444189346E+00
    0.6698679854E+01      0.6698679854E+01      0.4591663228E+01      0.3409718748E+00
    0.6703543671E+01      0.6703543671E+01      0.4470821818E+01      0.3341413721E+00
    0.6709135764E+01      0.6709135764E+01      0.4348578633E+01      0.3244897739E+00
    0.6713649284E+01      0.6713649284E+01      0.4226833870E+01      0.3136722692E+00
    0.6714325768E+01      0.6714325768E+01      0.4105750847E+01      0.3045467648E+00
    0.6711599195E+01      0.6711599195E+01      0.3986256590E+01      0.2962848146E+00
    0.6705208851E+01      0.6705208851E+01      0.3868928302E+01      0.2883126679E+00
    0.7474744536E+01      0.7474744536E+01      0.4437365633E+01      0.2187112370E-01
    0.7397458729E+01      0.7397458729E+01      0.4580127881E+01      0.2536629379E-01
    0.7319154741E+01      0.7319154741E+01      0.4716570365E+01      0.3500724572E-01
    0.7239955289E+01      0.7239955289E+01      0.4843472747E+01      0.5051307367E-01
    0.7163668979E+01      0.7163668979E+01      0.4960833684E+01      0.7261884840E-01
    0.7085237697E+01      0.7085237697E+01      0.5058992241E+01      0.1006767944E+00
    0.7017305912E+01      0.7017305912E+01      0.5145428668E+01      0.1340176821E+00
    0.6951164723E+01      0.6951164723E+01      0.5205216404E+01      0.1713306432E+00
    0.6895206204E+01      0.6895206204E+01      0.5250179536E+01      0.2105770096E+00
    0.6842188388E+01      0.6842188388E+01      0.5271789317E+01      0.2520099273E+00
    0.6793914506E+01      0.6793914506E+01      0.5264432872E+01      0.2949529119E+00
    0.6759095694E+01      0.6759095694E+01      0.5237541100E+01      0.3380323526E+00
    0.6734322987E+01      0.6734322987E+01      0.5189445974E+01      0.3782082764E+00
    0.6718076044E+01      0.6718076044E+01      0.5120570413E+01      0.4130995280E+00
    0.6710431272E+01      0.6710431272E+01      0.5033534432E+01      0.4355949529E+00
    0.6709632970E+01      0.6709632970E+01      0.4933263860E+01      0.4464512884E+00
    0.6714689274E+01      0.6714689274E+01      0.4822195704E+01      0.4478965611E+00
    0.6723899387E+01      0.6723899387E+01      0.4703871092E+01      0.4425736579E+00
    0.6736378836E+01      0.6736378836E+01      0.4580400973E+01      0.4304283288E+00
    0.6750978155E+01      0.6750978155E+01      0.4454310612E+01      0.4124634686E+00
    0.6764781927E+01      0.6764781927E+01      0.4328567602E+01      0.3908946314E+00
    0.6777607429E+01      0.6777607429E+01      0.4207218851E+01      0.3669228725E+00
    0.6784428298E+01      0.6784428298E+01      0.4087846908E+01      0.3476885615E+00
    0.6784585817E+01      0.6784585817E+01      0.3970000628E+01      0.3325492811E+00
    0.6780387781E+01      0.6780387781E+01      0.3856002111E+01      0.3182409905E+00
    0.7477947180E+01      0.7477947180E+01      0.4438440562E+01     -0.8533748628E-01
    0.7398096137E+01      0.7398096137E+01      0.4590220145E+01     -0.7300983761E-01
    0.7316131528E+01      0.7316131528E+01      0.4736725215E+01     -0.5135630228E-01
    0.7233210848E+01      0.7233210848E+01      0.4873000500E+01     -0.2045415822E-01
    0.7154238961E+01      0.7154238961E+01      0.4998495105E+01      0.1974292686E-01
    0.7074283858E+01      0.7074283858E+01      0.5101654770E+01      0.6674575617E-01
    0.7005377389E+01      0.7005377389E+01      0.5192482481E+01      0.1196295558E+00
    0.6935737078E+01      0.6935737078E+01      0.5254892045E+01      0.1781604837E+00
    0.6877494913E+01      0.6877494913E+01      0.5301994652E+01      0.2386504984E+00
    0.6821195806E+01      0.6821195806E+01      0.5322384491E+01      0.3025561947E+00
    0.6772748053E+01      0.6772748053E+01      0.5312024815E+01      0.3663535800E+00
    0.6740130716E+01      0.6740130716E+01      0.5279781614E+01      0.4260037918E+00
    0.6719578325E+01      0.6719578325E+01      0.5224553795E+01      0.4782708492E+00
    0.6710605522E+01      0.6710605522E+01      0.5147180544E+01      0.5201195595E+00
    0.6712305654E+01      0.6712305654E+01      0.5052906767E+01      0.5445699135E+00
    0.6722162880E+01      0.6722162880E+01      0.4942256103E+01      0.5539971838E+00
    0.6738354280E+01      0.6738354280E+01      0.4819358890E+01      0.5488313365E+00
    0.6759086292E+01      0.6759086292E+01      0.4690806426E+01      0.5339804833E+00
    0.6783253655E+01      0.6783253655E+01      0.4558081449E+01      0.5096805539E+00
    0.6807136143E+01      0.6807136143E+01      0.4426535558E+01      0.4794473822E+00
    0.6827105295E+01      0.6827105295E+01      0.4297094741E+01      0.4467535940E+00
    0.6846356655E+01      0.6846356655E+01      0.4176113801E+01      0.4114211639E+00
    0.6860522013E+01      0.6860522013E+01      0.4061475260E+01      0.3800844921E+00
    0.6864194592E+01      0.6864194592E+01      0.3947095461E+01      0.3569290372E+00
    0.6861772867E+01      0.6861772867E+01      0.3837040299E+01      0.3363679033E+00
    0.7472369813E+01      0.7472369813E+01      0.4450713735E+01     -0.1994094306E+00
    0.7387190596E+01      0.7387190596E+01      0.4616663993E+01     -0.1739475454E+00
    0.7300043048E+01      0.7300043048E+01      0.4775226888E+01     -0.1371475515E+00
    0.7214978383E+01      0.7214978383E+01      0.4922050873E+01     -0.9096284597E-01
    0.7133681696E+01      0.7133681696E+01      0.5054783428E+01     -0.3421032869E-01
    0.7052204647E+01      0.7052204647E+01      0.5165095011E+01      0.3115718836E-01
    0.6981105245E+01      0.6981105245E+01      0.5262799144E+01      0.1054472310E+00
    0.6909112779E+01      0.6909112779E+01      0.5330290642E+01      0.1862469068E+00
    0.6850649076E+01      0.6850649076E+01      0.5381235481E+01      0.2689953026E+00
    0.6791385488E+01      0.6791385488E+01      0.5396642766E+01      0.3562229245E+00
    0.6746073051E+01      0.6746073051E+01      0.5380364689E+01      0.4403631639E+00
    0.6717755413E+01      0.6717755413E+01      0.5338368226E+01      0.5166875098E+00
    0.6703334837E+01      0.6703334837E+01      0.5269446349E+01      0.5802171763E+00
    0.6703129860E+01      0.6703129860E+01      0.5180031526E+01      0.6279353344E+00
    0.6717031271E+01      0.6717031271E+01      0.5066505778E+01      0.6544753993E+00
    0.6740274715E+01      0.6740274715E+01      0.4939787289E+01      0.6557414676E+00
    0.6768948522E+01      0.6768948522E+01      0.4806200219E+01      0.6439586918E+00
    0.6802305380E+01      0.6802305380E+01      0.4666526590E+01      0.6184483125E+00
    0.6836631944E+01      0.6836631944E+01      0.4525709829E+01      0.5827866223E+00
    0.6867883759E+01      0.6867883759E+01      0.4389638308E+01      0.5433698777E+00
    0.6890859567E+01      0.6890859567E+01      0.4257106651E+01      0.5046973723E+00
    0.6910803776E+01      0.6910803776E+01      0.4135459075E+01      0.4646710148E+00
    0.6930265293E+01      0.6930265293E+01      0.4025782705E+01      0.4242547537E+00
    0.6939779112E+01      0.6939779112E+01      0.3917854808E+01      0.3907969009E+00
    0.6939684769E+01      0.6939684769E+01      0.3811991712E+01      0.3625477220E+00
    0.7454558647E+01      0.7454558647E+01      0.4477398913E+01     -0.3179020026E+00
    0.7366648738E+01      0.7366648738E+01      0.4655909262E+01     -0.2823806458E+00
    0.7277801173E+01      0.7277801173E+01      0.4825357752E+01     -0.2336652847E+00
    0.7190996858E+01      0.7190996858E+01      0.4984829194E+01     -0.1728053235E+00
    0.7105381134E+01      0.7105381134E+01      0.5128133915E+01     -0.9751453704E-01
    0.7021572615E+01      0.7021572615E+01      0.5251062629E+01     -0.1184688019E-01
    0.6946806271E+01      0.6946806271E+01      0.5357739694E+01      0.8661081152E-01
    0.6870993531E+01      0.6870993531E+01      0.5428254928E+01      0.1918883179E+00
    0.6814508512E+01      0.6814508512E+01      0.5481956675E+01      0.2991441344E+00
    0.6754435553E+01      0.6754435553E+01      0.5490373601E+01      0.4104356055E+00
    0.6714807149E+01      0.6714807149E+01      0.5466172075E+01      0.5152974574E+00
    0.6694301926E+01      0.6694301926E+01      0.5411123420E+01      0.6067412379E+00
    0.6689040546E+01      0.6689040546E+01      0.5328563546E+01      0.6844624528E+00
    0.6700870721E+01      0.6700870721E+01      0.5217328157E+01      0.7383744920E+00
    0.6730135868E+01      0.6730135868E+01      0.5080163501E+01      0.7583477836E+00
    0.6767221243E+01      0.6767221243E+01      0.4932647397E+01      0.7520964633E+00
    0.6808166251E+01      0.6808166251E+01      0.4781827695E+01      0.7329284754E+00
    0.6849383901E+01      0.6849383901E+01      0.4629429276E+01      0.7035888271E+00
    0.6887772100E+01      0.6887772100E+01      0.4484252131E+01      0.6656961333E+00
    0.6920432969E+01      0.6920432969E+01      0.4347083528E+01      0.6223740050E+00
    0.6942932247E+01      0.6942932247E+01      0.4213605634E+01      0.5780365672E+00
    0.6960423872E+01      0.6960423872E+01      0.4089965908E+01      0.5335522164E+00
    0.6979631292E+01      0.6979631292E+01      0.3980843686E+01      0.4876859863E+00
    0.6995369689E+01      0.6995369689E+01      0.3879819897E+01      0.4438400562E+00
    0.7000372828E+01      0.7000372828E+01      0.3779631650E+01      0.4049003097E+00
    0.7433044553E+01      0.7433044553E+01      0.4507477864E+01     -0.4541480296E+00
    0.7342067416E+01      0.7342067416E+01      0.4702428723E+01     -0.4084323901E+00
    0.7248165359E+01      0.7248165359E+01      0.4889441637E+01     -0.3462410560E+00
    0.7156783649E+01      0.7156783649E+01      0.5066332291E+01     -0.2662416060E+00
    0.7063791471E+01      0.7063791471E+01      0.5224139915E+01     -0.1688028398E+00
    0.6977683069E+01      0.6977683069E+01      0.5363525072E+01     -0.5862879498E-01
    0.6896839593E+01      0.6896839593E+01      0.5476196387E+01      0.6677130022E-01
    0.6820151072E+01      0.6820151072E+01      0.5554217943E+01      0.1976704949E+00
    0.6763484430E+01      0.6763484430E+01      0.5609771827E+01      0.3344718140E+00
    0.6703178907E+01      0.6703178907E+01      0.5607551265E+01      0.4744171276E+00
    0.6670329145E+01      0.6670329145E+01      0.5570516022E+01      0.6038266527E+00
    0.6658894072E+01      0.6658894072E+01      0.5498315115E+01      0.7135645558E+00
    0.6666747301E+01      0.6666747301E+01      0.5394862026E+01      0.8026476777E+00
    0.6698870835E+01      0.6698870835E+01      0.5252323810E+01      0.8563576397E+00
    0.6746559338E+01      0.6746559338E+01      0.5087941020E+01      0.8697850021E+00
    0.6795531662E+01      0.6795531662E+01      0.4920447424E+01      0.8608041419E+00
    0.6844012543E+01      0.6844012543E+01      0.4753519869E+01      0.8394213239E+00
    0.6886036655E+01      0.6886036655E+01      0.4591424199E+01      0.8083543957E+00
    0.6922927434E+01      0.6922927434E+01      0.4440431199E+01      0.7688891289E+00
    0.6955156671E+01      0.6955156671E+01      0.4300619737E+01      0.7223315318E+00
    0.6977894410E+01      0.6977894410E+01      0.4166417259E+01      0.6722504602E+00
    0.6993822699E+01      0.6993822699E+01      0.4040748578E+01      0.6218649365E+00
    0.7009833771E+01      0.7009833771E+01      0.3928567359E+01      0.5714825703E+00
    0.7028253832E+01      0.7028253832E+01      0.3830671417E+01      0.5197500874E+00
    0.7040674237E+01      0.7040674237E+01      0.3738212845E+01      0.4681204043E+00
