    0.8293046952E+01      0.8293046952E+01      0.1074161499E-01      0.2415716649E-01
    0.8294571349E+01      0.8294571349E+01      0.3143504831E-01      0.2415166984E-01
    0.8297402404E+01      0.8297402404E+01      0.5248412998E-01      0.2415099111E-01
    0.8301709795E+01      0.8301709795E+01      0.7374932038E-01      0.2420977104E-01
    0.8307449331E+01      0.8307449331E+01      0.9533883103E-01      0.2428841094E-01
    0.8314777878E+01      0.8314777878E+01      0.1171177637E+00      0.2439946612E-01
    0.8323724683E+01      0.8323724683E+01      0.1391090548E+00      0.2451891199E-01
    0.8334481686E+01      0.8334481686E+01      0.1611504019E+00      0.2465319736E-01
    0.8346946845E+01      0.8346946845E+01      0.1834427861E+00      0.2476746948E-01
    0.8361304960E+01      0.8361304960E+01      0.2058671920E+00      0.2488562581E-01
    0.8377351109E+01      0.8377351109E+01      0.2287490957E+00      0.2499006787E-01
    0.8395349175E+01      0.8395349175E+01      0.2518774989E+00      0.2511258581E-01
    0.8415179885E+01      0.8415179885E+01      0.2754559457E+00      0.2525904896E-01
    0.8436956707E+01      0.8436956707E+01      0.2994502087E+00      0.2544566983E-01
    0.8460729274E+01      0.8460729274E+01      0.3239936734E+00      0.2563936645E-01
    0.8486606790E+01      0.8486606790E+01      0.3492330316E+00      0.2584148593E-01
    0.8514829852E+01      0.8514829852E+01      0.3753492611E+00      0.2585218358E-01
    0.8545144986E+01      0.8545144986E+01      0.4024656252E+00      0.2569694217E-01
    0.8577055198E+01      0.8577055198E+01      0.4300872645E+00      0.2533202188E-01
    0.8606783178E+01      0.8606783178E+01      0.4545765601E+00      0.2481288232E-01
    0.8633794039E+01      0.8633794039E+01      0.4754158270E+00      0.2431170396E-01
    0.8659513322E+01      0.8659513322E+01      0.4941607479E+00      0.2352164984E-01
    0.8681634325E+01      0.8681634325E+01      0.5086189210E+00      0.2270262031E-01
    0.8697488143E+01      0.8697488143E+01      0.5161915296E+00      0.2205683755E-01
    0.8708210799E+01      0.8708210799E+01      0.5181025073E+00      0.2150728006E-01
    0.8292959701E+01      0.8292959701E+01      0.1075600222E-01      0.7253634813E-01
    0.8294487135E+01      0.8294487135E+01      0.3147417125E-01      0.7252051327E-01
    0.8297335935E+01      0.8297335935E+01      0.5253598023E-01      0.7250859995E-01
    0.8301669584E+01      0.8301669584E+01      0.7381657270E-01      0.7266453333E-01
    0.8307448839E+01      0.8307448839E+01      0.9542188563E-01      0.7287029178E-01
    0.8314817841E+01      0.8314817841E+01      0.1172296661E+00      0.7317124953E-01
    0.8323812766E+01      0.8323812766E+01      0.1392489501E+00      0.7349646126E-01
    0.8334618115E+01      0.8334618115E+01      0.1613341077E+00      0.7386060263E-01
    0.8347114400E+01      0.8347114400E+01      0.1837049704E+00      0.7417853136E-01
    0.8361504691E+01      0.8361504691E+01      0.2062069715E+00      0.7452083647E-01
    0.8377589638E+01      0.8377589638E+01      0.2291488139E+00      0.7482624929E-01
    0.8395625295E+01      0.8395625295E+01      0.2523346520E+00      0.7517937896E-01
    0.8415489069E+01      0.8415489069E+01      0.2759814006E+00      0.7560094824E-01
    0.8437296498E+01      0.8437296498E+01      0.3000419200E+00      0.7614185950E-01
    0.8461060956E+01      0.8461060956E+01      0.3246475013E+00      0.7672631310E-01
    0.8486859475E+01      0.8486859475E+01      0.3498839737E+00      0.7738305836E-01
    0.8514714771E+01      0.8514714771E+01      0.3758096994E+00      0.7771866680E-01
    0.8544515370E+01      0.8544515370E+01      0.4023933993E+00      0.7758360570E-01
    0.8575684683E+01      0.8575684683E+01      0.4292952291E+00      0.7682105248E-01
    0.8605119086E+01      0.8605119086E+01      0.4535448672E+00      0.7534834339E-01
    0.8631678484E+01      0.8631678484E+01      0.4740359008E+00      0.7406692910E-01
    0.8656825660E+01      0.8656825660E+01      0.4923436085E+00      0.7198485152E-01
    0.8678914670E+01      0.8678914670E+01      0.5068476774E+00      0.6947009881E-01
    0.8695022033E+01      0.8695022033E+01      0.5147501463E+00      0.6739709791E-01
    0.8705867651E+01      0.8705867651E+01      0.5168242314E+00      0.6572694474E-01
    0.8292733927E+01      0.8292733927E+01      0.1079626637E-01      0.1210454174E+00
    0.8294272220E+01      0.8294272220E+01      0.3158009063E-01      0.1210246847E+00
    0.8297167498E+01      0.8297167498E+01      0.5266204655E-01      0.1210020655E+00
    0.8301567895E+01      0.8301567895E+01      0.7393885664E-01      0.1212305042E+00
    0.8307433295E+01      0.8307433295E+01      0.9552356865E-01      0.1215336610E+00
    0.8314898290E+01      0.8314898290E+01      0.1173251536E+00      0.1219816389E+00
    0.8323991782E+01      0.8323991782E+01      0.1393691769E+00      0.1224705518E+00
    0.8334878480E+01      0.8334878480E+01      0.1615215420E+00      0.1230463613E+00
    0.8347447360E+01      0.8347447360E+01      0.1839731173E+00      0.1235605402E+00
    0.8361901557E+01      0.8361901557E+01      0.2065668786E+00      0.1241418481E+00
    0.8378043505E+01      0.8378043505E+01      0.2295958967E+00      0.1247008116E+00
    0.8396123593E+01      0.8396123593E+01      0.2528683587E+00      0.1253411695E+00
    0.8416042451E+01      0.8416042451E+01      0.2765962806E+00      0.1260485536E+00
    0.8437902866E+01      0.8437902866E+01      0.3007509967E+00      0.1269048019E+00
    0.8461645857E+01      0.8461645857E+01      0.3254427949E+00      0.1278038293E+00
    0.8487262735E+01      0.8487262735E+01      0.3506148458E+00      0.1287465779E+00
    0.8514611805E+01      0.8514611805E+01      0.3762297730E+00      0.1293109999E+00
    0.8543571153E+01      0.8543571153E+01      0.4020299255E+00      0.1290896339E+00
    0.8573423141E+01      0.8573423141E+01      0.4277721124E+00      0.1278360185E+00
    0.8602180136E+01      0.8602180136E+01      0.4515088439E+00      0.1253130499E+00
    0.8628145612E+01      0.8628145612E+01      0.4715994942E+00      0.1229479224E+00
    0.8652370372E+01      0.8652370372E+01      0.4892326307E+00      0.1197500965E+00
    0.8674307437E+01      0.8674307437E+01      0.5037289726E+00      0.1156747744E+00
    0.8690841454E+01      0.8690841454E+01      0.5121455621E+00      0.1122080552E+00
    0.8701978111E+01      0.8701978111E+01      0.5145242814E+00      0.1094852474E+00
    0.8292436633E+01      0.8292436633E+01      0.1089118028E-01      0.1696074750E+00
    0.8293991659E+01      0.8293991659E+01      0.3184315118E-01      0.1695967440E+00
    0.8296952111E+01      0.8296952111E+01      0.5302672762E-01      0.1695953348E+00
    0.8301447303E+01      0.8301447303E+01      0.7436194263E-01      0.1699009237E+00
    0.8307441908E+01      0.8307441908E+01      0.9596234610E-01      0.1702978499E+00
    0.8315042625E+01      0.8315042625E+01      0.1177572609E+00      0.1708660103E+00
    0.8324272915E+01      0.8324272915E+01      0.1397961962E+00      0.1714910950E+00
    0.8335294345E+01      0.8335294345E+01      0.1619657011E+00      0.1722314479E+00
    0.8347961120E+01      0.8347961120E+01      0.1844865075E+00      0.1729494519E+00
    0.8362498944E+01      0.8362498944E+01      0.2071663602E+00      0.1737945949E+00
    0.8378726309E+01      0.8378726309E+01      0.2302648322E+00      0.1746502803E+00
    0.8396867946E+01      0.8396867946E+01      0.2536229240E+00      0.1756143931E+00
    0.8416837509E+01      0.8416837509E+01      0.2774420265E+00      0.1766217549E+00
    0.8438717207E+01      0.8438717207E+01      0.3016968446E+00      0.1777599678E+00
    0.8462378550E+01      0.8462378550E+01      0.3264559529E+00      0.1788941396E+00
    0.8487744247E+01      0.8487744247E+01      0.3515456586E+00      0.1800103093E+00
    0.8514440041E+01      0.8514440041E+01      0.3766667832E+00      0.1806643272E+00
    0.8542137682E+01      0.8542137682E+01      0.4014900920E+00      0.1803197308E+00
    0.8570095927E+01      0.8570095927E+01      0.4256419464E+00      0.1785787869E+00
    0.8597608467E+01      0.8597608467E+01      0.4484143821E+00      0.1751145285E+00
    0.8622960954E+01      0.8622960954E+01      0.4680956652E+00      0.1714034010E+00
    0.8646069104E+01      0.8646069104E+01      0.4848283770E+00      0.1672876599E+00
    0.8667586946E+01      0.8667586946E+01      0.4990844881E+00      0.1618911792E+00
    0.8684750232E+01      0.8684750232E+01      0.5082732764E+00      0.1569893027E+00
    0.8696348971E+01      0.8696348971E+01      0.5112151078E+00      0.1533428970E+00
    0.8292125569E+01      0.8292125569E+01      0.1100119674E-01      0.2181972188E+00
    0.8293704183E+01      0.8293704183E+01      0.3214855441E-01      0.2182116332E+00
    0.8296742851E+01      0.8296742851E+01      0.5346638626E-01      0.2182723716E+00
    0.8301344284E+01      0.8301344284E+01      0.7490606700E-01      0.2186859761E+00
    0.8307479674E+01      0.8307479674E+01      0.9656572242E-01      0.2191860176E+00
    0.8315237458E+01      0.8315237458E+01      0.1184034993E+00      0.2198736854E+00
    0.8324626104E+01      0.8324626104E+01      0.1404718661E+00      0.2206333239E+00
    0.8335805192E+01      0.8335805192E+01      0.1626627040E+00      0.2215332818E+00
    0.8348604583E+01      0.8348604583E+01      0.1852385859E+00      0.2224464741E+00
    0.8363261622E+01      0.8363261622E+01      0.2080077499E+00      0.2235457960E+00
    0.8379599498E+01      0.8379599498E+01      0.2312166167E+00      0.2247213009E+00
    0.8397819059E+01      0.8397819059E+01      0.2547071090E+00      0.2260273541E+00
    0.8417832013E+01      0.8417832013E+01      0.2786388996E+00      0.2273375780E+00
    0.8439676184E+01      0.8439676184E+01      0.3029753945E+00      0.2287325517E+00
    0.8463199097E+01      0.8463199097E+01      0.3276814144E+00      0.2300899151E+00
    0.8488075728E+01      0.8488075728E+01      0.3524682382E+00      0.2311066251E+00
    0.8513900473E+01      0.8513900473E+01      0.3768855358E+00      0.2316669546E+00
    0.8540016390E+01      0.8540016390E+01      0.4006071580E+00      0.2309687195E+00
    0.8565729350E+01      0.8565729350E+01      0.4228698079E+00      0.2286595040E+00
    0.8591388536E+01      0.8591388536E+01      0.4441922351E+00      0.2245398287E+00
    0.8615987757E+01      0.8615987757E+01      0.4634429208E+00      0.2194096910E+00
    0.8638028685E+01      0.8638028685E+01      0.4793815863E+00      0.2143357733E+00
    0.8658817408E+01      0.8658817408E+01      0.4932490766E+00      0.2079501346E+00
    0.8676706722E+01      0.8676706722E+01      0.5032944041E+00      0.2015979992E+00
    0.8689203310E+01      0.8689203310E+01      0.5071439985E+00      0.1969039480E+00
    0.8291843830E+01      0.8291843830E+01      0.1112352341E-01      0.2668994641E+00
    0.8293455005E+01      0.8293455005E+01      0.3248803650E-01      0.2669527285E+00
    0.8296597055E+01      0.8296597055E+01      0.5396434693E-01      0.2670929611E+00
    0.8301330588E+01      0.8301330588E+01      0.7554849260E-01      0.2675783148E+00
    0.8307608932E+01      0.8307608932E+01      0.9733340844E-01      0.2681600317E+00
    0.8315542934E+01      0.8315542934E+01      0.1192748235E+00      0.2689642395E+00
    0.8325105339E+01      0.8325105339E+01      0.1414316164E+00      0.2698692956E+00
    0.8336463135E+01      0.8336463135E+01      0.1636889254E+00      0.2709412182E+00
    0.8349435586E+01      0.8349435586E+01      0.1863105761E+00      0.2720516311E+00
    0.8364236266E+01      0.8364236266E+01      0.2091476430E+00      0.2734017578E+00
    0.8380705138E+01      0.8380705138E+01      0.2324319720E+00      0.2748869977E+00
    0.8398984864E+01      0.8398984864E+01      0.2560452719E+00      0.2765388040E+00
    0.8419005038E+01      0.8419005038E+01      0.2800642275E+00      0.2781717687E+00
    0.8440718727E+01      0.8440718727E+01      0.3044124056E+00      0.2798387750E+00
    0.8463853015E+01      0.8463853015E+01      0.3289178615E+00      0.2811822624E+00
    0.8487968908E+01      0.8487968908E+01      0.3531025950E+00      0.2820012175E+00
    0.8512613056E+01      0.8512613056E+01      0.3767827821E+00      0.2821766818E+00
    0.8536853792E+01      0.8536853792E+01      0.3990782166E+00      0.2808952743E+00
    0.8560365704E+01      0.8560365704E+01      0.4196292472E+00      0.2778247633E+00
    0.8583765301E+01      0.8583765301E+01      0.4391357556E+00      0.2732977103E+00
    0.8607165694E+01      0.8607165694E+01      0.4576306740E+00      0.2670363293E+00
    0.8628462595E+01      0.8628462595E+01      0.4730555315E+00      0.2607694949E+00
    0.8648332969E+01      0.8648332969E+01      0.4862763181E+00      0.2538263392E+00
    0.8666767988E+01      0.8666767988E+01      0.4970082452E+00      0.2462561319E+00
    0.8680609211E+01      0.8680609211E+01      0.5022445702E+00      0.2404028660E+00
    0.8291632269E+01      0.8291632269E+01      0.1124646847E-01      0.3157331847E+00
    0.8293275452E+01      0.8293275452E+01      0.3282746266E-01      0.3158474068E+00
    0.8296514789E+01      0.8296514789E+01      0.5446496585E-01      0.3161021244E+00
    0.8301366681E+01      0.8301366681E+01      0.7620243334E-01      0.3166440034E+00
    0.8307805233E+01      0.8307805233E+01      0.9813903389E-01      0.3173112713E+00
    0.8315913783E+01      0.8315913783E+01      0.1202199835E+00      0.3182255190E+00
    0.8325644161E+01      0.8325644161E+01      0.1425399661E+00      0.3193016120E+00
    0.8337185098E+01      0.8337185098E+01      0.1649302979E+00      0.3205709386E+00
    0.8350343344E+01      0.8350343344E+01      0.1876516984E+00      0.3219183101E+00
    0.8365313503E+01      0.8365313503E+01      0.2105737344E+00      0.3235039567E+00
    0.8381928728E+01      0.8381928728E+01      0.2339438368E+00      0.3252487591E+00
    0.8400274727E+01      0.8400274727E+01      0.2576753950E+00      0.3271821655E+00
    0.8420249797E+01      0.8420249797E+01      0.2817507978E+00      0.3291533793E+00
    0.8441685933E+01      0.8441685933E+01      0.3059727789E+00      0.3308683151E+00
    0.8464014693E+01      0.8464014693E+01      0.3299098685E+00      0.3319685549E+00
    0.8487165569E+01      0.8487165569E+01      0.3534500706E+00      0.3325860488E+00
    0.8510125925E+01      0.8510125925E+01      0.3759269894E+00      0.3320579485E+00
    0.8532393549E+01      0.8532393549E+01      0.3967368960E+00      0.3299725647E+00
    0.8553938522E+01      0.8553938522E+01      0.4157960272E+00      0.3260606192E+00
    0.8575124474E+01      0.8575124474E+01      0.4336068060E+00      0.3210282703E+00
    0.8596672422E+01      0.8596672422E+01      0.4506711544E+00      0.3142946330E+00
    0.8617431584E+01      0.8617431584E+01      0.4658388269E+00      0.3067670565E+00
    0.8636485995E+01      0.8636485995E+01      0.4784777071E+00      0.2993052781E+00
    0.8655139565E+01      0.8655139565E+01      0.4896300838E+00      0.2909438856E+00
    0.8670562233E+01      0.8670562233E+01      0.4965818607E+00      0.2838532555E+00
    0.8291594580E+01      0.8291594580E+01      0.1137944600E-01      0.3647254601E+00
    0.8293278540E+01      0.8293278540E+01      0.3319498277E-01      0.3648994304E+00
    0.8296621123E+01      0.8296621123E+01      0.5502912578E-01      0.3652286452E+00
    0.8301609111E+01      0.8301609111E+01      0.7696514406E-01      0.3658295254E+00
    0.8308205575E+01      0.8308205575E+01      0.9907981599E-01      0.3665714420E+00
    0.8316498191E+01      0.8316498191E+01      0.1213365469E+00      0.3675835982E+00
    0.8326422220E+01      0.8326422220E+01      0.1438357797E+00      0.3687965919E+00
    0.8338131123E+01      0.8338131123E+01      0.1664328685E+00      0.3702835968E+00
    0.8351466174E+01      0.8351466174E+01      0.1893052800E+00      0.3719132681E+00
    0.8366564948E+01      0.8366564948E+01      0.2123546307E+00      0.3737776800E+00
    0.8383293782E+01      0.8383293782E+01      0.2357839470E+00      0.3757546406E+00
    0.8401628203E+01      0.8401628203E+01      0.2595778598E+00      0.3779748674E+00
    0.8421412871E+01      0.8421412871E+01      0.2835598954E+00      0.3800441381E+00
    0.8442043380E+01      0.8442043380E+01      0.3072903932E+00      0.3815062561E+00
    0.8463573057E+01      0.8463573057E+01      0.3306034499E+00      0.3824949096E+00
    0.8485220724E+01      0.8485220724E+01      0.3531659298E+00      0.3825158330E+00
    0.8506224775E+01      0.8506224775E+01      0.3741534823E+00      0.3811028217E+00
    0.8526547039E+01      0.8526547039E+01      0.3935158170E+00      0.3781629207E+00
    0.8546223799E+01      0.8546223799E+01      0.4112616258E+00      0.3734887507E+00
    0.8565638841E+01      0.8565638841E+01      0.4276823503E+00      0.3676609684E+00
    0.8585085435E+01      0.8585085435E+01      0.4431037386E+00      0.3608320107E+00
    0.8604968501E+01      0.8604968501E+01      0.4578333563E+00      0.3524887051E+00
    0.8623636438E+01      0.8623636438E+01      0.4702326038E+00      0.3443638515E+00
    0.8642015029E+01      0.8642015029E+01      0.4813556834E+00      0.3357488715E+00
    0.8659011803E+01      0.8659011803E+01      0.4899537048E+00      0.3275436362E+00
    0.8291690832E+01      0.8291690832E+01      0.1151546107E-01      0.4139441985E+00
    0.8293409141E+01      0.8293409141E+01      0.3357279461E-01      0.4142014757E+00
    0.8296854516E+01      0.8296854516E+01      0.5563190054E-01      0.4146374754E+00
    0.8301955678E+01      0.8301955678E+01      0.7780795327E-01      0.4153232130E+00
    0.8308703940E+01      0.8308703940E+01      0.1001369526E+00      0.4161742956E+00
    0.8317177625E+01      0.8317177625E+01      0.1225801649E+00      0.4172781433E+00
    0.8327289640E+01      0.8327289640E+01      0.1452703099E+00      0.4186218919E+00
    0.8339167309E+01      0.8339167309E+01      0.1680918680E+00      0.4202886868E+00
    0.8352673675E+01      0.8352673675E+01      0.1911610569E+00      0.4221878577E+00
    0.8367887117E+01      0.8367887117E+01      0.2143922922E+00      0.4242972855E+00
    0.8384669602E+01      0.8384669602E+01      0.2379296075E+00      0.4264934074E+00
    0.8402901127E+01      0.8402901127E+01      0.2616569258E+00      0.4287546408E+00
    0.8421916719E+01      0.8421916719E+01      0.2851836326E+00      0.4305014491E+00
    0.8441778993E+01      0.8441778993E+01      0.3082500384E+00      0.4318170220E+00
    0.8462061788E+01      0.8462061788E+01      0.3308193277E+00      0.4323542828E+00
    0.8481814193E+01      0.8481814193E+01      0.3519569814E+00      0.4315222479E+00
    0.8500844583E+01      0.8500844583E+01      0.3714792247E+00      0.4291659099E+00
    0.8519317636E+01      0.8519317636E+01      0.3894864262E+00      0.4254036936E+00
    0.8537334556E+01      0.8537334556E+01      0.4059924569E+00      0.4200334691E+00
    0.8555152691E+01      0.8555152691E+01      0.4212596692E+00      0.4134370527E+00
    0.8572926435E+01      0.8572926435E+01      0.4355795639E+00      0.4062887111E+00
    0.8591371272E+01      0.8591371272E+01      0.4490899761E+00      0.3978982909E+00
    0.8609856054E+01      0.8609856054E+01      0.4615861924E+00      0.3891137041E+00
    0.8627927464E+01      0.8627927464E+01      0.4725653864E+00      0.3804419207E+00
    0.8646041821E+01      0.8646041821E+01      0.4823948581E+00      0.3715721691E+00
    0.8292136382E+01      0.8292136382E+01      0.1165675485E-01      0.4633361392E+00
    0.8293898274E+01      0.8293898274E+01      0.3397663414E-01      0.4636868976E+00
    0.8297434786E+01      0.8297434786E+01      0.5630197749E-01      0.4642001969E+00
    0.8302652504E+01      0.8302652504E+01      0.7876899848E-01      0.4649635754E+00
    0.8309544185E+01      0.8309544185E+01      0.1013722730E+00      0.4659437685E+00
    0.8318165663E+01      0.8318165663E+01      0.1240793844E+00      0.4671774196E+00
    0.8328442226E+01      0.8328442226E+01      0.1469886972E+00      0.4686743558E+00
    0.8340444625E+01      0.8340444625E+01      0.1700333910E+00      0.4705195718E+00
    0.8354065717E+01      0.8354065717E+01      0.1932897708E+00      0.4726721406E+00
    0.8369306301E+01      0.8369306301E+01      0.2167078099E+00      0.4750389047E+00
    0.8386054160E+01      0.8386054160E+01      0.2402337178E+00      0.4773437141E+00
    0.8403522487E+01      0.8403522487E+01      0.2635407741E+00      0.4791467338E+00
    0.8421719526E+01      0.8421719526E+01      0.2863276690E+00      0.4806070039E+00
    0.8440519144E+01      0.8440519144E+01      0.3087443329E+00      0.4815069386E+00
    0.8459037135E+01      0.8459037135E+01      0.3300472384E+00      0.4812120807E+00
    0.8476834573E+01      0.8476834573E+01      0.3497465849E+00      0.4794039028E+00
    0.8494011754E+01      0.8494011754E+01      0.3679059479E+00      0.4761455198E+00
    0.8510786633E+01      0.8510786633E+01      0.3846790080E+00      0.4716059325E+00
    0.8527276610E+01      0.8527276610E+01      0.4001400231E+00      0.4656449453E+00
    0.8543686349E+01      0.8543686349E+01      0.4144487030E+00      0.4585248872E+00
    0.8560204104E+01      0.8560204104E+01      0.4277752086E+00      0.4508850013E+00
    0.8577209827E+01      0.8577209827E+01      0.4403497653E+00      0.4427080804E+00
    0.8595180829E+01      0.8595180829E+01      0.4524656947E+00      0.4337619656E+00
    0.8613158434E+01      0.8613158434E+01      0.4636432899E+00      0.4250577852E+00
    0.8631725547E+01      0.8631725547E+01      0.4739694537E+00      0.4160979993E+00
    0.8292837893E+01      0.8292837893E+01      0.1178995539E-01      0.5131710512E+00
    0.8294644167E+01      0.8294644167E+01      0.3436213578E-01      0.5135969847E+00
    0.8298258818E+01      0.8298258818E+01      0.5696519307E-01      0.5141710422E+00
    0.8303579819E+01      0.8303579819E+01      0.7973446056E-01      0.5150005969E+00
    0.8310603733E+01      0.8310603733E+01      0.1026436428E+00      0.5161197398E+00
    0.8319354112E+01      0.8319354112E+01      0.1256701812E+00      0.5174848952E+00
    0.8329768851E+01      0.8329768851E+01      0.1488647551E+00      0.5191352322E+00
    0.8341865277E+01      0.8341865277E+01      0.1721815259E+00      0.5211331157E+00
    0.8355564964E+01      0.8355564964E+01      0.1956578756E+00      0.5234676263E+00
    0.8370831523E+01      0.8370831523E+01      0.2191978091E+00      0.5260166585E+00
    0.8386803835E+01      0.8386803835E+01      0.2424252257E+00      0.5278179703E+00
    0.8403357304E+01      0.8403357304E+01      0.2649650937E+00      0.5291975364E+00
    0.8420575971E+01      0.8420575971E+01      0.2870823437E+00      0.5301706134E+00
    0.8437775191E+01      0.8437775191E+01      0.3083916192E+00      0.5301882836E+00
    0.8454348981E+01      0.8454348981E+01      0.3282323350E+00      0.5288391259E+00
    0.8470283576E+01      0.8470283576E+01      0.3465779557E+00      0.5260642173E+00
    0.8485759948E+01      0.8485759948E+01      0.3635231011E+00      0.5219840795E+00
    0.8500995259E+01      0.8500995259E+01      0.3792448091E+00      0.5167729745E+00
    0.8516120469E+01      0.8516120469E+01      0.3938102026E+00      0.5103980028E+00
    0.8531278218E+01      0.8531278218E+01      0.4072722354E+00      0.5029381648E+00
    0.8546684354E+01      0.8546684354E+01      0.4198121906E+00      0.4950608003E+00
    0.8562668293E+01      0.8562668293E+01      0.4317364674E+00      0.4869936977E+00
    0.8579787610E+01      0.8579787610E+01      0.4433110123E+00      0.4783949459E+00
    0.8597743999E+01      0.8597743999E+01      0.4546772397E+00      0.4697301584E+00
    0.8616310713E+01      0.8616310713E+01      0.4652712122E+00      0.4610926863E+00
    0.8294053401E+01      0.8294053401E+01      0.1193715707E-01      0.5633395560E+00
    0.8295898108E+01      0.8295898108E+01      0.3479180885E-01      0.5638242343E+00
    0.8299567051E+01      0.8299567051E+01      0.5769934827E-01      0.5644452918E+00
    0.8304970047E+01      0.8304970047E+01      0.8077447614E-01      0.5653378917E+00
    0.8312090309E+01      0.8312090309E+01      0.1039995341E+00      0.5665993317E+00
    0.8320914991E+01      0.8320914991E+01      0.1273601183E+00      0.5681070357E+00
    0.8331398831E+01      0.8331398831E+01      0.1508633833E+00      0.5699065307E+00
    0.8343509856E+01      0.8343509856E+01      0.1744897583E+00      0.5720708941E+00
    0.8357245549E+01      0.8357245549E+01      0.1981454595E+00      0.5745482942E+00
    0.8371739107E+01      0.8371739107E+01      0.2215148969E+00      0.5765555094E+00
    0.8386691331E+01      0.8386691331E+01      0.2440283855E+00      0.5778755630E+00
    0.8402263624E+01      0.8402263624E+01      0.2659123831E+00      0.5787456165E+00
    0.8418030968E+01      0.8418030968E+01      0.2871060870E+00      0.5787901759E+00
    0.8433323098E+01      0.8433323098E+01      0.3069697262E+00      0.5776579596E+00
    0.8448001795E+01      0.8448001795E+01      0.3254120023E+00      0.5751935343E+00
    0.8462209569E+01      0.8462209569E+01      0.3425275025E+00      0.5715208926E+00
    0.8476129111E+01      0.8476129111E+01      0.3584373652E+00      0.5667329900E+00
    0.8489963687E+01      0.8489963687E+01      0.3732705440E+00      0.5610138071E+00
    0.8503820463E+01      0.8503820463E+01      0.3870617802E+00      0.5544067438E+00
    0.8517855279E+01      0.8517855279E+01      0.3998565506E+00      0.5469080634E+00
    0.8532333860E+01      0.8532333860E+01      0.4118339118E+00      0.5390672215E+00
    0.8547555633E+01      0.8547555633E+01      0.4232933612E+00      0.5311418707E+00
    0.8563880561E+01      0.8563880561E+01      0.4345644913E+00      0.5230786547E+00
    0.8581491054E+01      0.8581491054E+01      0.4458708105E+00      0.5148232931E+00
    0.8599862010E+01      0.8599862010E+01      0.4568921297E+00      0.5066983767E+00
    0.8295737765E+01      0.8295737765E+01      0.1209583019E-01      0.6140699735E+00
    0.8297605262E+01      0.8297605262E+01      0.3526204708E-01      0.6145986937E+00
    0.8301309845E+01      0.8301309845E+01      0.5849224261E-01      0.6152481911E+00
    0.8306766471E+01      0.8306766471E+01      0.8188214563E-01      0.6161924424E+00
    0.8313948598E+01      0.8313948598E+01      0.1054191724E+00      0.6175549529E+00
    0.8322800384E+01      0.8322800384E+01      0.1291083710E+00      0.6191653767E+00
    0.8333290773E+01      0.8333290773E+01      0.1529328214E+00      0.6210759307E+00
    0.8345410661E+01      0.8345410661E+01      0.1767866071E+00      0.6233722052E+00
    0.8358383974E+01      0.8358383974E+01      0.2003572297E+00      0.6252188360E+00
    0.8371716897E+01      0.8371716897E+01      0.2230336580E+00      0.6265421991E+00
    0.8385629130E+01      0.8385629130E+01      0.2449655522E+00      0.6273774859E+00
    0.8399843691E+01      0.8399843691E+01      0.2661397814E+00      0.6273575991E+00
    0.8413785058E+01      0.8413785058E+01      0.2860644951E+00      0.6262445572E+00
    0.8427152369E+01      0.8427152369E+01      0.3045563152E+00      0.6238796883E+00
    0.8440060576E+01      0.8440060576E+01      0.3217607692E+00      0.6203795741E+00
    0.8452658054E+01      0.8452658054E+01      0.3378202728E+00      0.6159109653E+00
    0.8465126453E+01      0.8465126453E+01      0.3528549660E+00      0.6105692365E+00
    0.8477624519E+01      0.8477624519E+01      0.3669312185E+00      0.6045163168E+00
    0.8490315345E+01      0.8490315345E+01      0.3800963373E+00      0.5978936382E+00
    0.8503377529E+01      0.8503377529E+01      0.3924125581E+00      0.5906572853E+00
    0.8517100758E+01      0.8517100758E+01      0.4040288107E+00      0.5830811194E+00
    0.8531645289E+01      0.8531645289E+01      0.4152993887E+00      0.5755351531E+00
    0.8547262228E+01      0.8547262228E+01      0.4264717726E+00      0.5681084011E+00
    0.8564096743E+01      0.8564096743E+01      0.4377902887E+00      0.5607189185E+00
    0.8582120105E+01      0.8582120105E+01      0.4491645741E+00      0.5534419698E+00
    0.8298086886E+01      0.8298086886E+01      0.1226639212E-01      0.6653473962E+00
    0.8299950084E+01      0.8299950084E+01      0.3578321749E-01      0.6659073073E+00
    0.8303642849E+01      0.8303642849E+01      0.5936327098E-01      0.6665754670E+00
    0.8309088364E+01      0.8309088364E+01      0.8307943428E-01      0.6675567291E+00
    0.8316248676E+01      0.8316248676E+01      0.1069247442E+00      0.6689808566E+00
    0.8325051425E+01      0.8325051425E+01      0.1309141758E+00      0.6706516128E+00
    0.8335497047E+01      0.8335497047E+01      0.1549500108E+00      0.6726417411E+00
    0.8346855529E+01      0.8346855529E+01      0.1787536109E+00      0.6743163285E+00
    0.8358493312E+01      0.8358493312E+01      0.2016111170E+00      0.6751986635E+00
    0.8370710737E+01      0.8370710737E+01      0.2237061811E+00      0.6759334684E+00
    0.8383288325E+01      0.8383288325E+01      0.2450572759E+00      0.6758778401E+00
    0.8395789580E+01      0.8395789580E+01      0.2652454085E+00      0.6747832380E+00
    0.8407788363E+01      0.8407788363E+01      0.2839345720E+00      0.6724353566E+00
    0.8419335500E+01      0.8419335500E+01      0.3012564623E+00      0.6689684139E+00
    0.8430569134E+01      0.8430569134E+01      0.3174162901E+00      0.6645806588E+00
    0.8441638023E+01      0.8441638023E+01      0.3325712599E+00      0.6594760571E+00
    0.8452692173E+01      0.8452692173E+01      0.3468449649E+00      0.6537471990E+00
    0.8463934317E+01      0.8463934317E+01      0.3602988412E+00      0.6475668225E+00
    0.8475572868E+01      0.8475572868E+01      0.3730282327E+00      0.6411594361E+00
    0.8487768058E+01      0.8487768058E+01      0.3851208155E+00      0.6344437883E+00
    0.8500674238E+01      0.8500674238E+01      0.3967323721E+00      0.6274832157E+00
    0.8514405042E+01      0.8514405042E+01      0.4081070920E+00      0.6207251186E+00
    0.8529246162E+01      0.8529246162E+01      0.4194231111E+00      0.6142069516E+00
    0.8545509224E+01      0.8545509224E+01      0.4307911572E+00      0.6077251743E+00
    0.8563452289E+01      0.8563452289E+01      0.4421793389E+00      0.6010132469E+00
    0.8301140420E+01      0.8301140420E+01      0.1243400616E-01      0.7173082513E+00
    0.8302966923E+01      0.8302966923E+01      0.3631582730E-01      0.7178749677E+00
    0.8306589571E+01      0.8306589571E+01      0.6025006250E-01      0.7185251799E+00
    0.8311933258E+01      0.8311933258E+01      0.8429665238E-01      0.7194959609E+00
    0.8318963653E+01      0.8318963653E+01      0.1084422651E+00      0.7208978212E+00
    0.8327648371E+01      0.8327648371E+01      0.1326398839E+00      0.7225672282E+00
    0.8337299565E+01      0.8337299565E+01      0.1566157066E+00      0.7238586994E+00
    0.8347157105E+01      0.8347157105E+01      0.1796733415E+00      0.7243905543E+00
    0.8357603599E+01      0.8357603599E+01      0.2019180921E+00      0.7246058866E+00
    0.8368464992E+01      0.8368464992E+01      0.2234526914E+00      0.7243007249E+00
    0.8379409870E+01      0.8379409870E+01      0.2440051650E+00      0.7231867637E+00
    0.8389974389E+01      0.8389974389E+01      0.2631193911E+00      0.7208954725E+00
    0.8400089885E+01      0.8400089885E+01      0.2807936647E+00      0.7174634983E+00
    0.8409890137E+01      0.8409890137E+01      0.2972075185E+00      0.7131140375E+00
    0.8419511922E+01      0.8419511922E+01      0.3125379112E+00      0.7080606244E+00
    0.8429086193E+01      0.8429086193E+01      0.3269669226E+00      0.7025221292E+00
    0.8438798878E+01      0.8438798878E+01      0.3406198468E+00      0.6966194748E+00
    0.8448888386E+01      0.8448888386E+01      0.3536618323E+00      0.6905081132E+00
    0.8459479937E+01      0.8459479937E+01      0.3662927482E+00      0.6845629335E+00
    0.8470642340E+01      0.8470642340E+01      0.3785521027E+00      0.6787656753E+00
    0.8482670759E+01      0.8482670759E+01      0.3903962665E+00      0.6727982195E+00
    0.8496004663E+01      0.8496004663E+01      0.4018544443E+00      0.6667232584E+00
    0.8510901687E+01      0.8510901687E+01      0.4130807672E+00      0.6603888317E+00
    0.8527481713E+01      0.8527481713E+01      0.4242842818E+00      0.6538815667E+00
    0.8545828376E+01      0.8545828376E+01      0.4355353917E+00      0.6472925011E+00
    0.8304950416E+01      0.8304950416E+01      0.1258289590E-01      0.7699885399E+00
    0.8306694559E+01      0.8306694559E+01      0.3681900830E-01      0.7705293009E+00
    0.8310171530E+01      0.8310171530E+01      0.6108020342E-01      0.7711035096E+00
    0.8315286540E+01      0.8315286540E+01      0.8541571210E-01      0.7719598078E+00
    0.8322059234E+01      0.8322059234E+01      0.1097763895E+00      0.7731977232E+00
    0.8329831547E+01      0.8329831547E+01      0.1338766515E+00      0.7740778889E+00
    0.8337856680E+01      0.8337856680E+01      0.1571646778E+00      0.7741040940E+00
    0.8346473717E+01      0.8346473717E+01      0.1795733760E+00      0.7739105491E+00
    0.8355523694E+01      0.8355523694E+01      0.2012888965E+00      0.7730235207E+00
    0.8364798682E+01      0.8364798682E+01      0.2221198731E+00      0.7715628117E+00
    0.8373814002E+01      0.8373814002E+01      0.2416822486E+00      0.7692316497E+00
    0.8382417818E+01      0.8382417818E+01      0.2598609670E+00      0.7658031707E+00
    0.8390699737E+01      0.8390699737E+01      0.2767591763E+00      0.7615012587E+00
    0.8398794617E+01      0.8398794617E+01      0.2924873559E+00      0.7565422429E+00
    0.8406825551E+01      0.8406825551E+01      0.3072089630E+00      0.7511065858E+00
    0.8414969529E+01      0.8414969529E+01      0.3211145335E+00      0.7453908395E+00
    0.8423389210E+01      0.8423389210E+01      0.3345013666E+00      0.7395688826E+00
    0.8432200556E+01      0.8432200556E+01      0.3475818531E+00      0.7339143080E+00
    0.8441692370E+01      0.8441692370E+01      0.3603603360E+00      0.7287646235E+00
    0.8452359505E+01      0.8452359505E+01      0.3726610243E+00      0.7236417012E+00
    0.8464492741E+01      0.8464492741E+01      0.3843975812E+00      0.7178062252E+00
    0.8478266866E+01      0.8478266866E+01      0.3957004409E+00      0.7115415073E+00
    0.8493804046E+01      0.8493804046E+01      0.4067594705E+00      0.7049396292E+00
    0.8511137304E+01      0.8511137304E+01      0.4177517308E+00      0.6982480664E+00
    0.8530208289E+01      0.8530208289E+01      0.4288406435E+00      0.6915610679E+00
    0.8309454510E+01      0.8309454510E+01      0.1268503513E-01      0.8233433912E+00
    0.8311060156E+01      0.8311060156E+01      0.3722754903E-01      0.8238179491E+00
    0.8314284039E+01      0.8314284039E+01      0.6173601694E-01      0.8242386403E+00
    0.8318988058E+01      0.8318988058E+01      0.8621677604E-01      0.8247478678E+00
    0.8324656951E+01      0.8324656951E+01      0.1104201033E+00      0.8250463099E+00
    0.8330760022E+01      0.8330760022E+01      0.1339621167E+00      0.8245918739E+00
    0.8337422750E+01      0.8337422750E+01      0.1565788603E+00      0.8237238368E+00
    0.8344650021E+01      0.8344650021E+01      0.1785211033E+00      0.8224459448E+00
    0.8352125724E+01      0.8352125724E+01      0.1996101800E+00      0.8204168517E+00
    0.8359503863E+01      0.8359503863E+01      0.2195748259E+00      0.8176843572E+00
    0.8366477829E+01      0.8366477829E+01      0.2382184836E+00      0.8141416174E+00
    0.8373125501E+01      0.8373125501E+01      0.2556318041E+00      0.8097563479E+00
    0.8379587880E+01      0.8379587880E+01      0.2719298219E+00      0.8048202001E+00
    0.8385970270E+01      0.8385970270E+01      0.2872286917E+00      0.7995391166E+00
    0.8392424781E+01      0.8392424781E+01      0.3016882708E+00      0.7940441279E+00
    0.8399092605E+01      0.8399092605E+01      0.3155999086E+00      0.7885366314E+00
    0.8406189175E+01      0.8406189175E+01      0.3291162132E+00      0.7832242955E+00
    0.8414239530E+01      0.8414239530E+01      0.3421603516E+00      0.7779557841E+00
    0.8423651860E+01      0.8423651860E+01      0.3546649795E+00      0.7726672471E+00
    0.8434702183E+01      0.8434702183E+01      0.3666629797E+00      0.7671567565E+00
    0.8447536543E+01      0.8447536543E+01      0.3781728261E+00      0.7609627952E+00
    0.8462187982E+01      0.8462187982E+01      0.3892975171E+00      0.7542514374E+00
    0.8478620441E+01      0.8478620441E+01      0.4002017020E+00      0.7471718933E+00
    0.8496869776E+01      0.8496869776E+01      0.4110121769E+00      0.7400214483E+00
    0.8516903948E+01      0.8516903948E+01      0.4218950490E+00      0.7331011604E+00
    0.8314371592E+01      0.8314371592E+01      0.1269294749E-01      0.8771038973E+00
    0.8315705277E+01      0.8315705277E+01      0.3740603545E-01      0.8773632169E+00
    0.8318315306E+01      0.8318315306E+01      0.6195069443E-01      0.8772366332E+00
    0.8321911400E+01      0.8321911400E+01      0.8620731300E-01      0.8768334700E+00
    0.8326104054E+01      0.8326104054E+01      0.1099085678E+00      0.8758924486E+00
    0.8330714624E+01      0.8330714624E+01      0.1327764153E+00      0.8743364791E+00
    0.8335997328E+01      0.8335997328E+01      0.1549723053E+00      0.8724779634E+00
    0.8341632308E+01      0.8341632308E+01      0.1764065058E+00      0.8700038543E+00
    0.8347192483E+01      0.8347192483E+01      0.1967440281E+00      0.8667647816E+00
    0.8352470031E+01      0.8352470031E+01      0.2158525798E+00      0.8627515713E+00
    0.8357373920E+01      0.8357373920E+01      0.2337617564E+00      0.8582062807E+00
    0.8362079373E+01      0.8362079373E+01      0.2505922046E+00      0.8531051957E+00
    0.8366690414E+01      0.8366690414E+01      0.2665267329E+00      0.8477806010E+00
    0.8371376941E+01      0.8371376941E+01      0.2817479214E+00      0.8424240215E+00
    0.8376285615E+01      0.8376285615E+01      0.2964418658E+00      0.8372178381E+00
    0.8381879398E+01      0.8381879398E+01      0.3105209927E+00      0.8320756449E+00
    0.8388600102E+01      0.8388600102E+01      0.3238961261E+00      0.8266275047E+00
    0.8396778540E+01      0.8396778540E+01      0.3366124090E+00      0.8208215548E+00
    0.8406771883E+01      0.8406771883E+01      0.3486837335E+00      0.8148657310E+00
    0.8418733130E+01      0.8418733130E+01      0.3602183166E+00      0.8086265153E+00
    0.8432668846E+01      0.8432668846E+01      0.3713546330E+00      0.8017527415E+00
    0.8448499612E+01      0.8448499612E+01      0.3821964249E+00      0.7944142795E+00
    0.8466098964E+01      0.8466098964E+01      0.3929306426E+00      0.7867984222E+00
    0.8485439986E+01      0.8485439986E+01      0.4036491607E+00      0.7791304767E+00
    0.8506436965E+01      0.8506436965E+01      0.4145589713E+00      0.7716651495E+00
    0.8318664633E+01      0.8318664633E+01      0.1253575943E-01      0.9302089715E+00
    0.8319590920E+01      0.8319590920E+01      0.3711941965E-01      0.9301551147E+00
    0.8321373082E+01      0.8321373082E+01      0.6139221393E-01      0.9293103104E+00
    0.8323744416E+01      0.8323744416E+01      0.8514478092E-01      0.9278747950E+00
    0.8326485722E+01      0.8326485722E+01      0.1081600276E+00      0.9257950952E+00
    0.8329864326E+01      0.8329864326E+01      0.1305391915E+00      0.9234079957E+00
    0.8333563164E+01      0.8333563164E+01      0.1522856294E+00      0.9203679557E+00
    0.8337229208E+01      0.8337229208E+01      0.1730700816E+00      0.9166341316E+00
    0.8340553099E+01      0.8340553099E+01      0.1926138990E+00      0.9121588034E+00
    0.8343637023E+01      0.8343637023E+01      0.2110713121E+00      0.9070316360E+00
    0.8346486134E+01      0.8346486134E+01      0.2284819750E+00      0.9017815302E+00
    0.8349236460E+01      0.8349236460E+01      0.2450420430E+00      0.8962240921E+00
    0.8352071345E+01      0.8352071345E+01      0.2610164582E+00      0.8907581654E+00
    0.8355287152E+01      0.8355287152E+01      0.2764597672E+00      0.8855343500E+00
    0.8359428402E+01      0.8359428402E+01      0.2911598316E+00      0.8802464689E+00
    0.8364836836E+01      0.8364836836E+01      0.3050576133E+00      0.8745441845E+00
    0.8371932765E+01      0.8371932765E+01      0.3181164534E+00      0.8684739255E+00
    0.8380957283E+01      0.8380957283E+01      0.3303824405E+00      0.8619203562E+00
    0.8392074853E+01      0.8392074853E+01      0.3419609353E+00      0.8549519956E+00
    0.8405276965E+01      0.8405276965E+01      0.3530482943E+00      0.8475874128E+00
    0.8420460373E+01      0.8420460373E+01      0.3638548026E+00      0.8396913187E+00
    0.8437486804E+01      0.8437486804E+01      0.3745283190E+00      0.8314842795E+00
    0.8456282997E+01      0.8456282997E+01      0.3851664430E+00      0.8231980560E+00
    0.8476840642E+01      0.8476840642E+01      0.3958106387E+00      0.8149992308E+00
    0.8499054126E+01      0.8499054126E+01      0.4066408253E+00      0.8070177788E+00
    0.8321893427E+01      0.8321893427E+01      0.1219151233E-01      0.9821969748E+00
    0.8322380239E+01      0.8322380239E+01      0.3629008754E-01      0.9817959955E+00
    0.8323248457E+01      0.8323248457E+01      0.5993975706E-01      0.9802425904E+00
    0.8324421034E+01      0.8324421034E+01      0.8300004945E-01      0.9778619508E+00
    0.8326112384E+01      0.8326112384E+01      0.1054485380E+00      0.9750488434E+00
    0.8327999607E+01      0.8327999607E+01      0.1273232182E+00      0.9715788204E+00
    0.8329764876E+01      0.8329764876E+01      0.1483921604E+00      0.9673938180E+00
    0.8331180158E+01      0.8331180158E+01      0.1684296075E+00      0.9624096945E+00
    0.8332198935E+01      0.8332198935E+01      0.1873736088E+00      0.9568910332E+00
    0.8333013994E+01      0.8333013994E+01      0.2053743541E+00      0.9509339168E+00
    0.8333819663E+01      0.8333819663E+01      0.2227303294E+00      0.9451714188E+00
    0.8334704591E+01      0.8334704591E+01      0.2394768723E+00      0.9395618311E+00
    0.8336308996E+01      0.8336308996E+01      0.2555054848E+00      0.9338814668E+00
    0.8338977785E+01      0.8338977785E+01      0.2708190862E+00      0.9280068736E+00
    0.8343126972E+01      0.8343126972E+01      0.2852422066E+00      0.9218922272E+00
    0.8349140966E+01      0.8349140966E+01      0.2987204610E+00      0.9153885871E+00
    0.8357273655E+01      0.8357273655E+01      0.3113115026E+00      0.9082735783E+00
    0.8367658626E+01      0.8367658626E+01      0.3230607382E+00      0.9004995898E+00
    0.8380245858E+01      0.8380245858E+01      0.3341369881E+00      0.8922727142E+00
    0.8394926696E+01      0.8394926696E+01      0.3448343939E+00      0.8837134615E+00
    0.8411488930E+01      0.8411488930E+01      0.3554186779E+00      0.8748074313E+00
    0.8429833423E+01      0.8429833423E+01      0.3660330520E+00      0.8656817574E+00
    0.8449804926E+01      0.8449804926E+01      0.3767113205E+00      0.8566149522E+00
    0.8471473889E+01      0.8471473889E+01      0.3874210080E+00      0.8476388959E+00
    0.8494826067E+01      0.8494826067E+01      0.3982867353E+00      0.8390549288E+00
    0.8323693066E+01      0.8323693066E+01      0.1166796791E-01      0.1032794256E+01
    0.8323734424E+01      0.8323734424E+01      0.3494152919E-01      0.1032047988E+01
    0.8323875361E+01      0.8323875361E+01      0.5774013258E-01      0.1029875678E+01
    0.8324193536E+01      0.8324193536E+01      0.8005405352E-01      0.1026946731E+01
    0.8324511339E+01      0.8324511339E+01      0.1018358639E+00      0.1023284120E+01
    0.8324533559E+01      0.8324533559E+01      0.1229139820E+00      0.1018718871E+01
    0.8324138436E+01      0.8324138436E+01      0.1432444595E+00      0.1013399286E+01
    0.8323240941E+01      0.8323240941E+01      0.1627896296E+00      0.1007452246E+01
    0.8322058761E+01      0.8322058761E+01      0.1814748582E+00      0.1001315846E+01
    0.8320801949E+01      0.8320801949E+01      0.1993354634E+00      0.9948313417E+00
    0.8319912118E+01      0.8319912118E+01      0.2166137760E+00      0.9885939722E+00
    0.8319597747E+01      0.8319597747E+01      0.2333576961E+00      0.9825557623E+00
    0.8320760932E+01      0.8320760932E+01      0.2494773527E+00      0.9759486919E+00
    0.8323644144E+01      0.8323644144E+01      0.2644066324E+00      0.9691751153E+00
    0.8328599412E+01      0.8328599412E+01      0.2782647087E+00      0.9619477705E+00
    0.8335902611E+01      0.8335902611E+01      0.2911211207E+00      0.9540341384E+00
    0.8345575367E+01      0.8345575367E+01      0.3030880141E+00      0.9453761939E+00
    0.8357476345E+01      0.8357476345E+01      0.3143453242E+00      0.9360547500E+00
    0.8371531665E+01      0.8371531665E+01      0.3251346381E+00      0.9262556989E+00
    0.8387553294E+01      0.8387553294E+01      0.3356904486E+00      0.9163155320E+00
    0.8405483915E+01      0.8405483915E+01      0.3462122818E+00      0.9062740592E+00
    0.8425079840E+01      0.8425079840E+01      0.3567776748E+00      0.8963128308E+00
    0.8446278947E+01      0.8446278947E+01      0.3674890320E+00      0.8865165069E+00
    0.8469123400E+01      0.8469123400E+01      0.3783655879E+00      0.8770595121E+00
    0.8493745701E+01      0.8493745701E+01      0.3896328353E+00      0.8677624899E+00
    0.8324051194E+01      0.8324051194E+01      0.1099152315E-01      0.1081716664E+01
    0.8323688123E+01      0.8323688123E+01      0.3321074939E-01      0.1080775118E+01
    0.8323149573E+01      0.8323149573E+01      0.5495532258E-01      0.1078282811E+01
    0.8322278108E+01      0.8322278108E+01      0.7630835324E-01      0.1074670841E+01
    0.8320898212E+01      0.8320898212E+01      0.9714510443E-01      0.1070013958E+01
    0.8318907642E+01      0.8318907642E+01      0.1174613198E+00      0.1064516238E+01
    0.8316340013E+01      0.8316340013E+01      0.1372526274E+00      0.1058417731E+01
    0.8313335931E+01      0.8313335931E+01      0.1564992512E+00      0.1051894555E+01
    0.8310318271E+01      0.8310318271E+01      0.1750619795E+00      0.1045295467E+01
    0.8307661603E+01      0.8307661603E+01      0.1929869207E+00      0.1038462320E+01
    0.8305811695E+01      0.8305811695E+01      0.2100643977E+00      0.1031486986E+01
    0.8305089522E+01      0.8305089522E+01      0.2264772488E+00      0.1024357678E+01
    0.8306619126E+01      0.8306619126E+01      0.2423837615E+00      0.1016791450E+01
    0.8310459007E+01      0.8310459007E+01      0.2567172705E+00      0.1008614147E+01
    0.8316891907E+01      0.8316891907E+01      0.2698273400E+00      0.9996236173E+00
    0.8325938863E+01      0.8325938863E+01      0.2819020279E+00      0.9897617465E+00
    0.8337385564E+01      0.8337385564E+01      0.2931640643E+00      0.9793377720E+00
    0.8351068366E+01      0.8351068366E+01      0.3039089420E+00      0.9685055214E+00
    0.8366646517E+01      0.8366646517E+01      0.3144659821E+00      0.9573984229E+00
    0.8384011094E+01      0.8384011094E+01      0.3251291794E+00      0.9461048039E+00
    0.8403035545E+01      0.8403035545E+01      0.3359478741E+00      0.9350667238E+00
    0.8424045350E+01      0.8424045350E+01      0.3468296816E+00      0.9243819632E+00
    0.8447114340E+01      0.8447114340E+01      0.3576243649E+00      0.9139300063E+00
    0.8471995180E+01      0.8471995180E+01      0.3684906355E+00      0.9030507350E+00
    0.8498346869E+01      0.8498346869E+01      0.3796207978E+00      0.8918389662E+00
    0.8322124274E+01      0.8322124274E+01      0.1019016263E-01      0.1128720916E+01
    0.8321218215E+01      0.8321218215E+01      0.3108971851E-01      0.1127473716E+01
    0.8319727595E+01      0.8319727595E+01      0.5154292773E-01      0.1124415696E+01
    0.8317492643E+01      0.8317492643E+01      0.7175747060E-01      0.1120097329E+01
    0.8314448924E+01      0.8314448924E+01      0.9169567643E-01      0.1114793281E+01
    0.8310611852E+01      0.8310611852E+01      0.1114014543E+00      0.1108821214E+01
    0.8306259712E+01      0.8306259712E+01      0.1308420969E+00      0.1102417648E+01
    0.8301758427E+01      0.8301758427E+01      0.1497504634E+00      0.1095635284E+01
    0.8297665347E+01      0.8297665347E+01      0.1680999569E+00      0.1088600623E+01
    0.8294409721E+01      0.8294409721E+01      0.1856992968E+00      0.1081195317E+01
    0.8292487719E+01      0.8292487719E+01      0.2023341748E+00      0.1073423480E+01
    0.8292364562E+01      0.8292364562E+01      0.2186001164E+00      0.1064839581E+01
    0.8294956534E+01      0.8294956534E+01      0.2336559317E+00      0.1055714193E+01
    0.8300519764E+01      0.8300519764E+01      0.2471248535E+00      0.1045462477E+01
    0.8308951628E+01      0.8308951628E+01      0.2593546744E+00      0.1034277116E+01
    0.8319805717E+01      0.8319805717E+01      0.2707755137E+00      0.1022351620E+01
    0.8332671018E+01      0.8332671018E+01      0.2817876085E+00      0.1009884337E+01
    0.8347591918E+01      0.8347591918E+01      0.2924827101E+00      0.9973709138E+00
    0.8364900694E+01      0.8364900694E+01      0.3029024362E+00      0.9851212433E+00
    0.8384462253E+01      0.8384462253E+01      0.3132632826E+00      0.9730053819E+00
    0.8405778218E+01      0.8405778218E+01      0.3239027779E+00      0.9605512045E+00
    0.8428688730E+01      0.8428688730E+01      0.3347976195E+00      0.9477250240E+00
    0.8453452119E+01      0.8453452119E+01      0.3457808527E+00      0.9348605026E+00
    0.8480131206E+01      0.8480131206E+01      0.3567758111E+00      0.9220803254E+00
    0.8508213133E+01      0.8508213133E+01      0.3680330587E+00      0.9096553627E+00
    0.8316103027E+01      0.8316103027E+01      0.9300780376E-02      0.1172012314E+01
    0.8314715931E+01      0.8314715931E+01      0.2864476135E-01      0.1170552736E+01
    0.8312413580E+01      0.8312413580E+01      0.4770974069E-01      0.1167212249E+01
    0.8309024092E+01      0.8309024092E+01      0.6686455849E-01      0.1162688926E+01
    0.8304644930E+01      0.8304644930E+01      0.8602369761E-01      0.1157339466E+01
    0.8299459990E+01      0.8299459990E+01      0.1052325218E+00      0.1151492383E+01
    0.8294071767E+01      0.8294071767E+01      0.1242121459E+00      0.1145167976E+01
    0.8288997371E+01      0.8288997371E+01      0.1426371116E+00      0.1138264768E+01
    0.8284761157E+01      0.8284761157E+01      0.1604169301E+00      0.1130823386E+01
    0.8282019581E+01      0.8282019581E+01      0.1772976370E+00      0.1122708027E+01
    0.8280861614E+01      0.8280861614E+01      0.1933689634E+00      0.1113545677E+01
    0.8282494091E+01      0.8282494091E+01      0.2089967865E+00      0.1103353682E+01
    0.8287142110E+01      0.8287142110E+01      0.2226988515E+00      0.1091915106E+01
    0.8294768257E+01      0.8294768257E+01      0.2352381854E+00      0.1079137647E+01
    0.8304794855E+01      0.8304794855E+01      0.2470201389E+00      0.1065494617E+01
    0.8317331541E+01      0.8317331541E+01      0.2579905413E+00      0.1051911029E+01
    0.8332510593E+01      0.8332510593E+01      0.2682504193E+00      0.1038290937E+01
    0.8349928653E+01      0.8349928653E+01      0.2783808713E+00      0.1024059449E+01
    0.8369205008E+01      0.8369205008E+01      0.2887623915E+00      0.1009047622E+01
    0.8390427746E+01      0.8390427746E+01      0.2994019833E+00      0.9939766081E+00
    0.8413753066E+01      0.8413753066E+01      0.3101728307E+00      0.9791667758E+00
    0.8439023762E+01      0.8439023762E+01      0.3210114917E+00      0.9643690627E+00
    0.8465823251E+01      0.8465823251E+01      0.3321394549E+00      0.9496627949E+00
    0.8493726518E+01      0.8493726518E+01      0.3437237160E+00      0.9354237126E+00
    0.8522407058E+01      0.8522407058E+01      0.3560198915E+00      0.9224059028E+00
    0.8305120003E+01      0.8305120003E+01      0.8452023091E-02      0.1210780919E+01
    0.8303467899E+01      0.8303467899E+01      0.2620972966E-01      0.1209422577E+01
    0.8300681633E+01      0.8300681633E+01      0.4400621932E-01      0.1206370423E+01
    0.8296528456E+01      0.8296528456E+01      0.6219586984E-01      0.1202283561E+01
    0.8291306745E+01      0.8291306745E+01      0.8071038371E-01      0.1197556129E+01
    0.8285600994E+01      0.8285600994E+01      0.9933071439E-01      0.1192220687E+01
    0.8280176471E+01      0.8280176471E+01      0.1174977761E+00      0.1186032736E+01
    0.8275558732E+01      0.8275558732E+01      0.1351033572E+00      0.1178997215E+01
    0.8272394242E+01      0.8272394242E+01      0.1518533395E+00      0.1171053876E+01
    0.8270857732E+01      0.8270857732E+01      0.1676923424E+00      0.1161651984E+01
    0.8272119346E+01      0.8272119346E+01      0.1832931110E+00      0.1150940266E+01
    0.8276320122E+01      0.8276320122E+01      0.1969866385E+00      0.1138518628E+01
    0.8283524112E+01      0.8283524112E+01      0.2094130253E+00      0.1124472300E+01
    0.8293396079E+01      0.8293396079E+01      0.2210248124E+00      0.1109918185E+01
    0.8306021985E+01      0.8306021985E+01      0.2318241816E+00      0.1094904209E+01
    0.8320905471E+01      0.8320905471E+01      0.2421789373E+00      0.1078600229E+01
    0.8338132912E+01      0.8338132912E+01      0.2522894912E+00      0.1061532513E+01
    0.8357775136E+01      0.8357775136E+01      0.2622777462E+00      0.1044220675E+01
    0.8379520957E+01      0.8379520957E+01      0.2724466899E+00      0.1026684785E+01
    0.8402960612E+01      0.8402960612E+01      0.2831319390E+00      0.1009040909E+01
    0.8428068852E+01      0.8428068852E+01      0.2942389745E+00      0.9917059836E+00
    0.8454858142E+01      0.8454858142E+01      0.3056528826E+00      0.9749963657E+00
    0.8482610437E+01      0.8482610437E+01      0.3176173465E+00      0.9593588055E+00
    0.8510685039E+01      0.8510685039E+01      0.3305506364E+00      0.9450999016E+00
    0.8538792388E+01      0.8538792388E+01      0.3445024410E+00      0.9326893344E+00
