    0.7540989559E+01      0.7540989559E+01      0.2646008737E-02      0.3579928206E+00
    0.7525977425E+01      0.7525977425E+01      0.1689106839E-01      0.3498571007E+00
    0.7502689676E+01      0.7502689676E+01      0.2787884413E-01      0.3386648405E+00
    0.7469528216E+01      0.7469528216E+01      0.3645365968E-01      0.3236148706E+00
    0.7431441811E+01      0.7431441811E+01      0.4381018813E-01      0.3090050612E+00
    0.7392323249E+01      0.7392323249E+01      0.5357722534E-01      0.2916495081E+00
    0.7358048291E+01      0.7358048291E+01      0.7144276911E-01      0.2768620743E+00
    0.7332439920E+01      0.7332439920E+01      0.9938225727E-01      0.2662041523E+00
    0.7316192194E+01      0.7316192194E+01      0.1374109772E+00      0.2601371679E+00
    0.7308749129E+01      0.7308749129E+01      0.1853266259E+00      0.2575313428E+00
    0.7309796739E+01      0.7309796739E+01      0.2403701448E+00      0.2579297785E+00
    0.7316256819E+01      0.7316256819E+01      0.2998037005E+00      0.2595497235E+00
    0.7327701502E+01      0.7327701502E+01      0.3649877668E+00      0.2623219922E+00
    0.7343874464E+01      0.7343874464E+01      0.4361172477E+00      0.2661901360E+00
    0.7364580594E+01      0.7364580594E+01      0.5120678804E+00      0.2708823326E+00
    0.7389409162E+01      0.7389409162E+01      0.5913760590E+00      0.2764395469E+00
    0.7417526394E+01      0.7417526394E+01      0.6735922334E+00      0.2826609833E+00
    0.7448341936E+01      0.7448341936E+01      0.7579985199E+00      0.2898661243E+00
    0.7481384028E+01      0.7481384028E+01      0.8442621530E+00      0.2983394411E+00
    0.7515580823E+01      0.7515580823E+01      0.9323258157E+00      0.3066166463E+00
    0.7550491041E+01      0.7550491041E+01      0.1021637136E+01      0.3132395114E+00
    0.7585169715E+01      0.7585169715E+01      0.1112813978E+01      0.3184885967E+00
    0.7619070875E+01      0.7619070875E+01      0.1205965610E+01      0.3238731137E+00
    0.7651976001E+01      0.7651976001E+01      0.1301027645E+01      0.3279166037E+00
    0.7684352577E+01      0.7684352577E+01      0.1397543602E+01      0.3301211082E+00
    0.7483560862E+01      0.7483560862E+01     -0.2123451680E-03      0.3382071208E+00
    0.7468873630E+01      0.7468873630E+01      0.8073357269E-02      0.3295745368E+00
    0.7444112458E+01      0.7444112458E+01      0.1487236606E-01      0.3170050678E+00
    0.7410446791E+01      0.7410446791E+01      0.1948958035E-01      0.3014147607E+00
    0.7372970076E+01      0.7372970076E+01      0.2550950891E-01      0.2849541296E+00
    0.7336538049E+01      0.7336538049E+01      0.3726179809E-01      0.2672224898E+00
    0.7306556920E+01      0.7306556920E+01      0.5882288433E-01      0.2532913716E+00
    0.7285251841E+01      0.7285251841E+01      0.9080356075E-01      0.2434532451E+00
    0.7273131472E+01      0.7273131472E+01      0.1325535666E+00      0.2381924915E+00
    0.7269180461E+01      0.7269180461E+01      0.1846027775E+00      0.2362866894E+00
    0.7273333325E+01      0.7273333325E+01      0.2408731927E+00      0.2372529499E+00
    0.7282802803E+01      0.7282802803E+01      0.3020698104E+00      0.2395744725E+00
    0.7297959873E+01      0.7297959873E+01      0.3689509438E+00      0.2431855051E+00
    0.7317599369E+01      0.7317599369E+01      0.4413263778E+00      0.2477855132E+00
    0.7341118174E+01      0.7341118174E+01      0.5182354654E+00      0.2527812709E+00
    0.7368199414E+01      0.7368199414E+01      0.5981247380E+00      0.2581733986E+00
    0.7398139669E+01      0.7398139669E+01      0.6805211539E+00      0.2637340378E+00
    0.7430552743E+01      0.7430552743E+01      0.7649653744E+00      0.2698773863E+00
    0.7465055704E+01      0.7465055704E+01      0.8510407079E+00      0.2768885066E+00
    0.7500683092E+01      0.7500683092E+01      0.9386858553E+00      0.2839719535E+00
    0.7536692092E+01      0.7536692092E+01      0.1027570566E+01      0.2896227224E+00
    0.7572189616E+01      0.7572189616E+01      0.1117959446E+01      0.2935835916E+00
    0.7606673577E+01      0.7606673577E+01      0.1210115186E+01      0.2972612105E+00
    0.7640040745E+01      0.7640040745E+01      0.1303910263E+01      0.2995530448E+00
    0.7672884629E+01      0.7672884629E+01      0.1398702141E+01      0.2998705957E+00
    0.7422445291E+01      0.7422445291E+01     -0.3243626726E-02      0.3147798653E+00
    0.7408427296E+01      0.7408427296E+01     -0.1503829906E-02      0.3062946693E+00
    0.7382229841E+01      0.7382229841E+01      0.2622984133E-03      0.2923360560E+00
    0.7349271693E+01      0.7349271693E+01      0.1270913321E-02      0.2767398176E+00
    0.7313766401E+01      0.7313766401E+01      0.7161448344E-02      0.2594229027E+00
    0.7281639598E+01      0.7281639598E+01      0.2183587361E-01      0.2427632026E+00
    0.7256529442E+01      0.7256529442E+01      0.4723439784E-01      0.2301967280E+00
    0.7239690496E+01      0.7239690496E+01      0.8316797541E-01      0.2214123413E+00
    0.7231440823E+01      0.7231440823E+01      0.1291657629E+00      0.2169670298E+00
    0.7231377922E+01      0.7231377922E+01      0.1836848250E+00      0.2161415845E+00
    0.7238199569E+01      0.7238199569E+01      0.2417514832E+00      0.2177549315E+00
    0.7251251673E+01      0.7251251673E+01      0.3051143169E+00      0.2212086482E+00
    0.7269950537E+01      0.7269950537E+01      0.3735455901E+00      0.2259849341E+00
    0.7292872804E+01      0.7292872804E+01      0.4467890674E+00      0.2313837605E+00
    0.7318901559E+01      0.7318901559E+01      0.5239997847E+00      0.2367603705E+00
    0.7347894521E+01      0.7347894521E+01      0.6040581741E+00      0.2420249713E+00
    0.7379484321E+01      0.7379484321E+01      0.6863841245E+00      0.2470485062E+00
    0.7413308058E+01      0.7413308058E+01      0.7706355356E+00      0.2522589893E+00
    0.7449085539E+01      0.7449085539E+01      0.8563621888E+00      0.2578301179E+00
    0.7485876568E+01      0.7485876568E+01      0.9434726697E+00      0.2636443711E+00
    0.7522759719E+01      0.7522759719E+01      0.1031876113E+01      0.2683786502E+00
    0.7559021866E+01      0.7559021866E+01      0.1121481513E+01      0.2711315106E+00
    0.7594115745E+01      0.7594115745E+01      0.1212573026E+01      0.2729774388E+00
    0.7628103294E+01      0.7628103294E+01      0.1304793308E+01      0.2733036343E+00
    0.7661940420E+01      0.7661940420E+01      0.1397597855E+01      0.2718619098E+00
    0.7356888113E+01      0.7356888113E+01     -0.6732176900E-02      0.2876116276E+00
    0.7343389013E+01      0.7343389013E+01     -0.1214896589E-01      0.2793409328E+00
    0.7316467388E+01      0.7316467388E+01     -0.1596778260E-01      0.2644684053E+00
    0.7286137003E+01      0.7286137003E+01     -0.1746977186E-01      0.2496156128E+00
    0.7254624994E+01      0.7254624994E+01     -0.9727365127E-02      0.2329138126E+00
    0.7227971506E+01      0.7227971506E+01      0.8538572885E-02      0.2184295863E+00
    0.7208088031E+01      0.7208088031E+01      0.3797092841E-01      0.2076032753E+00
    0.7196123670E+01      0.7196123670E+01      0.7780504259E-01      0.2003735258E+00
    0.7191741771E+01      0.7191741771E+01      0.1282037230E+00      0.1971912054E+00
    0.7195304546E+01      0.7195304546E+01      0.1839824886E+00      0.1973517117E+00
    0.7205268268E+01      0.7205268268E+01      0.2445181226E+00      0.2000549275E+00
    0.7221871837E+01      0.7221871837E+01      0.3100729052E+00      0.2048136830E+00
    0.7243731593E+01      0.7243731593E+01      0.3797094500E+00      0.2106860944E+00
    0.7269352033E+01      0.7269352033E+01      0.4532054938E+00      0.2168009705E+00
    0.7297650588E+01      0.7297650588E+01      0.5302013906E+00      0.2225760502E+00
    0.7328416849E+01      0.7328416849E+01      0.6099798052E+00      0.2278864178E+00
    0.7361495181E+01      0.7361495181E+01      0.6919568164E+00      0.2325556309E+00
    0.7396616371E+01      0.7396616371E+01      0.7756719063E+00      0.2370034447E+00
    0.7433440126E+01      0.7433440126E+01      0.8607068933E+00      0.2412478364E+00
    0.7471142092E+01      0.7471142092E+01      0.9470657940E+00      0.2457282832E+00
    0.7508734920E+01      0.7508734920E+01      0.1034751843E+01      0.2495357044E+00
    0.7545658211E+01      0.7545658211E+01      0.1123535922E+01      0.2510685025E+00
    0.7581376025E+01      0.7581376025E+01      0.1213394736E+01      0.2510702307E+00
    0.7616214700E+01      0.7616214700E+01      0.1303827337E+01      0.2494806029E+00
    0.7651388373E+01      0.7651388373E+01      0.1394430259E+01      0.2461441595E+00
    0.7285898019E+01      0.7285898019E+01     -0.1032762129E-01      0.2560133862E+00
    0.7273065238E+01      0.7273065238E+01     -0.2298300363E-01      0.2480008884E+00
    0.7246710386E+01      0.7246710386E+01     -0.3348173639E-01      0.2328864162E+00
    0.7222167807E+01      0.7222167807E+01     -0.3522249094E-01      0.2203651561E+00
    0.7196219715E+01      0.7196219715E+01     -0.2468846491E-01      0.2058600918E+00
    0.7175862365E+01      0.7175862365E+01     -0.2743294553E-02      0.1942578634E+00
    0.7161752105E+01      0.7161752105E+01      0.3064445276E-01      0.1858132965E+00
    0.7154601606E+01      0.7154601606E+01      0.7493185068E-01      0.1807942993E+00
    0.7154673082E+01      0.7154673082E+01      0.1280470146E+00      0.1792007939E+00
    0.7161464764E+01      0.7161464764E+01      0.1859765464E+00      0.1806289664E+00
    0.7175080502E+01      0.7175080502E+01      0.2492401861E+00      0.1846614605E+00
    0.7194700162E+01      0.7194700162E+01      0.3164726272E+00      0.1905739655E+00
    0.7219094024E+01      0.7219094024E+01      0.3867489132E+00      0.1973203384E+00
    0.7246926197E+01      0.7246926197E+01      0.4600575672E+00      0.2040183411E+00
    0.7277235819E+01      0.7277235819E+01      0.5364997503E+00      0.2102293317E+00
    0.7309727367E+01      0.7309727367E+01      0.6156692841E+00      0.2157654344E+00
    0.7344212923E+01      0.7344212923E+01      0.6969416634E+00      0.2203164538E+00
    0.7380438063E+01      0.7380438063E+01      0.7797980745E+00      0.2241320969E+00
    0.7418090073E+01      0.7418090073E+01      0.8638296417E+00      0.2271955760E+00
    0.7456468103E+01      0.7456468103E+01      0.9492458819E+00      0.2302541255E+00
    0.7494634441E+01      0.7494634441E+01      0.1036135539E+01      0.2330138937E+00
    0.7532105739E+01      0.7532105739E+01      0.1124000201E+01      0.2332695315E+00
    0.7568643424E+01      0.7568643424E+01      0.1212449465E+01      0.2316995471E+00
    0.7604664615E+01      0.7604664615E+01      0.1301069197E+01      0.2283185215E+00
    0.7641290083E+01      0.7641290083E+01      0.1389330215E+01      0.2231826816E+00
    0.7208621776E+01      0.7208621776E+01     -0.1384438065E-01      0.2195384436E+00
    0.7196554215E+01      0.7196554215E+01     -0.3345521035E-01      0.2117033910E+00
    0.7173745103E+01      0.7173745103E+01     -0.4934871465E-01      0.1979721433E+00
    0.7157588901E+01      0.7157588901E+01     -0.5015415773E-01      0.1895844945E+00
    0.7138650556E+01      0.7138650556E+01     -0.3679825475E-01      0.1784014668E+00
    0.7125451346E+01      0.7125451346E+01     -0.1146732115E-01      0.1704511745E+00
    0.7117571276E+01      0.7117571276E+01      0.2579370725E-01      0.1652312857E+00
    0.7115863002E+01      0.7115863002E+01      0.7384064836E-01      0.1629434878E+00
    0.7120227683E+01      0.7120227683E+01      0.1288460110E+00      0.1635182285E+00
    0.7130967719E+01      0.7130967719E+01      0.1900196656E+00      0.1666250463E+00
    0.7147635202E+01      0.7147635202E+01      0.2554857019E+00      0.1718423035E+00
    0.7169478203E+01      0.7169478203E+01      0.3238528528E+00      0.1784864764E+00
    0.7195766461E+01      0.7195766461E+01      0.3943729086E+00      0.1857889097E+00
    0.7225450700E+01      0.7225450700E+01      0.4672742104E+00      0.1930172891E+00
    0.7257571846E+01      0.7257571846E+01      0.5430189927E+00      0.1996673185E+00
    0.7291671978E+01      0.7291671978E+01      0.6213052994E+00      0.2055298003E+00
    0.7327446682E+01      0.7327446682E+01      0.7015973064E+00      0.2101006224E+00
    0.7364630352E+01      0.7364630352E+01      0.7833787560E+00      0.2134089644E+00
    0.7402985277E+01      0.7402985277E+01      0.8662378497E+00      0.2155188657E+00
    0.7441875479E+01      0.7441875479E+01      0.9505655983E+00      0.2170937212E+00
    0.7480496016E+01      0.7480496016E+01      0.1036500232E+01      0.2185735275E+00
    0.7518454887E+01      0.7518454887E+01      0.1123287213E+01      0.2177257288E+00
    0.7555921267E+01      0.7555921267E+01      0.1210280858E+01      0.2147665405E+00
    0.7593298273E+01      0.7593298273E+01      0.1297045535E+01      0.2097615677E+00
    0.7631451730E+01      0.7631451730E+01      0.1382828777E+01      0.2030765930E+00
    0.7124332709E+01      0.7124332709E+01     -0.1687430916E-01      0.1769312991E+00
    0.7114231587E+01      0.7114231587E+01     -0.4302553230E-01      0.1700493969E+00
    0.7098867442E+01      0.7098867442E+01     -0.6082569096E-01      0.1602767498E+00
    0.7092294079E+01      0.7092294079E+01     -0.6040122840E-01      0.1572733612E+00
    0.7081909366E+01      0.7081909366E+01     -0.4468966260E-01      0.1505241060E+00
    0.7076730119E+01      0.7076730119E+01     -0.1641636619E-01      0.1472127932E+00
    0.7075760140E+01      0.7075760140E+01      0.2414495422E-01      0.1460860748E+00
    0.7080064715E+01      0.7080064715E+01      0.7410893263E-01      0.1474116006E+00
    0.7089460463E+01      0.7089460463E+01      0.1321880368E+00      0.1506798197E+00
    0.7103704872E+01      0.7103704872E+01      0.1956977946E+00      0.1554823562E+00
    0.7122614759E+01      0.7122614759E+01      0.2626036571E+00      0.1615029187E+00
    0.7145976348E+01      0.7145976348E+01      0.3317086187E+00      0.1684904696E+00
    0.7173643809E+01      0.7173643809E+01      0.4024321936E+00      0.1761051098E+00
    0.7204921078E+01      0.7204921078E+01      0.4749318157E+00      0.1838180631E+00
    0.7238634713E+01      0.7238634713E+01      0.5498138496E+00      0.1909087694E+00
    0.7274135406E+01      0.7274135406E+01      0.6269781188E+00      0.1970159808E+00
    0.7311091279E+01      0.7311091279E+01      0.7059205353E+00      0.2016516539E+00
    0.7349164866E+01      0.7349164866E+01      0.7862881900E+00      0.2046092707E+00
    0.7388164556E+01      0.7388164556E+01      0.8677132125E+00      0.2059730613E+00
    0.7427422410E+01      0.7427422410E+01      0.9507449444E+00      0.2062171543E+00
    0.7466366180E+01      0.7466366180E+01      0.1035449034E+01      0.2062378978E+00
    0.7504818869E+01      0.7504818869E+01      0.1120970328E+01      0.2043312165E+00
    0.7543246317E+01      0.7543246317E+01      0.1206519071E+01      0.2002570249E+00
    0.7581995527E+01      0.7581995527E+01      0.1291395154E+01      0.1940111689E+00
    0.7621800504E+01      0.7621800504E+01      0.1374652678E+01      0.1860676414E+00
    0.7031793941E+01      0.7031793941E+01     -0.1802487206E-01      0.1271721401E+00
    0.7027491855E+01      0.7027491855E+01     -0.4984985447E-01      0.1233933094E+00
    0.7022956890E+01      0.7022956890E+01     -0.6594935268E-01      0.1204113612E+00
    0.7026561690E+01      0.7026561690E+01     -0.6487687992E-01      0.1234607604E+00
    0.7025733464E+01      0.7025733464E+01     -0.4688049368E-01      0.1226530409E+00
    0.7029605435E+01      0.7029605435E+01     -0.1672656874E-01      0.1250868351E+00
    0.7036736871E+01      0.7036736871E+01      0.2592237207E-01      0.1290446968E+00
    0.7047715213E+01      0.7047715213E+01      0.7819015941E-01      0.1344425923E+00
    0.7061838498E+01      0.7061838498E+01      0.1378031871E+00      0.1405166754E+00
    0.7079040915E+01      0.7079040915E+01      0.2023683784E+00      0.1468605335E+00
    0.7099717654E+01      0.7099717654E+01      0.2700288037E+00      0.1535474979E+00
    0.7124265930E+01      0.7124265930E+01      0.3397299917E+00      0.1607449408E+00
    0.7152880523E+01      0.7152880523E+01      0.4108061373E+00      0.1684255384E+00
    0.7185236354E+01      0.7185236354E+01      0.4830474684E+00      0.1763270638E+00
    0.7220240320E+01      0.7220240320E+01      0.5569240145E+00      0.1837226634E+00
    0.7256993994E+01      0.7256993994E+01      0.6326893427E+00      0.1900448981E+00
    0.7294965060E+01      0.7294965060E+01      0.7100792360E+00      0.1947215015E+00
    0.7333885948E+01      0.7333885948E+01      0.7887908282E+00      0.1974775685E+00
    0.7373481865E+01      0.7373481865E+01      0.8686060312E+00      0.1983226633E+00
    0.7413073373E+01      0.7413073373E+01      0.9501508705E+00      0.1975854950E+00
    0.7452398864E+01      0.7452398864E+01      0.1033340373E+01      0.1963074951E+00
    0.7491368811E+01      0.7491368811E+01      0.1117487438E+01      0.1933570412E+00
    0.7530626578E+01      0.7530626578E+01      0.1201690718E+01      0.1883586356E+00
    0.7570582468E+01      0.7570582468E+01      0.1284809004E+01      0.1811510257E+00
    0.7611983670E+01      0.7611983670E+01      0.1365748814E+01      0.1721803673E+00
    0.6931575772E+01      0.6931575772E+01     -0.1567369486E-01      0.6914666151E-01
    0.6937427399E+01      0.6937427399E+01     -0.4942899007E-01      0.7243184386E-01
    0.6945828861E+01      0.6945828861E+01     -0.6462391571E-01      0.7834592378E-01
    0.6960824176E+01      0.6960824176E+01     -0.6194271841E-01      0.8873458723E-01
    0.6971438828E+01      0.6971438828E+01     -0.4285460844E-01      0.9576729637E-01
    0.6984909543E+01      0.6984909543E+01     -0.1093859262E-01      0.1046710285E+00
    0.7000340899E+01      0.7000340899E+01      0.3289302660E-01      0.1140516998E+00
    0.7017520721E+01      0.7017520721E+01      0.8572347467E-01      0.1234465174E+00
    0.7036044287E+01      0.7036044287E+01      0.1453041295E+00      0.1322596435E+00
    0.7056186203E+01      0.7056186203E+01      0.2098207712E+00      0.1403016948E+00
    0.7078753995E+01      0.7078753995E+01      0.2776971573E+00      0.1478673567E+00
    0.7104454832E+01      0.7104454832E+01      0.3477424784E+00      0.1553442243E+00
    0.7133693430E+01      0.7133693430E+01      0.4191121222E+00      0.1629496455E+00
    0.7166539010E+01      0.7166539010E+01      0.4912128951E+00      0.1706542024E+00
    0.7202308978E+01      0.7202308978E+01      0.5641491976E+00      0.1779899372E+00
    0.7239934458E+01      0.7239934458E+01      0.6384094851E+00      0.1842552981E+00
    0.7278910055E+01      0.7278910055E+01      0.7139285737E+00      0.1890669697E+00
    0.7318623966E+01      0.7318623966E+01      0.7907756604E+00      0.1917687766E+00
    0.7358730372E+01      0.7358730372E+01      0.8689214604E+00      0.1924608816E+00
    0.7398749489E+01      0.7398749489E+01      0.9487517825E+00      0.1911130063E+00
    0.7438538076E+01      0.7438538076E+01      0.1030225803E+01      0.1888302589E+00
    0.7478100531E+01      0.7478100531E+01      0.1112783835E+01      0.1849742022E+00
    0.7518177143E+01      0.7518177143E+01      0.1195398614E+01      0.1792407499E+00
    0.7559259363E+01      0.7559259363E+01      0.1276756762E+01      0.1712980956E+00
    0.7602115346E+01      0.7602115346E+01      0.1355583304E+01      0.1614640276E+00
    0.6828635139E+01      0.6828635139E+01     -0.9856671427E-02      0.5819871229E-02
    0.6845881255E+01      0.6845881255E+01     -0.3959173187E-01      0.1797103572E-01
    0.6867936761E+01      0.6867936761E+01     -0.5387893784E-01      0.3417928725E-01
    0.6895908069E+01      0.6895908069E+01     -0.5031156556E-01      0.5424604726E-01
    0.6918513739E+01      0.6918513739E+01     -0.3111636671E-01      0.6997307412E-01
    0.6941874309E+01      0.6941874309E+01      0.1389165952E-02      0.8571314833E-01
    0.6965168957E+01      0.6965168957E+01      0.4473085702E-01      0.1003658682E+00
    0.6988080272E+01      0.6988080272E+01      0.9648893758E-01      0.1135744687E+00
    0.7010991057E+01      0.7010991057E+01      0.1548888285E+00      0.1252013318E+00
    0.7034452593E+01      0.7034452593E+01      0.2185088094E+00      0.1352951294E+00
    0.7059290772E+01      0.7059290772E+01      0.2859067525E+00      0.1441202835E+00
    0.7086299367E+01      0.7086299367E+01      0.3557779772E+00      0.1521155475E+00
    0.7116041413E+01      0.7116041413E+01      0.4271150718E+00      0.1596251129E+00
    0.7148941424E+01      0.7148941424E+01      0.4990125086E+00      0.1668011441E+00
    0.7184931774E+01      0.7184931774E+01      0.5711100369E+00      0.1737692990E+00
    0.7223141372E+01      0.7223141372E+01      0.6438834216E+00      0.1798652078E+00
    0.7262726346E+01      0.7262726346E+01      0.7177042706E+00      0.1845583522E+00
    0.7303075680E+01      0.7303075680E+01      0.7927352328E+00      0.1874511621E+00
    0.7343768176E+01      0.7343768176E+01      0.8691025099E+00      0.1882930649E+00
    0.7384342342E+01      0.7384342342E+01      0.9471354325E+00      0.1866810824E+00
    0.7424706201E+01      0.7424706201E+01      0.1026757911E+01      0.1837877966E+00
    0.7464950288E+01      0.7464950288E+01      0.1107487307E+01      0.1792839103E+00
    0.7505960024E+01      0.7505960024E+01      0.1188242308E+01      0.1729462228E+00
    0.7548240551E+01      0.7548240551E+01      0.1267651484E+01      0.1645218255E+00
    0.7592517884E+01      0.7592517884E+01      0.1344447082E+01      0.1541323754E+00
    0.6734260706E+01      0.6734260706E+01     -0.2222637277E-02     -0.5159537202E-01
    0.6757143791E+01      0.6757143791E+01     -0.2082557047E-01     -0.3510919566E-01
    0.6790801822E+01      0.6790801822E+01     -0.3210600545E-01     -0.9818742577E-02
    0.6831768631E+01      0.6831768631E+01     -0.2934898280E-01      0.2011784069E-01
    0.6866201858E+01      0.6866201858E+01     -0.1102240860E-01      0.4470055416E-01
    0.6899145804E+01      0.6899145804E+01      0.1982367155E-01      0.6732346823E-01
    0.6929903093E+01      0.6929903093E+01      0.6084446514E-01      0.8724422382E-01
    0.6958650982E+01      0.6958650982E+01      0.1104486081E+00      0.1043164543E+00
    0.6986065124E+01      0.6986065124E+01      0.1669745257E+00      0.1188846415E+00
    0.7013107899E+01      0.7013107899E+01      0.2289222901E+00      0.1312708787E+00
    0.7040593136E+01      0.7040593136E+01      0.2950444659E+00      0.1417384983E+00
    0.7069279622E+01      0.7069279622E+01      0.3639757613E+00      0.1506088593E+00
    0.7099793100E+01      0.7099793100E+01      0.4345953219E+00      0.1582795722E+00
    0.7132667373E+01      0.7132667373E+01      0.5060186146E+00      0.1649566082E+00
    0.7168071578E+01      0.7168071578E+01      0.5777340580E+00      0.1709445522E+00
    0.7205967770E+01      0.7205967770E+01      0.6494970492E+00      0.1763523979E+00
    0.7245911265E+01      0.7245911265E+01      0.7215667940E+00      0.1811052306E+00
    0.7287105955E+01      0.7287105955E+01      0.7944280603E+00      0.1843550534E+00
    0.7328560522E+01      0.7328560522E+01      0.8687884584E+00      0.1855302668E+00
    0.7369751844E+01      0.7369751844E+01      0.9449487827E+00      0.1840784651E+00
    0.7410823982E+01      0.7410823982E+01      0.1022687696E+01      0.1810156027E+00
    0.7451873879E+01      0.7451873879E+01      0.1101545307E+01      0.1760664169E+00
    0.7493814580E+01      0.7493814580E+01      0.1180399957E+01      0.1691230791E+00
    0.7537163133E+01      0.7537163133E+01      0.1257932823E+01      0.1602287599E+00
    0.7582626374E+01      0.7582626374E+01      0.1332967468E+01      0.1495019116E+00
    0.6653745260E+01      0.6653745260E+01      0.5621763713E-02     -0.9886338154E-01
    0.6676583558E+01      0.6676583558E+01      0.2906276525E-02     -0.8167693143E-01
    0.6716720041E+01      0.6716720041E+01      0.1054131584E-04     -0.5168822381E-01
    0.6766951979E+01      0.6766951979E+01      0.1372462106E-02     -0.1421989982E-01
    0.6813313994E+01      0.6813313994E+01      0.1689308122E-01      0.1939299986E-01
    0.6855171948E+01      0.6855171948E+01      0.4406944399E-01      0.4872501894E-01
    0.6893411843E+01      0.6893411843E+01      0.8164239062E-01      0.7394580437E-01
    0.6928363922E+01      0.6928363922E+01      0.1280195931E+00      0.9524291995E-01
    0.6960728644E+01      0.6960728644E+01      0.1817983267E+00      0.1130397923E+00
    0.6991595946E+01      0.6991595946E+01      0.2414795666E+00      0.1278610331E+00
    0.7021990871E+01      0.7021990871E+01      0.3055258125E+00      0.1401334762E+00
    0.7052687573E+01      0.7052687573E+01      0.3727550219E+00      0.1501895631E+00
    0.7084426255E+01      0.7084426255E+01      0.4419620712E+00      0.1583754722E+00
    0.7117707232E+01      0.7117707232E+01      0.5122253535E+00      0.1650661269E+00
    0.7152957412E+01      0.7152957412E+01      0.5828707432E+00      0.1707137676E+00
    0.7190206051E+01      0.7190206051E+01      0.6538381980E+00      0.1754483851E+00
    0.7229394981E+01      0.7229394981E+01      0.7251204629E+00      0.1792173267E+00
    0.7270364224E+01      0.7270364224E+01      0.7967954973E+00      0.1820968128E+00
    0.7312461612E+01      0.7312461612E+01      0.8692794159E+00      0.1838304540E+00
    0.7354750630E+01      0.7354750630E+01      0.9433191537E+00      0.1829548374E+00
    0.7396883477E+01      0.7396883477E+01      0.1018998916E+01      0.1800417133E+00
    0.7439115848E+01      0.7439115848E+01      0.1095758716E+01      0.1750635837E+00
    0.7482348066E+01      0.7482348066E+01      0.1172329955E+01      0.1680455664E+00
    0.7527013253E+01      0.7527013253E+01      0.1247471466E+01      0.1591561928E+00
    0.7573839883E+01      0.7573839883E+01      0.1320120497E+01      0.1485071227E+00
    0.6589283716E+01      0.6589283716E+01      0.1341042011E-01     -0.1330600692E+00
    0.6609420477E+01      0.6609420477E+01      0.2755155571E-01     -0.1181585505E+00
    0.6648002163E+01      0.6648002163E+01      0.3618928359E-01     -0.8939744570E-01
    0.6700363152E+01      0.6700363152E+01      0.4139912502E-01     -0.5025724040E-01
    0.6757385156E+01      0.6757385156E+01      0.5164325702E-01     -0.7704974487E-02
    0.6808340287E+01      0.6808340287E+01      0.7447727774E-01      0.2833240504E-01
    0.6854503790E+01      0.6854503790E+01      0.1075240952E+00      0.5926737951E-01
    0.6896114555E+01      0.6896114555E+01      0.1496687151E+00      0.8531779868E-01
    0.6934020572E+01      0.6934020572E+01      0.1997336843E+00      0.1068926381E+00
    0.6969164706E+01      0.6969164706E+01      0.2562464870E+00      0.1245282508E+00
    0.7002711140E+01      0.7002711140E+01      0.3176554819E+00      0.1388654540E+00
    0.7035670060E+01      0.7035670060E+01      0.3825325119E+00      0.1503979982E+00
    0.7068679811E+01      0.7068679811E+01      0.4498608395E+00      0.1594874324E+00
    0.7102457255E+01      0.7102457255E+01      0.5186847295E+00      0.1665350336E+00
    0.7137730129E+01      0.7137730129E+01      0.5881226282E+00      0.1720566491E+00
    0.7174923878E+01      0.7174923878E+01      0.6576806980E+00      0.1764031004E+00
    0.7214004057E+01      0.7214004057E+01      0.7274795606E+00      0.1798192317E+00
    0.7254821961E+01      0.7254821961E+01      0.7977100438E+00      0.1822893188E+00
    0.7297025732E+01      0.7297025732E+01      0.8686637595E+00      0.1838503305E+00
    0.7339883713E+01      0.7339883713E+01      0.9407178551E+00      0.1833213459E+00
    0.7382895670E+01      0.7382895670E+01      0.1014209762E+01      0.1807762654E+00
    0.7425920792E+01      0.7425920792E+01      0.1088936423E+01      0.1762854180E+00
    0.7470069509E+01      0.7470069509E+01      0.1163561393E+01      0.1697777688E+00
    0.7515778528E+01      0.7515778528E+01      0.1236831738E+01      0.1613710558E+00
    0.7564044357E+01      0.7564044357E+01      0.1307638805E+01      0.1506683084E+00
    0.6541364396E+01      0.6541364396E+01      0.1888264853E-01     -0.1535993037E+00
    0.6556473652E+01      0.6556473652E+01      0.4725556912E-01     -0.1427410900E+00
    0.6588192508E+01      0.6588192508E+01      0.6954940048E-01     -0.1197206303E+00
    0.6635934980E+01      0.6635934980E+01      0.8413589250E-01     -0.8473518553E-01
    0.6696135898E+01      0.6696135898E+01      0.9437219261E-01     -0.3953842951E-01
    0.6757058619E+01      0.6757058619E+01      0.1113654358E+00      0.4421402625E-02
    0.6811375111E+01      0.6811375111E+01      0.1390027470E+00      0.4173713168E-01
    0.6860434711E+01      0.6860434711E+01      0.1760543944E+00      0.7327075213E-01
    0.6904545857E+01      0.6904545857E+01      0.2213885551E+00      0.9931663140E-01
    0.6944697353E+01      0.6944697353E+01      0.2737881099E+00      0.1203848104E+00
    0.6981986672E+01      0.6981986672E+01      0.3316980205E+00      0.1372177646E+00
    0.7017594835E+01      0.7017594835E+01      0.3936292518E+00      0.1505449591E+00
    0.7052461064E+01      0.7052461064E+01      0.4584606910E+00      0.1609066183E+00
    0.7087204384E+01      0.7087204384E+01      0.5252919415E+00      0.1687502025E+00
    0.7122735511E+01      0.7122735511E+01      0.5933161518E+00      0.1745717803E+00
    0.7159704053E+01      0.7159704053E+01      0.6618423908E+00      0.1789937906E+00
    0.7198439543E+01      0.7198439543E+01      0.7305835326E+00      0.1822483105E+00
    0.7238985093E+01      0.7238985093E+01      0.7996467260E+00      0.1844539550E+00
    0.7281048927E+01      0.7281048927E+01      0.8693187811E+00      0.1858820983E+00
    0.7324042433E+01      0.7324042433E+01      0.9399035167E+00      0.1858711064E+00
    0.7367655061E+01      0.7367655061E+01      0.1011368045E+01      0.1840842959E+00
    0.7411666480E+01      0.7411666480E+01      0.1083858868E+01      0.1798747736E+00
    0.7457296160E+01      0.7457296160E+01      0.1156002961E+01      0.1731964324E+00
    0.7505174983E+01      0.7505174983E+01      0.1226594174E+01      0.1642145902E+00
    0.7556122311E+01      0.7556122311E+01      0.1294503737E+01      0.1526304965E+00
    0.6505972777E+01      0.6505972777E+01      0.2242588055E-01     -0.1636321908E+00
    0.6517061280E+01      0.6517061280E+01      0.6046948768E-01     -0.1560536058E+00
    0.6540995553E+01      0.6540995553E+01      0.9487166933E-01     -0.1394129259E+00
    0.6579918902E+01      0.6579918902E+01      0.1222557472E+00     -0.1118704812E+00
    0.6633910988E+01      0.6633910988E+01      0.1411049596E+00     -0.7314648907E-01
    0.6698978471E+01      0.6698978471E+01      0.1552985726E+00     -0.2506268301E-01
    0.6762787067E+01      0.6762787067E+01      0.1768708950E+00      0.1963048130E-01
    0.6819695580E+01      0.6819695580E+01      0.2077471262E+00      0.5733397011E-01
    0.6870870157E+01      0.6870870157E+01      0.2473745121E+00      0.8860938803E-01
    0.6916832793E+01      0.6916832793E+01      0.2945821448E+00      0.1139423773E+00
    0.6958664441E+01      0.6958664441E+01      0.3480958289E+00      0.1340845118E+00
    0.6997557724E+01      0.6997557724E+01      0.4064125030E+00      0.1499214362E+00
    0.7034766666E+01      0.7034766666E+01      0.4682434942E+00      0.1621660318E+00
    0.7071049897E+01      0.7071049897E+01      0.5326487305E+00      0.1715411555E+00
    0.7107311338E+01      0.7107311338E+01      0.5988235613E+00      0.1783369463E+00
    0.7144455777E+01      0.7144455777E+01      0.6659348521E+00      0.1831494349E+00
    0.7183140715E+01      0.7183140715E+01      0.7334352976E+00      0.1865547551E+00
    0.7223486922E+01      0.7223486922E+01      0.8012186933E+00      0.1887163148E+00
    0.7265447387E+01      0.7265447387E+01      0.8695235818E+00      0.1898753332E+00
    0.7308601710E+01      0.7308601710E+01      0.9386623803E+00      0.1898662254E+00
    0.7352960093E+01      0.7352960093E+01      0.1008328164E+01      0.1882486105E+00
    0.7398718677E+01      0.7398718677E+01      0.1078357632E+01      0.1837476801E+00
    0.7446765903E+01      0.7446765903E+01      0.1147615540E+01      0.1763764287E+00
    0.7497497619E+01      0.7497497619E+01      0.1215281825E+01      0.1663476887E+00
    0.7551161352E+01      0.7551161352E+01      0.1280579798E+01      0.1535548821E+00
    0.6478778782E+01      0.6478778782E+01      0.2512320772E-01     -0.1668524841E+00
    0.6487862684E+01      0.6487862684E+01      0.6969452195E-01     -0.1607875110E+00
    0.6506538479E+01      0.6506538479E+01      0.1123860185E+00     -0.1483320469E+00
    0.6536660232E+01      0.6536660232E+01      0.1509025874E+00     -0.1282642369E+00
    0.6580415163E+01      0.6580415163E+01      0.1819298841E+00     -0.9838119798E-01
    0.6638344843E+01      0.6638344843E+01      0.2040642602E+00     -0.5802454184E-01
    0.6706411958E+01      0.6706411958E+01      0.2212512787E+00     -0.8831981890E-02
    0.6772298084E+01      0.6772298084E+01      0.2457541526E+00      0.3583491577E-01
    0.6831053934E+01      0.6831053934E+01      0.2787603846E+00      0.7324041409E-01
    0.6883709097E+01      0.6883709097E+01      0.3199461797E+00      0.1038542354E+00
    0.6930991379E+01      0.6930991379E+01      0.3681433634E+00      0.1283802136E+00
    0.6974143399E+01      0.6974143399E+01      0.4220579751E+00      0.1477002894E+00
    0.7014475757E+01      0.7014475757E+01      0.4801858015E+00      0.1626399326E+00
    0.7053269288E+01      0.7053269288E+01      0.5416459549E+00      0.1740891564E+00
    0.7090984229E+01      0.7090984229E+01      0.6054569253E+00      0.1826240802E+00
    0.7128844610E+01      0.7128844610E+01      0.6708496891E+00      0.1886013748E+00
    0.7167851492E+01      0.7167851492E+01      0.7369069453E+00      0.1924831231E+00
    0.7208402995E+01      0.7208402995E+01      0.8032605653E+00      0.1947898626E+00
    0.7250671695E+01      0.7250671695E+01      0.8699425074E+00      0.1956499579E+00
    0.7294402291E+01      0.7294402291E+01      0.9373145837E+00      0.1951087963E+00
    0.7340090547E+01      0.7340090547E+01      0.1004851551E+01      0.1926711904E+00
    0.7388197630E+01      0.7388197630E+01      0.1071946275E+01      0.1870904741E+00
    0.7439111517E+01      0.7439111517E+01      0.1138027447E+01      0.1781576232E+00
    0.7492640012E+01      0.7492640012E+01      0.1202741670E+01      0.1665277213E+00
    0.7548948693E+01      0.7548948693E+01      0.1265576719E+01      0.1523857957E+00
    0.6457049124E+01      0.6457049124E+01      0.2748279710E-01     -0.1653800151E+00
    0.6465175587E+01      0.6465175587E+01      0.7737063950E-01     -0.1602484284E+00
    0.6481463714E+01      0.6481463714E+01      0.1253383601E+00     -0.1499099018E+00
    0.6505783363E+01      0.6505783363E+01      0.1707728418E+00     -0.1343070717E+00
    0.6539928372E+01      0.6539928372E+01      0.2119677797E+00     -0.1125258673E+00
    0.6586509354E+01      0.6586509354E+01      0.2456047901E+00     -0.8214201283E-01
    0.6646469750E+01      0.6646469750E+01      0.2703929213E+00     -0.4183913044E-01
    0.6716149131E+01      0.6716149131E+01      0.2900208957E+00      0.7084246940E-02
    0.6783597975E+01      0.6783597975E+01      0.3162853359E+00      0.5136704414E-01
    0.6843734267E+01      0.6843734267E+01      0.3505484509E+00      0.8830464350E-01
    0.6897626736E+01      0.6897626736E+01      0.3925290713E+00      0.1183511093E+00
    0.6946123092E+01      0.6946123092E+01      0.4411283103E+00      0.1423461596E+00
    0.6990584662E+01      0.6990584662E+01      0.4950605435E+00      0.1611976242E+00
    0.7032529278E+01      0.7032529278E+01      0.5528078247E+00      0.1757120520E+00
    0.7072961721E+01      0.7072961721E+01      0.6136659367E+00      0.1867107844E+00
    0.7112714687E+01      0.7112714687E+01      0.6765153755E+00      0.1944339007E+00
    0.7152770744E+01      0.7152770744E+01      0.7406771525E+00      0.1993078141E+00
    0.7194164152E+01      0.7194164152E+01      0.8053115110E+00      0.2017491050E+00
    0.7237474565E+01      0.7237474565E+01      0.8700070028E+00      0.2020452385E+00
    0.7282819024E+01      0.7282819024E+01      0.9349961028E+00      0.2005311633E+00
    0.7330864106E+01      0.7330864106E+01      0.9997930875E+00      0.1965793922E+00
    0.7381825762E+01      0.7381825762E+01      0.1063878428E+01      0.1890201258E+00
    0.7435245165E+01      0.7435245165E+01      0.1127145024E+01      0.1781161579E+00
    0.7491259179E+01      0.7491259179E+01      0.1189445618E+01      0.1651710377E+00
    0.7550128717E+01      0.7550128717E+01      0.1249625942E+01      0.1503143665E+00
    0.6441300917E+01      0.6441300917E+01      0.2928160296E-01     -0.1575564250E+00
    0.6447939098E+01      0.6447939098E+01      0.8376532847E-01     -0.1538511221E+00
    0.6461687673E+01      0.6461687673E+01      0.1362753373E+00     -0.1461219437E+00
    0.6482863678E+01      0.6482863678E+01      0.1859345048E+00     -0.1338677739E+00
    0.6511198574E+01      0.6511198574E+01      0.2325671181E+00     -0.1169293982E+00
    0.6547865099E+01      0.6547865099E+01      0.2753457870E+00     -0.9483804485E-01
    0.6595831973E+01      0.6595831973E+01      0.3111176685E+00     -0.6519149669E-01
    0.6656297811E+01      0.6656297811E+01      0.3384704141E+00     -0.2610608171E-01
    0.6726433317E+01      0.6726433317E+01      0.3603443325E+00      0.2172416447E-01
    0.6795114821E+01      0.6795114821E+01      0.3877069186E+00      0.6598074799E-01
    0.6856383827E+01      0.6856383827E+01      0.4228733621E+00      0.1028577978E+00
    0.6911471283E+01      0.6911471283E+01      0.4654084317E+00      0.1329117338E+00
    0.6961352614E+01      0.6961352614E+01      0.5141744503E+00      0.1568265602E+00
    0.7007604046E+01      0.7007604046E+01      0.5676296660E+00      0.1754179618E+00
    0.7052177337E+01      0.7052177337E+01      0.6243224099E+00      0.1894576954E+00
    0.7095270708E+01      0.7095270708E+01      0.6838102721E+00      0.1994213683E+00
    0.7137966498E+01      0.7137966498E+01      0.7449594441E+00      0.2058914120E+00
    0.7181621044E+01      0.7181621044E+01      0.8069254048E+00      0.2087442619E+00
    0.7226967126E+01      0.7226967126E+01      0.8691624213E+00      0.2081779357E+00
    0.7274884940E+01      0.7274884940E+01      0.9311212091E+00      0.2048806445E+00
    0.7325954528E+01      0.7325954528E+01      0.9926222693E+00      0.1984966892E+00
    0.7379545237E+01      0.7379545237E+01      0.1053847227E+01      0.1892696747E+00
    0.7435483811E+01      0.7435483811E+01      0.1114614515E+01      0.1775182135E+00
    0.7494198059E+01      0.7494198059E+01      0.1173946406E+01      0.1625251712E+00
    0.7556834221E+01      0.7556834221E+01      0.1230851120E+01      0.1443545749E+00
    0.6431771170E+01      0.6431771170E+01      0.3043660585E-01     -0.1433758885E+00
    0.6436958989E+01      0.6436958989E+01      0.8815018284E-01     -0.1410714793E+00
    0.6447865104E+01      0.6447865104E+01      0.1444001562E+00     -0.1360782706E+00
    0.6465172640E+01      0.6465172640E+01      0.1981074336E+00     -0.1277306615E+00
    0.6489433752E+01      0.6489433752E+01      0.2485030460E+00     -0.1152430274E+00
    0.6520412379E+01      0.6520412379E+01      0.2957014804E+00     -0.9820912185E-01
    0.6558515943E+01      0.6558515943E+01      0.3396055592E+00     -0.7662791751E-01
    0.6606757438E+01      0.6606757438E+01      0.3774266242E+00     -0.4829896239E-01
    0.6666547495E+01      0.6666547495E+01      0.4075206448E+00     -0.1093562702E-01
    0.6736340614E+01      0.6736340614E+01      0.4318497030E+00      0.3545825810E-01
    0.6806079419E+01      0.6806079419E+01      0.4599424566E+00      0.8012235776E-01
    0.6868960670E+01      0.6868960670E+01      0.4956724831E+00      0.1171707233E+00
    0.6925952456E+01      0.6925952456E+01      0.5382253403E+00      0.1472556987E+00
    0.6978087869E+01      0.6978087869E+01      0.5864776962E+00      0.1710355608E+00
    0.7027016715E+01      0.7027016715E+01      0.6388023878E+00      0.1891538415E+00
    0.7075092749E+01      0.7075092749E+01      0.6935182588E+00      0.2023168487E+00
    0.7122779721E+01      0.7122779721E+01      0.7502280005E+00      0.2102622995E+00
    0.7170503079E+01      0.7170503079E+01      0.8083635032E+00      0.2138221923E+00
    0.7219746564E+01      0.7219746564E+01      0.8669054973E+00      0.2129171552E+00
    0.7271425058E+01      0.7271425058E+01      0.9252171997E+00      0.2076456250E+00
    0.7325570449E+01      0.7325570449E+01      0.9833883581E+00      0.1991920143E+00
    0.7381777676E+01      0.7381777676E+01      0.1041803616E+01      0.1882593036E+00
    0.7441031917E+01      0.7441031917E+01      0.1099447221E+01      0.1734979833E+00
    0.7504180140E+01      0.7504180140E+01      0.1155140024E+01      0.1548522885E+00
    0.7571291871E+01      0.7571291871E+01      0.1208581987E+01      0.1326874357E+00
    0.6426657534E+01      0.6426657534E+01      0.3110363199E-01     -0.1249545166E+00
    0.6430764808E+01      0.6430764808E+01      0.9079637129E-01     -0.1236969731E+00
    0.6439385060E+01      0.6439385060E+01      0.1495243813E+00     -0.1208915551E+00
    0.6453145493E+01      0.6453145493E+01      0.2064885412E+00     -0.1158692766E+00
    0.6472845059E+01      0.6472845059E+01      0.2607239690E+00     -0.1077752527E+00
    0.6499134976E+01      0.6499134976E+01      0.3115523501E+00     -0.9567002546E-01
    0.6531805108E+01      0.6531805108E+01      0.3592364065E+00     -0.7895854115E-01
    0.6570633635E+01      0.6570633635E+01      0.4042009393E+00     -0.5797170603E-01
    0.6618453035E+01      0.6618453035E+01      0.4442331073E+00     -0.3101718257E-01
    0.6676968371E+01      0.6676968371E+01      0.4773205229E+00      0.4260330041E-02
    0.6745948182E+01      0.6745948182E+01      0.5044825316E+00      0.4859435802E-01
    0.6816891771E+01      0.6816891771E+01      0.5329442022E+00      0.9363137620E-01
    0.6882235114E+01      0.6882235114E+01      0.5687157872E+00      0.1310215709E+00
    0.6942092441E+01      0.6942092441E+01      0.6104646877E+00      0.1608971441E+00
    0.6997957778E+01      0.6997957778E+01      0.6571383265E+00      0.1836817932E+00
    0.7051619494E+01      0.7051619494E+01      0.7070436438E+00      0.2000273305E+00
    0.7104801508E+01      0.7104801508E+01      0.7587421560E+00      0.2103331825E+00
    0.7158675201E+01      0.7158675201E+01      0.8114237050E+00      0.2140491804E+00
    0.7213640924E+01      0.7213640924E+01      0.8646786151E+00      0.2119611923E+00
    0.7270651234E+01      0.7270651234E+01      0.9181148106E+00      0.2054589575E+00
    0.7329452860E+01      0.7329452860E+01      0.9718943231E+00      0.1954577975E+00
    0.7390498786E+01      0.7390498786E+01      0.1026192806E+01      0.1814991999E+00
    0.7454877266E+01      0.7454877266E+01      0.1079667189E+01      0.1628238459E+00
    0.7523352572E+01      0.7523352572E+01      0.1131686081E+01      0.1395572079E+00
    0.7595937830E+01      0.7595937830E+01      0.1181634033E+01      0.1128573739E+00
    0.6424199768E+01      0.6424199768E+01      0.3143051511E-01     -0.1041507281E+00
    0.6427593857E+01      0.6427593857E+01      0.9220203321E-01     -0.1035814569E+00
    0.6434627419E+01      0.6434627419E+01      0.1523785559E+00     -0.1022389615E+00
    0.6445723724E+01      0.6445723724E+01      0.2114558906E+00     -0.9959552479E-01
    0.6461526747E+01      0.6461526747E+01      0.2687563542E+00     -0.9488656453E-01
    0.6482838935E+01      0.6482838935E+01      0.3234508513E+00     -0.8719529012E-01
    0.6510398818E+01      0.6510398818E+01      0.3748998379E+00     -0.7550189598E-01
    0.6544200166E+01      0.6544200166E+01      0.4232928814E+00     -0.5912971211E-01
    0.6583712354E+01      0.6583712354E+01      0.4692495295E+00     -0.3862160173E-01
    0.6631253683E+01      0.6631253683E+01      0.5112943180E+00     -0.1306543958E-01
    0.6688771386E+01      0.6688771386E+01      0.5471970273E+00      0.1973898871E-01
    0.6756791789E+01      0.6756791789E+01      0.5771879640E+00      0.6086967773E-01
    0.6829555503E+01      0.6829555503E+01      0.6057922174E+00      0.1050707168E+00
    0.6898962917E+01      0.6898962917E+01      0.6400501119E+00      0.1418737829E+00
    0.6964390417E+01      0.6964390417E+01      0.6790782695E+00      0.1695240416E+00
    0.7026913156E+01      0.7026913156E+01      0.7219706647E+00      0.1890537389E+00
    0.7088480015E+01      0.7088480015E+01      0.7672675195E+00      0.2010313815E+00
    0.7149964735E+01      0.7149964735E+01      0.8141864616E+00      0.2060562887E+00
    0.7211996583E+01      0.7211996583E+01      0.8621792039E+00      0.2039644011E+00
    0.7275269279E+01      0.7275269279E+01      0.9107522020E+00      0.1961008127E+00
    0.7340527474E+01      0.7340527474E+01      0.9599546506E+00      0.1830014150E+00
    0.7408345501E+01      0.7408345501E+01      0.1009174898E+01      0.1649866292E+00
    0.7479890407E+01      0.7479890407E+01      0.1057695022E+01      0.1417936685E+00
    0.7554851929E+01      0.7554851929E+01      0.1104806398E+01      0.1136212335E+00
    0.7631828397E+01      0.7631828397E+01      0.1151199689E+01      0.8360853868E-01
    0.6423297254E+01      0.6423297254E+01      0.3151866094E-01     -0.8195907797E-01
    0.6426229275E+01      0.6426229275E+01      0.9275922202E-01     -0.8185730868E-01
    0.6432187369E+01      0.6432187369E+01      0.1537265982E+00     -0.8137722500E-01
    0.6441430876E+01      0.6441430876E+01      0.2140676084E+00     -0.8018751580E-01
    0.6454350602E+01      0.6454350602E+01      0.2733867200E+00     -0.7773080073E-01
    0.6471609413E+01      0.6471609413E+01      0.3311070954E+00     -0.7328251426E-01
    0.6494095457E+01      0.6494095457E+01      0.3864509459E+00     -0.6594343738E-01
    0.6522682176E+01      0.6522682176E+01      0.4387357308E+00     -0.5470954690E-01
    0.6557613025E+01      0.6557613025E+01      0.4879602006E+00     -0.3894376466E-01
    0.6598276779E+01      0.6598276779E+01      0.5346861961E+00     -0.1926263928E-01
    0.6646510906E+01      0.6646510906E+01      0.5780243138E+00      0.4443018000E-02
    0.6704292136E+01      0.6704292136E+01      0.6157683162E+00      0.3388388326E-01
    0.6772857059E+01      0.6772857059E+01      0.6471995444E+00      0.6965084684E-01
    0.6849334707E+01      0.6849334707E+01      0.6747682376E+00      0.1091983063E+00
    0.6925461359E+01      0.6925461359E+01      0.7054040327E+00      0.1431969970E+00
    0.6999012340E+01      0.6999012340E+01      0.7397591640E+00      0.1668924997E+00
    0.7070797214E+01      0.7070797214E+01      0.7772636808E+00      0.1811945287E+00
    0.7141793893E+01      0.7141793893E+01      0.8168775773E+00      0.1873734228E+00
    0.7212970498E+01      0.7212970498E+01      0.8580500316E+00      0.1856545584E+00
    0.7284988501E+01      0.7284988501E+01      0.9002804264E+00      0.1762787882E+00
    0.7358517048E+01      0.7358517048E+01      0.9432320864E+00      0.1600839544E+00
    0.7435122040E+01      0.7435122040E+01      0.9863648807E+00      0.1378736120E+00
    0.7513844764E+01      0.7513844764E+01      0.1029561975E+01      0.1109354818E+00
    0.7591599737E+01      0.7591599737E+01      0.1075563061E+01      0.8282187560E-01
    0.7666089061E+01      0.7666089061E+01      0.1124780638E+01      0.5653343143E-01
    0.6423294940E+01      0.6423294940E+01      0.3152310819E-01     -0.5895601026E-01
    0.6425879340E+01      0.6425879340E+01      0.9294923829E-01     -0.5900922099E-01
    0.6431108708E+01      0.6431108708E+01      0.1542478642E+00     -0.5904016932E-01
    0.6439061788E+01      0.6439061788E+01      0.2152878984E+00     -0.5862720520E-01
    0.6450011492E+01      0.6450011492E+01      0.2758541795E+00     -0.5748994305E-01
    0.6464451054E+01      0.6464451054E+01      0.3355387153E+00     -0.5518882015E-01
    0.6483132363E+01      0.6483132363E+01      0.3937495161E+00     -0.5107096472E-01
    0.6507005677E+01      0.6507005677E+01      0.4497070003E+00     -0.4427880236E-01
    0.6537008782E+01      0.6537008782E+01      0.5026814753E+00     -0.3395038639E-01
    0.6573630473E+01      0.6573630473E+01      0.5524745192E+00     -0.1957899250E-01
    0.6616484067E+01      0.6616484067E+01      0.5993093373E+00     -0.2085524882E-02
    0.6667586351E+01      0.6667586351E+01      0.6421540697E+00      0.1815091897E-01
    0.6728650366E+01      0.6728650366E+01      0.6793297079E+00      0.4169975535E-01
    0.6800613023E+01      0.6800613023E+01      0.7099615622E+00      0.6926603515E-01
    0.6882424339E+01      0.6882424339E+01      0.7354570536E+00      0.1004009427E+00
    0.6967505720E+01      0.6967505720E+01      0.7604568791E+00      0.1285582962E+00
    0.7051205976E+01      0.7051205976E+01      0.7891980581E+00      0.1470700156E+00
    0.7133575041E+01      0.7133575041E+01      0.8204046120E+00      0.1552771868E+00
    0.7216054245E+01      0.7216054245E+01      0.8535376971E+00      0.1536331630E+00
    0.7299303606E+01      0.7299303606E+01      0.8879727236E+00      0.1429313698E+00
    0.7383951580E+01      0.7383951580E+01      0.9233125435E+00      0.1238908158E+00
    0.7467985767E+01      0.7467985767E+01      0.9611774886E+00      0.1008565234E+00
    0.7548545236E+01      0.7548545236E+01      0.1003428050E+01      0.7791854782E-01
    0.7624270017E+01      0.7624270017E+01      0.1050491683E+01      0.5582316077E-01
    0.7695376693E+01      0.7695376693E+01      0.1102143979E+01      0.3541332199E-01
    0.6423647311E+01      0.6423647311E+01      0.3146794419E-01     -0.3559197091E-01
    0.6426033986E+01      0.6426033986E+01      0.9290908716E-01     -0.3569593863E-01
    0.6430723516E+01      0.6430723516E+01      0.1543757724E+00     -0.3575282042E-01
    0.6437826246E+01      0.6437826246E+01      0.2158214636E+00     -0.3568410795E-01
    0.6447580012E+01      0.6447580012E+01      0.2770668642E+00     -0.3526454170E-01
    0.6460349973E+01      0.6460349973E+01      0.3378546166E+00     -0.3428363202E-01
    0.6476670800E+01      0.6476670800E+01      0.3977727001E+00     -0.3236993929E-01
    0.6497327465E+01      0.6497327465E+01      0.4562025209E+00     -0.2897713699E-01
    0.6523356486E+01      0.6523356486E+01      0.5123139630E+00     -0.2348139787E-01
    0.6555914995E+01      0.6555914995E+01      0.5652177409E+00     -0.1536437313E-01
    0.6595926678E+01      0.6595926678E+01      0.6142952696E+00     -0.4318967383E-02
    0.6643983164E+01      0.6643983164E+01      0.6591527854E+00      0.8003574610E-02
    0.6701395809E+01      0.6701395809E+01      0.6987078764E+00      0.2201365364E-01
    0.6768890205E+01      0.6768890205E+01      0.7326822863E+00      0.3851968660E-01
    0.6847227794E+01      0.6847227794E+01      0.7604397146E+00      0.5763361097E-01
    0.6935364198E+01      0.6935364198E+01      0.7829542687E+00      0.7835768321E-01
    0.7029229614E+01      0.7029229614E+01      0.8034857526E+00      0.9654844634E-01
    0.7125147451E+01      0.7125147451E+01      0.8249069395E+00      0.1060845830E+00
    0.7221987953E+01      0.7221987953E+01      0.8479213658E+00      0.1046216956E+00
    0.7317938197E+01      0.7317938197E+01      0.8741601273E+00      0.9402805912E-01
    0.7409601745E+01      0.7409601745E+01      0.9052398609E+00      0.7922944158E-01
    0.7495244965E+01      0.7495244965E+01      0.9418444736E+00      0.6281098143E-01
    0.7574883237E+01      0.7574883237E+01      0.9842765354E+00      0.4690450138E-01
    0.7648518995E+01      0.7648518995E+01      0.1032696799E+01      0.3248302159E-01
    0.7716487068E+01      0.7716487068E+01      0.1086472825E+01      0.1932643852E-01
    0.6424018503E+01      0.6424018503E+01      0.3142918068E-01     -0.1179342117E-01
    0.6426217409E+01      0.6426217409E+01      0.9286752588E-01     -0.1188342548E-01
    0.6430598472E+01      0.6430598472E+01      0.1544053162E+00     -0.1196559240E-01
    0.6437303570E+01      0.6437303570E+01      0.2159549899E+00     -0.1202456259E-01
    0.6446522216E+01      0.6446522216E+01      0.2774677477E+00     -0.1199676948E-01
    0.6458546716E+01      0.6458546716E+01      0.3387139999E+00     -0.1182757143E-01
    0.6473778118E+01      0.6473778118E+01      0.3994068408E+00     -0.1142314692E-01
    0.6492861881E+01      0.6492861881E+01      0.4590254654E+00     -0.1062550628E-01
    0.6516801270E+01      0.6516801270E+01      0.5167830239E+00     -0.9233333432E-02
    0.6546964510E+01      0.6546964510E+01      0.5715628891E+00     -0.7046767969E-02
    0.6584829200E+01      0.6584829200E+01      0.6222197677E+00     -0.3820833430E-02
    0.6630785741E+01      0.6630785741E+01      0.6683771813E+00     -0.7341623945E-04
    0.6685128300E+01      0.6685128300E+01      0.7101937734E+00      0.3933112186E-02
    0.6749183273E+01      0.6749183273E+01      0.7465987858E+00      0.8742070028E-02
    0.6824139672E+01      0.6824139672E+01      0.7767825443E+00      0.1446976827E-01
    0.6911327803E+01      0.6911327803E+01      0.7999409882E+00      0.2119351416E-01
    0.7010622273E+01      0.7010622273E+01      0.8162558129E+00      0.2856068568E-01
    0.7118259192E+01      0.7118259192E+01      0.8287263165E+00      0.3460177834E-01
    0.7227756249E+01      0.7227756249E+01      0.8432244026E+00      0.3667789581E-01
    0.7330775551E+01      0.7330775551E+01      0.8650435696E+00      0.3433045182E-01
    0.7424974322E+01      0.7424974322E+01      0.8942105807E+00      0.2964908497E-01
    0.7511092305E+01      0.7511092305E+01      0.9302502480E+00      0.2404643983E-01
    0.7590103160E+01      0.7590103160E+01      0.9727482303E+00      0.1844810292E-01
    0.7662650920E+01      0.7662650920E+01      0.1021753642E+01      0.1339116387E-01
    0.7729139521E+01      0.7729139521E+01      0.1076451412E+01      0.8688281600E-02
