    0.0000000000E+00      0.2000000000E+02      0.0000000000E+00      0.0000000000E+00
    0.5005239854E+01      0.5005239854E+01      0.1337432464E-03     -0.2350650206E-02
    0.5005173587E+01      0.5005173587E+01      0.2204796469E-03     -0.2319995162E-02
    0.5004976195E+01      0.5004976195E+01      0.3913073242E-03     -0.2233959279E-02
    0.5004703453E+01      0.5004703453E+01      0.5109529340E-03     -0.2116190713E-02
    0.5004357003E+01      0.5004357003E+01      0.6070038994E-03     -0.1965188569E-02
    0.5003953518E+01      0.5003953518E+01      0.6738927336E-03     -0.1788377576E-02
    0.5003511648E+01      0.5003511648E+01      0.7093504300E-03     -0.1592915713E-02
    0.5003041583E+01      0.5003041583E+01      0.7101406664E-03     -0.1384866821E-02
    0.5002582020E+01      0.5002582020E+01      0.6753613505E-03     -0.1180050298E-02
    0.5002140638E+01      0.5002140638E+01      0.6184834964E-03     -0.9845158091E-03
    0.5001730521E+01      0.5001730521E+01      0.5479484727E-03     -0.8028893468E-03
    0.5001362206E+01      0.5001362206E+01      0.4671898432E-03     -0.6376292686E-03
    0.5001042930E+01      0.5001042930E+01      0.3858378260E-03     -0.4951072843E-03
    0.5000772706E+01      0.5000772706E+01      0.3054585033E-03     -0.3718096304E-03
    0.5000553895E+01      0.5000553895E+01      0.2313886560E-03     -0.2712695074E-03
    0.5000380804E+01      0.5000380804E+01      0.1644626739E-03     -0.1915153542E-03
    0.5000248647E+01      0.5000248647E+01      0.1088915792E-03     -0.1307603271E-03
    0.5000146610E+01      0.5000146610E+01      0.5969620464E-04     -0.8340008998E-04
    0.5000083517E+01      0.5000083517E+01      0.3371595407E-04     -0.5116844109E-04
    0.5000040150E+01      0.5000040150E+01      0.1527649794E-04     -0.2716243538E-04
    0.5000015096E+01      0.5000015096E+01      0.0000000000E+00     -0.1122705308E-04
    0.5000004896E+01      0.5000004896E+01      0.0000000000E+00      0.0000000000E+00
    0.5000000933E+01      0.5000000933E+01      0.0000000000E+00      0.0000000000E+00
    0.5000000052E+01      0.5000000052E+01      0.0000000000E+00      0.0000000000E+00
    0.0000000000E+00      0.2000000000E+02      0.0000000000E+00      0.0000000000E+00
    0.5008763201E+01      0.5008763201E+01      0.2046847439E-03     -0.1028896062E-01
    0.5008651581E+01      0.5008651581E+01      0.3482921391E-03     -0.1015612308E-01
    0.5008334714E+01      0.5008334714E+01      0.6270171252E-03     -0.9787027933E-02
    0.5007900930E+01      0.5007900930E+01      0.8311392625E-03     -0.9283451244E-02
    0.5007349549E+01      0.5007349549E+01      0.9998455500E-03     -0.8639798844E-02
    0.5006703197E+01      0.5006703197E+01      0.1120077863E-02     -0.7884500481E-02
    0.5005989593E+01      0.5005989593E+01      0.1188421227E-02     -0.7047214067E-02
    0.5005225648E+01      0.5005225648E+01      0.1205860101E-02     -0.6152644350E-02
    0.5004469235E+01      0.5004469235E+01      0.1160486463E-02     -0.5264553281E-02
    0.5003739973E+01      0.5003739973E+01      0.1078567950E-02     -0.4412273006E-02
    0.5003058279E+01      0.5003058279E+01      0.9688791838E-03     -0.3615683835E-02
    0.5002441797E+01      0.5002441797E+01      0.8407806920E-03     -0.2891265169E-02
    0.5001901462E+01      0.5001901462E+01      0.7065970506E-03     -0.2259588086E-02
    0.5001438802E+01      0.5001438802E+01      0.5706272403E-03     -0.1713862962E-02
    0.5001056728E+01      0.5001056728E+01      0.4431676468E-03     -0.1263632023E-02
    0.5000750894E+01      0.5000750894E+01      0.3298603687E-03     -0.9053187457E-03
    0.5000515645E+01      0.5000515645E+01      0.2388216014E-03     -0.6303207107E-03
    0.5000339713E+01      0.5000339713E+01      0.1660579475E-03     -0.4208887816E-03
    0.5000212095E+01      0.5000212095E+01      0.1074770366E-03     -0.2651894145E-03
    0.5000124991E+01      0.5000124991E+01      0.6353243860E-04     -0.1547342899E-03
    0.5000068964E+01      0.5000068964E+01      0.3317923917E-04     -0.8163316957E-04
    0.5000030907E+01      0.5000030907E+01      0.1294459636E-04     -0.3689994957E-04
    0.5000010743E+01      0.5000010743E+01      0.0000000000E+00     -0.1298035885E-04
    0.5000002561E+01      0.5000002561E+01      0.0000000000E+00      0.0000000000E+00
    0.0000000000E+00      0.2000000000E+02      0.0000000000E+00      0.0000000000E+00
    0.5017716365E+01      0.5017716365E+01      0.3926816981E-03     -0.2445822782E-01
    0.5017490126E+01      0.5017490126E+01      0.6801002984E-03     -0.2414397947E-01
    0.5016872755E+01      0.5016872755E+01      0.1230211814E-02     -0.2328110214E-01
    0.5016039316E+01      0.5016039316E+01      0.1644344735E-02     -0.2211414386E-01
    0.5014985535E+01      0.5014985535E+01      0.1995714395E-02     -0.2063385816E-01
    0.5013744772E+01      0.5013744772E+01      0.2255299308E-02     -0.1889576160E-01
    0.5012361940E+01      0.5012361940E+01      0.2415914591E-02     -0.1695969685E-01
    0.5010878901E+01      0.5010878901E+01      0.2481843915E-02     -0.1489124645E-01
    0.5009379987E+01      0.5009379987E+01      0.2413620422E-02     -0.1280636222E-01
    0.5007926563E+01      0.5007926563E+01      0.2269653913E-02     -0.1079409497E-01
    0.5006555360E+01      0.5006555360E+01      0.2064285535E-02     -0.8897966847E-02
    0.5005300658E+01      0.5005300658E+01      0.1817347257E-02     -0.7164541446E-02
    0.5004185866E+01      0.5004185866E+01      0.1552611542E-02     -0.5637155177E-02
    0.5003220841E+01      0.5003220841E+01      0.1284409843E-02     -0.4314896842E-02
    0.5002409251E+01      0.5002409251E+01      0.1024595152E-02     -0.3209768327E-02
    0.5001753510E+01      0.5001753510E+01      0.7915384422E-03     -0.2322184820E-02
    0.5001239220E+01      0.5001239220E+01      0.5889005727E-03     -0.1629945369E-02
    0.5000849445E+01      0.5000849445E+01      0.4229603000E-03     -0.1106837118E-02
    0.5000560872E+01      0.5000560872E+01      0.2909114643E-03     -0.7233042805E-03
    0.5000352871E+01      0.5000352871E+01      0.1873771663E-03     -0.4481095324E-03
    0.5000211725E+01      0.5000211725E+01      0.1160658632E-03     -0.2647216110E-03
    0.5000118174E+01      0.5000118174E+01      0.6568678212E-04     -0.1444801777E-03
    0.5000060234E+01      0.5000060234E+01      0.3239889295E-04     -0.6966710926E-04
    0.5000022618E+01      0.5000022618E+01      0.1112977480E-04     -0.2231964555E-04
    0.0000000000E+00      0.2000000000E+02      0.0000000000E+00      0.0000000000E+00
    0.5037620136E+01      0.5037620136E+01      0.8261201081E-03     -0.5328033658E-01
    0.5037170267E+01      0.5037170267E+01      0.1441207095E-02     -0.5263419467E-01
    0.5035920721E+01      0.5035920721E+01      0.2593644382E-02     -0.5082021058E-01
    0.5034236042E+01      0.5034236042E+01      0.3462800471E-02     -0.4837411714E-01
    0.5032106792E+01      0.5032106792E+01      0.4211967306E-02     -0.4528047939E-01
    0.5029592565E+01      0.5029592565E+01      0.4786653645E-02     -0.4164118135E-01
    0.5026777260E+01      0.5026777260E+01      0.5165435407E-02     -0.3757200930E-01
    0.5023757097E+01      0.5023757097E+01      0.5339602398E-02     -0.3321993071E-01
    0.5020643169E+01      0.5020643169E+01      0.5256891709E-02     -0.2876102565E-01
    0.5017602330E+01      0.5017602330E+01      0.4989751363E-02     -0.2442365018E-01
    0.5014699589E+01      0.5014699589E+01      0.4588952159E-02     -0.2029576956E-01
    0.5012012058E+01      0.5012012058E+01      0.4094364163E-02     -0.1648857273E-01
    0.5009593272E+01      0.5009593272E+01      0.3545596092E-02     -0.1308877311E-01
    0.5007475399E+01      0.5007475399E+01      0.2976302283E-02     -0.1012328647E-01
    0.5005670108E+01      0.5005670108E+01      0.2414141260E-02     -0.7617079743E-02
    0.5004187001E+01      0.5004187001E+01      0.1896684948E-02     -0.5571376429E-02
    0.5003007655E+01      0.5003007655E+01      0.1441746209E-02     -0.3961023296E-02
    0.5002097480E+01      0.5002097480E+01      0.1057883133E-02     -0.2731584098E-02
    0.5001417170E+01      0.5001417170E+01      0.7478269290E-03     -0.1823559589E-02
    0.5000924895E+01      0.5000924895E+01      0.5067856898E-03     -0.1177247129E-02
    0.5000579848E+01      0.5000579848E+01      0.3275796233E-03     -0.7278676510E-03
    0.5000346790E+01      0.5000346790E+01      0.1984635461E-03     -0.4264435630E-03
    0.5000194958E+01      0.5000194958E+01      0.1081433318E-03     -0.2356354272E-03
    0.5000102911E+01      0.5000102911E+01      0.5209926213E-04     -0.1178497306E-03
    0.0000000000E+00      0.2000000000E+02      0.0000000000E+00      0.0000000000E+00
    0.5078277848E+01      0.5078277848E+01      0.1680142618E-02     -0.1110062689E+00
    0.5077441543E+01      0.5077441543E+01      0.2981906220E-02     -0.1097989348E+00
    0.5075006818E+01      0.5075006818E+01      0.5375644305E-02     -0.1062339649E+00
    0.5071717857E+01      0.5071717857E+01      0.7180605875E-02     -0.1014332291E+00
    0.5067541246E+01      0.5067541246E+01      0.8754225574E-02     -0.9534710746E-01
    0.5062583627E+01      0.5062583627E+01      0.9992958917E-02     -0.8814961482E-01
    0.5057001667E+01      0.5057001667E+01      0.1084277059E-01     -0.8005179694E-01
    0.5051004410E+01      0.5051004410E+01      0.1126099417E-01     -0.7136755719E-01
    0.5044689975E+01      0.5044689975E+01      0.1124066147E-01     -0.6231360968E-01
    0.5038467801E+01      0.5038467801E+01      0.1078662276E-01     -0.5339621308E-01
    0.5032447284E+01      0.5032447284E+01      0.1002770862E-01     -0.4481060455E-01
    0.5026792478E+01      0.5026792478E+01      0.9049996299E-02     -0.3678433127E-01
    0.5021636104E+01      0.5021636104E+01      0.7931181798E-02     -0.2951412440E-01
    0.5017062682E+01      0.5017062682E+01      0.6744485204E-02     -0.2309798884E-01
    0.5013106705E+01      0.5013106705E+01      0.5550069484E-02     -0.1759831503E-01
    0.5009801872E+01      0.5009801872E+01      0.4423294273E-02     -0.1303755374E-01
    0.5007129306E+01      0.5007129306E+01      0.3411023617E-02     -0.9389293041E-02
    0.5005038705E+01      0.5005038705E+01      0.2544127054E-02     -0.6566772170E-02
    0.5003455192E+01      0.5003455192E+01      0.1832258511E-02     -0.4451448008E-02
    0.5002296013E+01      0.5002296013E+01      0.1272133267E-02     -0.2924178163E-02
    0.5001474255E+01      0.5001474255E+01      0.8467575212E-03     -0.1853815123E-02
    0.5000913967E+01      0.5000913967E+01      0.5415817150E-03     -0.1133540861E-02
    0.5000543534E+01      0.5000543534E+01      0.3298810338E-03     -0.6655670299E-03
    0.5000307946E+01      0.5000307946E+01      0.1891764833E-03     -0.3705919769E-03
    0.0000000000E+00      0.2000000000E+02      0.0000000000E+00      0.0000000000E+00
    0.5156252508E+01      0.5156252508E+01      0.3243243721E-02     -0.2209018688E+00
    0.5154810717E+01      0.5154810717E+01      0.5927448043E-02     -0.2188385305E+00
    0.5150309534E+01      0.5150309534E+01      0.1072308109E-01     -0.2122419975E+00
    0.5144344839E+01      0.5144344839E+01      0.1435763197E-01     -0.2035497392E+00
    0.5136766415E+01      0.5136766415E+01      0.1758102462E-01     -0.1925384812E+00
    0.5127656129E+01      0.5127656129E+01      0.2018540808E-01     -0.1793456708E+00
    0.5117251428E+01      0.5117251428E+01      0.2202656964E-01     -0.1642520114E+00
    0.5105919063E+01      0.5105919063E+01      0.2300364170E-01     -0.1479049380E+00
    0.5093818020E+01      0.5093818020E+01      0.2333191931E-01     -0.1305858066E+00
    0.5081617739E+01      0.5081617739E+01      0.2263554609E-01     -0.1131234533E+00
    0.5069693097E+01      0.5069693097E+01      0.2131913367E-01     -0.9614404495E-01
    0.5058250246E+01      0.5058250246E+01      0.1948522501E-01     -0.7991396117E-01
    0.5047636263E+01      0.5047636263E+01      0.1729162427E-01     -0.6495104159E-01
    0.5038050460E+01      0.5038050460E+01      0.1490482555E-01     -0.5150932646E-01
    0.5029634121E+01      0.5029634121E+01      0.1244484820E-01     -0.3980343159E-01
    0.5022462004E+01      0.5022462004E+01      0.1006467455E-01     -0.2990756041E-01
    0.5016559137E+01      0.5016559137E+01      0.7876524131E-02     -0.2184023981E-01
    0.5011861413E+01      0.5011861413E+01      0.5962491343E-02     -0.1548675069E-01
    0.5008244167E+01      0.5008244167E+01      0.4361660902E-02     -0.1064580063E-01
    0.5005554389E+01      0.5005554389E+01      0.3081543865E-02     -0.7089221825E-02
    0.5003622612E+01      0.5003622612E+01      0.2098622080E-02     -0.4567013259E-02
    0.5002284608E+01      0.5002284608E+01      0.1377222041E-02     -0.2842609300E-02
    0.5001390395E+01      0.5001390395E+01      0.8679190493E-03     -0.1705606551E-02
    0.5000814508E+01      0.5000814508E+01      0.5238266367E-03     -0.9851082563E-03
    0.0000000000E+00      0.2000000000E+02      0.0000000000E+00      0.0000000000E+00
    0.5286489175E+01      0.5286489175E+01      0.5716725903E-02     -0.4029224265E+00
    0.5284800872E+01      0.5284800872E+01      0.1098434771E-01     -0.4005414704E+00
    0.5278602377E+01      0.5278602377E+01      0.1992259919E-01     -0.3913882139E+00
    0.5270142042E+01      0.5270142042E+01      0.2682231820E-01     -0.3790444977E+00
    0.5258941075E+01      0.5258941075E+01      0.3314501532E-01     -0.3628070862E+00
    0.5244962533E+01      0.5244962533E+01      0.3848234806E-01     -0.3426079208E+00
    0.5228367044E+01      0.5228367044E+01      0.4246599468E-01     -0.3184866427E+00
    0.5209201280E+01      0.5209201280E+01      0.4495247099E-01     -0.2910750811E+00
    0.5187953455E+01      0.5187953455E+01      0.4612165490E-01     -0.2607638033E+00
    0.5165608997E+01      0.5165608997E+01      0.4550022559E-01     -0.2288379218E+00
    0.5143595132E+01      0.5143595132E+01      0.4359674612E-01     -0.1977077199E+00
    0.5122077650E+01      0.5122077650E+01      0.4049673755E-01     -0.1672174383E+00
    0.5101429639E+01      0.5101429639E+01      0.3654929209E-01     -0.1381843488E+00
    0.5082307029E+01      0.5082307029E+01      0.3198539212E-01     -0.1113896281E+00
    0.5065214104E+01      0.5065214104E+01      0.2717863772E-01     -0.8762438378E-01
    0.5050235148E+01      0.5050235148E+01      0.2233799833E-01     -0.6695253900E-01
    0.5037613840E+01      0.5037613840E+01      0.1776947665E-01     -0.4968245044E-01
    0.5027366041E+01      0.5027366041E+01      0.1367650784E-01     -0.3579640989E-01
    0.5019309059E+01      0.5019309059E+01      0.1017049976E-01     -0.2498910717E-01
    0.5013199891E+01      0.5013199891E+01      0.7302023687E-02     -0.1688680042E-01
    0.5008732417E+01      0.5008732417E+01      0.5054730580E-02     -0.1103505838E-01
    0.5005587991E+01      0.5005587991E+01      0.3374027123E-02     -0.6969333911E-02
    0.5003454942E+01      0.5003454942E+01      0.2168993065E-02     -0.4250058511E-02
    0.5002062053E+01      0.5002062053E+01      0.1341368896E-02     -0.2501738800E-02
    0.0000000000E+00      0.2000000000E+02      0.0000000000E+00      0.0000000000E+00
    0.5409596573E+01      0.5409596573E+01      0.7763556937E-02     -0.5751911209E+00
    0.5408791577E+01      0.5408791577E+01      0.1625673616E-01     -0.5738274314E+00
    0.5404093290E+01      0.5404093290E+01      0.2900410529E-01     -0.5664924270E+00
    0.5398152325E+01      0.5398152325E+01      0.3951073962E-01     -0.5573723084E+00
    0.5390151129E+01      0.5390151129E+01      0.4976952886E-01     -0.5452302854E+00
    0.5379775585E+01      0.5379775585E+01      0.5924755198E-01     -0.5294816195E+00
    0.5366582674E+01      0.5366582674E+01      0.6773474461E-01     -0.5097734417E+00
    0.5350136586E+01      0.5350136586E+01      0.7493427194E-01     -0.4851770996E+00
    0.5329922485E+01      0.5329922485E+01      0.8006239573E-01     -0.4555761347E+00
    0.5305147337E+01      0.5305147337E+01      0.8290073969E-01     -0.4198387159E+00
    0.5275253909E+01      0.5275253909E+01      0.8295394461E-01     -0.3772733518E+00
    0.5241498761E+01      0.5241498761E+01      0.8003857963E-01     -0.3294665151E+00
    0.5205755156E+01      0.5205755156E+01      0.7392844545E-01     -0.2794353903E+00
    0.5170199003E+01      0.5170199003E+01      0.6581866386E-01     -0.2297543760E+00
    0.5137889319E+01      0.5137889319E+01      0.5714471651E-01     -0.1851272521E+00
    0.5108623010E+01      0.5108623010E+01      0.4807028973E-01     -0.1447262259E+00
    0.5082964124E+01      0.5082964124E+01      0.3896483421E-01     -0.1096252176E+00
    0.5061566124E+01      0.5061566124E+01      0.3057264327E-01     -0.8063239188E-01
    0.5044245859E+01      0.5044245859E+01      0.2316955880E-01     -0.5736183903E-01
    0.5030766474E+01      0.5030766474E+01      0.1693724619E-01     -0.3944325754E-01
    0.5020684729E+01      0.5020684729E+01      0.1193177985E-01     -0.2619850494E-01
    0.5013438259E+01      0.5013438259E+01      0.8095858026E-02     -0.1680095346E-01
    0.5008431740E+01      0.5008431740E+01      0.5288321361E-02     -0.1039837653E-01
    0.5005107918E+01      0.5005107918E+01      0.3324813089E-02     -0.6209649443E-02
    0.0000000000E+00      0.2000000000E+02      0.0000000000E+00      0.0000000000E+00
    0.5498937619E+01      0.5498937619E+01      0.9062216702E-02     -0.7019606879E+00
    0.5498688873E+01      0.5498688873E+01      0.2003332957E-01     -0.7014000029E+00
    0.5495423906E+01      0.5495423906E+01      0.3531489700E-01     -0.6960008933E+00
    0.5491857151E+01      0.5491857151E+01      0.4849337488E-01     -0.6897893333E+00
    0.5486959434E+01      0.5486959434E+01      0.6185786458E-01     -0.6814218428E+00
    0.5480515446E+01      0.5480515446E+01      0.7468983868E-01     -0.6707279298E+00
    0.5472243563E+01      0.5472243563E+01      0.8685874331E-01     -0.6572306938E+00
    0.5461861085E+01      0.5461861085E+01      0.9817646504E-01     -0.6403234158E+00
    0.5448819110E+01      0.5448819110E+01      0.1083352410E+00     -0.6197106918E+00
    0.5432545031E+01      0.5432545031E+01      0.1168432163E+00     -0.5947322422E+00
    0.5412285440E+01      0.5412285440E+01      0.1232167445E+00     -0.5639801591E+00
    0.5387145904E+01      0.5387145904E+01      0.1268943453E+00     -0.5270065436E+00
    0.5355791567E+01      0.5355791567E+01      0.1272969549E+00     -0.4817559809E+00
    0.5318114932E+01      0.5318114932E+01      0.1230673079E+00     -0.4276020334E+00
    0.5272183841E+01      0.5272183841E+01      0.1135164143E+00     -0.3638345878E+00
    0.5223098613E+01      0.5223098613E+01      0.9886828892E-01     -0.2961834230E+00
    0.5174888775E+01      0.5174888775E+01      0.8198927158E-01     -0.2305463837E+00
    0.5133397260E+01      0.5133397260E+01      0.6597740470E-01     -0.1746472498E+00
    0.5098276798E+01      0.5098276798E+01      0.5126155024E-01     -0.1274886172E+00
    0.5069890032E+01      0.5069890032E+01      0.3831529229E-01     -0.8971702162E-01
    0.5047944312E+01      0.5047944312E+01      0.2754086809E-01     -0.6083347313E-01
    0.5031708466E+01      0.5031708466E+01      0.1903739868E-01     -0.3972907551E-01
    0.5020218800E+01      0.5020218800E+01      0.1265298913E-01     -0.2499110817E-01
    0.5012428306E+01      0.5012428306E+01      0.8082631058E-02     -0.1514116620E-01
    0.0000000000E+00      0.2000000000E+02      0.0000000000E+00      0.0000000000E+00
    0.5561401155E+01      0.5561401155E+01      0.1004560562E-01     -0.7933161553E+00
    0.5561591317E+01      0.5561591317E+01      0.2278647744E-01     -0.7933756137E+00
    0.5559352115E+01      0.5559352115E+01      0.3954686861E-01     -0.7892562893E+00
    0.5557446218E+01      0.5557446218E+01      0.5447801304E-01     -0.7852253119E+00
    0.5554686446E+01      0.5554686446E+01      0.6987630514E-01     -0.7795790933E+00
    0.5551128446E+01      0.5551128446E+01      0.8503220110E-01     -0.7724173952E+00
    0.5546515141E+01      0.5546515141E+01      0.9989469526E-01     -0.7634657296E+00
    0.5540631984E+01      0.5540631984E+01      0.1142718187E+00     -0.7523305724E+00
    0.5533161139E+01      0.5533161139E+01      0.1279918676E+00     -0.7385838854E+00
    0.5523655768E+01      0.5523655768E+01      0.1408015288E+00     -0.7218633019E+00
    0.5511623329E+01      0.5511623329E+01      0.1522993570E+00     -0.7012751397E+00
    0.5496303174E+01      0.5496303174E+01      0.1620467551E+00     -0.6762595427E+00
    0.5476840543E+01      0.5476840543E+01      0.1692945974E+00     -0.6453918913E+00
    0.5451918353E+01      0.5451918353E+01      0.1735174889E+00     -0.6076437834E+00
    0.5420141623E+01      0.5420141623E+01      0.1740315956E+00     -0.5611011490E+00
    0.5380563351E+01      0.5380563351E+01      0.1687709405E+00     -0.5039473647E+00
    0.5331102266E+01      0.5331102266E+01      0.1564181107E+00     -0.4347486931E+00
    0.5270817210E+01      0.5270817210E+01      0.1355005587E+00     -0.3527194801E+00
    0.5208105516E+01      0.5208105516E+01      0.1087139588E+00     -0.2690754886E+00
    0.5152353355E+01      0.5152353355E+01      0.8353978676E-01     -0.1953966403E+00
    0.5107642430E+01      0.5107642430E+01      0.6174583877E-01     -0.1366601774E+00
    0.5072970488E+01      0.5072970488E+01      0.4371418241E-01     -0.9155044561E-01
    0.5047520931E+01      0.5047520931E+01      0.2966172000E-01     -0.5884652305E-01
    0.5029736760E+01      0.5029736760E+01      0.1930262200E-01     -0.3630508439E-01
    0.0000000000E+00      0.2000000000E+02      0.0000000000E+00      0.0000000000E+00
    0.5605559844E+01      0.5605559844E+01      0.1088970026E-01     -0.8608122286E+00
    0.5606147220E+01      0.5606147220E+01      0.2477022910E-01     -0.8615199156E+00
    0.5604522313E+01      0.5604522313E+01      0.4217927274E-01     -0.8580245155E+00
    0.5603676471E+01      0.5603676471E+01      0.5853503897E-01     -0.8553257212E+00
    0.5602331297E+01      0.5602331297E+01      0.7528602111E-01     -0.8516011652E+00
    0.5600638162E+01      0.5600638162E+01      0.9192867873E-01     -0.8467972326E+00
    0.5598406478E+01      0.5598406478E+01      0.1085371313E+00     -0.8407490511E+00
    0.5595479530E+01      0.5595479530E+01      0.1249331975E+00     -0.8333022250E+00
    0.5591679755E+01      0.5591679755E+01      0.1410547356E+00     -0.8241612174E+00
    0.5586719917E+01      0.5586719917E+01      0.1568088884E+00     -0.8129732030E+00
    0.5580303493E+01      0.5580303493E+01      0.1718789663E+00     -0.7993192668E+00
    0.5571929836E+01      0.5571929836E+01      0.1859771260E+00     -0.7826404775E+00
    0.5560985116E+01      0.5560985116E+01      0.1986390583E+00     -0.7621796785E+00
    0.5546680262E+01      0.5546680262E+01      0.2094229010E+00     -0.7371543543E+00
    0.5528011995E+01      0.5528011995E+01      0.2174624397E+00     -0.7060550906E+00
    0.5503294683E+01      0.5503294683E+01      0.2218537461E+00     -0.6673050659E+00
    0.5470928061E+01      0.5470928061E+01      0.2214371561E+00     -0.6187759423E+00
    0.5429017186E+01      0.5429017186E+01      0.2146086317E+00     -0.5581910918E+00
    0.5374859790E+01      0.5374859790E+01      0.1982565276E+00     -0.4831120360E+00
    0.5306446960E+01      0.5306446960E+01      0.1708199499E+00     -0.3908599582E+00
    0.5229831068E+01      0.5229831068E+01      0.1325452394E+00     -0.2905496965E+00
    0.5160984344E+01      0.5160984344E+01      0.9676940096E-01     -0.2016936025E+00
    0.5108325293E+01      0.5108325293E+01      0.6763889610E-01     -0.1342366253E+00
    0.5069537804E+01      0.5069537804E+01      0.4510897599E-01     -0.8502162096E-01
    0.0000000000E+00      0.2000000000E+02      0.0000000000E+00      0.0000000000E+00
    0.5637897220E+01      0.5637897220E+01      0.1151446764E-01     -0.9133927768E+00
    0.5638859444E+01      0.5638859444E+01      0.2610603818E-01     -0.9146944393E+00
    0.5637604689E+01      0.5637604689E+01      0.4390302112E-01     -0.9115229852E+00
    0.5637426856E+01      0.5637426856E+01      0.6129900163E-01     -0.9096467520E+00
    0.5637035909E+01      0.5637035909E+01      0.7892538862E-01     -0.9071831396E+00
    0.5636575242E+01      0.5636575242E+01      0.9651278481E-01     -0.9039763609E+00
    0.5635828615E+01      0.5635828615E+01      0.1142795191E+00     -0.8998053183E+00
    0.5634780462E+01      0.5634780462E+01      0.1320812907E+00     -0.8946563629E+00
    0.5633300232E+01      0.5633300232E+01      0.1498803083E+00     -0.8884203228E+00
    0.5631208642E+01      0.5631208642E+01      0.1675844297E+00     -0.8806960826E+00
    0.5628316550E+01      0.5628316550E+01      0.1850193116E+00     -0.8713697236E+00
    0.5624320630E+01      0.5624320630E+01      0.2020240116E+00     -0.8599142545E+00
    0.5618865840E+01      0.5618865840E+01      0.2183340481E+00     -0.8459900608E+00
    0.5611455312E+01      0.5611455312E+01      0.2335993031E+00     -0.8290980808E+00
    0.5601424545E+01      0.5601424545E+01      0.2472704066E+00     -0.8082064234E+00
    0.5587837072E+01      0.5587837072E+01      0.2586726752E+00     -0.7823685207E+00
    0.5569397885E+01      0.5569397885E+01      0.2669434529E+00     -0.7501614398E+00
    0.5544017168E+01      0.5544017168E+01      0.2711608317E+00     -0.7097325309E+00
    0.5510055503E+01      0.5510055503E+01      0.2692500185E+00     -0.6579778229E+00
    0.5464503197E+01      0.5464503197E+01      0.2587861121E+00     -0.5923217539E+00
    0.5403801067E+01      0.5403801067E+01      0.2361969038E+00     -0.5094673472E+00
    0.5325257626E+01      0.5325257626E+01      0.1993374645E+00     -0.4052157584E+00
    0.5234927645E+01      0.5234927645E+01      0.1478316849E+00     -0.2896926815E+00
    0.5156285913E+01      0.5156285913E+01      0.1019025020E+00     -0.1908779465E+00
    0.0000000000E+00      0.2000000000E+02      0.0000000000E+00      0.0000000000E+00
    0.5662911257E+01      0.5662911257E+01      0.1190565274E-01     -0.9562952219E+00
    0.5664157643E+01      0.5664157643E+01      0.2690047599E-01     -0.9581161227E+00
    0.5663178189E+01      0.5663178189E+01      0.4502521283E-01     -0.9552695826E+00
    0.5663487114E+01      0.5663487114E+01      0.6308836894E-01     -0.9540349124E+00
    0.5663745631E+01      0.5663745631E+01      0.8132964570E-01     -0.9524166646E+00
    0.5664141612E+01      0.5664141612E+01      0.9966795726E-01     -0.9504075535E+00
    0.5664391376E+01      0.5664391376E+01      0.1182467223E+00     -0.9475960682E+00
    0.5664577575E+01      0.5664577575E+01      0.1370055005E+00     -0.9440508977E+00
    0.5664565011E+01      0.5664565011E+01      0.1559609301E+00     -0.9397255751E+00
    0.5664282753E+01      0.5664282753E+01      0.1750426007E+00     -0.9342448982E+00
    0.5663578923E+01      0.5663578923E+01      0.1941309409E+00     -0.9276087118E+00
    0.5662280547E+01      0.5662280547E+01      0.2131081942E+00     -0.9194019259E+00
    0.5660167014E+01      0.5660167014E+01      0.2318594032E+00     -0.9094422404E+00
    0.5656933230E+01      0.5656933230E+01      0.2501399156E+00     -0.8973859919E+00
    0.5652189545E+01      0.5652189545E+01      0.2675834370E+00     -0.8825984590E+00
    0.5645383720E+01      0.5645383720E+01      0.2838093809E+00     -0.8646099662E+00
    0.5635786301E+01      0.5635786301E+01      0.2982284789E+00     -0.8426150304E+00
    0.5622315946E+01      0.5622315946E+01      0.3099189723E+00     -0.8154358433E+00
    0.5603403799E+01      0.5603403799E+01      0.3176834202E+00     -0.7811337504E+00
    0.5576179601E+01      0.5576179601E+01      0.3204000110E+00     -0.7373014875E+00
    0.5538982230E+01      0.5538982230E+01      0.3154733181E+00     -0.6803616042E+00
    0.5487217781E+01      0.5487217781E+01      0.2990584655E+00     -0.6071985974E+00
    0.5416430372E+01      0.5416430372E+01      0.2668906961E+00     -0.5127058625E+00
    0.5323526292E+01      0.5323526292E+01      0.2156662664E+00     -0.3922482318E+00
    0.0000000000E+00      0.2000000000E+02      0.0000000000E+00      0.0000000000E+00
    0.5682776392E+01      0.5682776392E+01      0.1211341373E-01     -0.9932301366E+00
    0.5684236733E+01      0.5684236733E+01      0.2731601372E-01     -0.9954830653E+00
    0.5683553974E+01      0.5683553974E+01      0.4575547874E-01     -0.9930884993E+00
    0.5684318283E+01      0.5684318283E+01      0.6396815608E-01     -0.9924802999E+00
    0.5685060052E+01      0.5685060052E+01      0.8272187897E-01     -0.9914415411E+00
    0.5686194942E+01      0.5686194942E+01      0.1015450545E+00     -0.9904679299E+00
    0.5687236896E+01      0.5687236896E+01      0.1207765849E+00     -0.9886368219E+00
    0.5688371670E+01      0.5688371670E+01      0.1403137767E+00     -0.9863448008E+00
    0.5689426078E+01      0.5689426078E+01      0.1601664103E+00     -0.9833830867E+00
    0.5690387440E+01      0.5690387440E+01      0.1803149923E+00     -0.9795120011E+00
    0.5691134458E+01      0.5691134458E+01      0.2006806571E+00     -0.9746637465E+00
    0.5691575623E+01      0.5691575623E+01      0.2211608315E+00     -0.9685235580E+00
    0.5691582780E+01      0.5691582780E+01      0.2416680769E+00     -0.9609967062E+00
    0.5690936638E+01      0.5690936638E+01      0.2620987364E+00     -0.9518229656E+00
    0.5689385866E+01      0.5689385866E+01      0.2821375567E+00     -0.9406538339E+00
    0.5686654288E+01      0.5686654288E+01      0.3015545901E+00     -0.9272495462E+00
    0.5682306463E+01      0.5682306463E+01      0.3199390029E+00     -0.9110852414E+00
    0.5675726066E+01      0.5675726066E+01      0.3367632806E+00     -0.8915164555E+00
    0.5666027899E+01      0.5666027899E+01      0.3512863871E+00     -0.8675469576E+00
    0.5651855699E+01      0.5651855699E+01      0.3624176893E+00     -0.8377654595E+00
    0.5630925933E+01      0.5630925933E+01      0.3688851954E+00     -0.7999511349E+00
    0.5600412052E+01      0.5600412052E+01      0.3685484811E+00     -0.7506051295E+00
    0.5557210352E+01      0.5557210352E+01      0.3580457090E+00     -0.6858489107E+00
    0.5495315514E+01      0.5495315514E+01      0.3317017356E+00     -0.6013702931E+00
    0.0000000000E+00      0.2000000000E+02      0.0000000000E+00      0.0000000000E+00
    0.5699446939E+01      0.5699446939E+01      0.1217855064E-01     -0.1025497184E+01
    0.5701095516E+01      0.5701095516E+01      0.2743509222E-01     -0.1028167906E+01
    0.5700732122E+01      0.5700732122E+01      0.4600015842E-01     -0.1026282137E+01
    0.5701928139E+01      0.5701928139E+01      0.6416484912E-01     -0.1026390133E+01
    0.5703052431E+01      0.5703052431E+01      0.8323451741E-01     -0.1025937823E+01
    0.5704834893E+01      0.5704834893E+01      0.1023380017E+00     -0.1026028148E+01
    0.5706488568E+01      0.5706488568E+01      0.1221701655E+00     -0.1025147160E+01
    0.5708415928E+01      0.5708415928E+01      0.1423246201E+00     -0.1024082725E+01
    0.5710276793E+01      0.5710276793E+01      0.1629716675E+00     -0.1022280981E+01
    0.5712187940E+01      0.5712187940E+01      0.1840314901E+00     -0.1019787497E+01
    0.5713994068E+01      0.5713994068E+01      0.2054787461E+00     -0.1016328303E+01
    0.5715652628E+01      0.5715652628E+01      0.2272519672E+00     -0.1011730370E+01
    0.5717047356E+01      0.5717047356E+01      0.2492676158E+00     -0.1005927162E+01
    0.5718045278E+01      0.5718045278E+01      0.2713231579E+00     -0.9986880643E+00
    0.5718523898E+01      0.5718523898E+01      0.2932362735E+00     -0.9897700669E+00
    0.5718318450E+01      0.5718318450E+01      0.3149432723E+00     -0.9790117416E+00
    0.5717108316E+01      0.5717108316E+01      0.3361271666E+00     -0.9661709178E+00
    0.5714566611E+01      0.5714566611E+01      0.3563850532E+00     -0.9508736889E+00
    0.5710202303E+01      0.5710202303E+01      0.3752760332E+00     -0.9325373550E+00
    0.5703276813E+01      0.5703276813E+01      0.3921433060E+00     -0.9104921229E+00
    0.5692664867E+01      0.5692664867E+01      0.4060076679E+00     -0.8835640113E+00
    0.5676708380E+01      0.5676708380E+01      0.4154196994E+00     -0.8498396893E+00
    0.5651813507E+01      0.5651813507E+01      0.4189772473E+00     -0.8064281517E+00
    0.5615693557E+01      0.5615693557E+01      0.4131304530E+00     -0.7487320855E+00
    0.0000000000E+00      0.2000000000E+02      0.0000000000E+00      0.0000000000E+00
    0.5713283299E+01      0.5713283299E+01      0.1207904129E-01     -0.1054949405E+01
    0.5715124972E+01      0.5715124972E+01      0.2720093538E-01     -0.1058060888E+01
    0.5715076982E+01      0.5715076982E+01      0.4568569866E-01     -0.1056632710E+01
    0.5716718582E+01      0.5716718582E+01      0.6360046376E-01     -0.1057518797E+01
    0.5718222391E+01      0.5718222391E+01      0.8283034534E-01     -0.1057666763E+01
    0.5720651642E+01      0.5720651642E+01      0.1020748095E+00     -0.1058845002E+01
    0.5722917472E+01      0.5722917472E+01      0.1223389336E+00     -0.1058948356E+01
    0.5725647613E+01      0.5725647613E+01      0.1429760498E+00     -0.1059102372E+01
    0.5728278328E+01      0.5728278328E+01      0.1643986933E+00     -0.1058364100E+01
    0.5731093682E+01      0.5731093682E+01      0.1863167038E+00     -0.1057106273E+01
    0.5733817070E+01      0.5733817070E+01      0.2088008825E+00     -0.1054807188E+01
    0.5736475619E+01      0.5736475619E+01      0.2317498029E+00     -0.1051433671E+01
    0.5738978769E+01      0.5738978769E+01      0.2550795228E+00     -0.1046909920E+01
    0.5741244929E+01      0.5741244929E+01      0.2786473190E+00     -0.1041027182E+01
    0.5743179195E+01      0.5743179195E+01      0.3023414797E+00     -0.1033637679E+01
    0.5744622176E+01      0.5744622176E+01      0.3259080856E+00     -0.1024661635E+01
    0.5745364890E+01      0.5745364890E+01      0.3491235824E+00     -0.1013815481E+01
    0.5745321613E+01      0.5745321613E+01      0.3718529259E+00     -0.1000858640E+01
    0.5744142511E+01      0.5744142511E+01      0.3938581338E+00     -0.9855986127E+00
    0.5741356106E+01      0.5741356106E+01      0.4144841141E+00     -0.9676735478E+00
    0.5736423541E+01      0.5736423541E+01      0.4331768356E+00     -0.9464407231E+00
    0.5728434488E+01      0.5728434488E+01      0.4491697562E+00     -0.9210687939E+00
    0.5715892070E+01      0.5715892070E+01      0.4611866168E+00     -0.8900091288E+00
    0.5695895809E+01      0.5695895809E+01      0.4678302140E+00     -0.8507663852E+00
    0.0000000000E+00      0.2000000000E+02      0.0000000000E+00      0.0000000000E+00
    0.5725423276E+01      0.5725423276E+01      0.1183342179E-01     -0.1081411152E+01
    0.5727443553E+01      0.5727443553E+01      0.2658783074E-01     -0.1085051609E+01
    0.5727648330E+01      0.5727648330E+01      0.4479960485E-01     -0.1084002246E+01
    0.5729704175E+01      0.5729704175E+01      0.6237050916E-01     -0.1085781269E+01
    0.5731553571E+01      0.5731553571E+01      0.8159976913E-01     -0.1086622480E+01
    0.5734585484E+01      0.5734585484E+01      0.1008659191E+00     -0.1088992726E+01
    0.5737431370E+01      0.5737431370E+01      0.1214678074E+00     -0.1090189850E+01
    0.5740939428E+01      0.5740939428E+01      0.1425326005E+00     -0.1091768560E+01
    0.5744300084E+01      0.5744300084E+01      0.1646247961E+00     -0.1092252516E+01
    0.5747954024E+01      0.5747954024E+01      0.1873124315E+00     -0.1092432076E+01
    0.5751484897E+01      0.5751484897E+01      0.2108431020E+00     -0.1091413814E+01
    0.5755013684E+01      0.5755013684E+01      0.2349959405E+00     -0.1089304464E+01
    0.5758425221E+01      0.5758425221E+01      0.2596182032E+00     -0.1085988675E+01
    0.5761675767E+01      0.5761675767E+01      0.2846096685E+00     -0.1081286772E+01
    0.5764679928E+01      0.5764679928E+01      0.3098605729E+00     -0.1075092274E+01
    0.5767376014E+01      0.5767376014E+01      0.3352124255E+00     -0.1067339274E+01
    0.5769561376E+01      0.5769561376E+01      0.3604153349E+00     -0.1057833359E+01
    0.5771149562E+01      0.5771149562E+01      0.3852190595E+00     -0.1046421561E+01
    0.5771916818E+01      0.5771916818E+01      0.4093501396E+00     -0.1032888063E+01
    0.5771720179E+01      0.5771720179E+01      0.4327081327E+00     -0.1017030095E+01
    0.5770117027E+01      0.5770117027E+01      0.4549040895E+00     -0.9987152407E+00
    0.5766588418E+01      0.5766588418E+01      0.4752248232E+00     -0.9775533772E+00
    0.5760478115E+01      0.5760478115E+01      0.4929703638E+00     -0.9527548592E+00
    0.5750457409E+01      0.5750457409E+01      0.5069883767E+00     -0.9231083063E+00
    0.0000000000E+00      0.2000000000E+02      0.0000000000E+00      0.0000000000E+00
    0.5735701963E+01      0.5735701963E+01      0.1138476347E-01     -0.1105729112E+01
    0.5737892059E+01      0.5737892059E+01      0.2546910910E-01     -0.1109961337E+01
    0.5738261659E+01      0.5738261659E+01      0.4314751280E-01     -0.1109228718E+01
    0.5740708279E+01      0.5740708279E+01      0.6022518561E-01     -0.1112013164E+01
    0.5742888919E+01      0.5742888919E+01      0.7924703335E-01     -0.1113598895E+01
    0.5746520595E+01      0.5746520595E+01      0.9833449040E-01     -0.1117268190E+01
    0.5749922780E+01      0.5749922780E+01      0.1191303174E+00     -0.1119641218E+01
    0.5754236149E+01      0.5754236149E+01      0.1405072973E+00     -0.1122788529E+01
    0.5758380631E+01      0.5758380631E+01      0.1632998827E+00     -0.1124608984E+01
    0.5762975764E+01      0.5762975764E+01      0.1868057557E+00     -0.1126331098E+01
    0.5767435707E+01      0.5767435707E+01      0.2113527444E+00     -0.1126715544E+01
    0.5771911481E+01      0.5771911481E+01      0.2367595266E+00     -0.1125924191E+01
    0.5776300534E+01      0.5776300534E+01      0.2628307343E+00     -0.1123757006E+01
    0.5780535711E+01      0.5780535711E+01      0.2893448061E+00     -0.1120135577E+01
    0.5784553969E+01      0.5784553969E+01      0.3162096415E+00     -0.1114974158E+01
    0.5788275634E+01      0.5788275634E+01      0.3433238817E+00     -0.1108143104E+01
    0.5791616933E+01      0.5791616933E+01      0.3704017250E+00     -0.1099517574E+01
    0.5794419142E+01      0.5794419142E+01      0.3971991101E+00     -0.1088970951E+01
    0.5796664649E+01      0.5796664649E+01      0.4235890610E+00     -0.1076527441E+01
    0.5798120102E+01      0.5798120102E+01      0.4492605923E+00     -0.1062049481E+01
    0.5798544770E+01      0.5798544770E+01      0.4737605617E+00     -0.1045250977E+01
    0.5797762529E+01      0.5797762529E+01      0.4971823009E+00     -0.1026067847E+01
    0.5795214233E+01      0.5795214233E+01      0.5186745889E+00     -0.1004275587E+01
    0.5790359568E+01      0.5790359568E+01      0.5375383532E+00     -0.9792845394E+00
    0.0000000000E+00      0.2000000000E+02      0.0000000000E+00      0.0000000000E+00
    0.5744382733E+01      0.5744382733E+01      0.1071628627E-01     -0.1127525810E+01
    0.5746712329E+01      0.5746712329E+01      0.2392638393E-01     -0.1132442634E+01
    0.5747231039E+01      0.5747231039E+01      0.4082594360E-01     -0.1132042306E+01
    0.5750060481E+01      0.5750060481E+01      0.5716949049E-01     -0.1135970710E+01
    0.5752562521E+01      0.5752562521E+01      0.7579760457E-01     -0.1138355668E+01
    0.5756776802E+01      0.5756776802E+01      0.9455026085E-01     -0.1143426329E+01
    0.5760759248E+01      0.5760759248E+01      0.1154503224E+00     -0.1147134865E+01
    0.5765837890E+01      0.5765837890E+01      0.1370485509E+00     -0.1151967985E+01
    0.5770804512E+01      0.5770804512E+01      0.1605127160E+00     -0.1155365300E+01
    0.5776334553E+01      0.5776334553E+01      0.1848786624E+00     -0.1158813204E+01
    0.5781776684E+01      0.5781776684E+01      0.2105616427E+00     -0.1160849829E+01
    0.5787267793E+01      0.5787267793E+01      0.2372280373E+00     -0.1161693167E+01
    0.5792614491E+01      0.5792614491E+01      0.2647700438E+00     -0.1160975203E+01
    0.5797824980E+01      0.5797824980E+01      0.2929796469E+00     -0.1158603453E+01
    0.5802820879E+01      0.5802820879E+01      0.3216392219E+00     -0.1154572582E+01
    0.5807511307E+01      0.5807511307E+01      0.3506151224E+00     -0.1148715808E+01
    0.5811874219E+01      0.5811874219E+01      0.3796798033E+00     -0.1140897683E+01
    0.5815618045E+01      0.5815618045E+01      0.4084042453E+00     -0.1130959478E+01
    0.5818877054E+01      0.5818877054E+01      0.4367335138E+00     -0.1119079495E+01
    0.5821618934E+01      0.5821618934E+01      0.4645575057E+00     -0.1105272093E+01
    0.5823604148E+01      0.5823604148E+01      0.4914359936E+00     -0.1089420561E+01
    0.5824517106E+01      0.5824517106E+01      0.5169392745E+00     -0.1071291399E+01
    0.5824256535E+01      0.5824256535E+01      0.5410145242E+00     -0.1050683152E+01
    0.5822405236E+01      0.5822405236E+01      0.5632980316E+00     -0.1027652742E+01
    0.0000000000E+00      0.2000000000E+02      0.0000000000E+00      0.0000000000E+00
    0.5751594397E+01      0.5751594397E+01      0.9799695172E-02     -0.1146227961E+01
    0.5754017365E+01      0.5754017365E+01      0.2183429247E-01     -0.1152003082E+01
    0.5754714404E+01      0.5754714404E+01      0.3762241230E-01     -0.1152063403E+01
    0.5757907906E+01      0.5757907906E+01      0.5295277636E-01     -0.1157382265E+01
    0.5760706285E+01      0.5760706285E+01      0.7092721243E-01     -0.1160776811E+01
    0.5765420764E+01      0.5765420764E+01      0.8907538814E-01     -0.1167390872E+01
    0.5769983177E+01      0.5769983177E+01      0.1099260485E+00     -0.1172819989E+01
    0.5775704404E+01      0.5775704404E+01      0.1316494660E+00     -0.1179384733E+01
    0.5781507572E+01      0.5781507572E+01      0.1556779597E+00     -0.1184775194E+01
    0.5787926695E+01      0.5787926695E+01      0.1809024273E+00     -0.1190067141E+01
    0.5794373231E+01      0.5794373231E+01      0.2078050817E+00     -0.1194036531E+01
    0.5800963007E+01      0.5800963007E+01      0.2359251259E+00     -0.1196700523E+01
    0.5807459834E+01      0.5807459834E+01      0.2651312554E+00     -0.1197637703E+01
    0.5813774427E+01      0.5813774427E+01      0.2952370788E+00     -0.1196697387E+01
    0.5819866484E+01      0.5819866484E+01      0.3259393948E+00     -0.1193861956E+01
    0.5825636905E+01      0.5825636905E+01      0.3569620557E+00     -0.1189037678E+01
    0.5831090724E+01      0.5831090724E+01      0.3881849318E+00     -0.1182041888E+01
    0.5835868209E+01      0.5835868209E+01      0.4190088736E+00     -0.1172600648E+01
    0.5840045593E+01      0.5840045593E+01      0.4493227897E+00     -0.1160895077E+01
    0.5843784619E+01      0.5843784619E+01      0.4791231511E+00     -0.1147181141E+01
    0.5846967843E+01      0.5846967843E+01      0.5081657410E+00     -0.1131540527E+01
    0.5849372942E+01      0.5849372942E+01      0.5360840500E+00     -0.1113902781E+01
    0.5850601888E+01      0.5850601888E+01      0.5624137437E+00     -0.1094078862E+01
    0.5850587207E+01      0.5850587207E+01      0.5870878439E+00     -0.1071843484E+01
    0.0000000000E+00      0.2000000000E+02      0.0000000000E+00      0.0000000000E+00
    0.5756635455E+01      0.5756635455E+01      0.8621990382E-02     -0.1162215698E+01
    0.5759147521E+01      0.5759147521E+01      0.1904303351E-01     -0.1168937127E+01
    0.5760129501E+01      0.5760129501E+01      0.3335807020E-01     -0.1169728254E+01
    0.5763752296E+01      0.5763752296E+01      0.4744948211E-01     -0.1176633930E+01
    0.5766966937E+01      0.5766966937E+01      0.6458088340E-01     -0.1181364371E+01
    0.5772140142E+01      0.5772140142E+01      0.8190459372E-01     -0.1189407381E+01
    0.5777434491E+01      0.5777434491E+01      0.1024727795E+00     -0.1197081679E+01
    0.5783729207E+01      0.5783729207E+01      0.1244257222E+00     -0.1205234456E+01
    0.5790492876E+01      0.5790492876E+01      0.1488151256E+00     -0.1213008617E+01
    0.5797769529E+01      0.5797769529E+01      0.1750122497E+00     -0.1220145880E+01
    0.5805336735E+01      0.5805336735E+01      0.2031497432E+00     -0.1226267826E+01
    0.5813058111E+01      0.5813058111E+01      0.2328979564E+00     -0.1230872231E+01
    0.5820763447E+01      0.5820763447E+01      0.2640349946E+00     -0.1233703868E+01
    0.5828304459E+01      0.5828304459E+01      0.2961420563E+00     -0.1234451491E+01
    0.5835549662E+01      0.5835549662E+01      0.3290328145E+00     -0.1233034106E+01
    0.5842518073E+01      0.5842518073E+01      0.3623064566E+00     -0.1229354056E+01
    0.5849180620E+01      0.5849180620E+01      0.3959296519E+00     -0.1223278064E+01
    0.5855221202E+01      0.5855221202E+01      0.4292333572E+00     -0.1214571151E+01
    0.5860343413E+01      0.5860343413E+01      0.4617664438E+00     -0.1203177429E+01
    0.5864840469E+01      0.5864840469E+01      0.4936196870E+00     -0.1189490134E+01
    0.5868804619E+01      0.5868804619E+01      0.5247025829E+00     -0.1173756570E+01
    0.5872130902E+01      0.5872130902E+01      0.5547444986E+00     -0.1156078157E+01
    0.5874687274E+01      0.5874687274E+01      0.5834162561E+00     -0.1136502063E+01
    0.5876109145E+01      0.5876109145E+01      0.6102887516E+00     -0.1114712635E+01
    0.0000000000E+00      0.2000000000E+02      0.0000000000E+00      0.0000000000E+00
    0.5760314322E+01      0.5760314322E+01      0.7157785188E-02     -0.1173999043E+01
    0.5762863945E+01      0.5762863945E+01      0.1545988045E-01     -0.1181662304E+01
    0.5764205540E+01      0.5764205540E+01      0.2781505356E-01     -0.1183793434E+01
    0.5768283934E+01      0.5768283934E+01      0.4029883521E-01     -0.1192541424E+01
    0.5772059886E+01      0.5772059886E+01      0.5633842886E-01     -0.1199227827E+01
    0.5777527921E+01      0.5777527921E+01      0.7290486628E-01     -0.1208632711E+01
    0.5783582260E+01      0.5783582260E+01      0.9269993082E-01     -0.1219318558E+01
    0.5790357857E+01      0.5790357857E+01      0.1149065925E+00     -0.1229357525E+01
    0.5798036378E+01      0.5798036378E+01      0.1395103080E+00     -0.1239906186E+01
    0.5806027007E+01      0.5806027007E+01      0.1668006838E+00     -0.1249198502E+01
    0.5814673142E+01      0.5814673142E+01      0.1961751193E+00     -0.1257876918E+01
    0.5823412291E+01      0.5823412291E+01      0.2277228914E+00     -0.1264588785E+01
    0.5832331150E+01      0.5832331150E+01      0.2608806034E+00     -0.1269485687E+01
    0.5841145807E+01      0.5841145807E+01      0.2953636868E+00     -0.1272044091E+01
    0.5849694196E+01      0.5849694196E+01      0.3306528423E+00     -0.1272158609E+01
    0.5857935051E+01      0.5857935051E+01      0.3664412975E+00     -0.1269729139E+01
    0.5865854089E+01      0.5865854089E+01      0.4026258709E+00     -0.1264667017E+01
    0.5873396341E+01      0.5873396341E+01      0.4387812736E+00     -0.1256920906E+01
    0.5879804989E+01      0.5879804989E+01      0.4739589121E+00     -0.1246091714E+01
    0.5885275424E+01      0.5885275424E+01      0.5081377133E+00     -0.1232493847E+01
    0.5890036269E+01      0.5890036269E+01      0.5413446022E+00     -0.1216445979E+01
    0.5894132168E+01      0.5894132168E+01      0.5733947978E+00     -0.1198088268E+01
    0.5897668186E+01      0.5897668186E+01      0.6042118499E+00     -0.1177788297E+01
    0.5900462985E+01      0.5900462985E+01      0.6334590725E+00     -0.1155812697E+01
    0.0000000000E+00      0.2000000000E+02      0.0000000000E+00      0.0000000000E+00
    0.5761892070E+01      0.5761892070E+01      0.5373411162E-02     -0.1182425645E+01
    0.5764420559E+01      0.5764420559E+01      0.1098529962E-01     -0.1190838400E+01
    0.5766193956E+01      0.5766193956E+01      0.2068530077E-01     -0.1194907875E+01
    0.5770710908E+01      0.5770710908E+01      0.3085430716E-01     -0.1205790808E+01
    0.5775266219E+01      0.5775266219E+01      0.4554008835E-01     -0.1215369123E+01
    0.5781046685E+01      0.5781046685E+01      0.6157135559E-01     -0.1226039929E+01
    0.5787932156E+01      0.5787932156E+01      0.8031408858E-01     -0.1240052456E+01
    0.5795353886E+01      0.5795353886E+01      0.1026082695E+00     -0.1252639714E+01
    0.5803941886E+01      0.5803941886E+01      0.1275750342E+00     -0.1266130478E+01
    0.5812697443E+01      0.5812697443E+01      0.1560920841E+00     -0.1277853858E+01
    0.5822442181E+01      0.5822442181E+01      0.1868581654E+00     -0.1289242619E+01
    0.5832126105E+01      0.5832126105E+01      0.2204862653E+00     -0.1298180134E+01
    0.5842259373E+01      0.5842259373E+01      0.2558318028E+00     -0.1305265461E+01
    0.5852340850E+01      0.5852340850E+01      0.2928258085E+00     -0.1309733700E+01
    0.5862252404E+01      0.5862252404E+01      0.3308048111E+00     -0.1311475015E+01
    0.5871793755E+01      0.5871793755E+01      0.3693841331E+00     -0.1310371181E+01
    0.5881001984E+01      0.5881001984E+01      0.4083074847E+00     -0.1306360283E+01
    0.5890053534E+01      0.5890053534E+01      0.4475547606E+00     -0.1299503646E+01
    0.5898112085E+01      0.5898112085E+01      0.4859036141E+00     -0.1289362450E+01
    0.5904964811E+01      0.5904964811E+01      0.5229361738E+00     -0.1275949621E+01
    0.5910881661E+01      0.5910881661E+01      0.5587173275E+00     -0.1259695340E+01
    0.5915827624E+01      0.5915827624E+01      0.5929883619E+00     -0.1240790799E+01
    0.5919873765E+01      0.5919873765E+01      0.6256178445E+00     -0.1219621810E+01
    0.5923333526E+01      0.5923333526E+01      0.6567399482E+00     -0.1196862519E+01
    0.0000000000E+00      0.2000000000E+02      0.0000000000E+00      0.0000000000E+00
    0.5762169677E+01      0.5762169677E+01      0.3466252858E-02     -0.1186861973E+01
    0.5764563463E+01      0.5764563463E+01      0.5619377036E-02     -0.1195763302E+01
    0.5766744213E+01      0.5766744213E+01      0.1191560819E-01     -0.1202012645E+01
    0.5771699666E+01      0.5771699666E+01      0.1909477758E-01     -0.1215264294E+01
    0.5777167471E+01      0.5777167471E+01      0.3164775560E-01     -0.1228980094E+01
    0.5783346972E+01      0.5783346972E+01      0.4725177629E-01     -0.1241368174E+01
    0.5790968152E+01      0.5790968152E+01      0.6509902931E-01     -0.1258590803E+01
    0.5799303217E+01      0.5799303217E+01      0.8716622475E-01     -0.1274916700E+01
    0.5808630445E+01      0.5808630445E+01      0.1127983083E+00     -0.1291722338E+01
    0.5818113346E+01      0.5818113346E+01      0.1426810324E+00     -0.1306554809E+01
    0.5828895880E+01      0.5828895880E+01      0.1749846938E+00     -0.1320957504E+01
    0.5839589621E+01      0.5839589621E+01      0.2107711071E+00     -0.1332428388E+01
    0.5850956811E+01      0.5850956811E+01      0.2484748052E+00     -0.1341818634E+01
    0.5862260023E+01      0.5862260023E+01      0.2882623932E+00     -0.1348274501E+01
    0.5873496456E+01      0.5873496456E+01      0.3293739844E+00     -0.1351679838E+01
    0.5884385667E+01      0.5884385667E+01      0.3711286518E+00     -0.1351830183E+01
    0.5894909755E+01      0.5894909755E+01      0.4130771423E+00     -0.1348753264E+01
    0.5905274301E+01      0.5905274301E+01      0.4554435356E+00     -0.1342489158E+01
    0.5915082378E+01      0.5915082378E+01      0.4972469971E+00     -0.1332899047E+01
    0.5923547835E+01      0.5923547835E+01      0.5374565620E+00     -0.1319743605E+01
    0.5930873286E+01      0.5930873286E+01      0.5761155363E+00     -0.1303468061E+01
    0.5937038777E+01      0.5937038777E+01      0.6130358041E+00     -0.1284318110E+01
    0.5941814747E+01      0.5941814747E+01      0.6477780873E+00     -0.1262343632E+01
    0.5945693834E+01      0.5945693834E+01      0.6806062586E+00     -0.1238161825E+01
    0.0000000000E+00      0.2000000000E+02      0.0000000000E+00      0.0000000000E+00
    0.5761775208E+01      0.5761775208E+01      0.1190058103E-02     -0.1187333768E+01
    0.5763858942E+01      0.5763858942E+01     -0.1571701636E-03     -0.1196294713E+01
    0.5765934597E+01      0.5765934597E+01      0.1995779223E-02     -0.1204742482E+01
    0.5770630168E+01      0.5770630168E+01      0.4871220742E-02     -0.1220503400E+01
    0.5777184361E+01      0.5777184361E+01      0.1366760497E-01     -0.1240303099E+01
    0.5784387950E+01      0.5784387950E+01      0.2862486537E-01     -0.1255554250E+01
    0.5792614948E+01      0.5792614948E+01      0.4632715230E-01     -0.1275521433E+01
    0.5802109885E+01      0.5802109885E+01      0.6798005583E-01     -0.1296743514E+01
    0.5812131703E+01      0.5812131703E+01      0.9460060037E-01     -0.1317620096E+01
    0.5822787187E+01      0.5822787187E+01      0.1258458024E+00     -0.1336370871E+01
    0.5834602170E+01      0.5834602170E+01      0.1601432161E+00     -0.1353944802E+01
    0.5846415155E+01      0.5846415155E+01      0.1983880657E+00     -0.1368360506E+01
    0.5858993661E+01      0.5858993661E+01      0.2388665208E+00     -0.1380213440E+01
    0.5871501647E+01      0.5871501647E+01      0.2818301031E+00     -0.1388735877E+01
    0.5884022143E+01      0.5884022143E+01      0.3264110992E+00     -0.1393776339E+01
    0.5896253062E+01      0.5896253062E+01      0.3717620497E+00     -0.1395098696E+01
    0.5908033110E+01      0.5908033110E+01      0.4172101522E+00     -0.1392735538E+01
    0.5919519619E+01      0.5919519619E+01      0.4628669359E+00     -0.1386782967E+01
    0.5930814960E+01      0.5930814960E+01      0.5082938535E+00     -0.1377375890E+01
    0.5940873933E+01      0.5940873933E+01      0.5520531302E+00     -0.1364275070E+01
    0.5949647033E+01      0.5949647033E+01      0.5938930696E+00     -0.1347772651E+01
    0.5957354038E+01      0.5957354038E+01      0.6338790361E+00     -0.1328283045E+01
    0.5963546091E+01      0.5963546091E+01      0.6713841179E+00     -0.1305650976E+01
    0.5968118339E+01      0.5968118339E+01      0.7061343080E+00     -0.1280099838E+01
