    0.5790842565E+01      0.5790842565E+01      0.5928484530E+01      0.2565778789E+01
    0.5424236730E+01      0.5424236730E+01      0.6146272760E+01      0.1661272514E+01
    0.5182167938E+01      0.5182167938E+01      0.6346955930E+01      0.7442719906E+00
    0.4986882649E+01      0.4986882649E+01      0.6613935471E+01     -0.1892231605E+00
    0.4980284643E+01      0.4980284643E+01      0.6829453181E+01     -0.1158822113E+01
    0.5041215891E+01      0.5041215891E+01      0.6819231889E+01     -0.1981890873E+01
    0.5142594369E+01      0.5142594369E+01      0.6733780377E+01     -0.2634410775E+01
    0.5263650254E+01      0.5263650254E+01      0.6523889274E+01     -0.3266597946E+01
    0.5486102227E+01      0.5486102227E+01      0.6054516220E+01     -0.3621059671E+01
    0.5724335361E+01      0.5724335361E+01      0.5515396169E+01     -0.3619598906E+01
    0.5911444567E+01      0.5911444567E+01      0.4995273664E+01     -0.3523489469E+01
    0.6074335806E+01      0.6074335806E+01      0.4539282940E+01     -0.3365489525E+01
    0.6201948075E+01      0.6201948075E+01      0.4158836502E+01     -0.3177733573E+01
    0.6301475741E+01      0.6301475741E+01      0.3853820359E+01     -0.2980437498E+01
    0.6376684227E+01      0.6376684227E+01      0.3611380820E+01     -0.2788992565E+01
    0.6435940849E+01      0.6435940849E+01      0.3416428487E+01     -0.2607940133E+01
    0.6481710000E+01      0.6481710000E+01      0.3257228050E+01     -0.2434513950E+01
    0.6514121852E+01      0.6514121852E+01      0.3124571009E+01     -0.2268224560E+01
    0.6536600027E+01      0.6536600027E+01      0.3012963520E+01     -0.2111555651E+01
    0.6554593941E+01      0.6554593941E+01      0.2919494205E+01     -0.1968596748E+01
    0.6568793353E+01      0.6568793353E+01      0.2838579715E+01     -0.1840994745E+01
    0.6578087230E+01      0.6578087230E+01      0.2764609501E+01     -0.1728091120E+01
    0.6583471940E+01      0.6583471940E+01      0.2695843967E+01     -0.1626949935E+01
    0.6586711515E+01      0.6586711515E+01      0.2632229572E+01     -0.1535145762E+01
    0.6588596667E+01      0.6588596667E+01      0.2573572459E+01     -0.1451690540E+01
    0.6404087751E+01      0.6404087751E+01      0.6380885838E+01      0.2289605155E+01
    0.5899180643E+01      0.5899180643E+01      0.7022656729E+01      0.1540266306E+01
    0.5681268366E+01      0.5681268366E+01      0.7283780875E+01      0.7041638814E+00
    0.5555880246E+01      0.5555880246E+01      0.7436178133E+01     -0.1752834071E+00
    0.5476804407E+01      0.5476804407E+01      0.7400537609E+01     -0.9705989166E+00
    0.5480982491E+01      0.5480982491E+01      0.7278944875E+01     -0.1685624607E+01
    0.5551853158E+01      0.5551853158E+01      0.7014270041E+01     -0.2256763615E+01
    0.5642752175E+01      0.5642752175E+01      0.6653563011E+01     -0.2748218089E+01
    0.5817771148E+01      0.5817771148E+01      0.6123489102E+01     -0.2973537001E+01
    0.5981235945E+01      0.5981235945E+01      0.5581015986E+01     -0.3017670849E+01
    0.6105239183E+01      0.6105239183E+01      0.5098064166E+01     -0.2996320435E+01
    0.6210322749E+01      0.6210322749E+01      0.4686050607E+01     -0.2924633028E+01
    0.6301625290E+01      0.6301625290E+01      0.4329934753E+01     -0.2814180200E+01
    0.6374719019E+01      0.6374719019E+01      0.4030475606E+01     -0.2682130947E+01
    0.6434361932E+01      0.6434361932E+01      0.3783797487E+01     -0.2539895936E+01
    0.6484418409E+01      0.6484418409E+01      0.3581246988E+01     -0.2396256115E+01
    0.6523138406E+01      0.6523138406E+01      0.3410603650E+01     -0.2256216298E+01
    0.6550301387E+01      0.6550301387E+01      0.3265055016E+01     -0.2118541613E+01
    0.6569226014E+01      0.6569226014E+01      0.3141971838E+01     -0.1983035659E+01
    0.6584138799E+01      0.6584138799E+01      0.3038470589E+01     -0.1855134861E+01
    0.6595407448E+01      0.6595407448E+01      0.2948614080E+01     -0.1739043122E+01
    0.6602468712E+01      0.6602468712E+01      0.2867274222E+01     -0.1634874407E+01
    0.6606213607E+01      0.6606213607E+01      0.2792131024E+01     -0.1540234927E+01
    0.6607829302E+01      0.6607829302E+01      0.2722460628E+01     -0.1454140286E+01
    0.6607716841E+01      0.6607716841E+01      0.2657487006E+01     -0.1375906302E+01
    0.6752244849E+01      0.6752244849E+01      0.6163994621E+01      0.1933785824E+01
    0.6364545401E+01      0.6364545401E+01      0.6811091809E+01      0.1355739491E+01
    0.6170646657E+01      0.6170646657E+01      0.7139897886E+01      0.6786453890E+00
    0.6013785323E+01      0.6013785323E+01      0.7249391869E+01     -0.6493679439E-01
    0.5925131216E+01      0.5925131216E+01      0.7187910107E+01     -0.7344985646E+00
    0.5900708367E+01      0.5900708367E+01      0.7024403965E+01     -0.1321792828E+01
    0.5930935866E+01      0.5930935866E+01      0.6738473713E+01     -0.1804728210E+01
    0.6000608806E+01      0.6000608806E+01      0.6340637031E+01     -0.2173538026E+01
    0.6093458929E+01      0.6093458929E+01      0.5898936879E+01     -0.2385299263E+01
    0.6180614730E+01      0.6180614730E+01      0.5470931679E+01     -0.2499790876E+01
    0.6263841065E+01      0.6263841065E+01      0.5090764980E+01     -0.2535933156E+01
    0.6333353249E+01      0.6333353249E+01      0.4743042342E+01     -0.2521485007E+01
    0.6394171711E+01      0.6394171711E+01      0.4429334375E+01     -0.2470284108E+01
    0.6448325436E+01      0.6448325436E+01      0.4150622668E+01     -0.2389740055E+01
    0.6494710082E+01      0.6494710082E+01      0.3913391643E+01     -0.2290819371E+01
    0.6535000369E+01      0.6535000369E+01      0.3713465890E+01     -0.2182098276E+01
    0.6565806044E+01      0.6565806044E+01      0.3539938893E+01     -0.2070562912E+01
    0.6586710603E+01      0.6586710603E+01      0.3387023073E+01     -0.1958194052E+01
    0.6601620987E+01      0.6601620987E+01      0.3255725076E+01     -0.1844350543E+01
    0.6613153268E+01      0.6613153268E+01      0.3144254300E+01     -0.1733127611E+01
    0.6621437658E+01      0.6621437658E+01      0.3047083831E+01     -0.1629887220E+01
    0.6626293617E+01      0.6626293617E+01      0.2959592465E+01     -0.1534928454E+01
    0.6628330434E+01      0.6628330434E+01      0.2879101683E+01     -0.1448035624E+01
    0.6628325005E+01      0.6628325005E+01      0.2804640443E+01     -0.1368699751E+01
    0.6626959439E+01      0.6626959439E+01      0.2735860761E+01     -0.1296016564E+01
    0.6974792959E+01      0.6974792959E+01      0.5765332379E+01      0.1552267614E+01
    0.6726742753E+01      0.6726742753E+01      0.6262974768E+01      0.1127940147E+01
    0.6553110995E+01      0.6553110995E+01      0.6579008567E+01      0.6080697128E+00
    0.6412230415E+01      0.6412230415E+01      0.6688815626E+01      0.4603901145E-01
    0.6301487514E+01      0.6301487514E+01      0.6643258679E+01     -0.5000004168E+00
    0.6253810483E+01      0.6253810483E+01      0.6508943999E+01     -0.9759883763E+00
    0.6240225001E+01      0.6240225001E+01      0.6300902772E+01     -0.1387993690E+01
    0.6261711744E+01      0.6261711744E+01      0.6020762213E+01     -0.1706018627E+01
    0.6303769679E+01      0.6303769679E+01      0.5701454050E+01     -0.1925787843E+01
    0.6351695955E+01      0.6351695955E+01      0.5375652229E+01     -0.2068298060E+01
    0.6402010252E+01      0.6402010252E+01      0.5054036264E+01     -0.2144973994E+01
    0.6450588066E+01      0.6450588066E+01      0.4757334624E+01     -0.2162658404E+01
    0.6487821864E+01      0.6487821864E+01      0.4482988414E+01     -0.2148384322E+01
    0.6522781709E+01      0.6522781709E+01      0.4231721623E+01     -0.2107732259E+01
    0.6556058408E+01      0.6556058408E+01      0.4009140398E+01     -0.2044471189E+01
    0.6585567069E+01      0.6585567069E+01      0.3815860196E+01     -0.1966147446E+01
    0.6607868200E+01      0.6607868200E+01      0.3644385489E+01     -0.1880657476E+01
    0.6622175663E+01      0.6622175663E+01      0.3489316625E+01     -0.1791680269E+01
    0.6632911446E+01      0.6632911446E+01      0.3353500013E+01     -0.1698965215E+01
    0.6641214098E+01      0.6641214098E+01      0.3236671554E+01     -0.1604766999E+01
    0.6646653660E+01      0.6646653660E+01      0.3133991208E+01     -0.1514413539E+01
    0.6649239914E+01      0.6649239914E+01      0.3041443850E+01     -0.1430045958E+01
    0.6649435980E+01      0.6649435980E+01      0.2956902445E+01     -0.1352009174E+01
    0.6648157045E+01      0.6648157045E+01      0.2879549216E+01     -0.1279232422E+01
    0.6645267529E+01      0.6645267529E+01      0.2806962138E+01     -0.1211974448E+01
    0.7169196117E+01      0.7169196117E+01      0.5378318824E+01      0.1273943585E+01
    0.6991179321E+01      0.6991179321E+01      0.5743901825E+01      0.9298379859E+00
    0.6818115089E+01      0.6818115089E+01      0.5976740184E+01      0.5388478476E+00
    0.6696398893E+01      0.6696398893E+01      0.6140797371E+01      0.1075938361E+00
    0.6570125898E+01      0.6570125898E+01      0.6139654152E+01     -0.3307372499E+00
    0.6506026541E+01      0.6506026541E+01      0.6069588574E+01     -0.7255485433E+00
    0.6471747874E+01      0.6471747874E+01      0.5928766473E+01     -0.1072712441E+01
    0.6464492781E+01      0.6464492781E+01      0.5735488639E+01     -0.1352501720E+01
    0.6475379850E+01      0.6475379850E+01      0.5501745394E+01     -0.1563841780E+01
    0.6495929909E+01      0.6495929909E+01      0.5247800784E+01     -0.1712453427E+01
    0.6521198517E+01      0.6521198517E+01      0.4987623853E+01     -0.1806903286E+01
    0.6547389434E+01      0.6547389434E+01      0.4732676369E+01     -0.1855139823E+01
    0.6572145325E+01      0.6572145325E+01      0.4495348102E+01     -0.1861696675E+01
    0.6592348136E+01      0.6592348136E+01      0.4276648858E+01     -0.1846301524E+01
    0.6613626867E+01      0.6613626867E+01      0.4073483408E+01     -0.1809859476E+01
    0.6633326478E+01      0.6633326478E+01      0.3890408987E+01     -0.1757081174E+01
    0.6647589636E+01      0.6647589636E+01      0.3723884121E+01     -0.1694269797E+01
    0.6656370968E+01      0.6656370968E+01      0.3571914269E+01     -0.1625048695E+01
    0.6662705712E+01      0.6662705712E+01      0.3435892826E+01     -0.1550404889E+01
    0.6667894775E+01      0.6667894775E+01      0.3316324252E+01     -0.1471963065E+01
    0.6670552761E+01      0.6670552761E+01      0.3209931290E+01     -0.1394691334E+01
    0.6670805565E+01      0.6670805565E+01      0.3113664737E+01     -0.1321585883E+01
    0.6669594693E+01      0.6669594693E+01      0.3026545097E+01     -0.1252036458E+01
    0.6666827602E+01      0.6666827602E+01      0.2945887457E+01     -0.1186121501E+01
    0.6662525312E+01      0.6662525312E+01      0.2870305434E+01     -0.1124721916E+01
    0.7320491634E+01      0.7320491634E+01      0.5084253631E+01      0.1054975743E+01
    0.7167973959E+01      0.7167973959E+01      0.5368235375E+01      0.7888975924E+00
    0.7014929543E+01      0.7014929543E+01      0.5568017820E+01      0.4718240225E+00
    0.6897758023E+01      0.6897758023E+01      0.5719044693E+01      0.1418917160E+00
    0.6782102147E+01      0.6782102147E+01      0.5761161123E+01     -0.2131252117E+00
    0.6700264080E+01      0.6700264080E+01      0.5724452777E+01     -0.5428219505E+00
    0.6650970733E+01      0.6650970733E+01      0.5632761207E+01     -0.8363969982E+00
    0.6624645051E+01      0.6624645051E+01      0.5492486379E+01     -0.1080744505E+01
    0.6614705956E+01      0.6614705956E+01      0.5317171125E+01     -0.1274825891E+01
    0.6614760694E+01      0.6614760694E+01      0.5122419859E+01     -0.1420291480E+01
    0.6622433763E+01      0.6622433763E+01      0.4912890240E+01     -0.1520160886E+01
    0.6633183000E+01      0.6633183000E+01      0.4699761704E+01     -0.1581905816E+01
    0.6645567868E+01      0.6645567868E+01      0.4490999387E+01     -0.1609811530E+01
    0.6657125689E+01      0.6657125689E+01      0.4295854277E+01     -0.1608026294E+01
    0.6667713535E+01      0.6667713535E+01      0.4113697283E+01     -0.1590062369E+01
    0.6678165694E+01      0.6678165694E+01      0.3942644462E+01     -0.1557122693E+01
    0.6684999668E+01      0.6684999668E+01      0.3783342547E+01     -0.1513214693E+01
    0.6689007326E+01      0.6689007326E+01      0.3636952167E+01     -0.1460329017E+01
    0.6691667011E+01      0.6691667011E+01      0.3504174555E+01     -0.1400520255E+01
    0.6693067396E+01      0.6693067396E+01      0.3383982318E+01     -0.1336829093E+01
    0.6692941560E+01      0.6692941560E+01      0.3275447740E+01     -0.1272398253E+01
    0.6691347287E+01      0.6691347287E+01      0.3177473093E+01     -0.1209466275E+01
    0.6688360115E+01      0.6688360115E+01      0.3087443806E+01     -0.1148583518E+01
    0.6684029003E+01      0.6684029003E+01      0.3004097717E+01     -0.1090152021E+01
    0.6678361730E+01      0.6678361730E+01      0.2926225210E+01     -0.1035022656E+01
    0.7427524756E+01      0.7427524756E+01      0.4844979716E+01      0.8828642943E+00
    0.7294378036E+01      0.7294378036E+01      0.5078091937E+01      0.6667326535E+00
    0.7161348087E+01      0.7161348087E+01      0.5256013825E+01      0.4158412053E+00
    0.7044113962E+01      0.7044113962E+01      0.5384569926E+01      0.1505701226E+00
    0.6943724512E+01      0.6943724512E+01      0.5455093199E+01     -0.1310283786E+00
    0.6851700548E+01      0.6851700548E+01      0.5441714917E+01     -0.4074109417E+00
    0.6792153602E+01      0.6792153602E+01      0.5384693804E+01     -0.6552472341E+00
    0.6752961657E+01      0.6752961657E+01      0.5285912807E+01     -0.8671084483E+00
    0.6728723920E+01      0.6728723920E+01      0.5154303973E+01     -0.1041154478E+01
    0.6715370470E+01      0.6715370470E+01      0.4999129166E+01     -0.1176395373E+01
    0.6710025454E+01      0.6710025454E+01      0.4828937610E+01     -0.1274790523E+01
    0.6709608065E+01      0.6709608065E+01      0.4652189656E+01     -0.1340843637E+01
    0.6711086992E+01      0.6711086992E+01      0.4473418530E+01     -0.1381234056E+01
    0.6714029913E+01      0.6714029913E+01      0.4299288663E+01     -0.1394805473E+01
    0.6715992844E+01      0.6715992844E+01      0.4134813467E+01     -0.1388427293E+01
    0.6718484455E+01      0.6718484455E+01      0.3976697256E+01     -0.1369790495E+01
    0.6719664724E+01      0.6719664724E+01      0.3826842218E+01     -0.1339923278E+01
    0.6719494658E+01      0.6719494658E+01      0.3686784288E+01     -0.1300371688E+01
    0.6718632659E+01      0.6718632659E+01      0.3558009787E+01     -0.1253329888E+01
    0.6717015291E+01      0.6717015291E+01      0.3440118697E+01     -0.1201804734E+01
    0.6714366773E+01      0.6714366773E+01      0.3331932970E+01     -0.1148523760E+01
    0.6710601033E+01      0.6710601033E+01      0.3232336389E+01     -0.1095039240E+01
    0.6705713268E+01      0.6705713268E+01      0.3140316490E+01     -0.1042813229E+01
    0.6699709475E+01      0.6699709475E+01      0.3054916392E+01     -0.9920670814E+00
    0.6692622645E+01      0.6692622645E+01      0.2975114926E+01     -0.9433742336E+00
    0.7511241727E+01      0.7511241727E+01      0.4656691178E+01      0.7398827367E+00
    0.7385066877E+01      0.7385066877E+01      0.4848987248E+01      0.5654445809E+00
    0.7270868924E+01      0.7270868924E+01      0.5014415537E+01      0.3637273822E+00
    0.7156033824E+01      0.7156033824E+01      0.5122316233E+01      0.1482816636E+00
    0.7066125022E+01      0.7066125022E+01      0.5200421974E+01     -0.7427075959E-01
    0.6972475467E+01      0.6972475467E+01      0.5208206429E+01     -0.3036775061E+00
    0.6906096175E+01      0.6906096175E+01      0.5176188942E+01     -0.5116984061E+00
    0.6858921193E+01      0.6858921193E+01      0.5108523435E+01     -0.6932250394E+00
    0.6825147183E+01      0.6825147183E+01      0.5010181152E+01     -0.8465990778E+00
    0.6801622368E+01      0.6801622368E+01      0.4887841298E+01     -0.9693864984E+00
    0.6785809824E+01      0.6785809824E+01      0.4748533440E+01     -0.1062992046E+01
    0.6775517583E+01      0.6775517583E+01      0.4599442004E+01     -0.1130845569E+01
    0.6768461919E+01      0.6768461919E+01      0.4445736588E+01     -0.1176316323E+01
    0.6763309238E+01      0.6763309238E+01      0.4291184532E+01     -0.1201799170E+01
    0.6759642430E+01      0.6759642430E+01      0.4141779201E+01     -0.1203379341E+01
    0.6755624434E+01      0.6755624434E+01      0.3997479354E+01     -0.1194361699E+01
    0.6752173517E+01      0.6752173517E+01      0.3857781842E+01     -0.1174558250E+01
    0.6748527356E+01      0.6748527356E+01      0.3725176660E+01     -0.1145368980E+01
    0.6744532110E+01      0.6744532110E+01      0.3601134027E+01     -0.1109029065E+01
    0.6740052665E+01      0.6740052665E+01      0.3486037564E+01     -0.1067915601E+01
    0.6734852160E+01      0.6734852160E+01      0.3379195378E+01     -0.1024244151E+01
    0.6728763360E+01      0.6728763360E+01      0.3279451934E+01     -0.9797262880E+00
    0.6721728080E+01      0.6721728080E+01      0.3186099538E+01     -0.9357534273E+00
    0.6713896069E+01      0.6713896069E+01      0.3098884822E+01     -0.8925493827E+00
    0.6705339239E+01      0.6705339239E+01      0.3017387574E+01     -0.8502634839E+00
    0.7571597476E+01      0.7571597476E+01      0.4501741068E+01      0.6232479776E+00
    0.7457094289E+01      0.7457094289E+01      0.4669244693E+01      0.4795755592E+00
    0.7351187840E+01      0.7351187840E+01      0.4815474063E+01      0.3188414387E+00
    0.7244887264E+01      0.7244887264E+01      0.4917474524E+01      0.1430949147E+00
    0.7156243166E+01      0.7156243166E+01      0.4992413196E+01     -0.3444294270E-01
    0.7069598390E+01      0.7069598390E+01      0.5018371132E+01     -0.2225474559E+00
    0.6997202237E+01      0.6997202237E+01      0.5001335032E+01     -0.3972188946E+00
    0.6944178118E+01      0.6944178118E+01      0.4955325463E+01     -0.5523035699E+00
    0.6903365408E+01      0.6903365408E+01      0.4881842118E+01     -0.6858874171E+00
    0.6872152601E+01      0.6872152601E+01      0.4785371621E+01     -0.7954098212E+00
    0.6848399517E+01      0.6848399517E+01      0.4671250437E+01     -0.8818741100E+00
    0.6830437356E+01      0.6830437356E+01      0.4545294226E+01     -0.9485266705E+00
    0.6816396448E+01      0.6816396448E+01      0.4412450333E+01     -0.9954569935E+00
    0.6805264313E+01      0.6805264313E+01      0.4275807477E+01     -0.1025927214E+01
    0.6796775648E+01      0.6796775648E+01      0.4140756677E+01     -0.1035795962E+01
    0.6788421378E+01      0.6788421378E+01      0.4008481725E+01     -0.1031737902E+01
    0.6781399504E+01      0.6781399504E+01      0.3878854405E+01     -0.1018758874E+01
    0.6774833085E+01      0.6774833085E+01      0.3754032241E+01     -0.9973471462E+00
    0.6768190219E+01      0.6768190219E+01      0.3635211845E+01     -0.9695481384E+00
    0.6761228207E+01      0.6761228207E+01      0.3523209849E+01     -0.9371549843E+00
    0.6753723388E+01      0.6753723388E+01      0.3417933912E+01     -0.9018017256E+00
    0.6745478734E+01      0.6745478734E+01      0.3318742866E+01     -0.8650964883E+00
    0.6736387336E+01      0.6736387336E+01      0.3225038901E+01     -0.8284547446E+00
    0.6726648039E+01      0.6726648039E+01      0.3136611988E+01     -0.7922615078E+00
    0.6716673412E+01      0.6716673412E+01      0.3053705648E+01     -0.7562559019E+00
    0.7614166715E+01      0.7614166715E+01      0.4378448343E+01      0.5229816799E+00
    0.7509202609E+01      0.7509202609E+01      0.4526278252E+01      0.4066658750E+00
    0.7409696050E+01      0.7409696050E+01      0.4655697374E+01      0.2787008666E+00
    0.7311711414E+01      0.7311711414E+01      0.4753161281E+01      0.1364993098E+00
    0.7222738513E+01      0.7222738513E+01      0.4822137918E+01     -0.6863522914E-02
    0.7144497909E+01      0.7144497909E+01      0.4861735314E+01     -0.1577738333E+00
    0.7068857296E+01      0.7068857296E+01      0.4855509231E+01     -0.3039883299E+00
    0.7011748231E+01      0.7011748231E+01      0.4825112043E+01     -0.4358460791E+00
    0.6965873315E+01      0.6965873315E+01      0.4769803475E+01     -0.5511453371E+00
    0.6929008879E+01      0.6929008879E+01      0.4692845871E+01     -0.6474056577E+00
    0.6899463906E+01      0.6899463906E+01      0.4598599033E+01     -0.7252260843E+00
    0.6875959034E+01      0.6875959034E+01      0.4491698112E+01     -0.7876560194E+00
    0.6857169878E+01      0.6857169878E+01      0.4376438062E+01     -0.8333087113E+00
    0.6842029511E+01      0.6842029511E+01      0.4255804648E+01     -0.8639846204E+00
    0.6830192048E+01      0.6830192048E+01      0.4133882069E+01     -0.8788976358E+00
    0.6819037108E+01      0.6819037108E+01      0.4012816809E+01     -0.8782975624E+00
    0.6808638894E+01      0.6808638894E+01      0.3892673579E+01     -0.8706112725E+00
    0.6799118609E+01      0.6799118609E+01      0.3775160256E+01     -0.8554571276E+00
    0.6789947763E+01      0.6789947763E+01      0.3661800502E+01     -0.8346302922E+00
    0.6780653123E+01      0.6780653123E+01      0.3553289026E+01     -0.8095391430E+00
    0.6771012574E+01      0.6771012574E+01      0.3449933898E+01     -0.7814501286E+00
    0.6760714119E+01      0.6760714119E+01      0.3351489130E+01     -0.7517180489E+00
    0.6749641122E+01      0.6749641122E+01      0.3257697402E+01     -0.7216773840E+00
    0.6738092389E+01      0.6738092389E+01      0.3168601599E+01     -0.6917773761E+00
    0.6726794254E+01      0.6726794254E+01      0.3084943898E+01     -0.6617604768E+00
    0.7638284429E+01      0.7638284429E+01      0.4278305110E+01      0.4350351690E+00
    0.7542727016E+01      0.7542727016E+01      0.4413024238E+01      0.3430052014E+00
    0.7446700327E+01      0.7446700327E+01      0.4525981047E+01      0.2405528461E+00
    0.7357796782E+01      0.7357796782E+01      0.4621863473E+01      0.1278761078E+00
    0.7269332525E+01      0.7269332525E+01      0.4684649188E+01      0.1088856789E-01
    0.7196529130E+01      0.7196529130E+01      0.4729311114E+01     -0.1078936157E+00
    0.7121267321E+01      0.7121267321E+01      0.4733907588E+01     -0.2293868126E+00
    0.7061958181E+01      0.7061958181E+01      0.4714897903E+01     -0.3394148983E+00
    0.7013601706E+01      0.7013601706E+01      0.4673607503E+01     -0.4365506718E+00
    0.6973694402E+01      0.6973694402E+01      0.4611990918E+01     -0.5188135672E+00
    0.6940925256E+01      0.6940925256E+01      0.4533577386E+01     -0.5863819202E+00
    0.6914304807E+01      0.6914304807E+01      0.4442142216E+01     -0.6419432695E+00
    0.6892755883E+01      0.6892755883E+01      0.4341398715E+01     -0.6839027487E+00
    0.6874918703E+01      0.6874918703E+01      0.4234098192E+01     -0.7126570390E+00
    0.6860183565E+01      0.6860183565E+01      0.4123347882E+01     -0.7301110361E+00
    0.6846803086E+01      0.6846803086E+01      0.4011979652E+01     -0.7330747123E+00
    0.6833592342E+01      0.6833592342E+01      0.3900182864E+01     -0.7290633413E+00
    0.6821075297E+01      0.6821075297E+01      0.3789100671E+01     -0.7192891884E+00
    0.6809372365E+01      0.6809372365E+01      0.3681021688E+01     -0.7044590844E+00
    0.6797799544E+01      0.6797799544E+01      0.3576254469E+01     -0.6856601785E+00
    0.6786018090E+01      0.6786018090E+01      0.3475170418E+01     -0.6639959237E+00
    0.6773654317E+01      0.6773654317E+01      0.3377790243E+01     -0.6407009801E+00
    0.6760790657E+01      0.6760790657E+01      0.3284302788E+01     -0.6166139376E+00
    0.6747956023E+01      0.6747956023E+01      0.3195284244E+01     -0.5920645192E+00
    0.6735725283E+01      0.6735725283E+01      0.3111472528E+01     -0.5672343980E+00
    0.7648636374E+01      0.7648636374E+01      0.4200686805E+01      0.3594412688E+00
    0.7557913053E+01      0.7557913053E+01      0.4323881194E+01      0.2864835920E+00
    0.7466674914E+01      0.7466674914E+01      0.4426372324E+01      0.2050757500E+00
    0.7383802172E+01      0.7383802172E+01      0.4515657559E+01      0.1177921387E+00
    0.7301064474E+01      0.7301064474E+01      0.4576747539E+01      0.2517604594E-01
    0.7230287862E+01      0.7230287862E+01      0.4622112062E+01     -0.6716729601E-01
    0.7159654278E+01      0.7159654278E+01      0.4635939453E+01     -0.1653215343E+00
    0.7098593091E+01      0.7098593091E+01      0.4623993199E+01     -0.2559033975E+00
    0.7049170878E+01      0.7049170878E+01      0.4592779747E+01     -0.3358855491E+00
    0.7008104996E+01      0.7008104996E+01      0.4543113832E+01     -0.4038384943E+00
    0.6974089811E+01      0.6974089811E+01      0.4477590520E+01     -0.4600373363E+00
    0.6946038906E+01      0.6946038906E+01      0.4398982904E+01     -0.5071320170E+00
    0.6922843534E+01      0.6922843534E+01      0.4310197142E+01     -0.5439931137E+00
    0.6903063206E+01      0.6903063206E+01      0.4213708657E+01     -0.5701850356E+00
    0.6885820850E+01      0.6885820850E+01      0.4111893410E+01     -0.5882956437E+00
    0.6870167932E+01      0.6870167932E+01      0.4007782190E+01     -0.5950421761E+00
    0.6854708143E+01      0.6854708143E+01      0.3902598297E+01     -0.5938875178E+00
    0.6839793039E+01      0.6839793039E+01      0.3797048165E+01     -0.5885506126E+00
    0.6825994840E+01      0.6825994840E+01      0.3693607917E+01     -0.5787221075E+00
    0.6812533389E+01      0.6812533389E+01      0.3592558123E+01     -0.5651639034E+00
    0.6798878067E+01      0.6798878067E+01      0.3494064298E+01     -0.5490200811E+00
    0.6784787163E+01      0.6784787163E+01      0.3398287601E+01     -0.5313936245E+00
    0.6770669643E+01      0.6770669643E+01      0.3305973693E+01     -0.5125053292E+00
    0.6756895720E+01      0.6756895720E+01      0.3217705658E+01     -0.4926667369E+00
    0.6743712668E+01      0.6743712668E+01      0.3133925177E+01     -0.4725992607E+00
    0.7651666337E+01      0.7651666337E+01      0.4138264246E+01      0.2993389134E+00
    0.7566061619E+01      0.7566061619E+01      0.4254057886E+01      0.2450138433E+00
    0.7479616870E+01      0.7479616870E+01      0.4352124396E+01      0.1821697713E+00
    0.7398997340E+01      0.7398997340E+01      0.4435126114E+01      0.1141136029E+00
    0.7321098191E+01      0.7321098191E+01      0.4495160279E+01      0.4049153488E-01
    0.7250412846E+01      0.7250412846E+01      0.4537796162E+01     -0.3124288930E-01
    0.7185481436E+01      0.7185481436E+01      0.4558399299E+01     -0.1079069029E+00
    0.7124065193E+01      0.7124065193E+01      0.4551715584E+01     -0.1799416857E+00
    0.7074861305E+01      0.7074861305E+01      0.4528047376E+01     -0.2438236273E+00
    0.7033553624E+01      0.7033553624E+01      0.4487307899E+01     -0.2983648983E+00
    0.6998756783E+01      0.6998756783E+01      0.4431472042E+01     -0.3439315373E+00
    0.6969407355E+01      0.6969407355E+01      0.4362672834E+01     -0.3828936854E+00
    0.6944559481E+01      0.6944559481E+01      0.4283193516E+01     -0.4145293629E+00
    0.6922987304E+01      0.6922987304E+01      0.4195264217E+01     -0.4379243732E+00
    0.6903792083E+01      0.6903792083E+01      0.4100904211E+01     -0.4553496832E+00
    0.6886421288E+01      0.6886421288E+01      0.4002706593E+01     -0.4644172555E+00
    0.6869772079E+01      0.6869772079E+01      0.3902791690E+01     -0.4656087994E+00
    0.6853456445E+01      0.6853456445E+01      0.3802004768E+01     -0.4635196224E+00
    0.6838139274E+01      0.6838139274E+01      0.3702097005E+01     -0.4579463711E+00
    0.6823257797E+01      0.6823257797E+01      0.3603838048E+01     -0.4490153152E+00
    0.6808127903E+01      0.6808127903E+01      0.3507332637E+01     -0.4377296500E+00
    0.6793063879E+01      0.6793063879E+01      0.3413293733E+01     -0.4248582399E+00
    0.6778493212E+01      0.6778493212E+01      0.3322538391E+01     -0.4102608583E+00
    0.6764128533E+01      0.6764128533E+01      0.3235058349E+01     -0.3944954090E+00
    0.6750317367E+01      0.6750317367E+01      0.3151542866E+01     -0.3785101619E+00
    0.7645583558E+01      0.7645583558E+01      0.4093104689E+01      0.2521132817E+00
    0.7562374651E+01      0.7562374651E+01      0.4199991228E+01      0.2099754045E+00
    0.7480290542E+01      0.7480290542E+01      0.4292083304E+01      0.1615456576E+00
    0.7403264627E+01      0.7403264627E+01      0.4370583203E+01      0.1121525944E+00
    0.7330903956E+01      0.7330903956E+01      0.4431223907E+01      0.5850217594E-01
    0.7262176023E+01      0.7262176023E+01      0.4471742921E+01      0.5191304692E-02
    0.7201805154E+01      0.7201805154E+01      0.4497627941E+01     -0.5198520919E-01
    0.7140350273E+01      0.7140350273E+01      0.4495046734E+01     -0.1076905797E+00
    0.7091237991E+01      0.7091237991E+01      0.4476721668E+01     -0.1574664776E+00
    0.7049775588E+01      0.7049775588E+01      0.4442379836E+01     -0.2003343262E+00
    0.7014424405E+01      0.7014424405E+01      0.4393675664E+01     -0.2364521985E+00
    0.6984118031E+01      0.6984118031E+01      0.4332323345E+01     -0.2677975827E+00
    0.6957986266E+01      0.6957986266E+01      0.4260093942E+01     -0.2940046363E+00
    0.6935038023E+01      0.6935038023E+01      0.4179009702E+01     -0.3140797674E+00
    0.6914411067E+01      0.6914411067E+01      0.4090874941E+01     -0.3298285037E+00
    0.6895755769E+01      0.6895755769E+01      0.3997875782E+01     -0.3395623706E+00
    0.6878328064E+01      0.6878328064E+01      0.3902245330E+01     -0.3429770205E+00
    0.6861576623E+01      0.6861576623E+01      0.3805354062E+01     -0.3429583577E+00
    0.6845463592E+01      0.6845463592E+01      0.3708371759E+01     -0.3408564909E+00
    0.6829720810E+01      0.6829720810E+01      0.3612073292E+01     -0.3360043397E+00
    0.6813958193E+01      0.6813958193E+01      0.3516944234E+01     -0.3288487271E+00
    0.6798992525E+01      0.6798992525E+01      0.3424580466E+01     -0.3197616459E+00
    0.6784555031E+01      0.6784555031E+01      0.3335098717E+01     -0.3088986395E+00
    0.6770004658E+01      0.6770004658E+01      0.3248311856E+01     -0.2969246044E+00
    0.6755815393E+01      0.6755815393E+01      0.3165037321E+01     -0.2845969248E+00
    0.7631268149E+01      0.7631268149E+01      0.4061443278E+01      0.2154788966E+00
    0.7550932256E+01      0.7550932256E+01      0.4162905330E+01      0.1855485236E+00
    0.7473507789E+01      0.7473507789E+01      0.4251498471E+01      0.1501050065E+00
    0.7399004219E+01      0.7399004219E+01      0.4323764617E+01      0.1132890672E+00
    0.7330190889E+01      0.7330190889E+01      0.4384611241E+01      0.7316552315E-01
    0.7262166738E+01      0.7262166738E+01      0.4423858364E+01      0.3482259161E-01
    0.7204219828E+01      0.7204219828E+01      0.4451226960E+01     -0.3997946904E-02
    0.7143770731E+01      0.7143770731E+01      0.4452632169E+01     -0.4320730488E-01
    0.7095625855E+01      0.7095625855E+01      0.4438736056E+01     -0.7902963147E-01
    0.7054907682E+01      0.7054907682E+01      0.4409457730E+01     -0.1105925366E+00
    0.7019714853E+01      0.7019714853E+01      0.4365769630E+01     -0.1379227681E+00
    0.6989013232E+01      0.6989013232E+01      0.4309172721E+01     -0.1621806291E+00
    0.6962218269E+01      0.6962218269E+01      0.4241479764E+01     -0.1829165822E+00
    0.6938605080E+01      0.6938605080E+01      0.4164807251E+01     -0.1992007662E+00
    0.6917449140E+01      0.6917449140E+01      0.4080952059E+01     -0.2121934222E+00
    0.6898449116E+01      0.6898449116E+01      0.3991882613E+01     -0.2208471732E+00
    0.6880944791E+01      0.6880944791E+01      0.3899715339E+01     -0.2248501441E+00
    0.6864393384E+01      0.6864393384E+01      0.3805946557E+01     -0.2261579345E+00
    0.6848534411E+01      0.6848534411E+01      0.3711727551E+01     -0.2258596171E+00
    0.6832999355E+01      0.6832999355E+01      0.3617427826E+01     -0.2239214791E+00
    0.6817573416E+01      0.6817573416E+01      0.3523896619E+01     -0.2200319098E+00
    0.6803077611E+01      0.6803077611E+01      0.3432806040E+01     -0.2142889356E+00
    0.6789047465E+01      0.6789047465E+01      0.3344137220E+01     -0.2070390126E+00
    0.6774671028E+01      0.6774671028E+01      0.3257905253E+01     -0.1988972268E+00
    0.6760166593E+01      0.6760166593E+01      0.3174525636E+01     -0.1903932106E+00
    0.7610178117E+01      0.7610178117E+01      0.4038807665E+01      0.1827597048E+00
    0.7532295620E+01      0.7532295620E+01      0.4136180789E+01      0.1648745463E+00
    0.7458116243E+01      0.7458116243E+01      0.4223447748E+01      0.1435459052E+00
    0.7383656425E+01      0.7383656425E+01      0.4293452098E+01      0.1209930188E+00
    0.7316701122E+01      0.7316701122E+01      0.4352954753E+01      0.9651981720E-01
    0.7250395048E+01      0.7250395048E+01      0.4390561274E+01      0.7182072173E-01
    0.7194543298E+01      0.7194543298E+01      0.4418158135E+01      0.4715063695E-01
    0.7136965443E+01      0.7136965443E+01      0.4424014065E+01      0.2126900359E-01
    0.7089378097E+01      0.7089378097E+01      0.4412532322E+01     -0.2380128482E-02
    0.7049337654E+01      0.7049337654E+01      0.4386352734E+01     -0.2381165162E-01
    0.7014852908E+01      0.7014852908E+01      0.4346063387E+01     -0.4301109411E-01
    0.6984817839E+01      0.6984817839E+01      0.4292908231E+01     -0.6034296147E-01
    0.6958670716E+01      0.6958670716E+01      0.4228589341E+01     -0.7544658974E-01
    0.6935728721E+01      0.6935728721E+01      0.4155196795E+01     -0.8765275498E-01
    0.6915274092E+01      0.6915274092E+01      0.4074513229E+01     -0.9758365231E-01
    0.6896999168E+01      0.6896999168E+01      0.3988363666E+01     -0.1046927508E+00
    0.6880259007E+01      0.6880259007E+01      0.3898700384E+01     -0.1087771018E+00
    0.6864424098E+01      0.6864424098E+01      0.3807066237E+01     -0.1108587687E+00
    0.6849129521E+01      0.6849129521E+01      0.3714585330E+01     -0.1116628985E+00
    0.6834098022E+01      0.6834098022E+01      0.3621615193E+01     -0.1115313972E+00
    0.6819199776E+01      0.6819199776E+01      0.3528942701E+01     -0.1102962726E+00
    0.6805300650E+01      0.6805300650E+01      0.3438399357E+01     -0.1076445304E+00
    0.6791754590E+01      0.6791754590E+01      0.3350031051E+01     -0.1039984691E+00
    0.6777676050E+01      0.6777676050E+01      0.3263942235E+01     -0.9980874683E-01
    0.6763083566E+01      0.6763083566E+01      0.3180296445E+01     -0.9536875288E-01
    0.7583884487E+01      0.7583884487E+01      0.4027081339E+01      0.1515346758E+00
    0.7507532873E+01      0.7507532873E+01      0.4122151940E+01      0.1452872189E+00
    0.7435264090E+01      0.7435264090E+01      0.4208330496E+01      0.1376659290E+00
    0.7362263538E+01      0.7362263538E+01      0.4277236044E+01      0.1286908215E+00
    0.7297461352E+01      0.7297461352E+01      0.4336335514E+01      0.1185686176E+00
    0.7232808419E+01      0.7232808419E+01      0.4373652716E+01      0.1079915058E+00
    0.7178123665E+01      0.7178123665E+01      0.4401218139E+01      0.9778239242E-01
    0.7121721615E+01      0.7121721615E+01      0.4408048773E+01      0.8701999786E-01
    0.7074625906E+01      0.7074625906E+01      0.4397328690E+01      0.7588684365E-01
    0.7035165817E+01      0.7035165817E+01      0.4372456718E+01      0.6494928232E-01
    0.7001485669E+01      0.7001485669E+01      0.4333939419E+01      0.5433819433E-01
    0.6972699247E+01      0.6972699247E+01      0.4282848205E+01      0.4424404900E-01
    0.6948189728E+01      0.6948189728E+01      0.4220568155E+01      0.3493369361E-01
    0.6927042412E+01      0.6927042412E+01      0.4149032785E+01      0.2679403809E-01
    0.6908380478E+01      0.6908380478E+01      0.4070113468E+01      0.1964537653E-01
    0.6891773501E+01      0.6891773501E+01      0.3985640742E+01      0.1376234008E-01
    0.6876568331E+01      0.6876568331E+01      0.3897439861E+01      0.9308614664E-02
    0.6862093019E+01      0.6862093019E+01      0.3807004251E+01      0.5835914327E-02
    0.6847900163E+01      0.6847900163E+01      0.3715481940E+01      0.3128425156E-02
    0.6833708244E+01      0.6833708244E+01      0.3623307351E+01      0.1162691889E-02
    0.6819417369E+01      0.6819417369E+01      0.3531132839E+01      0.1910156534E-03
    0.6805990938E+01      0.6805990938E+01      0.3440810547E+01     -0.1692165391E-03
    0.6792807928E+01      0.6792807928E+01      0.3352520861E+01     -0.2961923633E-03
    0.6778965431E+01      0.6778965431E+01      0.3266440496E+01     -0.3000116319E-03
    0.6764370820E+01      0.6764370820E+01      0.3182635669E+01     -0.2205069472E-03
    0.7553900851E+01      0.7553900851E+01      0.4028072263E+01      0.1203066400E+00
    0.7478584871E+01      0.7478584871E+01      0.4122432457E+01      0.1253773181E+00
    0.7407540254E+01      0.7407540254E+01      0.4207854040E+01      0.1311724461E+00
    0.7335962366E+01      0.7335962366E+01      0.4275687551E+01      0.1353283975E+00
    0.7272614648E+01      0.7272614648E+01      0.4333824608E+01      0.1396511868E+00
    0.7209525017E+01      0.7209525017E+01      0.4370587240E+01      0.1428318477E+00
    0.7156385424E+01      0.7156385424E+01      0.4397457291E+01      0.1458755014E+00
    0.7101177717E+01      0.7101177717E+01      0.4402900832E+01      0.1492106538E+00
    0.7055825483E+01      0.7055825483E+01      0.4391249778E+01      0.1503041315E+00
    0.7017939804E+01      0.7017939804E+01      0.4365114916E+01      0.1501218132E+00
    0.6985742859E+01      0.6985742859E+01      0.4325345098E+01      0.1490708890E+00
    0.6958406132E+01      0.6958406132E+01      0.4273340119E+01      0.1474740702E+00
    0.6935323253E+01      0.6935323253E+01      0.4210733228E+01      0.1452082861E+00
    0.6915732798E+01      0.6915732798E+01      0.4139313236E+01      0.1421819906E+00
    0.6898769640E+01      0.6898769640E+01      0.4060965679E+01      0.1383689040E+00
    0.6883567223E+01      0.6883567223E+01      0.3977434006E+01      0.1341408890E+00
    0.6869655692E+01      0.6869655692E+01      0.3890240391E+01      0.1296943328E+00
    0.6856535474E+01      0.6856535474E+01      0.3800691669E+01      0.1250355244E+00
    0.6843720607E+01      0.6843720607E+01      0.3709888898E+01      0.1202803099E+00
    0.6830785283E+01      0.6830785283E+01      0.3618640206E+01      0.1157542172E+00
    0.6817503642E+01      0.6817503642E+01      0.3527429569E+01      0.1116360142E+00
    0.6804462796E+01      0.6804462796E+01      0.3437650246E+01      0.1076825006E+00
    0.6791425809E+01      0.6791425809E+01      0.3349771268E+01      0.1035264069E+00
    0.6777713219E+01      0.6777713219E+01      0.3264044358E+01      0.9917683198E-01
    0.6763277180E+01      0.6763277180E+01      0.3180548636E+01      0.9483427502E-01
    0.7522192143E+01      0.7522192143E+01      0.4038421697E+01      0.8791555106E-01
    0.7447181493E+01      0.7447181493E+01      0.4133972416E+01      0.1045437193E+00
    0.7376070520E+01      0.7376070520E+01      0.4219939335E+01      0.1238221791E+00
    0.7305463660E+01      0.7305463660E+01      0.4288720184E+01      0.1423917446E+00
    0.7242276850E+01      0.7242276850E+01      0.4345846470E+01      0.1622919560E+00
    0.7180223794E+01      0.7180223794E+01      0.4381323118E+01      0.1796001239E+00
    0.7128279225E+01      0.7128279225E+01      0.4406604778E+01      0.1973675682E+00
    0.7073950307E+01      0.7073950307E+01      0.4408405574E+01      0.2149575677E+00
    0.7030940792E+01      0.7030940792E+01      0.4395217237E+01      0.2286310988E+00
    0.6995373731E+01      0.6995373731E+01      0.4367383898E+01      0.2391914056E+00
    0.6965691702E+01      0.6965691702E+01      0.4326024296E+01      0.2467646466E+00
    0.6940845268E+01      0.6940845268E+01      0.4272566393E+01      0.2525451548E+00
    0.6920204114E+01      0.6920204114E+01      0.4208553066E+01      0.2561485055E+00
    0.6902796494E+01      0.6902796494E+01      0.4135741274E+01      0.2573535490E+00
    0.6887841773E+01      0.6887841773E+01      0.4056124943E+01      0.2561614424E+00
    0.6874319905E+01      0.6874319905E+01      0.3971553250E+01      0.2533887837E+00
    0.6861813594E+01      0.6861813594E+01      0.3883538915E+01      0.2490681937E+00
    0.6849959735E+01      0.6849959735E+01      0.3793423709E+01      0.2433987616E+00
    0.6838299652E+01      0.6838299652E+01      0.3702250497E+01      0.2367907450E+00
    0.6826244801E+01      0.6826244801E+01      0.3611074911E+01      0.2296908039E+00
    0.6813859155E+01      0.6813859155E+01      0.3520379931E+01      0.2223694562E+00
    0.6801172511E+01      0.6801172511E+01      0.3430898564E+01      0.2148632906E+00
    0.6788234616E+01      0.6788234616E+01      0.3343309420E+01      0.2069043169E+00
    0.6774599810E+01      0.6774599810E+01      0.3257880602E+01      0.1985108391E+00
    0.6760379135E+01      0.6760379135E+01      0.3174808077E+01      0.1900031872E+00
    0.7490539863E+01      0.7490539863E+01      0.4058605340E+01      0.5249895439E-01
    0.7415498592E+01      0.7415498592E+01      0.4157312281E+01      0.8120188653E-01
    0.7342527645E+01      0.7342527645E+01      0.4243267694E+01      0.1144265629E+00
    0.7272968973E+01      0.7272968973E+01      0.4314958083E+01      0.1475998681E+00
    0.7208822585E+01      0.7208822585E+01      0.4371517119E+01      0.1841212374E+00
    0.7147433765E+01      0.7147433765E+01      0.4407793919E+01      0.2164741021E+00
    0.7095101389E+01      0.7095101389E+01      0.4431781361E+01      0.2512420753E+00
    0.7042014134E+01      0.7042014134E+01      0.4429535476E+01      0.2837731504E+00
    0.7000642839E+01      0.7000642839E+01      0.4412682287E+01      0.3115768710E+00
    0.6966791739E+01      0.6966791739E+01      0.4380736614E+01      0.3339463596E+00
    0.6939065411E+01      0.6939065411E+01      0.4335228967E+01      0.3509630165E+00
    0.6916506979E+01      0.6916506979E+01      0.4277789342E+01      0.3644564960E+00
    0.6898317453E+01      0.6898317453E+01      0.4210337219E+01      0.3737181166E+00
    0.6883379062E+01      0.6883379062E+01      0.4134650826E+01      0.3790061462E+00
    0.6871033846E+01      0.6871033846E+01      0.4052737637E+01      0.3795350077E+00
    0.6860045756E+01      0.6860045756E+01      0.3966414436E+01      0.3770815369E+00
    0.6849793085E+01      0.6849793085E+01      0.3877003759E+01      0.3717818304E+00
    0.6839939988E+01      0.6839939988E+01      0.3785693064E+01      0.3639966877E+00
    0.6829837613E+01      0.6829837613E+01      0.3693637596E+01      0.3545451748E+00
    0.6819161544E+01      0.6819161544E+01      0.3601961935E+01      0.3439461050E+00
    0.6807791416E+01      0.6807791416E+01      0.3511045843E+01      0.3327105118E+00
    0.6795702794E+01      0.6795702794E+01      0.3421376238E+01      0.3211694621E+00
    0.6783065242E+01      0.6783065242E+01      0.3333554952E+01      0.3091690490E+00
    0.6769722141E+01      0.6769722141E+01      0.3248085703E+01      0.2967549833E+00
    0.6755978174E+01      0.6755978174E+01      0.3165259152E+01      0.2843084952E+00
    0.7458906280E+01      0.7458906280E+01      0.4091169554E+01      0.1251988521E-01
    0.7383473238E+01      0.7383473238E+01      0.4195502473E+01      0.5394044069E-01
    0.7308136141E+01      0.7308136141E+01      0.4283523390E+01      0.1012938527E+00
    0.7238632342E+01      0.7238632342E+01      0.4358964415E+01      0.1508201001E+00
    0.7171936798E+01      0.7171936798E+01      0.4414052893E+01      0.2049214123E+00
    0.7112192215E+01      0.7112192215E+01      0.4452816316E+01      0.2536369886E+00
    0.7057489194E+01      0.7057489194E+01      0.4471694883E+01      0.3071001256E+00
    0.7006132155E+01      0.7006132155E+01      0.4465432461E+01      0.3559405648E+00
    0.6966325751E+01      0.6966325751E+01      0.4443549955E+01      0.3981960812E+00
    0.6934069950E+01      0.6934069950E+01      0.4405989405E+01      0.4327809415E+00
    0.6908115809E+01      0.6908115809E+01      0.4354476205E+01      0.4598503393E+00
    0.6887549515E+01      0.6887549515E+01      0.4290956808E+01      0.4816277177E+00
    0.6871582428E+01      0.6871582428E+01      0.4217686378E+01      0.4969470050E+00
    0.6858944199E+01      0.6858944199E+01      0.4136609943E+01      0.5065456104E+00
    0.6848994323E+01      0.6848994323E+01      0.4050209381E+01      0.5085613404E+00
    0.6840132014E+01      0.6840132014E+01      0.3960281512E+01      0.5060341380E+00
    0.6832169697E+01      0.6832169697E+01      0.3868027105E+01      0.4993377141E+00
    0.6824575620E+01      0.6824575620E+01      0.3774544214E+01      0.4887200894E+00
    0.6816532080E+01      0.6816532080E+01      0.3681146061E+01      0.4753080122E+00
    0.6807911808E+01      0.6807911808E+01      0.3588695436E+01      0.4600304682E+00
    0.6798448341E+01      0.6798448341E+01      0.3497596558E+01      0.4438970342E+00
    0.6787859775E+01      0.6787859775E+01      0.3407944633E+01      0.4275787030E+00
    0.6776144662E+01      0.6776144662E+01      0.3320012165E+01      0.4111482199E+00
    0.6763470724E+01      0.6763470724E+01      0.3234349758E+01      0.3946150831E+00
    0.6750364940E+01      0.6750364940E+01      0.3151586981E+01      0.3783342826E+00
    0.7426197732E+01      0.7426197732E+01      0.4137826698E+01     -0.3348428026E-01
    0.7348848986E+01      0.7348848986E+01      0.4248599885E+01      0.2248630679E-01
    0.7271069189E+01      0.7271069189E+01      0.4340645927E+01      0.8512961810E-01
    0.7201279610E+01      0.7201279610E+01      0.4420578620E+01      0.1523793549E+00
    0.7131386468E+01      0.7131386468E+01      0.4474669125E+01      0.2246789210E+00
    0.7072582274E+01      0.7072582274E+01      0.4515517306E+01      0.2934171397E+00
    0.7014309899E+01      0.7014309899E+01      0.4527352585E+01      0.3669906665E+00
    0.6964982416E+01      0.6964982416E+01      0.4516388800E+01      0.4333799738E+00
    0.6926438681E+01      0.6926438681E+01      0.4487933091E+01      0.4910542556E+00
    0.6895627222E+01      0.6895627222E+01      0.4442623337E+01      0.5386811863E+00
    0.6871402474E+01      0.6871402474E+01      0.4382667454E+01      0.5764874623E+00
    0.6852935946E+01      0.6852935946E+01      0.4310600579E+01      0.6068213146E+00
    0.6839271743E+01      0.6839271743E+01      0.4229267595E+01      0.6278770396E+00
    0.6829109121E+01      0.6829109121E+01      0.4141002052E+01      0.6412373463E+00
    0.6821704295E+01      0.6821704295E+01      0.4048750717E+01      0.6434080751E+00
    0.6815231958E+01      0.6815231958E+01      0.3954052336E+01      0.6399151732E+00
    0.6809838609E+01      0.6809838609E+01      0.3858040307E+01      0.6309286877E+00
    0.6804525837E+01      0.6804525837E+01      0.3761590960E+01      0.6169138465E+00
    0.6798886189E+01      0.6798886189E+01      0.3666057516E+01      0.5990085957E+00
    0.6792638301E+01      0.6792638301E+01      0.3572116509E+01      0.5787542818E+00
    0.6785420320E+01      0.6785420320E+01      0.3480080772E+01      0.5574046423E+00
    0.6776921409E+01      0.6776921409E+01      0.3389964814E+01      0.5358002811E+00
    0.6766938524E+01      0.6766938524E+01      0.3301869073E+01      0.5143204156E+00
    0.6755638624E+01      0.6755638624E+01      0.3216199043E+01      0.4930929256E+00
    0.6743637845E+01      0.6743637845E+01      0.3133706981E+01      0.4724418304E+00
    0.7393174634E+01      0.7393174634E+01      0.4200145764E+01     -0.8976230829E-01
    0.7312208656E+01      0.7312208656E+01      0.4318517691E+01     -0.1708985120E-01
    0.7231456200E+01      0.7231456200E+01      0.4417130758E+01      0.6333752338E-01
    0.7158139292E+01      0.7158139292E+01      0.4501537330E+01      0.1518757133E+00
    0.7085794532E+01      0.7085794532E+01      0.4557407266E+01      0.2439448502E+00
    0.7026937892E+01      0.7026937892E+01      0.4597888261E+01      0.3365037376E+00
    0.6965650166E+01      0.6965650166E+01      0.4602275419E+01      0.4316920263E+00
    0.6918600237E+01      0.6918600237E+01      0.4585128541E+01      0.5166740356E+00
    0.6881650889E+01      0.6881650889E+01      0.4547818742E+01      0.5907204337E+00
    0.6852584290E+01      0.6852584290E+01      0.4492063576E+01      0.6521197939E+00
    0.6830197486E+01      0.6830197486E+01      0.4420872876E+01      0.7012482227E+00
    0.6813703052E+01      0.6813703052E+01      0.4337695853E+01      0.7402769178E+00
    0.6802007251E+01      0.6802007251E+01      0.4245847478E+01      0.7672117301E+00
    0.6794145468E+01      0.6794145468E+01      0.4148387584E+01      0.7837800681E+00
    0.6789013457E+01      0.6789013457E+01      0.4048453393E+01      0.7852196252E+00
    0.6785082838E+01      0.6785082838E+01      0.3947342935E+01      0.7802589685E+00
    0.6782354927E+01      0.6782354927E+01      0.3845986414E+01      0.7683516096E+00
    0.6779826284E+01      0.6779826284E+01      0.3745334011E+01      0.7500785282E+00
    0.6776985679E+01      0.6776985679E+01      0.3646532998E+01      0.7271703043E+00
    0.6773369666E+01      0.6773369666E+01      0.3550223592E+01      0.7015117521E+00
    0.6768651739E+01      0.6768651739E+01      0.3456636856E+01      0.6744940508E+00
    0.6762593533E+01      0.6762593533E+01      0.3365800178E+01      0.6470125866E+00
    0.6754908368E+01      0.6754908368E+01      0.3277687666E+01      0.6197340341E+00
    0.6745626274E+01      0.6745626274E+01      0.3192423133E+01      0.5930979077E+00
    0.6735255673E+01      0.6735255673E+01      0.3110580552E+01      0.5670901244E+00
    0.7355530553E+01      0.7355530553E+01      0.4279200338E+01     -0.1560153413E+00
    0.7268565257E+01      0.7268565257E+01      0.4407270215E+01     -0.6417149461E-01
    0.7186613498E+01      0.7186613498E+01      0.4518941103E+01      0.3627085095E-01
    0.7107406329E+01      0.7107406329E+01      0.4605124119E+01      0.1488840708E+00
    0.7034484821E+01      0.7034484821E+01      0.4665580095E+01      0.2634415682E+00
    0.6972726920E+01      0.6972726920E+01      0.4703129204E+01      0.3839067927E+00
    0.6910789095E+01      0.6910789095E+01      0.4698835380E+01      0.5024309455E+00
    0.6865560681E+01      0.6865560681E+01      0.4672509920E+01      0.6086188829E+00
    0.6830567937E+01      0.6830567937E+01      0.4623118022E+01      0.7007450051E+00
    0.6803931699E+01      0.6803931699E+01      0.4553683468E+01      0.7764630422E+00
    0.6784197024E+01      0.6784197024E+01      0.4468242555E+01      0.8366264244E+00
    0.6770464030E+01      0.6770464030E+01      0.4371258336E+01      0.8831727614E+00
    0.6761338044E+01      0.6761338044E+01      0.4266395633E+01      0.9150429331E+00
    0.6756383573E+01      0.6756383573E+01      0.4157736579E+01      0.9327950601E+00
    0.6753684401E+01      0.6753684401E+01      0.4047987326E+01      0.9328177908E+00
    0.6752478564E+01      0.6752478564E+01      0.3938149469E+01      0.9257752850E+00
    0.6752637415E+01      0.6752637415E+01      0.3829698206E+01      0.9101902312E+00
    0.6753063434E+01      0.6753063434E+01      0.3723465778E+01      0.8869698936E+00
    0.6753090967E+01      0.6753090967E+01      0.3620645198E+01      0.8583985166E+00
    0.6752172226E+01      0.6752172226E+01      0.3521810730E+01      0.8267788668E+00
    0.6749981610E+01      0.6749981610E+01      0.3426839386E+01      0.7935959763E+00
    0.6746339017E+01      0.6746339017E+01      0.3335617208E+01      0.7597783205E+00
    0.6741020690E+01      0.6741020690E+01      0.3247969831E+01      0.7263520970E+00
    0.6733984158E+01      0.6733984158E+01      0.3163701056E+01      0.6937795429E+00
    0.6725487225E+01      0.6725487225E+01      0.3083073018E+01      0.6619033351E+00
    0.7307248529E+01      0.7307248529E+01      0.4376517933E+01     -0.2306228688E+00
    0.7213124831E+01      0.7213124831E+01      0.4518441483E+01     -0.1178464744E+00
    0.7129090342E+01      0.7129090342E+01      0.4644810569E+01      0.7395295668E-02
    0.7045110390E+01      0.7045110390E+01      0.4735485895E+01      0.1451221918E+00
    0.6973436850E+01      0.6973436850E+01      0.4802583647E+01      0.2869927065E+00
    0.6906864523E+01      0.6906864523E+01      0.4831038102E+01      0.4378834152E+00
    0.6847096509E+01      0.6847096509E+01      0.4818508021E+01      0.5829419928E+00
    0.6804633350E+01      0.6804633350E+01      0.4779458784E+01      0.7121884801E+00
    0.6773045575E+01      0.6773045575E+01      0.4714504808E+01      0.8233735214E+00
    0.6750197425E+01      0.6750197425E+01      0.4627837053E+01      0.9136189724E+00
    0.6734252131E+01      0.6734252131E+01      0.4524540167E+01      0.9843585402E+00
    0.6724103600E+01      0.6724103600E+01      0.4410173899E+01      0.1037164134E+01
    0.6718217984E+01      0.6718217984E+01      0.4289122952E+01      0.1073009577E+01
    0.6716213238E+01      0.6716213238E+01      0.4166177049E+01      0.1089797688E+01
    0.6716307814E+01      0.6716307814E+01      0.4045202471E+01      0.1088152848E+01
    0.6718036066E+01      0.6718036066E+01      0.3924545110E+01      0.1078015457E+01
    0.6720780489E+01      0.6720780489E+01      0.3807099967E+01      0.1058034563E+01
    0.6724042614E+01      0.6724042614E+01      0.3694749742E+01      0.1029091931E+01
    0.6727114216E+01      0.6727114216E+01      0.3588221007E+01      0.9939178687E+00
    0.6728607761E+01      0.6728607761E+01      0.3486586766E+01      0.9555558061E+00
    0.6728637246E+01      0.6728637246E+01      0.3390200942E+01      0.9156414448E+00
    0.6727389752E+01      0.6727389752E+01      0.3299052598E+01      0.8751033735E+00
    0.6724474307E+01      0.6724474307E+01      0.3212171409E+01      0.8350637330E+00
    0.6719860590E+01      0.6719860590E+01      0.3129240823E+01      0.7958784608E+00
    0.6713598384E+01      0.6713598384E+01      0.3050277214E+01      0.7575111259E+00
