    0.1000000000E+02      0.1000000000E+02      0.0000000000E+00      0.0000000000E+00
    0.1000000000E+02      0.1000000000E+02      0.0000000000E+00      0.0000000000E+00
    0.1000000000E+02      0.1000000000E+02      0.0000000000E+00      0.0000000000E+00
    0.1000000000E+02      0.1000000000E+02      0.0000000000E+00      0.0000000000E+00
    0.1000000000E+02      0.1000000000E+02      0.0000000000E+00      0.0000000000E+00
    0.1000000000E+02      0.1000000000E+02      0.0000000000E+00      0.0000000000E+00
    0.9999999874E+01      0.9999999874E+01      0.0000000000E+00      0.0000000000E+00
    0.9999996672E+01      0.9999996672E+01      0.0000000000E+00      0.0000000000E+00
    0.9999970461E+01      0.9999970461E+01      0.2861011425E-04      0.0000000000E+00
    0.9999847132E+01      0.9999847132E+01      0.1473159171E-03      0.0000000000E+00
    0.9999366225E+01      0.9999366225E+01      0.6270172940E-03      0.0000000000E+00
    0.9997594054E+01      0.9997594054E+01      0.2379992299E-02      0.0000000000E+00
    0.9991713196E+01      0.9991713196E+01      0.8207168317E-02      0.0000000000E+00
    0.9974250891E+01      0.9974250891E+01      0.2551292517E-01      0.0000000000E+00
    0.9928428474E+01      0.9928428474E+01      0.7096849982E-01      0.0000000000E+00
    0.9823383728E+01      0.9823383728E+01      0.1755207135E+00      0.0000000000E+00
    0.9614813675E+01      0.9614813675E+01      0.3847068520E+00     -0.2276027670E-04
    0.9256831031E+01      0.9256831031E+01      0.7492035159E+00     -0.6914293511E-04
    0.8716876587E+01      0.8716876587E+01      0.1313005732E+01     -0.1493782976E-03
    0.8147554954E+01      0.8147554954E+01      0.1960412800E+01     -0.3494425011E-03
    0.7622640776E+01      0.7622640776E+01      0.2383060306E+01     -0.7192907814E-03
    0.7437717919E+01      0.7437717919E+01      0.2833471761E+01     -0.1447731928E-02
    0.7268813254E+01      0.7268813254E+01      0.2926580112E+01     -0.2207823434E-02
    0.7228930944E+01      0.7228930944E+01      0.2918079642E+01     -0.3558699359E-02
    0.7252078377E+01      0.7252078377E+01      0.2889694388E+01     -0.3964039971E-02
    0.1000000000E+02      0.1000000000E+02      0.0000000000E+00      0.0000000000E+00
    0.1000000000E+02      0.1000000000E+02      0.0000000000E+00      0.0000000000E+00
    0.1000000000E+02      0.1000000000E+02      0.0000000000E+00      0.0000000000E+00
    0.1000000000E+02      0.1000000000E+02      0.0000000000E+00      0.0000000000E+00
    0.1000000000E+02      0.1000000000E+02      0.0000000000E+00      0.0000000000E+00
    0.1000000000E+02      0.1000000000E+02      0.0000000000E+00      0.0000000000E+00
    0.9999999874E+01      0.9999999874E+01      0.0000000000E+00      0.0000000000E+00
    0.9999996672E+01      0.9999996672E+01      0.0000000000E+00      0.0000000000E+00
    0.9999970461E+01      0.9999970461E+01      0.2861010448E-04      0.0000000000E+00
    0.9999847132E+01      0.9999847132E+01      0.1473157972E-03      0.0000000000E+00
    0.9999366226E+01      0.9999366226E+01      0.6270159441E-03      0.0000000000E+00
    0.9997594068E+01      0.9997594068E+01      0.2379978207E-02      0.0000000000E+00
    0.9991713324E+01      0.9991713324E+01      0.8207041803E-02      0.0000000000E+00
    0.9974252232E+01      0.9974252232E+01      0.2551188901E-01      0.0000000000E+00
    0.9928436801E+01      0.9928436801E+01      0.7096296408E-01      0.0000000000E+00
    0.9823417594E+01      0.9823417594E+01      0.1755020454E+00     -0.2917020440E-04
    0.9614909092E+01      0.9614909092E+01      0.3846590931E+00     -0.9983858047E-04
    0.9257043718E+01      0.9257043718E+01      0.7491070915E+00     -0.2665202980E-03
    0.8717272290E+01      0.8717272290E+01      0.1312862123E+01     -0.5774959072E-03
    0.8148490975E+01      0.8148490975E+01      0.1959990426E+01     -0.1286342092E-02
    0.7624417974E+01      0.7624417974E+01      0.2382138556E+01     -0.2586792036E-02
    0.7441047428E+01      0.7441047428E+01      0.2832274036E+01     -0.5059294781E-02
    0.7273550791E+01      0.7273550791E+01      0.2924689104E+01     -0.7630362563E-02
    0.7235943850E+01      0.7235943850E+01      0.2917077284E+01     -0.1199304369E-01
    0.7259566792E+01      0.7259566792E+01      0.2889886888E+01     -0.1314828887E-01
    0.1000000000E+02      0.1000000000E+02      0.0000000000E+00      0.0000000000E+00
    0.1000000000E+02      0.1000000000E+02      0.0000000000E+00      0.0000000000E+00
    0.1000000000E+02      0.1000000000E+02      0.0000000000E+00      0.0000000000E+00
    0.1000000000E+02      0.1000000000E+02      0.0000000000E+00      0.0000000000E+00
    0.1000000000E+02      0.1000000000E+02      0.0000000000E+00      0.0000000000E+00
    0.1000000000E+02      0.1000000000E+02      0.0000000000E+00      0.0000000000E+00
    0.9999999874E+01      0.9999999874E+01      0.0000000000E+00      0.0000000000E+00
    0.9999996672E+01      0.9999996672E+01      0.0000000000E+00      0.0000000000E+00
    0.9999970462E+01      0.9999970462E+01      0.2860989910E-04      0.0000000000E+00
    0.9999847135E+01      0.9999847135E+01      0.1473137465E-03      0.0000000000E+00
    0.9999366245E+01      0.9999366245E+01      0.6269968420E-03      0.0000000000E+00
    0.9997594229E+01      0.9997594229E+01      0.2379818889E-02      0.0000000000E+00
    0.9991714775E+01      0.9991714775E+01      0.8205817092E-02      0.0000000000E+00
    0.9974261418E+01      0.9974261418E+01      0.2550525009E-01      0.0000000000E+00
    0.9928476514E+01      0.9928476514E+01      0.7093840593E-01     -0.3126553347E-04
    0.9823541348E+01      0.9823541348E+01      0.1754301871E+00     -0.1188921296E-03
    0.9615223848E+01      0.9615223848E+01      0.3844839107E+00     -0.3598660799E-03
    0.9257754056E+01      0.9257754056E+01      0.7487610142E+00     -0.9180907928E-03
    0.8718603244E+01      0.8718603244E+01      0.1312337697E+01     -0.1951739296E-02
    0.8151546684E+01      0.8151546684E+01      0.1958493083E+01     -0.4315278527E-02
    0.7630127304E+01      0.7630127304E+01      0.2379024185E+01     -0.8523368028E-02
    0.7451276560E+01      0.7451276560E+01      0.2828233646E+01     -0.1612634810E-01
    0.7287873000E+01      0.7287873000E+01      0.2918780154E+01     -0.2408585639E-01
    0.7256186011E+01      0.7256186011E+01      0.2914040869E+01     -0.3663697239E-01
    0.7280788798E+01      0.7280788798E+01      0.2890661654E+01     -0.3936843934E-01
    0.1000000000E+02      0.1000000000E+02      0.0000000000E+00      0.0000000000E+00
    0.1000000000E+02      0.1000000000E+02      0.0000000000E+00      0.0000000000E+00
    0.1000000000E+02      0.1000000000E+02      0.0000000000E+00      0.0000000000E+00
    0.1000000000E+02      0.1000000000E+02      0.0000000000E+00      0.0000000000E+00
    0.1000000000E+02      0.1000000000E+02      0.0000000000E+00      0.0000000000E+00
    0.1000000000E+02      0.1000000000E+02      0.0000000000E+00      0.0000000000E+00
    0.9999999874E+01      0.9999999874E+01      0.0000000000E+00      0.0000000000E+00
    0.9999996672E+01      0.9999996672E+01      0.0000000000E+00      0.0000000000E+00
    0.9999970464E+01      0.9999970464E+01      0.2860779350E-04      0.0000000000E+00
    0.9999847154E+01      0.9999847154E+01      0.1472943213E-03      0.0000000000E+00
    0.9999366405E+01      0.9999366405E+01      0.6268385095E-03      0.0000000000E+00
    0.9997595541E+01      0.9997595541E+01      0.2378679318E-02      0.0000000000E+00
    0.9991723206E+01      0.9991723206E+01      0.8199320199E-02      0.0000000000E+00
    0.9974300487E+01      0.9974300487E+01      0.2547823065E-01     -0.2802852169E-04
    0.9928610840E+01      0.9928610840E+01      0.7085074995E-01     -0.1182482461E-03
    0.9823923058E+01      0.9823923058E+01      0.1751856685E+00     -0.3968189527E-03
    0.9616213540E+01      0.9616213540E+01      0.3839003094E+00     -0.1139800200E-02
    0.9259915422E+01      0.9259915422E+01      0.7476101656E+00     -0.2840151219E-02
    0.8722590280E+01      0.8722590280E+01      0.1310522744E+01     -0.6002470891E-02
    0.8160694893E+01      0.8160694893E+01      0.1953607577E+01     -0.1316018226E-01
    0.7646737910E+01      0.7646737910E+01      0.2369520007E+01     -0.2559397340E-01
    0.7479478026E+01      0.7479478026E+01      0.2815653807E+01     -0.4631329767E-01
    0.7326103856E+01      0.7326103856E+01      0.2902488567E+01     -0.6893195031E-01
    0.7307721838E+01      0.7307721838E+01      0.2906526868E+01     -0.9984616874E-01
    0.7332452307E+01      0.7332452307E+01      0.2893001634E+01     -0.1042993736E+00
    0.1000000000E+02      0.1000000000E+02      0.0000000000E+00      0.0000000000E+00
    0.1000000000E+02      0.1000000000E+02      0.0000000000E+00      0.0000000000E+00
    0.1000000000E+02      0.1000000000E+02      0.0000000000E+00      0.0000000000E+00
    0.1000000000E+02      0.1000000000E+02      0.0000000000E+00      0.0000000000E+00
    0.1000000000E+02      0.1000000000E+02      0.0000000000E+00      0.0000000000E+00
    0.1000000000E+02      0.1000000000E+02      0.0000000000E+00      0.0000000000E+00
    0.9999999874E+01      0.9999999874E+01      0.0000000000E+00      0.0000000000E+00
    0.9999996674E+01      0.9999996674E+01      0.0000000000E+00      0.0000000000E+00
    0.9999970481E+01      0.9999970481E+01      0.2859123069E-04      0.0000000000E+00
    0.9999847291E+01      0.9999847291E+01      0.1471594659E-03      0.0000000000E+00
    0.9999367366E+01      0.9999367366E+01      0.6258864765E-03      0.0000000000E+00
    0.9997602228E+01      0.9997602228E+01      0.2373210222E-02      0.0000000000E+00
    0.9991756373E+01      0.9991756373E+01      0.8174843460E-02     -0.2312845830E-04
    0.9974422937E+01      0.9974422937E+01      0.2538948362E-01     -0.9786824355E-04
    0.9928997135E+01      0.9928997135E+01      0.7057293767E-01     -0.3651627923E-03
    0.9825036098E+01      0.9825036098E+01      0.1744313528E+00     -0.1159688151E-02
    0.9618971986E+01      0.9618971986E+01      0.3821341104E+00     -0.3236009361E-02
    0.9265774199E+01      0.9265774199E+01      0.7441461184E+00     -0.7882243635E-02
    0.8733590396E+01      0.8733590396E+01      0.1304766730E+01     -0.1661993229E-01
    0.8185123011E+01      0.8185123011E+01      0.1939051178E+01     -0.3624816641E-01
    0.7690237913E+01      0.7690237913E+01      0.2343534089E+01     -0.6942122884E-01
    0.7547215714E+01      0.7547215714E+01      0.2780498655E+01     -0.1180137151E+00
    0.7416286680E+01      0.7416286680E+01      0.2864613592E+01     -0.1762035899E+00
    0.7416026086E+01      0.7416026086E+01      0.2889699848E+01     -0.2378121714E+00
    0.7437210865E+01      0.7437210865E+01      0.2900739249E+01     -0.2397717888E+00
    0.1000000000E+02      0.1000000000E+02      0.0000000000E+00      0.0000000000E+00
    0.1000000000E+02      0.1000000000E+02      0.0000000000E+00      0.0000000000E+00
    0.1000000000E+02      0.1000000000E+02      0.0000000000E+00      0.0000000000E+00
    0.1000000000E+02      0.1000000000E+02      0.0000000000E+00      0.0000000000E+00
    0.1000000000E+02      0.1000000000E+02      0.0000000000E+00      0.0000000000E+00
    0.1000000000E+02      0.1000000000E+02      0.0000000000E+00      0.0000000000E+00
    0.9999999875E+01      0.9999999875E+01      0.0000000000E+00      0.0000000000E+00
    0.9999996682E+01      0.9999996682E+01      0.0000000000E+00      0.0000000000E+00
    0.9999970572E+01      0.9999970572E+01      0.2850176061E-04      0.0000000000E+00
    0.9999847953E+01      0.9999847953E+01      0.1465108672E-03      0.0000000000E+00
    0.9999371718E+01      0.9999371718E+01      0.6219665965E-03      0.0000000000E+00
    0.9997625843E+01      0.9997625843E+01      0.2353802207E-02     -0.1376431077E-04
    0.9991852933E+01      0.9991852933E+01      0.8097894679E-02     -0.7111053508E-04
    0.9974753898E+01      0.9974753898E+01      0.2513124689E-01     -0.2800277497E-03
    0.9930036176E+01      0.9930036176E+01      0.6978445618E-01     -0.9773964503E-03
    0.9827882271E+01      0.9827882271E+01      0.1723453526E+00     -0.3005856259E-02
    0.9625771746E+01      0.9625771746E+01      0.3773614141E+00     -0.8142160646E-02
    0.9280038836E+01      0.9280038836E+01      0.7347385245E+00     -0.1945997845E-01
    0.8760309133E+01      0.8760309133E+01      0.1288297671E+01     -0.4115350045E-01
    0.8243442263E+01      0.8243442263E+01      0.1899681877E+01     -0.8882246932E-01
    0.7790074538E+01      0.7790074538E+01      0.2281525422E+01     -0.1669598963E+00
    0.7683584150E+01      0.7683584150E+01      0.2694228451E+01     -0.2608087369E+00
    0.7594755325E+01      0.7594755325E+01      0.2792209821E+01     -0.3905256423E+00
    0.7593342975E+01      0.7593342975E+01      0.2861696138E+01     -0.4869145971E+00
    0.7556711114E+01      0.7556711114E+01      0.2951431394E+01     -0.4256766685E+00
    0.1000000000E+02      0.1000000000E+02      0.0000000000E+00      0.0000000000E+00
    0.1000000000E+02      0.1000000000E+02      0.0000000000E+00      0.0000000000E+00
    0.1000000000E+02      0.1000000000E+02      0.0000000000E+00      0.0000000000E+00
    0.1000000000E+02      0.1000000000E+02      0.0000000000E+00      0.0000000000E+00
    0.1000000000E+02      0.1000000000E+02      0.0000000000E+00      0.0000000000E+00
    0.1000000000E+02      0.1000000000E+02      0.0000000000E+00      0.0000000000E+00
    0.9999999876E+01      0.9999999876E+01      0.0000000000E+00      0.0000000000E+00
    0.9999996723E+01      0.9999996723E+01      0.0000000000E+00      0.0000000000E+00
    0.9999970971E+01      0.9999970971E+01      0.2811278295E-04      0.0000000000E+00
    0.9999850613E+01      0.9999850613E+01      0.1440816172E-03      0.0000000000E+00
    0.9999386343E+01      0.9999386343E+01      0.6091565413E-03      0.0000000000E+00
    0.9997689062E+01      0.9997689062E+01      0.2298608720E-02     -0.4059386461E-04
    0.9992094345E+01      0.9992094345E+01      0.7895227302E-02     -0.1819971257E-03
    0.9975563982E+01      0.9975563982E+01      0.2445481881E-01     -0.6842147580E-03
    0.9932451640E+01      0.9932451640E+01      0.6780998335E-01     -0.2283248567E-02
    0.9834238654E+01      0.9834238654E+01      0.1672531016E+00     -0.6795197421E-02
    0.9640549477E+01      0.9640549477E+01      0.3658810652E+00     -0.1792994361E-01
    0.9309622989E+01      0.9309622989E+01      0.7126278329E+00     -0.4217459298E-01
    0.8820297549E+01      0.8820297549E+01      0.1244296116E+01     -0.9061025646E-01
    0.8360671196E+01      0.8360671196E+01      0.1807735581E+01     -0.1883947429E+00
    0.7982301695E+01      0.7982301695E+01      0.2157809648E+01     -0.3458983444E+00
    0.7896186891E+01      0.7896186891E+01      0.2530455389E+01     -0.4878204927E+00
    0.7833084833E+01      0.7833084833E+01      0.2700632559E+01     -0.6948984782E+00
    0.7772409721E+01      0.7772409721E+01      0.2884758344E+01     -0.7970726043E+00
    0.7628847788E+01      0.7628847788E+01      0.3123209880E+01     -0.6095033915E+00
    0.1000000000E+02      0.1000000000E+02      0.0000000000E+00      0.0000000000E+00
    0.1000000000E+02      0.1000000000E+02      0.0000000000E+00      0.0000000000E+00
    0.1000000000E+02      0.1000000000E+02      0.0000000000E+00      0.0000000000E+00
    0.1000000000E+02      0.1000000000E+02      0.0000000000E+00      0.0000000000E+00
    0.1000000000E+02      0.1000000000E+02      0.0000000000E+00      0.0000000000E+00
    0.1000000000E+02      0.1000000000E+02      0.0000000000E+00      0.0000000000E+00
    0.1000000000E+02      0.1000000000E+02      0.0000000000E+00      0.0000000000E+00
    0.9999996746E+01      0.9999996746E+01      0.0000000000E+00      0.0000000000E+00
    0.9999972321E+01      0.9999972321E+01      0.2679933166E-04      0.0000000000E+00
    0.9999858405E+01      0.9999858405E+01      0.1367454857E-03      0.0000000000E+00
    0.9999423254E+01      0.9999423254E+01      0.5758340850E-03     -0.1991000010E-04
    0.9997840289E+01      0.9997840289E+01      0.2166519368E-02     -0.9593841692E-04
    0.9992611821E+01      0.9992611821E+01      0.7426830587E-02     -0.3938519116E-03
    0.9977239600E+01      0.9977239600E+01      0.2295231790E-01     -0.1408501110E-02
    0.9937266000E+01      0.9937266000E+01      0.6350913368E-01     -0.4548485928E-02
    0.9846480228E+01      0.9846480228E+01      0.1564099571E+00     -0.1310414169E-01
    0.9667872651E+01      0.9667872651E+01      0.3417363784E+00     -0.3369717596E-01
    0.9366510997E+01      0.9366510997E+01      0.6630127638E+00     -0.7794028715E-01
    0.8922472113E+01      0.8922472113E+01      0.1151988540E+01     -0.1658022298E+00
    0.8537164341E+01      0.8537164341E+01      0.1634335835E+01     -0.3219098667E+00
    0.8221255122E+01      0.8221255122E+01      0.1960315614E+01     -0.5533744447E+00
    0.8115671899E+01      0.8115671899E+01      0.2308491833E+01     -0.7384380692E+00
    0.8019881832E+01      0.8019881832E+01      0.2611238709E+01     -0.9988622232E+00
    0.7878945724E+01      0.7878945724E+01      0.3023002601E+01     -0.1215105779E+01
    0.7587835076E+01      0.7587835076E+01      0.3465606656E+01     -0.7704743099E+00
    0.1000000000E+02      0.1000000000E+02      0.0000000000E+00      0.0000000000E+00
    0.1000000000E+02      0.1000000000E+02      0.0000000000E+00      0.0000000000E+00
    0.1000000000E+02      0.1000000000E+02      0.0000000000E+00      0.0000000000E+00
    0.1000000000E+02      0.1000000000E+02      0.0000000000E+00      0.0000000000E+00
    0.1000000000E+02      0.1000000000E+02      0.0000000000E+00      0.0000000000E+00
    0.1000000000E+02      0.1000000000E+02      0.0000000000E+00      0.0000000000E+00
    0.1000000000E+02      0.1000000000E+02      0.0000000000E+00      0.0000000000E+00
    0.9999997127E+01      0.9999997127E+01      0.0000000000E+00      0.0000000000E+00
    0.9999975850E+01      0.9999975850E+01      0.2365331484E-04      0.0000000000E+00
    0.9999875779E+01      0.9999875779E+01      0.1203490411E-03      0.0000000000E+00
    0.9999495818E+01      0.9999495818E+01      0.5069609410E-03     -0.3839850367E-04
    0.9998099709E+01      0.9998099709E+01      0.1911487140E-02     -0.1774185394E-03
    0.9993512785E+01      0.9993512785E+01      0.6544051313E-02     -0.6769833857E-03
    0.9980008132E+01      0.9980008132E+01      0.2022188445E-01     -0.2343966086E-02
    0.9944823630E+01      0.9944823630E+01      0.5601230994E-01     -0.7295861871E-02
    0.9864577473E+01      0.9864577473E+01      0.1382202710E+00     -0.2034708891E-01
    0.9706660666E+01      0.9706660666E+01      0.3023152696E+00     -0.5066493680E-01
    0.9435820848E+01      0.9435820848E+01      0.5879223545E+00     -0.1129886352E+00
    0.9062954614E+01      0.9062954614E+01      0.1000393206E+01     -0.2352810648E+00
    0.8716761571E+01      0.8716761571E+01      0.1408748358E+01     -0.4261346558E+00
    0.8459119906E+01      0.8459119906E+01      0.1718952990E+01     -0.7144364190E+00
    0.8303202106E+01      0.8303202106E+01      0.2055664528E+01     -0.9930972080E+00
    0.8177334323E+01      0.8177334323E+01      0.2459748416E+01     -0.1349365157E+01
    0.7946551969E+01      0.7946551969E+01      0.3104389512E+01     -0.1781234698E+01
    0.7402562574E+01      0.7402562574E+01      0.3805844423E+01     -0.7823360748E+00
    0.1000000000E+02      0.1000000000E+02      0.0000000000E+00      0.0000000000E+00
    0.1000000000E+02      0.1000000000E+02      0.0000000000E+00      0.0000000000E+00
    0.1000000000E+02      0.1000000000E+02      0.0000000000E+00      0.0000000000E+00
    0.1000000000E+02      0.1000000000E+02      0.0000000000E+00      0.0000000000E+00
    0.1000000000E+02      0.1000000000E+02      0.0000000000E+00      0.0000000000E+00
    0.1000000000E+02      0.1000000000E+02      0.0000000000E+00      0.0000000000E+00
    0.1000000000E+02      0.1000000000E+02      0.0000000000E+00      0.0000000000E+00
    0.9999998219E+01      0.9999998219E+01      0.0000000000E+00      0.0000000000E+00
    0.9999981643E+01      0.9999981643E+01      0.1954577994E-04      0.0000000000E+00
    0.9999903516E+01      0.9999903516E+01      0.9717262934E-04     -0.1238610255E-04
    0.9999591981E+01      0.9999591981E+01      0.4074825085E-03     -0.5792451201E-04
    0.9998458847E+01      0.9998458847E+01      0.1550293848E-02     -0.2441420074E-03
    0.9994705157E+01      0.9994705157E+01      0.5331654426E-02     -0.9143634198E-03
    0.9983577446E+01      0.9983577446E+01      0.1656575790E-01     -0.3104214133E-02
    0.9954305149E+01      0.9954305149E+01      0.4622513259E-01     -0.9478344899E-02
    0.9887091611E+01      0.9887091611E+01      0.1148535604E+00     -0.2595983414E-01
    0.9751848758E+01      0.9751848758E+01      0.2532904684E+00     -0.6358764823E-01
    0.9526692290E+01      0.9526692290E+01      0.4926935479E+00     -0.1395595032E+00
    0.9191687904E+01      0.9191687904E+01      0.8326983543E+00     -0.2744754181E+00
    0.8916101827E+01      0.8916101827E+01      0.1162255541E+01     -0.5081376689E+00
    0.8663448634E+01      0.8663448634E+01      0.1439748716E+01     -0.8371362644E+00
    0.8481353590E+01      0.8481353590E+01      0.1701924301E+01     -0.1202821575E+01
    0.8279796433E+01      0.8279796433E+01      0.1964994084E+01     -0.1692934745E+01
    0.7794678562E+01      0.7794678562E+01      0.2543486284E+01     -0.2523643159E+01
    0.6600841663E+01      0.6600841663E+01      0.3615607764E+01     -0.1200186931E+01
    0.1000000000E+02      0.1000000000E+02      0.0000000000E+00      0.0000000000E+00
    0.1000000000E+02      0.1000000000E+02      0.0000000000E+00      0.0000000000E+00
    0.1000000000E+02      0.1000000000E+02      0.0000000000E+00      0.0000000000E+00
    0.1000000000E+02      0.1000000000E+02      0.0000000000E+00      0.0000000000E+00
    0.1000000000E+02      0.1000000000E+02      0.0000000000E+00      0.0000000000E+00
    0.1000000000E+02      0.1000000000E+02      0.0000000000E+00      0.0000000000E+00
    0.1000000000E+02      0.1000000000E+02      0.0000000000E+00      0.0000000000E+00
    0.9999999380E+01      0.9999999380E+01      0.0000000000E+00      0.0000000000E+00
    0.9999990500E+01      0.9999990500E+01      0.0000000000E+00      0.0000000000E+00
    0.9999937683E+01      0.9999937683E+01      0.5458282662E-04     -0.1309193348E-04
    0.9999721052E+01      0.9999721052E+01      0.2680418696E-03     -0.6464004476E-04
    0.9998922034E+01      0.9998922034E+01      0.1047272561E-02     -0.2650318639E-03
    0.9996252199E+01      0.9996252199E+01      0.3660696167E-02     -0.9900604601E-03
    0.9988178173E+01      0.9988178173E+01      0.1154789622E-01     -0.3346668162E-02
    0.9966490118E+01      0.9966490118E+01      0.3274234644E-01     -0.1023177179E-01
    0.9914922480E+01      0.9914922480E+01      0.8304017254E-01     -0.2803652455E-01
    0.9810216143E+01      0.9810216143E+01      0.1865808715E+00     -0.6838013497E-01
    0.9613951057E+01      0.9613951057E+01      0.3765848506E+00     -0.1480638985E+00
    0.9380513746E+01      0.9380513746E+01      0.6135162648E+00     -0.2854121104E+00
    0.9141489115E+01      0.9141489115E+01      0.8211684930E+00     -0.5002561187E+00
    0.8992683824E+01      0.8992683824E+01      0.9463501676E+00     -0.7922164202E+00
    0.8845414494E+01      0.8845414494E+01      0.9158912313E+00     -0.1155599297E+01
    0.8790788321E+01      0.8790788321E+01      0.7413266164E+00     -0.1636257986E+01
    0.8761445492E+01      0.8761445492E+01      0.4198751673E+00     -0.2377568356E+01
    0.0000000000E+00      0.2000000000E+02      0.0000000000E+00      0.0000000000E+00
    0.1000000000E+02      0.1000000000E+02      0.0000000000E+00      0.0000000000E+00
    0.1000000000E+02      0.1000000000E+02      0.0000000000E+00      0.0000000000E+00
    0.1000000000E+02      0.1000000000E+02      0.0000000000E+00      0.0000000000E+00
    0.1000000000E+02      0.1000000000E+02      0.0000000000E+00      0.0000000000E+00
    0.1000000000E+02      0.1000000000E+02      0.0000000000E+00      0.0000000000E+00
    0.1000000000E+02      0.1000000000E+02      0.0000000000E+00      0.0000000000E+00
    0.1000000000E+02      0.1000000000E+02      0.0000000000E+00      0.0000000000E+00
    0.9999999855E+01      0.9999999855E+01      0.0000000000E+00      0.0000000000E+00
    0.9999996096E+01      0.9999996096E+01      0.0000000000E+00      0.0000000000E+00
    0.9999966278E+01      0.9999966278E+01      0.3202435022E-04      0.0000000000E+00
    0.9999826891E+01      0.9999826891E+01      0.1589749981E-03     -0.4833659832E-04
    0.9999327458E+01      0.9999327458E+01      0.6402236354E-03     -0.2125112818E-03
    0.9997591262E+01      0.9997591262E+01      0.2278589430E-02     -0.7939692871E-03
    0.9992214882E+01      0.9992214882E+01      0.7358060897E-02     -0.2755679527E-02
    0.9977263001E+01      0.9977263001E+01      0.2141654762E-01     -0.8587576815E-02
    0.9940692188E+01      0.9940692188E+01      0.5571960566E-01     -0.2407750526E-01
    0.9861817538E+01      0.9861817538E+01      0.1290989877E+00     -0.6042906062E-01
    0.9721148734E+01      0.9721148734E+01      0.2623638453E+00     -0.1339906878E+00
    0.9499912614E+01      0.9499912614E+01      0.4560223909E+00     -0.2636808920E+00
    0.9320773821E+01      0.9320773821E+01      0.6245774944E+00     -0.4435364114E+00
    0.9151121540E+01      0.9151121540E+01      0.7388713913E+00     -0.6711194999E+00
    0.9004611804E+01      0.9004611804E+01      0.7435436184E+00     -0.9624410122E+00
    0.8929446926E+01      0.8929446926E+01      0.5965641388E+00     -0.1300964763E+01
    0.8899108185E+01      0.8899108185E+01      0.3225276294E+00     -0.1718099363E+01
    0.0000000000E+00      0.2000000000E+02      0.0000000000E+00      0.0000000000E+00
    0.1000000000E+02      0.1000000000E+02      0.0000000000E+00      0.0000000000E+00
    0.1000000000E+02      0.1000000000E+02      0.0000000000E+00      0.0000000000E+00
    0.1000000000E+02      0.1000000000E+02      0.0000000000E+00      0.0000000000E+00
    0.1000000000E+02      0.1000000000E+02      0.0000000000E+00      0.0000000000E+00
    0.1000000000E+02      0.1000000000E+02      0.0000000000E+00      0.0000000000E+00
    0.1000000000E+02      0.1000000000E+02      0.0000000000E+00      0.0000000000E+00
    0.1000000000E+02      0.1000000000E+02      0.0000000000E+00      0.0000000000E+00
    0.1000000000E+02      0.1000000000E+02      0.0000000000E+00      0.0000000000E+00
    0.9999998856E+01      0.9999998856E+01      0.0000000000E+00      0.0000000000E+00
    0.9999985399E+01      0.9999985399E+01      0.1465747730E-04      0.0000000000E+00
    0.9999916002E+01      0.9999916002E+01      0.7591099425E-04     -0.2895728957E-04
    0.9999642911E+01      0.9999642911E+01      0.3192782679E-03     -0.1341019997E-03
    0.9998665004E+01      0.9998665004E+01      0.1198295277E-02     -0.5232304277E-03
    0.9995510683E+01      0.9995510683E+01      0.4005579578E-02     -0.1864179235E-02
    0.9986369521E+01      0.9986369521E+01      0.1212390844E-01     -0.6062449231E-02
    0.9962796764E+01      0.9962796764E+01      0.3284203924E-01     -0.1766900531E-01
    0.9910063377E+01      0.9910063377E+01      0.7885165283E-01     -0.4611669288E-01
    0.9802764876E+01      0.9802764876E+01      0.1698070107E+00     -0.1082725409E+00
    0.9652035839E+01      0.9652035839E+01      0.2979435060E+00     -0.2182894722E+00
    0.9483640886E+01      0.9483640886E+01      0.4191358859E+00     -0.3764445416E+00
    0.9357290365E+01      0.9357290365E+01      0.4946204562E+00     -0.5620034008E+00
    0.9206892920E+01      0.9206892920E+01      0.5008351917E+00     -0.7835979495E+00
    0.9134892363E+01      0.9134892363E+01      0.3882887525E+00     -0.1034110482E+01
    0.9109535269E+01      0.9109535269E+01      0.1916072239E+00     -0.1261719050E+01
    0.0000000000E+00      0.2000000000E+02      0.0000000000E+00      0.0000000000E+00
    0.1000000000E+02      0.1000000000E+02      0.0000000000E+00      0.0000000000E+00
    0.1000000000E+02      0.1000000000E+02      0.0000000000E+00      0.0000000000E+00
    0.1000000000E+02      0.1000000000E+02      0.0000000000E+00      0.0000000000E+00
    0.1000000000E+02      0.1000000000E+02      0.0000000000E+00      0.0000000000E+00
    0.1000000000E+02      0.1000000000E+02      0.0000000000E+00      0.0000000000E+00
    0.1000000000E+02      0.1000000000E+02      0.0000000000E+00      0.0000000000E+00
    0.1000000000E+02      0.1000000000E+02      0.0000000000E+00      0.0000000000E+00
    0.1000000000E+02      0.1000000000E+02      0.0000000000E+00      0.0000000000E+00
    0.9999999876E+01      0.9999999876E+01      0.0000000000E+00      0.0000000000E+00
    0.9999996699E+01      0.9999996699E+01      0.0000000000E+00      0.0000000000E+00
    0.9999967284E+01      0.9999967284E+01      0.2845002558E-04     -0.1264783604E-04
    0.9999836405E+01      0.9999836405E+01      0.1364470257E-03     -0.6526309709E-04
    0.9999381272E+01      0.9999381272E+01      0.5324165465E-03     -0.2716362405E-03
    0.9997834229E+01      0.9997834229E+01      0.1839721158E-02     -0.1018615832E-02
    0.9993097427E+01      0.9993097427E+01      0.5769150485E-02     -0.3420985241E-02
    0.9980202127E+01      0.9980202127E+01      0.1634278554E-01     -0.1046939841E-01
    0.9949066357E+01      0.9949066357E+01      0.4131924217E-01     -0.2884266110E-01
    0.9884457110E+01      0.9884457110E+01      0.9182502225E-01     -0.7087907066E-01
    0.9765375039E+01      0.9765375039E+01      0.1782860994E+00     -0.1570400777E+00
    0.9643833727E+01      0.9643833727E+01      0.2591031994E+00     -0.2781962811E+00
    0.9519549380E+01      0.9519549380E+01      0.3100742593E+00     -0.4272881494E+00
    0.9407460193E+01      0.9407460193E+01      0.3139998499E+00     -0.5855930509E+00
    0.9332138506E+01      0.9332138506E+01      0.2365742275E+00     -0.7631982315E+00
    0.9303081830E+01      0.9303081830E+01      0.1089108838E+00     -0.8908677691E+00
    0.0000000000E+00      0.2000000000E+02      0.0000000000E+00      0.0000000000E+00
    0.1000000000E+02      0.1000000000E+02      0.0000000000E+00      0.0000000000E+00
    0.1000000000E+02      0.1000000000E+02      0.0000000000E+00      0.0000000000E+00
    0.1000000000E+02      0.1000000000E+02      0.0000000000E+00      0.0000000000E+00
    0.1000000000E+02      0.1000000000E+02      0.0000000000E+00      0.0000000000E+00
    0.1000000000E+02      0.1000000000E+02      0.0000000000E+00      0.0000000000E+00
    0.1000000000E+02      0.1000000000E+02      0.0000000000E+00      0.0000000000E+00
    0.1000000000E+02      0.1000000000E+02      0.0000000000E+00      0.0000000000E+00
    0.1000000000E+02      0.1000000000E+02      0.0000000000E+00      0.0000000000E+00
    0.1000000000E+02      0.1000000000E+02      0.0000000000E+00      0.0000000000E+00
    0.9999999613E+01      0.9999999613E+01      0.0000000000E+00      0.0000000000E+00
    0.9999992106E+01      0.9999992106E+01      0.0000000000E+00      0.0000000000E+00
    0.9999942108E+01      0.9999942108E+01      0.4590700253E-04     -0.2542381715E-04
    0.9999741170E+01      0.9999741170E+01      0.2025307812E-03     -0.1191140590E-03
    0.9999073403E+01      0.9999073403E+01      0.7415966538E-03     -0.4659340360E-03
    0.9996959617E+01      0.9996959617E+01      0.2408471428E-02     -0.1635892680E-02
    0.9990878802E+01      0.9990878802E+01      0.7075196803E-02     -0.5197272939E-02
    0.9975424568E+01      0.9975424568E+01      0.1862837284E-01     -0.1493698762E-01
    0.9941084213E+01      0.9941084213E+01      0.4333845485E-01     -0.3851385204E-01
    0.9876003221E+01      0.9876003221E+01      0.8733747610E-01     -0.8825934605E-01
    0.9783906557E+01      0.9783906557E+01      0.1417443496E+00     -0.1719511270E+00
    0.9696105654E+01      0.9696105654E+01      0.1758870870E+00     -0.2762564405E+00
    0.9605242020E+01      0.9605242020E+01      0.1820590830E+00     -0.3870960130E+00
    0.9542885696E+01      0.9542885696E+01      0.1370977389E+00     -0.5057885270E+00
    0.9512227586E+01      0.9512227586E+01      0.5954313480E-01     -0.5850120837E+00
    0.0000000000E+00      0.2000000000E+02      0.0000000000E+00      0.0000000000E+00
    0.1000000000E+02      0.1000000000E+02      0.0000000000E+00      0.0000000000E+00
    0.1000000000E+02      0.1000000000E+02      0.0000000000E+00      0.0000000000E+00
    0.1000000000E+02      0.1000000000E+02      0.0000000000E+00      0.0000000000E+00
    0.1000000000E+02      0.1000000000E+02      0.0000000000E+00      0.0000000000E+00
    0.1000000000E+02      0.1000000000E+02      0.0000000000E+00      0.0000000000E+00
    0.1000000000E+02      0.1000000000E+02      0.0000000000E+00      0.0000000000E+00
    0.1000000000E+02      0.1000000000E+02      0.0000000000E+00      0.0000000000E+00
    0.1000000000E+02      0.1000000000E+02      0.0000000000E+00      0.0000000000E+00
    0.1000000000E+02      0.1000000000E+02      0.0000000000E+00      0.0000000000E+00
    0.1000000000E+02      0.1000000000E+02      0.0000000000E+00      0.0000000000E+00
    0.9999998682E+01      0.9999998682E+01      0.0000000000E+00      0.0000000000E+00
    0.9999985156E+01      0.9999985156E+01      0.1237032930E-04      0.0000000000E+00
    0.9999915728E+01      0.9999915728E+01      0.6234940376E-04     -0.4233682587E-04
    0.9999647831E+01      0.9999647831E+01      0.2643360306E-03     -0.1873407180E-03
    0.9998797959E+01      0.9998797959E+01      0.8941877071E-03     -0.6836324762E-03
    0.9996278157E+01      0.9996278157E+01      0.2733380938E-02     -0.2239993327E-02
    0.9989513136E+01      0.9989513136E+01      0.7481448788E-02     -0.6714606986E-02
    0.9973595205E+01      0.9973595205E+01      0.1814648138E-01     -0.1804091739E-01
    0.9941327846E+01      0.9941327846E+01      0.3835470956E-01     -0.4326292465E-01
    0.9890469298E+01      0.9890469298E+01      0.6669587872E-01     -0.8887602880E-01
    0.9832950675E+01      0.9832950675E+01      0.8902226652E-01     -0.1509980878E+00
    0.9774494970E+01      0.9774494970E+01      0.9571389612E-01     -0.2209313053E+00
    0.9726472030E+01      0.9726472030E+01      0.7231299060E-01     -0.2944490934E+00
    0.9702594381E+01      0.9702594381E+01      0.2975866566E-01     -0.3412236809E+00
    0.0000000000E+00      0.2000000000E+02      0.0000000000E+00      0.0000000000E+00
    0.1000000000E+02      0.1000000000E+02      0.0000000000E+00      0.0000000000E+00
    0.1000000000E+02      0.1000000000E+02      0.0000000000E+00      0.0000000000E+00
    0.1000000000E+02      0.1000000000E+02      0.0000000000E+00      0.0000000000E+00
    0.1000000000E+02      0.1000000000E+02      0.0000000000E+00      0.0000000000E+00
    0.1000000000E+02      0.1000000000E+02      0.0000000000E+00      0.0000000000E+00
    0.1000000000E+02      0.1000000000E+02      0.0000000000E+00      0.0000000000E+00
    0.1000000000E+02      0.1000000000E+02      0.0000000000E+00      0.0000000000E+00
    0.1000000000E+02      0.1000000000E+02      0.0000000000E+00      0.0000000000E+00
    0.1000000000E+02      0.1000000000E+02      0.0000000000E+00      0.0000000000E+00
    0.1000000000E+02      0.1000000000E+02      0.0000000000E+00      0.0000000000E+00
    0.1000000000E+02      0.1000000000E+02      0.0000000000E+00      0.0000000000E+00
    0.9999997734E+01      0.9999997734E+01      0.0000000000E+00      0.0000000000E+00
    0.9999977263E+01      0.9999977263E+01      0.1866444802E-04     -0.1169269027E-04
    0.9999886566E+01      0.9999886566E+01      0.8247276353E-04     -0.5951827613E-04
    0.9999579187E+01      0.9999579187E+01      0.2989892151E-03     -0.2480969733E-03
    0.9998630413E+01      0.9998630413E+01      0.9538010323E-03     -0.8616405192E-03
    0.9995993001E+01      0.9995993001E+01      0.2698390127E-02     -0.2659880434E-02
    0.9989464649E+01      0.9989464649E+01      0.6826738586E-02     -0.7455278665E-02
    0.9975401830E+01      0.9975401830E+01      0.1505077060E-01     -0.1861984012E-01
    0.9950568053E+01      0.9950568053E+01      0.2796737934E-01     -0.4058690184E-01
    0.9919972299E+01      0.9919972299E+01      0.3975566116E-01     -0.7266313037E-01
    0.9886196862E+01      0.9886196862E+01      0.4497113684E-01     -0.1107603739E+00
    0.9856697559E+01      0.9856697559E+01      0.3423227584E-01     -0.1513718765E+00
    0.9841219054E+01      0.9841219054E+01      0.1344198013E-01     -0.1767246406E+00
    0.0000000000E+00      0.2000000000E+02      0.0000000000E+00      0.0000000000E+00
    0.1000000000E+02      0.1000000000E+02      0.0000000000E+00      0.0000000000E+00
    0.1000000000E+02      0.1000000000E+02      0.0000000000E+00      0.0000000000E+00
    0.1000000000E+02      0.1000000000E+02      0.0000000000E+00      0.0000000000E+00
    0.1000000000E+02      0.1000000000E+02      0.0000000000E+00      0.0000000000E+00
    0.1000000000E+02      0.1000000000E+02      0.0000000000E+00      0.0000000000E+00
    0.1000000000E+02      0.1000000000E+02      0.0000000000E+00      0.0000000000E+00
    0.1000000000E+02      0.1000000000E+02      0.0000000000E+00      0.0000000000E+00
    0.1000000000E+02      0.1000000000E+02      0.0000000000E+00      0.0000000000E+00
    0.1000000000E+02      0.1000000000E+02      0.0000000000E+00      0.0000000000E+00
    0.1000000000E+02      0.1000000000E+02      0.0000000000E+00      0.0000000000E+00
    0.1000000000E+02      0.1000000000E+02      0.0000000000E+00      0.0000000000E+00
    0.1000000000E+02      0.1000000000E+02      0.0000000000E+00      0.0000000000E+00
    0.9999996194E+01      0.9999996194E+01      0.0000000000E+00      0.0000000000E+00
    0.9999970959E+01      0.9999970959E+01      0.2169042886E-04     -0.1671034692E-04
    0.9999868692E+01      0.9999868692E+01      0.8893630976E-04     -0.8067122370E-04
    0.9999546417E+01      0.9999546417E+01      0.2963312359E-03     -0.2905875168E-03
    0.9998615841E+01      0.9998615841E+01      0.8879004461E-03     -0.9505930719E-03
    0.9996211616E+01      0.9996211616E+01      0.2316032774E-02     -0.2746582659E-02
    0.9990752329E+01      0.9990752329E+01      0.5340924531E-02     -0.7145362208E-02
    0.9980303046E+01      0.9980303046E+01      0.1044801358E-01     -0.1636337027E-01
    0.9965933439E+01      0.9965933439E+01      0.1583981673E-01     -0.3094923226E-01
    0.9949488910E+01      0.9949488910E+01      0.1879480920E-01     -0.4903873905E-01
    0.9933849956E+01      0.9933849956E+01      0.1452317753E-01     -0.6889335208E-01
    0.9925519272E+01      0.9925519272E+01      0.5477437308E-02     -0.8119188868E-01
    0.0000000000E+00      0.2000000000E+02      0.0000000000E+00      0.0000000000E+00
    0.1000000000E+02      0.1000000000E+02      0.0000000000E+00      0.0000000000E+00
    0.1000000000E+02      0.1000000000E+02      0.0000000000E+00      0.0000000000E+00
    0.1000000000E+02      0.1000000000E+02      0.0000000000E+00      0.0000000000E+00
    0.1000000000E+02      0.1000000000E+02      0.0000000000E+00      0.0000000000E+00
    0.1000000000E+02      0.1000000000E+02      0.0000000000E+00      0.0000000000E+00
    0.1000000000E+02      0.1000000000E+02      0.0000000000E+00      0.0000000000E+00
    0.1000000000E+02      0.1000000000E+02      0.0000000000E+00      0.0000000000E+00
    0.1000000000E+02      0.1000000000E+02      0.0000000000E+00      0.0000000000E+00
    0.1000000000E+02      0.1000000000E+02      0.0000000000E+00      0.0000000000E+00
    0.1000000000E+02      0.1000000000E+02      0.0000000000E+00      0.0000000000E+00
    0.1000000000E+02      0.1000000000E+02      0.0000000000E+00      0.0000000000E+00
    0.1000000000E+02      0.1000000000E+02      0.0000000000E+00      0.0000000000E+00
    0.1000000000E+02      0.1000000000E+02      0.0000000000E+00      0.0000000000E+00
    0.9999995470E+01      0.9999995470E+01      0.0000000000E+00      0.0000000000E+00
    0.9999967363E+01      0.9999967363E+01      0.2211685283E-04     -0.2160402045E-04
    0.9999866481E+01      0.9999866481E+01      0.8372309922E-04     -0.8829623578E-04
    0.9999566567E+01      0.9999566567E+01      0.2604058051E-03     -0.3006011966E-03
    0.9998761546E+01      0.9998761546E+01      0.7218026949E-03     -0.9183594698E-03
    0.9996859635E+01      0.9996859635E+01      0.1717353805E-02     -0.2472427935E-02
    0.9992962643E+01      0.9992962643E+01      0.3523613875E-02     -0.5895527590E-02
    0.9987098016E+01      0.9987098016E+01      0.5659728570E-02     -0.1175307176E-01
    0.9980048258E+01      0.9980048258E+01      0.7008584936E-02     -0.1932083044E-01
    0.9972929951E+01      0.9972929951E+01      0.5540584699E-02     -0.2790916037E-01
    0.9969077093E+01      0.9969077093E+01      0.2020430276E-02     -0.3322533778E-01
    0.0000000000E+00      0.2000000000E+02      0.0000000000E+00      0.0000000000E+00
    0.1000000000E+02      0.1000000000E+02      0.0000000000E+00      0.0000000000E+00
    0.1000000000E+02      0.1000000000E+02      0.0000000000E+00      0.0000000000E+00
    0.1000000000E+02      0.1000000000E+02      0.0000000000E+00      0.0000000000E+00
    0.1000000000E+02      0.1000000000E+02      0.0000000000E+00      0.0000000000E+00
    0.1000000000E+02      0.1000000000E+02      0.0000000000E+00      0.0000000000E+00
    0.1000000000E+02      0.1000000000E+02      0.0000000000E+00      0.0000000000E+00
    0.1000000000E+02      0.1000000000E+02      0.0000000000E+00      0.0000000000E+00
    0.1000000000E+02      0.1000000000E+02      0.0000000000E+00      0.0000000000E+00
    0.1000000000E+02      0.1000000000E+02      0.0000000000E+00      0.0000000000E+00
    0.1000000000E+02      0.1000000000E+02      0.0000000000E+00      0.0000000000E+00
    0.1000000000E+02      0.1000000000E+02      0.0000000000E+00      0.0000000000E+00
    0.1000000000E+02      0.1000000000E+02      0.0000000000E+00      0.0000000000E+00
    0.1000000000E+02      0.1000000000E+02      0.0000000000E+00      0.0000000000E+00
    0.1000000000E+02      0.1000000000E+02      0.0000000000E+00      0.0000000000E+00
    0.9999995266E+01      0.9999995266E+01      0.0000000000E+00      0.0000000000E+00
    0.9999968798E+01      0.9999968798E+01      0.1949686891E-04     -0.2225469799E-04
    0.9999879972E+01      0.9999879972E+01      0.6920410332E-04     -0.8582851983E-04
    0.9999634361E+01      0.9999634361E+01      0.2000705432E-03     -0.2744010825E-03
    0.9999023633E+01      0.9999023633E+01      0.5050158652E-03     -0.7715169359E-03
    0.9997732613E+01      0.9997732613E+01      0.1079611421E-02     -0.1919750954E-02
    0.9995590608E+01      0.9995590608E+01      0.1824754702E-02     -0.4014644819E-02
    0.9992937034E+01      0.9992937034E+01      0.2352131191E-02     -0.6831625352E-02
    0.9990093322E+01      0.9990093322E+01      0.1910703786E-02     -0.1013644227E-01
    0.9988530195E+01      0.9988530195E+01      0.6747468963E-03     -0.1219364467E-01
    0.0000000000E+00      0.2000000000E+02      0.0000000000E+00      0.0000000000E+00
    0.1000000000E+02      0.1000000000E+02      0.0000000000E+00      0.0000000000E+00
    0.1000000000E+02      0.1000000000E+02      0.0000000000E+00      0.0000000000E+00
    0.1000000000E+02      0.1000000000E+02      0.0000000000E+00      0.0000000000E+00
    0.1000000000E+02      0.1000000000E+02      0.0000000000E+00      0.0000000000E+00
    0.1000000000E+02      0.1000000000E+02      0.0000000000E+00      0.0000000000E+00
    0.1000000000E+02      0.1000000000E+02      0.0000000000E+00      0.0000000000E+00
    0.1000000000E+02      0.1000000000E+02      0.0000000000E+00      0.0000000000E+00
    0.1000000000E+02      0.1000000000E+02      0.0000000000E+00      0.0000000000E+00
    0.1000000000E+02      0.1000000000E+02      0.0000000000E+00      0.0000000000E+00
    0.1000000000E+02      0.1000000000E+02      0.0000000000E+00      0.0000000000E+00
    0.1000000000E+02      0.1000000000E+02      0.0000000000E+00      0.0000000000E+00
    0.1000000000E+02      0.1000000000E+02      0.0000000000E+00      0.0000000000E+00
    0.1000000000E+02      0.1000000000E+02      0.0000000000E+00      0.0000000000E+00
    0.1000000000E+02      0.1000000000E+02      0.0000000000E+00      0.0000000000E+00
    0.1000000000E+02      0.1000000000E+02      0.0000000000E+00      0.0000000000E+00
    0.9999995846E+01      0.9999995846E+01      0.0000000000E+00      0.0000000000E+00
    0.9999974436E+01      0.9999974436E+01      0.1377701086E-04     -0.1991505917E-04
    0.9999905673E+01      0.9999905673E+01      0.4653527158E-04     -0.7227546849E-04
    0.9999722726E+01      0.9999722726E+01      0.1347178146E-03     -0.2191672759E-03
    0.9999331487E+01      0.9999331487E+01      0.2985785087E-03     -0.5693224902E-03
    0.9998637836E+01      0.9998637836E+01      0.5398907085E-03     -0.1244401141E-02
    0.9997735124E+01      0.9997735124E+01      0.7174316460E-03     -0.2184082859E-02
    0.9996729799E+01      0.9996729799E+01      0.6009341165E-03     -0.3323751976E-02
    0.9996165993E+01      0.9996165993E+01      0.2061281908E-03     -0.4041404138E-02
    0.0000000000E+00      0.2000000000E+02      0.0000000000E+00      0.0000000000E+00
    0.1000000000E+02      0.1000000000E+02      0.0000000000E+00      0.0000000000E+00
    0.1000000000E+02      0.1000000000E+02      0.0000000000E+00      0.0000000000E+00
    0.1000000000E+02      0.1000000000E+02      0.0000000000E+00      0.0000000000E+00
    0.1000000000E+02      0.1000000000E+02      0.0000000000E+00      0.0000000000E+00
    0.1000000000E+02      0.1000000000E+02      0.0000000000E+00      0.0000000000E+00
    0.1000000000E+02      0.1000000000E+02      0.0000000000E+00      0.0000000000E+00
    0.1000000000E+02      0.1000000000E+02      0.0000000000E+00      0.0000000000E+00
    0.1000000000E+02      0.1000000000E+02      0.0000000000E+00      0.0000000000E+00
    0.1000000000E+02      0.1000000000E+02      0.0000000000E+00      0.0000000000E+00
    0.1000000000E+02      0.1000000000E+02      0.0000000000E+00      0.0000000000E+00
    0.1000000000E+02      0.1000000000E+02      0.0000000000E+00      0.0000000000E+00
    0.1000000000E+02      0.1000000000E+02      0.0000000000E+00      0.0000000000E+00
    0.1000000000E+02      0.1000000000E+02      0.0000000000E+00      0.0000000000E+00
    0.1000000000E+02      0.1000000000E+02      0.0000000000E+00      0.0000000000E+00
    0.1000000000E+02      0.1000000000E+02      0.0000000000E+00      0.0000000000E+00
    0.1000000000E+02      0.1000000000E+02      0.0000000000E+00      0.0000000000E+00
    0.9999996938E+01      0.9999996938E+01      0.0000000000E+00      0.0000000000E+00
    0.9999981178E+01      0.9999981178E+01      0.0000000000E+00     -0.1563073919E-04
    0.9999936564E+01      0.9999936564E+01      0.2957205240E-04     -0.4997693918E-04
    0.9999818015E+01      0.9999818015E+01      0.7475096570E-04     -0.1506427052E-03
    0.9999616715E+01      0.9999616715E+01      0.1438903638E-03     -0.3496804878E-03
    0.9999339171E+01      0.9999339171E+01      0.1990054684E-03     -0.6358623326E-03
    0.9999017994E+01      0.9999017994E+01      0.1731827311E-03     -0.9921138702E-03
    0.9998834935E+01      0.9998834935E+01      0.5910559003E-04     -0.1219669355E-02
    0.0000000000E+00      0.2000000000E+02      0.0000000000E+00      0.0000000000E+00
    0.1000000000E+02      0.1000000000E+02      0.0000000000E+00      0.0000000000E+00
    0.1000000000E+02      0.1000000000E+02      0.0000000000E+00      0.0000000000E+00
    0.1000000000E+02      0.1000000000E+02      0.0000000000E+00      0.0000000000E+00
    0.1000000000E+02      0.1000000000E+02      0.0000000000E+00      0.0000000000E+00
    0.1000000000E+02      0.1000000000E+02      0.0000000000E+00      0.0000000000E+00
    0.1000000000E+02      0.1000000000E+02      0.0000000000E+00      0.0000000000E+00
    0.1000000000E+02      0.1000000000E+02      0.0000000000E+00      0.0000000000E+00
    0.1000000000E+02      0.1000000000E+02      0.0000000000E+00      0.0000000000E+00
    0.1000000000E+02      0.1000000000E+02      0.0000000000E+00      0.0000000000E+00
    0.1000000000E+02      0.1000000000E+02      0.0000000000E+00      0.0000000000E+00
    0.1000000000E+02      0.1000000000E+02      0.0000000000E+00      0.0000000000E+00
    0.1000000000E+02      0.1000000000E+02      0.0000000000E+00      0.0000000000E+00
    0.1000000000E+02      0.1000000000E+02      0.0000000000E+00      0.0000000000E+00
    0.1000000000E+02      0.1000000000E+02      0.0000000000E+00      0.0000000000E+00
    0.1000000000E+02      0.1000000000E+02      0.0000000000E+00      0.0000000000E+00
    0.1000000000E+02      0.1000000000E+02      0.0000000000E+00      0.0000000000E+00
    0.1000000000E+02      0.1000000000E+02      0.0000000000E+00      0.0000000000E+00
    0.9999998410E+01      0.9999998410E+01      0.0000000000E+00      0.0000000000E+00
    0.9999989308E+01      0.9999989308E+01      0.0000000000E+00      0.0000000000E+00
    0.9999962233E+01      0.9999962233E+01      0.1527280006E-04     -0.3240129354E-04
    0.9999903470E+01      0.9999903470E+01      0.3284416551E-04     -0.8859854750E-04
    0.9999820565E+01      0.9999820565E+01      0.4712247982E-04     -0.1653600233E-03
    0.9999731921E+01      0.9999731921E+01      0.4696677893E-04     -0.2693745406E-03
    0.9999671220E+01      0.9999671220E+01      0.1513868833E-04     -0.3387508823E-03
    0.0000000000E+00      0.2000000000E+02      0.0000000000E+00      0.0000000000E+00
    0.1000000000E+02      0.1000000000E+02      0.0000000000E+00      0.0000000000E+00
    0.1000000000E+02      0.1000000000E+02      0.0000000000E+00      0.0000000000E+00
    0.1000000000E+02      0.1000000000E+02      0.0000000000E+00      0.0000000000E+00
    0.1000000000E+02      0.1000000000E+02      0.0000000000E+00      0.0000000000E+00
    0.1000000000E+02      0.1000000000E+02      0.0000000000E+00      0.0000000000E+00
    0.1000000000E+02      0.1000000000E+02      0.0000000000E+00      0.0000000000E+00
    0.1000000000E+02      0.1000000000E+02      0.0000000000E+00      0.0000000000E+00
    0.1000000000E+02      0.1000000000E+02      0.0000000000E+00      0.0000000000E+00
    0.1000000000E+02      0.1000000000E+02      0.0000000000E+00      0.0000000000E+00
    0.1000000000E+02      0.1000000000E+02      0.0000000000E+00      0.0000000000E+00
    0.1000000000E+02      0.1000000000E+02      0.0000000000E+00      0.0000000000E+00
    0.1000000000E+02      0.1000000000E+02      0.0000000000E+00      0.0000000000E+00
    0.1000000000E+02      0.1000000000E+02      0.0000000000E+00      0.0000000000E+00
    0.1000000000E+02      0.1000000000E+02      0.0000000000E+00      0.0000000000E+00
    0.1000000000E+02      0.1000000000E+02      0.0000000000E+00      0.0000000000E+00
    0.1000000000E+02      0.1000000000E+02      0.0000000000E+00      0.0000000000E+00
    0.1000000000E+02      0.1000000000E+02      0.0000000000E+00      0.0000000000E+00
    0.1000000000E+02      0.1000000000E+02      0.0000000000E+00      0.0000000000E+00
    0.9999999217E+01      0.9999999217E+01      0.0000000000E+00      0.0000000000E+00
    0.9999995839E+01      0.9999995839E+01      0.0000000000E+00      0.0000000000E+00
    0.9999982052E+01      0.9999982052E+01      0.0000000000E+00     -0.1811963162E-04
    0.9999961776E+01      0.9999961776E+01      0.1058673524E-04     -0.3503759886E-04
    0.9999933397E+01      0.9999933397E+01      0.1203092223E-04     -0.6657222215E-04
    0.9999914243E+01      0.9999914243E+01      0.0000000000E+00     -0.8658143363E-04
    0.0000000000E+00      0.2000000000E+02      0.0000000000E+00      0.0000000000E+00
    0.1000000000E+02      0.1000000000E+02      0.0000000000E+00      0.0000000000E+00
    0.1000000000E+02      0.1000000000E+02      0.0000000000E+00      0.0000000000E+00
    0.1000000000E+02      0.1000000000E+02      0.0000000000E+00      0.0000000000E+00
    0.1000000000E+02      0.1000000000E+02      0.0000000000E+00      0.0000000000E+00
    0.1000000000E+02      0.1000000000E+02      0.0000000000E+00      0.0000000000E+00
    0.1000000000E+02      0.1000000000E+02      0.0000000000E+00      0.0000000000E+00
    0.1000000000E+02      0.1000000000E+02      0.0000000000E+00      0.0000000000E+00
    0.1000000000E+02      0.1000000000E+02      0.0000000000E+00      0.0000000000E+00
    0.1000000000E+02      0.1000000000E+02      0.0000000000E+00      0.0000000000E+00
    0.1000000000E+02      0.1000000000E+02      0.0000000000E+00      0.0000000000E+00
    0.1000000000E+02      0.1000000000E+02      0.0000000000E+00      0.0000000000E+00
    0.1000000000E+02      0.1000000000E+02      0.0000000000E+00      0.0000000000E+00
    0.1000000000E+02      0.1000000000E+02      0.0000000000E+00      0.0000000000E+00
    0.1000000000E+02      0.1000000000E+02      0.0000000000E+00      0.0000000000E+00
    0.1000000000E+02      0.1000000000E+02      0.0000000000E+00      0.0000000000E+00
    0.1000000000E+02      0.1000000000E+02      0.0000000000E+00      0.0000000000E+00
    0.1000000000E+02      0.1000000000E+02      0.0000000000E+00      0.0000000000E+00
    0.1000000000E+02      0.1000000000E+02      0.0000000000E+00      0.0000000000E+00
    0.1000000000E+02      0.1000000000E+02      0.0000000000E+00      0.0000000000E+00
    0.9999999828E+01      0.9999999828E+01      0.0000000000E+00      0.0000000000E+00
    0.9999998150E+01      0.9999998150E+01      0.0000000000E+00      0.0000000000E+00
    0.9999994855E+01      0.9999994855E+01      0.0000000000E+00      0.0000000000E+00
    0.9999985612E+01      0.9999985612E+01      0.0000000000E+00     -0.1041167365E-04
    0.9999980409E+01      0.9999980409E+01      0.0000000000E+00     -0.1385228893E-04
    0.0000000000E+00      0.2000000000E+02      0.0000000000E+00      0.0000000000E+00
