    0.9905239523E+01      0.9905239523E+01      0.6630972865E-01      0.6868020716E-01
    0.9871777186E+01      0.9871777186E+01      0.8815847760E-01      0.9542276577E-01
    0.9833865990E+01      0.9833865990E+01      0.1119045065E+00      0.1267660394E+00
    0.9797848404E+01      0.9797848404E+01      0.1331479325E+00      0.1594874314E+00
    0.9762513535E+01      0.9762513535E+01      0.1515566055E+00      0.1922486451E+00
    0.9730938300E+01      0.9730938300E+01      0.1671965721E+00      0.2250030563E+00
    0.9700117469E+01      0.9700117469E+01      0.1791945384E+00      0.2564968137E+00
    0.9673251565E+01      0.9673251565E+01      0.1888960618E+00      0.2881639564E+00
    0.9647710270E+01      0.9647710270E+01      0.1947147497E+00      0.3178980670E+00
    0.9625052694E+01      0.9625052694E+01      0.1980745054E+00      0.3470349111E+00
    0.9603825518E+01      0.9603825518E+01      0.1984886962E+00      0.3754115664E+00
    0.9585583221E+01      0.9585583221E+01      0.1956066115E+00      0.4017926727E+00
    0.9569602481E+01      0.9569602481E+01      0.1900597261E+00      0.4264863576E+00
    0.9555607024E+01      0.9555607024E+01      0.1820995832E+00      0.4495438027E+00
    0.9543265592E+01      0.9543265592E+01      0.1718877962E+00      0.4709629394E+00
    0.9532473254E+01      0.9532473254E+01      0.1596381684E+00      0.4906282805E+00
    0.9523136397E+01      0.9523136397E+01      0.1454877632E+00      0.5084149445E+00
    0.9515160768E+01      0.9515160768E+01      0.1296344352E+00      0.5242742517E+00
    0.9508464428E+01      0.9508464428E+01      0.1122906601E+00      0.5381142366E+00
    0.9502966272E+01      0.9502966272E+01      0.9366728287E-01      0.5497963591E+00
    0.9498598364E+01      0.9498598364E+01      0.7405453605E-01      0.5592255962E+00
    0.9495164007E+01      0.9495164007E+01      0.5406105077E-01      0.5665439858E+00
    0.9491579636E+01      0.9491579636E+01      0.3159906410E-01      0.5729671584E+00
    0.9491813644E+01      0.9491813644E+01      0.1381984205E-01      0.5741061220E+00
    0.0000000000E+00      0.2000000000E+02      0.0000000000E+00      0.0000000000E+00
    0.9869404232E+01      0.9869404232E+01      0.9350918502E-01      0.9356461438E-01
    0.9828567203E+01      0.9828567203E+01      0.1207096123E+00      0.1259854246E+00
    0.9790113143E+01      0.9790113143E+01      0.1451607648E+00      0.1597374144E+00
    0.9752507353E+01      0.9752507353E+01      0.1665199838E+00      0.1936028223E+00
    0.9718769551E+01      0.9718769551E+01      0.1849783266E+00      0.2275561865E+00
    0.9685971242E+01      0.9685971242E+01      0.1994769694E+00      0.2605728203E+00
    0.9657194081E+01      0.9657194081E+01      0.2115969756E+00      0.2937778369E+00
    0.9630000407E+01      0.9630000407E+01      0.2195524126E+00      0.3253390784E+00
    0.9605780174E+01      0.9605780174E+01      0.2247156710E+00      0.3564729345E+00
    0.9583648792E+01      0.9583648792E+01      0.2271262874E+00      0.3865432927E+00
    0.9563067206E+01      0.9563067206E+01      0.2256224550E+00      0.4155766852E+00
    0.9545808166E+01      0.9545808166E+01      0.2213799350E+00      0.4427347043E+00
    0.9530603454E+01      0.9530603454E+01      0.2143099705E+00      0.4683578238E+00
    0.9517145811E+01      0.9517145811E+01      0.2047648773E+00      0.4924656556E+00
    0.9505334906E+01      0.9505334906E+01      0.1928416614E+00      0.5148760331E+00
    0.9494982963E+01      0.9494982963E+01      0.1787236054E+00      0.5355689912E+00
    0.9485971832E+01      0.9485971832E+01      0.1626422812E+00      0.5543952547E+00
    0.9478214942E+01      0.9478214942E+01      0.1447854214E+00      0.5712375016E+00
    0.9471668432E+01      0.9471668432E+01      0.1253465237E+00      0.5859812733E+00
    0.9466291941E+01      0.9466291941E+01      0.1045231289E+00      0.5984692972E+00
    0.9462016850E+01      0.9462016850E+01      0.8260555613E-01      0.6085627072E+00
    0.9458669409E+01      0.9458669409E+01      0.6023341747E-01      0.6163806081E+00
    0.9455006670E+01      0.9455006670E+01      0.3533311865E-01      0.6233802941E+00
    0.9455350504E+01      0.9455350504E+01      0.1540276429E-01      0.6245245582E+00
    0.0000000000E+00      0.2000000000E+02      0.0000000000E+00      0.0000000000E+00
    0.9827044354E+01      0.9827044354E+01      0.1268306472E+00      0.1219914660E+00
    0.9785854581E+01      0.9785854581E+01      0.1548702980E+00      0.1565546900E+00
    0.9745780007E+01      0.9745780007E+01      0.1796168344E+00      0.1913345017E+00
    0.9709626624E+01      0.9709626624E+01      0.2011731221E+00      0.2265143125E+00
    0.9674716277E+01      0.9674716277E+01      0.2186970892E+00      0.2608567598E+00
    0.9643657077E+01      0.9643657077E+01      0.2334916374E+00      0.2955197218E+00
    0.9614707498E+01      0.9614707498E+01      0.2440671951E+00      0.3289721170E+00
    0.9588688952E+01      0.9588688952E+01      0.2515127104E+00      0.3618065357E+00
    0.9565066534E+01      0.9565066534E+01      0.2556946866E+00      0.3939057004E+00
    0.9543079210E+01      0.9543079210E+01      0.2566631544E+00      0.4250209047E+00
    0.9523732272E+01      0.9523732272E+01      0.2538620528E+00      0.4549101342E+00
    0.9507132764E+01      0.9507132764E+01      0.2482088812E+00      0.4832394902E+00
    0.9492542988E+01      0.9492542988E+01      0.2396911687E+00      0.5100430745E+00
    0.9479561422E+01      0.9479561422E+01      0.2284459950E+00      0.5353822427E+00
    0.9468053762E+01      0.9468053762E+01      0.2147958338E+00      0.5590809978E+00
    0.9457909075E+01      0.9457909075E+01      0.1989022880E+00      0.5810592371E+00
    0.9449066006E+01      0.9449066006E+01      0.1809110088E+00      0.6011659135E+00
    0.9441447026E+01      0.9441447026E+01      0.1609886112E+00      0.6192233439E+00
    0.9434996555E+01      0.9434996555E+01      0.1393334531E+00      0.6350697402E+00
    0.9429677907E+01      0.9429677907E+01      0.1161666420E+00      0.6485325627E+00
    0.9425449532E+01      0.9425449532E+01      0.9178955968E-01      0.6594307835E+00
    0.9422138422E+01      0.9422138422E+01      0.6686014419E-01      0.6678593063E+00
    0.9418345414E+01      0.9418345414E+01      0.3935487282E-01      0.6755208333E+00
    0.9418803418E+01      0.9418803418E+01      0.1711614996E-01      0.6766887092E+00
    0.0000000000E+00      0.2000000000E+02      0.0000000000E+00      0.0000000000E+00
    0.9785280303E+01      0.9785280303E+01      0.1617140518E+00      0.1501451269E+00
    0.9742424839E+01      0.9742424839E+01      0.1902531254E+00      0.1857120760E+00
    0.9703574199E+01      0.9703574199E+01      0.2153090117E+00      0.2218241490E+00
    0.9666298831E+01      0.9666298831E+01      0.2363010951E+00      0.2575070348E+00
    0.9632753182E+01      0.9632753182E+01      0.2541484401E+00      0.2934346159E+00
    0.9601820343E+01      0.9601820343E+01      0.2678577788E+00      0.3286730761E+00
    0.9573595368E+01      0.9573595368E+01      0.2778303442E+00      0.3633091852E+00
    0.9548348129E+01      0.9548348129E+01      0.2845090689E+00      0.3973193672E+00
    0.9525139626E+01      0.9525139626E+01      0.2876079885E+00      0.4303060231E+00
    0.9503467063E+01      0.9503467063E+01      0.2872521050E+00      0.4629650812E+00
    0.9485292912E+01      0.9485292912E+01      0.2834290355E+00      0.4938815172E+00
    0.9469197230E+01      0.9469197230E+01      0.2762496061E+00      0.5235493369E+00
    0.9454946939E+01      0.9454946939E+01      0.2662191388E+00      0.5518221831E+00
    0.9442215888E+01      0.9442215888E+01      0.2534762568E+00      0.5786847270E+00
    0.9430894292E+01      0.9430894292E+01      0.2381748638E+00      0.6039444010E+00
    0.9420901178E+01      0.9420901178E+01      0.2204678242E+00      0.6274715155E+00
    0.9412140947E+01      0.9412140947E+01      0.2004883435E+00      0.6490859372E+00
    0.9404557899E+01      0.9404557899E+01      0.1784052285E+00      0.6685959852E+00
    0.9398116566E+01      0.9398116566E+01      0.1544210857E+00      0.6857943260E+00
    0.9392788757E+01      0.9392788757E+01      0.1287695795E+00      0.7004705483E+00
    0.9388535332E+01      0.9388535332E+01      0.1017604683E+00      0.7123930648E+00
    0.9385189277E+01      0.9385189277E+01      0.7407526435E-01      0.7216143333E+00
    0.9381199070E+01      0.9381199070E+01      0.4371750165E-01      0.7300793773E+00
    0.9381777099E+01      0.9381777099E+01      0.1897137600E-01      0.7312948025E+00
    0.0000000000E+00      0.2000000000E+02      0.0000000000E+00      0.0000000000E+00
    0.9742796980E+01      0.9742796980E+01      0.1978531126E+00      0.1769063704E+00
    0.9700823732E+01      0.9700823732E+01      0.2267380785E+00      0.2137582007E+00
    0.9660918150E+01      0.9660918150E+01      0.2516444075E+00      0.2505442868E+00
    0.9624701881E+01      0.9624701881E+01      0.2730681412E+00      0.2876764825E+00
    0.9591296110E+01      0.9591296110E+01      0.2902363476E+00      0.3245749184E+00
    0.9560905353E+01      0.9560905353E+01      0.3034086637E+00      0.3607329682E+00
    0.9533395338E+01      0.9533395338E+01      0.3128395228E+00      0.3968389205E+00
    0.9508542653E+01      0.9508542653E+01      0.3184489256E+00      0.4317667259E+00
    0.9485799536E+01      0.9485799536E+01      0.3209853253E+00      0.4663756467E+00
    0.9464750898E+01      0.9464750898E+01      0.3192082411E+00      0.5002991766E+00
    0.9447157970E+01      0.9447157970E+01      0.3142298796E+00      0.5327144160E+00
    0.9431526862E+01      0.9431526862E+01      0.3057876915E+00      0.5639781303E+00
    0.9417445157E+01      0.9417445157E+01      0.2943567420E+00      0.5939834365E+00
    0.9404884699E+01      0.9404884699E+01      0.2801349087E+00      0.6226421642E+00
    0.9393649035E+01      0.9393649035E+01      0.2631947715E+00      0.6497361643E+00
    0.9383644397E+01      0.9383644397E+01      0.2436598050E+00      0.6751464667E+00
    0.9374805426E+01      0.9374805426E+01      0.2216614605E+00      0.6986218394E+00
    0.9367106308E+01      0.9367106308E+01      0.1973542534E+00      0.7199232086E+00
    0.9360530497E+01      0.9360530497E+01      0.1709258889E+00      0.7388047149E+00
    0.9355065279E+01      0.9355065279E+01      0.1426150334E+00      0.7550045470E+00
    0.9350676619E+01      0.9350676619E+01      0.1127549572E+00      0.7682254350E+00
    0.9347214019E+01      0.9347214019E+01      0.8206591198E-01      0.7784501710E+00
    0.9342969098E+01      0.9342969098E+01      0.4852813182E-01      0.7878916830E+00
    0.9343649518E+01      0.9343649518E+01      0.2102587723E-01      0.7891983885E+00
    0.0000000000E+00      0.2000000000E+02      0.0000000000E+00      0.0000000000E+00
    0.9701730061E+01      0.9701730061E+01      0.2349135929E+00      0.2024640681E+00
    0.9658859724E+01      0.9658859724E+01      0.2641477864E+00      0.2401330221E+00
    0.9619604242E+01      0.9619604242E+01      0.2895307513E+00      0.2783518594E+00
    0.9583577340E+01      0.9583577340E+01      0.3107172897E+00      0.3164878947E+00
    0.9550368424E+01      0.9550368424E+01      0.3273803410E+00      0.3544646058E+00
    0.9520781886E+01      0.9520781886E+01      0.3403446245E+00      0.3920257731E+00
    0.9493666463E+01      0.9493666463E+01      0.3489327813E+00      0.4293616015E+00
    0.9469238798E+01      0.9469238798E+01      0.3539648726E+00      0.4657282060E+00
    0.9446789129E+01      0.9446789129E+01      0.3556676267E+00      0.5019908322E+00
    0.9426456776E+01      0.9426456776E+01      0.3528063433E+00      0.5373336346E+00
    0.9409143479E+01      0.9409143479E+01      0.3466117552E+00      0.5715868726E+00
    0.9393805126E+01      0.9393805126E+01      0.3370963677E+00      0.6046932670E+00
    0.9379861293E+01      0.9379861293E+01      0.3244000632E+00      0.6367261026E+00
    0.9367251763E+01      0.9367251763E+01      0.3087525391E+00      0.6675579119E+00
    0.9355874375E+01      0.9355874375E+01      0.2902204906E+00      0.6969007838E+00
    0.9345637358E+01      0.9345637358E+01      0.2688775887E+00      0.7245892142E+00
    0.9336530771E+01      0.9336530771E+01      0.2448288993E+00      0.7503392388E+00
    0.9328558079E+01      0.9328558079E+01      0.2181946694E+00      0.7738491689E+00
    0.9321721969E+01      0.9321721969E+01      0.1891572152E+00      0.7947840904E+00
    0.9316018782E+01      0.9316018782E+01      0.1579680647E+00      0.8128174943E+00
    0.9311433114E+01      0.9311433114E+01      0.1249850485E+00      0.8275987801E+00
    0.9307815167E+01      0.9307815167E+01      0.9098412293E-01      0.8390207812E+00
    0.9303269071E+01      0.9303269071E+01      0.5389012995E-01      0.8496048732E+00
    0.9304055464E+01      0.9304055464E+01      0.2332949954E-01      0.8510396208E+00
    0.0000000000E+00      0.2000000000E+02      0.0000000000E+00      0.0000000000E+00
    0.9660420577E+01      0.9660420577E+01      0.2730449610E+00      0.2265077997E+00
    0.9617964131E+01      0.9617964131E+01      0.3029641485E+00      0.2654472669E+00
    0.9578616818E+01      0.9578616818E+01      0.3283780933E+00      0.3048692731E+00
    0.9542825482E+01      0.9542825482E+01      0.3494811160E+00      0.3439867511E+00
    0.9510130568E+01      0.9510130568E+01      0.3660040522E+00      0.3835373394E+00
    0.9481012100E+01      0.9481012100E+01      0.3785670237E+00      0.4223787164E+00
    0.9454213408E+01      0.9454213408E+01      0.3865668973E+00      0.4611376557E+00
    0.9430293083E+01      0.9430293083E+01      0.3911348186E+00      0.4992514988E+00
    0.9407868511E+01      0.9407868511E+01      0.3918928136E+00      0.5372055586E+00
    0.9388227835E+01      0.9388227835E+01      0.3882282054E+00      0.5742735507E+00
    0.9371096857E+01      0.9371096857E+01      0.3809769100E+00      0.6105881228E+00
    0.9355775144E+01      0.9355775144E+01      0.3704828925E+00      0.6459367492E+00
    0.9341709349E+01      0.9341709349E+01      0.3567014885E+00      0.6804027524E+00
    0.9328806037E+01      0.9328806037E+01      0.3397575429E+00      0.7138329756E+00
    0.9317045326E+01      0.9317045326E+01      0.3197011422E+00      0.7458671702E+00
    0.9306419330E+01      0.9306419330E+01      0.2965498531E+00      0.7762752276E+00
    0.9296946030E+01      0.9296946030E+01      0.2703729042E+00      0.8046878600E+00
    0.9288643675E+01      0.9288643675E+01      0.2412786079E+00      0.8307438287E+00
    0.9281527619E+01      0.9281527619E+01      0.2094353605E+00      0.8540326729E+00
    0.9275595870E+01      0.9275595870E+01      0.1750975478E+00      0.8741647190E+00
    0.9270832661E+01      0.9270832661E+01      0.1386567214E+00      0.8907266215E+00
    0.9267083116E+01      0.9267083116E+01      0.1009656852E+00      0.9035113026E+00
    0.9262237989E+01      0.9262237989E+01      0.5990071026E-01      0.9153810862E+00
    0.9263159358E+01      0.9263159358E+01      0.2591266242E-01      0.9169605842E+00
    0.0000000000E+00      0.2000000000E+02      0.0000000000E+00      0.0000000000E+00
    0.9619853642E+01      0.9619853642E+01      0.3124214890E+00      0.2494065335E+00
    0.9577279817E+01      0.9577279817E+01      0.3428993289E+00      0.2894070468E+00
    0.9537876131E+01      0.9537876131E+01      0.3683564714E+00      0.3300622544E+00
    0.9502557233E+01      0.9502557233E+01      0.3896820197E+00      0.3705298668E+00
    0.9470216257E+01      0.9470216257E+01      0.4060201515E+00      0.4116233340E+00
    0.9441311219E+01      0.9441311219E+01      0.4181845930E+00      0.4518244296E+00
    0.9415038829E+01      0.9415038829E+01      0.4259780414E+00      0.4923729464E+00
    0.9391352960E+01      0.9391352960E+01      0.4300407807E+00      0.5322415355E+00
    0.9368908884E+01      0.9368908884E+01      0.4299726087E+00      0.5721326952E+00
    0.9349777311E+01      0.9349777311E+01      0.4257684870E+00      0.6112440881E+00
    0.9332615533E+01      0.9332615533E+01      0.4177303955E+00      0.6499817203E+00
    0.9316975556E+01      0.9316975556E+01      0.4064102053E+00      0.6879945687E+00
    0.9302528664E+01      0.9302528664E+01      0.3917083438E+00      0.7253235307E+00
    0.9289179045E+01      0.9289179045E+01      0.3735704335E+00      0.7617251621E+00
    0.9276969271E+01      0.9276969271E+01      0.3520164770E+00      0.7968010067E+00
    0.9265961347E+01      0.9265961347E+01      0.3270209017E+00      0.8302437701E+00
    0.9256176745E+01      0.9256176745E+01      0.2986100355E+00      0.8616033665E+00
    0.9247629653E+01      0.9247629653E+01      0.2668718584E+00      0.8904673075E+00
    0.9240327962E+01      0.9240327962E+01      0.2319752758E+00      0.9163441043E+00
    0.9234265172E+01      0.9234265172E+01      0.1941862934E+00      0.9387923150E+00
    0.9229415888E+01      0.9229415888E+01      0.1539286123E+00      0.9573320644E+00
    0.9225615211E+01      0.9225615211E+01      0.1121275809E+00      0.9716368165E+00
    0.9220515694E+01      0.9220515694E+01      0.6665093645E-01      0.9849203691E+00
    0.9221608516E+01      0.9221608516E+01      0.2880373129E-01      0.9866619455E+00
    0.0000000000E+00      0.2000000000E+02      0.0000000000E+00      0.0000000000E+00
    0.9579339032E+01      0.9579339032E+01      0.3529031464E+00      0.2708956262E+00
    0.9536823877E+01      0.9536823877E+01      0.3840652507E+00      0.3120383918E+00
    0.9497419509E+01      0.9497419509E+01      0.4097824164E+00      0.3541465409E+00
    0.9462510285E+01      0.9462510285E+01      0.4313908059E+00      0.3960250282E+00
    0.9430286835E+01      0.9430286835E+01      0.4475218198E+00      0.4385880908E+00
    0.9401708445E+01      0.9401708445E+01      0.4595943038E+00      0.4805587067E+00
    0.9375814703E+01      0.9375814703E+01      0.4672139106E+00      0.5228972084E+00
    0.9352168173E+01      0.9352168173E+01      0.4709281511E+00      0.5648343151E+00
    0.9329723672E+01      0.9329723672E+01      0.4702809255E+00      0.6068916470E+00
    0.9310680645E+01      0.9310680645E+01      0.4657828405E+00      0.6484641054E+00
    0.9293256309E+01      0.9293256309E+01      0.4572573803E+00      0.6900099215E+00
    0.9277114634E+01      0.9277114634E+01      0.4452716058E+00      0.7310001365E+00
    0.9262206304E+01      0.9262206304E+01      0.4297502530E+00      0.7714714291E+00
    0.9248455988E+01      0.9248455988E+01      0.4104927192E+00      0.8110707635E+00
    0.9235925177E+01      0.9235925177E+01      0.3874292166E+00      0.8494062892E+00
    0.9224677285E+01      0.9224677285E+01      0.3605094989E+00      0.8860940934E+00
    0.9214734746E+01      0.9214734746E+01      0.3297313437E+00      0.9206194259E+00
    0.9206089907E+01      0.9206089907E+01      0.2951619313E+00      0.9525286263E+00
    0.9198738447E+01      0.9198738447E+01      0.2569691414E+00      0.9812523840E+00
    0.9192659515E+01      0.9192659515E+01      0.2154204140E+00      0.1006288343E+01
    0.9187816499E+01      0.9187816499E+01      0.1709643605E+00      0.1027066560E+01
    0.9184040798E+01      0.9184040798E+01      0.1245868710E+00      0.1043112770E+01
    0.9178728825E+01      0.9178728825E+01      0.7421868435E-01      0.1057972993E+01
    0.9180026242E+01      0.9180026242E+01      0.3203528648E-01      0.1059911647E+01
    0.0000000000E+00      0.2000000000E+02      0.0000000000E+00      0.0000000000E+00
    0.9538992984E+01      0.9538992984E+01      0.3945921720E+00      0.2910803755E+00
    0.9496506937E+01      0.9496506937E+01      0.4265416267E+00      0.3333788127E+00
    0.9457108334E+01      0.9457108334E+01      0.4526255151E+00      0.3770550121E+00
    0.9422363953E+01      0.9422363953E+01      0.4744954501E+00      0.4203654565E+00
    0.9390383136E+01      0.9390383136E+01      0.4908033646E+00      0.4645765564E+00
    0.9361948066E+01      0.9361948066E+01      0.5028634998E+00      0.5085492091E+00
    0.9336284250E+01      0.9336284250E+01      0.5105089587E+00      0.5527756548E+00
    0.9312616867E+01      0.9312616867E+01      0.5140897139E+00      0.5970847612E+00
    0.9290044820E+01      0.9290044820E+01      0.5132252242E+00      0.6414981590E+00
    0.9270783478E+01      0.9270783478E+01      0.5086513730E+00      0.6859171802E+00
    0.9252973410E+01      0.9252973410E+01      0.4998668028E+00      0.7304873263E+00
    0.9236368245E+01      0.9236368245E+01      0.4873223613E+00      0.7746281218E+00
    0.9221100215E+01      0.9221100215E+01      0.4710138222E+00      0.8183752212E+00
    0.9207113584E+01      0.9207113584E+01      0.4506621081E+00      0.8613305867E+00
    0.9194426733E+01      0.9194426733E+01      0.4260869316E+00      0.9030950755E+00
    0.9183091974E+01      0.9183091974E+01      0.3972044852E+00      0.9432574828E+00
    0.9173100693E+01      0.9173100693E+01      0.3639730166E+00      0.9812486796E+00
    0.9164430421E+01      0.9164430421E+01      0.3264301595E+00      0.1016579326E+01
    0.9157073732E+01      0.9157073732E+01      0.2847219004E+00      0.1048581626E+01
    0.9151003850E+01      0.9151003850E+01      0.2391064686E+00      0.1076658797E+01
    0.9146183519E+01      0.9146183519E+01      0.1900412208E+00      0.1100113887E+01
    0.9142435887E+01      0.9142435887E+01      0.1385697495E+00      0.1118287700E+01
    0.9136899830E+01      0.9136899830E+01      0.8273987835E-01      0.1134982501E+01
    0.9138417141E+01      0.9138417141E+01      0.3567915578E-01      0.1137211982E+01
    0.0000000000E+00      0.2000000000E+02      0.0000000000E+00      0.0000000000E+00
    0.9498665651E+01      0.9498665651E+01      0.4375469738E+00      0.3098904984E+00
    0.9456198550E+01      0.9456198550E+01      0.4704338997E+00      0.3534020393E+00
    0.9416724702E+01      0.9416724702E+01      0.4969965575E+00      0.3986859858E+00
    0.9381995681E+01      0.9381995681E+01      0.5192119896E+00      0.4435756241E+00
    0.9350342036E+01      0.9350342036E+01      0.5360053288E+00      0.4895568165E+00
    0.9321825334E+01      0.9321825334E+01      0.5481063702E+00      0.5357370626E+00
    0.9296295175E+01      0.9296295175E+01      0.5560462955E+00      0.5819972284E+00
    0.9272582150E+01      0.9272582150E+01      0.5597512563E+00      0.6288814772E+00
    0.9249813449E+01      0.9249813449E+01      0.5589653168E+00      0.6757909116E+00
    0.9230252343E+01      0.9230252343E+01      0.5544685123E+00      0.7231580152E+00
    0.9212135469E+01      0.9212135469E+01      0.5456688372E+00      0.7708168612E+00
    0.9195204683E+01      0.9195204683E+01      0.5327903207E+00      0.8182605797E+00
    0.9179673301E+01      0.9179673301E+01      0.5157587426E+00      0.8654787003E+00
    0.9165522255E+01      0.9165522255E+01      0.4943094770E+00      0.9120001917E+00
    0.9152710627E+01      0.9152710627E+01      0.4682596449E+00      0.9574994092E+00
    0.9141283507E+01      0.9141283507E+01      0.4374523462E+00      0.1001546486E+01
    0.9131203663E+01      0.9131203663E+01      0.4017676484E+00      0.1043522450E+01
    0.9122434260E+01      0.9122434260E+01      0.3611676569E+00      0.1082888784E+01
    0.9114971296E+01      0.9114971296E+01      0.3157491503E+00      0.1118844326E+01
    0.9108806737E+01      0.9108806737E+01      0.2657469095E+00      0.1150658572E+01
    0.9103904168E+01      0.9103904168E+01      0.2116190537E+00      0.1177458887E+01
    0.9100090212E+01      0.9100090212E+01      0.1544603092E+00      0.1198360277E+01
    0.9094255362E+01      0.9094255362E+01      0.9243620573E-01      0.1217280871E+01
    0.9095995300E+01      0.9095995300E+01      0.3984629507E-01      0.1219946904E+01
    0.0000000000E+00      0.2000000000E+02      0.0000000000E+00      0.0000000000E+00
    0.9458231885E+01      0.9458231885E+01      0.4818100042E+00      0.3273037233E+00
    0.9415729602E+01      0.9415729602E+01      0.5157762562E+00      0.3721021218E+00
    0.9376157599E+01      0.9376157599E+01      0.5430094133E+00      0.4190119979E+00
    0.9341305271E+01      0.9341305271E+01      0.5656864268E+00      0.4656852057E+00
    0.9309992413E+01      0.9309992413E+01      0.5832309573E+00      0.5134854340E+00
    0.9281223076E+01      0.9281223076E+01      0.5955004695E+00      0.5619602657E+00
    0.9255770206E+01      0.9255770206E+01      0.6039786473E+00      0.6104582956E+00
    0.9232009064E+01      0.9232009064E+01      0.6080397421E+00      0.6599716911E+00
    0.9209022612E+01      0.9209022612E+01      0.6076241259E+00      0.7095280259E+00
    0.9189100002E+01      0.9189100002E+01      0.6033510866E+00      0.7599144545E+00
    0.9170657607E+01      0.9170657607E+01      0.5946955899E+00      0.8107812338E+00
    0.9153472630E+01      0.9153472630E+01      0.5817420373E+00      0.8617324535E+00
    0.9137730148E+01      0.9137730148E+01      0.5642242695E+00      0.9127328551E+00
    0.9123414340E+01      0.9123414340E+01      0.5418722575E+00      0.9631312664E+00
    0.9110417426E+01      0.9110417426E+01      0.5144811093E+00      0.1012809622E+01
    0.9098752122E+01      0.9098752122E+01      0.4818540918E+00      0.1061326076E+01
    0.9088408449E+01      0.9088408449E+01      0.4437766922E+00      0.1108001523E+01
    0.9079352432E+01      0.9079352432E+01      0.4000928215E+00      0.1152218041E+01
    0.9071595143E+01      0.9071595143E+01      0.3508080957E+00      0.1193016689E+01
    0.9065147019E+01      0.9065147019E+01      0.2960925314E+00      0.1229493108E+01
    0.9059989392E+01      0.9059989392E+01      0.2363813043E+00      0.1260551815E+01
    0.9055954430E+01      0.9055954430E+01      0.1728158142E+00      0.1285011607E+01
    0.9049712475E+01      0.9049712475E+01      0.1036415632E+00      0.1306686902E+01
    0.9051664148E+01      0.9051664148E+01      0.4469634907E-01      0.1310022124E+01
    0.0000000000E+00      0.2000000000E+02      0.0000000000E+00      0.0000000000E+00
    0.9417587745E+01      0.9417587745E+01      0.5274345117E+00      0.3432585261E+00
    0.9374945563E+01      0.9374945563E+01      0.5625823764E+00      0.3894365390E+00
    0.9335310581E+01      0.9335310581E+01      0.5907619221E+00      0.4379519372E+00
    0.9300190772E+01      0.9300190772E+01      0.6139980544E+00      0.4866099739E+00
    0.9269167844E+01      0.9269167844E+01      0.6325312691E+00      0.5362129519E+00
    0.9240119401E+01      0.9240119401E+01      0.6452278844E+00      0.5870455725E+00
    0.9214650098E+01      0.9214650098E+01      0.6544092819E+00      0.6379732752E+00
    0.9190830801E+01      0.9190830801E+01      0.6590671171E+00      0.6900597018E+00
    0.9167700498E+01      0.9167700498E+01      0.6593285229E+00      0.7424685695E+00
    0.9147330083E+01      0.9147330083E+01      0.6554394079E+00      0.7958988457E+00
    0.9128518075E+01      0.9128518075E+01      0.6471572896E+00      0.8501384636E+00
    0.9111058889E+01      0.9111058889E+01      0.6344422483E+00      0.9048761258E+00
    0.9094989281E+01      0.9094989281E+01      0.6168886475E+00      0.9600766416E+00
    0.9080227124E+01      0.9080227124E+01      0.5939016850E+00      0.1015060153E+01
    0.9066865825E+01      0.9066865825E+01      0.5653738986E+00      0.1069458925E+01
    0.9054821007E+01      0.9054821007E+01      0.5311376811E+00      0.1123069461E+01
    0.9044062498E+01      0.9044062498E+01      0.4908281415E+00      0.1175199335E+01
    0.9034548646E+01      0.9034548646E+01      0.4441128340E+00      0.1225166034E+01
    0.9026298831E+01      0.9026298831E+01      0.3908394732E+00      0.1271848224E+01
    0.9019357335E+01      0.9019357335E+01      0.3310735612E+00      0.1314117576E+01
    0.9013749519E+01      0.9013749519E+01      0.2651822997E+00      0.1350583188E+01
    0.9009330085E+01      0.9009330085E+01      0.1943368261E+00      0.1379678389E+01
    0.9002573531E+01      0.9002573531E+01      0.1168062417E+00      0.1404772168E+01
    0.9004730356E+01      0.9004730356E+01      0.5044342549E-01      0.1409124871E+01
    0.0000000000E+00      0.2000000000E+02      0.0000000000E+00      0.0000000000E+00
    0.9376666380E+01      0.9376666380E+01      0.5744997847E+00      0.3576819077E+00
    0.9333701135E+01      0.9333701135E+01      0.6108963120E+00      0.4053201570E+00
    0.9294111904E+01      0.9294111904E+01      0.6403343418E+00      0.4553984160E+00
    0.9258552862E+01      0.9258552862E+01      0.6642074862E+00      0.5061597378E+00
    0.9227745309E+01      0.9227745309E+01      0.6839358022E+00      0.5575695449E+00
    0.9198536111E+01      0.9198536111E+01      0.6974009425E+00      0.6107740577E+00
    0.9172862887E+01      0.9172862887E+01      0.7073578587E+00      0.6642967693E+00
    0.9148978093E+01      0.9148978093E+01      0.7129041865E+00      0.7188795151E+00
    0.9125890142E+01      0.9125890142E+01      0.7141991253E+00      0.7743632073E+00
    0.9104889910E+01      0.9104889910E+01      0.7108719821E+00      0.8308411604E+00
    0.9085658598E+01      0.9085658598E+01      0.7032770344E+00      0.8886113998E+00
    0.9067868168E+01      0.9067868168E+01      0.6911962156E+00      0.9473717248E+00
    0.9051413555E+01      0.9051413555E+01      0.6740365827E+00      0.1007065135E+01
    0.9036110120E+01      0.9036110120E+01      0.6510925190E+00      0.1067143328E+01
    0.9022064343E+01      0.9022064343E+01      0.6218416541E+00      0.1127146099E+01
    0.9009485591E+01      0.9009485591E+01      0.5861996828E+00      0.1186519705E+01
    0.8998144878E+01      0.8998144878E+01      0.5438210718E+00      0.1244899756E+01
    0.8987998941E+01      0.8987998941E+01      0.4941903277E+00      0.1301595518E+01
    0.8979057786E+01      0.8979057786E+01      0.4369172182E+00      0.1355346214E+01
    0.8971409006E+01      0.8971409006E+01      0.3718271387E+00      0.1404783374E+01
    0.8965134833E+01      0.8965134833E+01      0.2991188626E+00      0.1448128895E+01
    0.8960133636E+01      0.8960133636E+01      0.2199485721E+00      0.1483308489E+01
    0.8952761083E+01      0.8952761083E+01      0.1325430126E+00      0.1512719888E+01
    0.8955110358E+01      0.8955110358E+01      0.5737505795E-01      0.1518616104E+01
    0.0000000000E+00      0.2000000000E+02      0.0000000000E+00      0.0000000000E+00
    0.9335376215E+01      0.9335376215E+01      0.6230480444E+00      0.3704665956E+00
    0.9291908088E+01      0.9291908088E+01      0.6607178253E+00      0.4196523116E+00
    0.9252456142E+01      0.9252456142E+01      0.6917763249E+00      0.4712171113E+00
    0.9216344320E+01      0.9216344320E+01      0.7163485807E+00      0.5241396997E+00
    0.9185663914E+01      0.9185663914E+01      0.7374314236E+00      0.5773859832E+00
    0.9156425528E+01      0.9156425528E+01      0.7520800882E+00      0.6328983689E+00
    0.9130355720E+01      0.9130355720E+01      0.7628347785E+00      0.6891308362E+00
    0.9106460128E+01      0.9106460128E+01      0.7696039728E+00      0.7461885154E+00
    0.9083533736E+01      0.9083533736E+01      0.7723022421E+00      0.8049287235E+00
    0.9061726343E+01      0.9061726343E+01      0.7697564723E+00      0.8644239231E+00
    0.9042012980E+01      0.9042012980E+01      0.7632721192E+00      0.9258293050E+00
    0.9023883274E+01      0.9023883274E+01      0.7522740110E+00      0.9888059982E+00
    0.9006945312E+01      0.9006945312E+01      0.7359279999E+00      0.1053192694E+01
    0.8991084388E+01      0.8991084388E+01      0.7135412620E+00      0.1118636036E+01
    0.8976431787E+01      0.8976431787E+01      0.6845136662E+00      0.1184752706E+01
    0.8963065890E+01      0.8963065890E+01      0.6480964522E+00      0.1250918015E+01
    0.8951053985E+01      0.8951053985E+01      0.6039739562E+00      0.1316364098E+01
    0.8940042764E+01      0.8940042764E+01      0.5516372836E+00      0.1380873651E+01
    0.8930103634E+01      0.8930103634E+01      0.4904371192E+00      0.1443149016E+01
    0.8921399847E+01      0.8921399847E+01      0.4198181744E+00      0.1501536078E+01
    0.8914116865E+01      0.8914116865E+01      0.3396408821E+00      0.1553760075E+01
    0.8908221474E+01      0.8908221474E+01      0.2509257230E+00      0.1597079890E+01
    0.8900088057E+01      0.8900088057E+01      0.1517061838E+00      0.1632109905E+01
    0.8902600899E+01      0.8902600899E+01      0.6590853570E-01      0.1640390628E+01
    0.0000000000E+00      0.2000000000E+02      0.0000000000E+00      0.0000000000E+00
    0.9293658404E+01      0.9293658404E+01      0.6730795496E+00      0.3814895330E+00
    0.9249470394E+01      0.9249470394E+01      0.7120567039E+00      0.4323101456E+00
    0.9210285599E+01      0.9210285599E+01      0.7450145222E+00      0.4852962116E+00
    0.9173504495E+01      0.9173504495E+01      0.7704524778E+00      0.5403302970E+00
    0.9142850634E+01      0.9142850634E+01      0.7929588959E+00      0.5955116667E+00
    0.9113772841E+01      0.9113772841E+01      0.8091804151E+00      0.6531639846E+00
    0.9087048043E+01      0.9087048043E+01      0.8209023373E+00      0.7121167231E+00
    0.9063259475E+01      0.9063259475E+01      0.8292537582E+00      0.7717690741E+00
    0.9040566486E+01      0.9040566486E+01      0.8334996775E+00      0.8337709440E+00
    0.9017759115E+01      0.9017759115E+01      0.8322430380E+00      0.8963062969E+00
    0.8997688727E+01      0.8997688727E+01      0.8273652286E+00      0.9613716932E+00
    0.8979089901E+01      0.8979089901E+01      0.8178339806E+00      0.1028649827E+01
    0.8961552603E+01      0.8961552603E+01      0.8028477057E+00      0.1097858839E+01
    0.8945072023E+01      0.8945072023E+01      0.7816679329E+00      0.1168943424E+01
    0.8929698198E+01      0.8929698198E+01      0.7535765300E+00      0.1241654714E+01
    0.8915470562E+01      0.8915470562E+01      0.7175790890E+00      0.1315486689E+01
    0.8902335673E+01      0.8902335673E+01      0.6725905264E+00      0.1389441020E+01
    0.8890220385E+01      0.8890220385E+01      0.6181095586E+00      0.1463015537E+01
    0.8878875669E+01      0.8878875669E+01      0.5533106110E+00      0.1535523534E+01
    0.8868591872E+01      0.8868591872E+01      0.4771303263E+00      0.1605146126E+01
    0.8859724986E+01      0.8859724986E+01      0.3888605237E+00      0.1668999420E+01
    0.8852382455E+01      0.8852382455E+01      0.2891842686E+00      0.1723450337E+01
    0.8843236871E+01      0.8843236871E+01      0.1755877537E+00      0.1766147639E+01
    0.8845819862E+01      0.8845819862E+01      0.7669419045E-01      0.1778192254E+01
    0.0000000000E+00      0.2000000000E+02      0.0000000000E+00      0.0000000000E+00
    0.9251461620E+01      0.9251461620E+01      0.7245859258E+00      0.3906518260E+00
    0.9206350736E+01      0.9206350736E+01      0.7648935873E+00      0.4431545467E+00
    0.9167437783E+01      0.9167437783E+01      0.8000196788E+00      0.4975030502E+00
    0.9130070152E+01      0.9130070152E+01      0.8264820282E+00      0.5545723808E+00
    0.9099211388E+01      0.9099211388E+01      0.8504593790E+00      0.6117296621E+00
    0.9070437975E+01      0.9070437975E+01      0.8686037513E+00      0.6713575621E+00
    0.9043121882E+01      0.9043121882E+01      0.8814559671E+00      0.7329327188E+00
    0.9019282218E+01      0.9019282218E+01      0.8917889154E+00      0.7953000417E+00
    0.8996562793E+01      0.8996562793E+01      0.8977251896E+00      0.8603840950E+00
    0.8973406643E+01      0.8973406643E+01      0.8986939729E+00      0.9261348239E+00
    0.8952685219E+01      0.8952685219E+01      0.8954971324E+00      0.9948200657E+00
    0.8933395604E+01      0.8933395604E+01      0.8879365414E+00      0.1066220331E+01
    0.8915210749E+01      0.8915210749E+01      0.8750340170E+00      0.1140377278E+01
    0.8898022536E+01      0.8898022536E+01      0.8559237688E+00      0.1217296457E+01
    0.8881736567E+01      0.8881736567E+01      0.8297043739E+00      0.1297073125E+01
    0.8866251691E+01      0.8866251691E+01      0.7953366314E+00      0.1379402184E+01
    0.8851381853E+01      0.8851381853E+01      0.7511844278E+00      0.1463548922E+01
    0.8837254882E+01      0.8837254882E+01      0.6958022293E+00      0.1548499875E+01
    0.8823827111E+01      0.8823827111E+01      0.6281446650E+00      0.1633509973E+01
    0.8811155980E+01      0.8811155980E+01      0.5466628033E+00      0.1717286565E+01
    0.8799821498E+01      0.8799821498E+01      0.4498190396E+00      0.1796472380E+01
    0.8790173944E+01      0.8790173944E+01      0.3376112355E+00      0.1866330236E+01
    0.8779597699E+01      0.8779597699E+01      0.2062280734E+00      0.1920016775E+01
    0.8782049293E+01      0.8782049293E+01      0.9079143871E-01      0.1938141372E+01
    0.0000000000E+00      0.2000000000E+02      0.0000000000E+00      0.0000000000E+00
    0.9208703768E+01      0.9208703768E+01      0.7775790943E+00      0.3978251803E+00
    0.9162477583E+01      0.9162477583E+01      0.8192272877E+00      0.4520419318E+00
    0.9123833760E+01      0.9123833760E+01      0.8566941038E+00      0.5077162971E+00
    0.9085970582E+01      0.9085970582E+01      0.8844785458E+00      0.5666639849E+00
    0.9054750960E+01      0.9054750960E+01      0.9098275122E+00      0.6258930768E+00
    0.9026323273E+01      0.9026323273E+01      0.9301685169E+00      0.6872641928E+00
    0.8998551548E+01      0.8998551548E+01      0.9445602035E+00      0.7512724661E+00
    0.8974463440E+01      0.8974463440E+01      0.9568942301E+00      0.8164579156E+00
    0.8951411120E+01      0.8951411120E+01      0.9649301302E+00      0.8839626844E+00
    0.8928911260E+01      0.8928911260E+01      0.9690209066E+00      0.9537427678E+00
    0.8906834595E+01      0.8906834595E+01      0.9677101549E+00      0.1025544603E+01
    0.8886854273E+01      0.8886854273E+01      0.9627245436E+00      0.1100848323E+01
    0.8867965057E+01      0.8867965057E+01      0.9526792536E+00      0.1179962087E+01
    0.8849892429E+01      0.8849892429E+01      0.9366104626E+00      0.1262863228E+01
    0.8832383747E+01      0.8832383747E+01      0.9134747712E+00      0.1349998060E+01
    0.8815210863E+01      0.8815210863E+01      0.8821342015E+00      0.1441379762E+01
    0.8798129292E+01      0.8798129292E+01      0.8409931779E+00      0.1536894681E+01
    0.8780886438E+01      0.8780886438E+01      0.7875476235E+00      0.1635863807E+01
    0.8763832506E+01      0.8763832506E+01      0.7187968566E+00      0.1737144212E+01
    0.8747601176E+01      0.8747601176E+01      0.6328122253E+00      0.1838869767E+01
    0.8732404507E+01      0.8732404507E+01      0.5271854420E+00      0.1938376839E+01
    0.8719101600E+01      0.8719101600E+01      0.4005542697E+00      0.2029776720E+01
    0.8706316291E+01      0.8706316291E+01      0.2469540077E+00      0.2100083827E+01
    0.8708210423E+01      0.8708210423E+01      0.1099779080E+00      0.2128307258E+01
    0.0000000000E+00      0.2000000000E+02      0.0000000000E+00      0.0000000000E+00
    0.9165293230E+01      0.9165293230E+01      0.8319841389E+00      0.4029089937E+00
    0.9117761647E+01      0.9117761647E+01      0.8749859681E+00      0.4588250557E+00
    0.9079363053E+01      0.9079363053E+01      0.9149070362E+00      0.5157958153E+00
    0.9041206873E+01      0.9041206873E+01      0.9443366676E+00      0.5764595939E+00
    0.9009400445E+01      0.9009400445E+01      0.9709988507E+00      0.6377558070E+00
    0.8981379455E+01      0.8981379455E+01      0.9936789663E+00      0.7007527382E+00
    0.8953416069E+01      0.8953416069E+01      0.1010091958E+01      0.7668591774E+00
    0.8928702351E+01      0.8928702351E+01      0.1024265626E+01      0.8346275915E+00
    0.8905636348E+01      0.8905636348E+01      0.1035193686E+01      0.9043372152E+00
    0.8883345497E+01      0.8883345497E+01      0.1042236165E+01      0.9780513962E+00
    0.8860682742E+01      0.8860682742E+01      0.1044421708E+01      0.1053058136E+01
    0.8839561869E+01      0.8839561869E+01      0.1042131121E+01      0.1132010302E+01
    0.8819724475E+01      0.8819724475E+01      0.1035815013E+01      0.1215800695E+01
    0.8800527819E+01      0.8800527819E+01      0.1024007263E+01      0.1304605775E+01
    0.8781520237E+01      0.8781520237E+01      0.1005424672E+01      0.1399074455E+01
    0.8762216556E+01      0.8762216556E+01      0.9789122231E+00      0.1499830011E+01
    0.8742374554E+01      0.8742374554E+01      0.9427324657E+00      0.1607376104E+01
    0.8721451921E+01      0.8721451921E+01      0.8944432302E+00      0.1721951887E+01
    0.8699214840E+01      0.8699214840E+01      0.8297667549E+00      0.1843360572E+01
    0.8677178765E+01      0.8677178765E+01      0.7421298795E+00      0.1969037962E+01
    0.8656450920E+01      0.8656450920E+01      0.6284586990E+00      0.2095194943E+01
    0.8637498776E+01      0.8637498776E+01      0.4851408016E+00      0.2216924616E+01
    0.8620983851E+01      0.8620983851E+01      0.3035627483E+00      0.2313621108E+01
    0.8621392617E+01      0.8621392617E+01      0.1374799580E+00      0.2359288113E+01
    0.0000000000E+00      0.2000000000E+02      0.0000000000E+00      0.0000000000E+00
    0.9121017862E+01      0.9121017862E+01      0.8876126790E+00      0.4058537650E+00
    0.9072118212E+01      0.9072118212E+01      0.9320282677E+00      0.4633729036E+00
    0.9033858158E+01      0.9033858158E+01      0.9744760803E+00      0.5216226784E+00
    0.8995671667E+01      0.8995671667E+01      0.1005895853E+01      0.5838268494E+00
    0.8963201034E+01      0.8963201034E+01      0.1033817426E+01      0.6470702833E+00
    0.8935544956E+01      0.8935544956E+01      0.1058891869E+01      0.7115818971E+00
    0.8907705118E+01      0.8907705118E+01      0.1077655597E+01      0.7794606220E+00
    0.8882248594E+01      0.8882248594E+01      0.1093719277E+01      0.8493645433E+00
    0.8859259691E+01      0.8859259691E+01      0.1107841488E+01      0.9214291466E+00
    0.8836627382E+01      0.8836627382E+01      0.1118220766E+01      0.9975755922E+00
    0.8814015549E+01      0.8814015549E+01      0.1124772040E+01      0.1076820273E+01
    0.8791789775E+01      0.8791789775E+01      0.1126776376E+01      0.1159139278E+01
    0.8770579129E+01      0.8770579129E+01      0.1124594148E+01      0.1246914274E+01
    0.8749851063E+01      0.8749851063E+01      0.1118060347E+01      0.1341329565E+01
    0.8729132147E+01      0.8729132147E+01      0.1105521402E+01      0.1442675219E+01
    0.8707289611E+01      0.8707289611E+01      0.1086017430E+01      0.1552654582E+01
    0.8684100645E+01      0.8684100645E+01      0.1057551480E+01      0.1672471472E+01
    0.8658597208E+01      0.8658597208E+01      0.1017869140E+01      0.1803491050E+01
    0.8630590667E+01      0.8630590667E+01      0.9620990566E+00      0.1946814056E+01
    0.8600343645E+01      0.8600343645E+01      0.8817619121E+00      0.2102765104E+01
    0.8569903080E+01      0.8569903080E+01      0.7650148026E+00      0.2266392258E+01
    0.8542441392E+01      0.8542441392E+01      0.6043814943E+00      0.2431200383E+01
    0.8520180101E+01      0.8520180101E+01      0.3877009270E+00      0.2572435811E+01
    0.8515675196E+01      0.8515675196E+01      0.1762569351E+00      0.2648448132E+01
    0.0000000000E+00      0.2000000000E+02      0.0000000000E+00      0.0000000000E+00
    0.9075661538E+01      0.9075661538E+01      0.9448492963E+00      0.4068569704E+00
    0.9025501770E+01      0.9025501770E+01      0.9904526158E+00      0.4656149441E+00
    0.8987168169E+01      0.8987168169E+01      0.1035132658E+01      0.5251940763E+00
    0.8949196220E+01      0.8949196220E+01      0.1068725160E+01      0.5886595559E+00
    0.8916109829E+01      0.8916109829E+01      0.1097902805E+01      0.6536080665E+00
    0.8888774514E+01      0.8888774514E+01      0.1125291137E+01      0.7195676119E+00
    0.8861286929E+01      0.8861286929E+01      0.1146689631E+01      0.7888236825E+00
    0.8835371080E+01      0.8835371080E+01      0.1164923650E+01      0.8604821975E+00
    0.8812135483E+01      0.8812135483E+01      0.1182115457E+01      0.9345687578E+00
    0.8789200706E+01      0.8789200706E+01      0.1196457195E+01      0.1012241848E+01
    0.8766131986E+01      0.8766131986E+01      0.1207656425E+01      0.1094784057E+01
    0.8743506972E+01      0.8743506972E+01      0.1215763699E+01      0.1181368751E+01
    0.8721086057E+01      0.8721086057E+01      0.1219337138E+01      0.1272738550E+01
    0.8698018784E+01      0.8698018784E+01      0.1218804924E+01      0.1371679958E+01
    0.8675235167E+01      0.8675235167E+01      0.1213740101E+01      0.1479119809E+01
    0.8650555945E+01      0.8650555945E+01      0.1203382929E+01      0.1597725397E+01
    0.8623490919E+01      0.8623490919E+01      0.1185637044E+01      0.1729041946E+01
    0.8592591737E+01      0.8592591737E+01      0.1158815738E+01      0.1875977876E+01
    0.8557569537E+01      0.8557569537E+01      0.1117843575E+01      0.2041671810E+01
    0.8517599232E+01      0.8517599232E+01      0.1053562996E+01      0.2231000060E+01
    0.8472815263E+01      0.8472815263E+01      0.9502998703E+00      0.2443990959E+01
    0.8426652443E+01      0.8426652443E+01      0.7810893904E+00      0.2676553136E+01
    0.8389566603E+01      0.8389566603E+01      0.5171837942E+00      0.2901920183E+01
    0.8379801975E+01      0.8379801975E+01      0.2369766857E+00      0.3027969454E+01
    0.0000000000E+00      0.2000000000E+02      0.0000000000E+00      0.0000000000E+00
    0.9029192892E+01      0.9029192892E+01      0.1005064271E+01      0.4055254797E+00
    0.8977281282E+01      0.8977281282E+01      0.1052012517E+01      0.4659713502E+00
    0.8939074551E+01      0.8939074551E+01      0.1098429773E+01      0.5266726624E+00
    0.8901692017E+01      0.8901692017E+01      0.1134047383E+01      0.5909312445E+00
    0.8868119881E+01      0.8868119881E+01      0.1164205107E+01      0.6572928403E+00
    0.8841083288E+01      0.8841083288E+01      0.1193421145E+01      0.7245621257E+00
    0.8814174575E+01      0.8814174575E+01      0.1217178163E+01      0.7948469873E+00
    0.8788103016E+01      0.8788103016E+01      0.1237642499E+01      0.8678433876E+00
    0.8764448646E+01      0.8764448646E+01      0.1257612035E+01      0.9433529448E+00
    0.8741239253E+01      0.8741239253E+01      0.1275793704E+01      0.1022247058E+01
    0.8717694323E+01      0.8717694323E+01      0.1292022206E+01      0.1106240442E+01
    0.8693984045E+01      0.8693984045E+01      0.1306576773E+01      0.1196110722E+01
    0.8670163851E+01      0.8670163851E+01      0.1318589985E+01      0.1292039593E+01
    0.8645871815E+01      0.8645871815E+01      0.1326630083E+01      0.1394510722E+01
    0.8620626643E+01      0.8620626643E+01      0.1330134435E+01      0.1507152458E+01
    0.8592396027E+01      0.8592396027E+01      0.1330538499E+01      0.1632542472E+01
    0.8561002899E+01      0.8561002899E+01      0.1326608082E+01      0.1773470543E+01
    0.8523852928E+01      0.8523852928E+01      0.1317589557E+01      0.1934095201E+01
    0.8480211274E+01      0.8480211274E+01      0.1298783438E+01      0.2120175477E+01
    0.8428036421E+01      0.8428036421E+01      0.1261644487E+01      0.2343317909E+01
    0.8365999182E+01      0.8365999182E+01      0.1189222561E+01      0.2610666628E+01
    0.8287772983E+01      0.8287772983E+01      0.1051495364E+01      0.2938432131E+01
    0.8203871697E+01      0.8203871697E+01      0.7410691937E+00      0.3334498727E+01
    0.8180453593E+01      0.8180453593E+01      0.3483514424E+00      0.3577261166E+01
    0.0000000000E+00      0.2000000000E+02      0.0000000000E+00      0.0000000000E+00
    0.8982031515E+01      0.8982031515E+01      0.1064943786E+01      0.4011845219E+00
    0.8928327745E+01      0.8928327745E+01      0.1114723829E+01      0.4630304271E+00
    0.8889429474E+01      0.8889429474E+01      0.1164355814E+01      0.5253095256E+00
    0.8852364834E+01      0.8852364834E+01      0.1202490715E+01      0.5908785001E+00
    0.8818800558E+01      0.8818800558E+01      0.1233356327E+01      0.6585111361E+00
    0.8792300442E+01      0.8792300442E+01      0.1263857110E+01      0.7267699864E+00
    0.8766265729E+01      0.8766265729E+01      0.1289662814E+01      0.7976710532E+00
    0.8740440150E+01      0.8740440150E+01      0.1312221366E+01      0.8714682358E+00
    0.8716444799E+01      0.8716444799E+01      0.1334691519E+01      0.9478133450E+00
    0.8692913815E+01      0.8692913815E+01      0.1356502038E+01      0.1027482197E+01
    0.8668840201E+01      0.8668840201E+01      0.1377787850E+01      0.1111837422E+01
    0.8643903570E+01      0.8643903570E+01      0.1398589709E+01      0.1202783978E+01
    0.8618428628E+01      0.8618428628E+01      0.1418363260E+01      0.1301320626E+01
    0.8592316930E+01      0.8592316930E+01      0.1436429510E+01      0.1408163627E+01
    0.8564574982E+01      0.8564574982E+01      0.1452745067E+01      0.1525049011E+01
    0.8533353362E+01      0.8533353362E+01      0.1468087079E+01      0.1654319334E+01
    0.8497013382E+01      0.8497013382E+01      0.1482481810E+01      0.1801722538E+01
    0.8453688740E+01      0.8453688740E+01      0.1495425203E+01      0.1972371090E+01
    0.8401168586E+01      0.8401168586E+01      0.1503072005E+01      0.2174867781E+01
    0.8334082907E+01      0.8334082907E+01      0.1502105027E+01      0.2425820304E+01
    0.8253005335E+01      0.8253005335E+01      0.1476966545E+01      0.2744096669E+01
    0.8144342509E+01      0.8144342509E+01      0.1399519609E+01      0.3171531672E+01
    0.7990140963E+01      0.7990140963E+01      0.1185039084E+01      0.3809645947E+01
    0.7818341662E+01      0.7818341662E+01      0.6432229795E+00      0.4520796337E+01
    0.0000000000E+00      0.2000000000E+02      0.0000000000E+00      0.0000000000E+00
    0.8933815517E+01      0.8933815517E+01      0.1125066174E+01      0.3943120683E+00
    0.8878845154E+01      0.8878845154E+01      0.1176831971E+01      0.4569385231E+00
    0.8839314840E+01      0.8839314840E+01      0.1228840256E+01      0.5202343675E+00
    0.8802795293E+01      0.8802795293E+01      0.1270509551E+01      0.5868403692E+00
    0.8768543769E+01      0.8768543769E+01      0.1303833635E+01      0.6558863652E+00
    0.8741850040E+01      0.8741850040E+01      0.1337039918E+01      0.7253475502E+00
    0.8716356048E+01      0.8716356048E+01      0.1365971827E+01      0.7969428742E+00
    0.8690613079E+01      0.8690613079E+01      0.1391394714E+01      0.8711256599E+00
    0.8666084822E+01      0.8666084822E+01      0.1416742010E+01      0.9478755817E+00
    0.8642085377E+01      0.8642085377E+01      0.1442299819E+01      0.1027536581E+01
    0.8617128589E+01      0.8617128589E+01      0.1468634926E+01      0.1111801500E+01
    0.8590377082E+01      0.8590377082E+01      0.1496121772E+01      0.1202642222E+01
    0.8562337214E+01      0.8562337214E+01      0.1523970341E+01      0.1301642833E+01
    0.8533718529E+01      0.8533718529E+01      0.1551567708E+01      0.1409690966E+01
    0.8503030011E+01      0.8503030011E+01      0.1580627429E+01      0.1528118564E+01
    0.8468041778E+01      0.8468041778E+01      0.1612568600E+01      0.1659927048E+01
    0.8426224254E+01      0.8426224254E+01      0.1648597016E+01      0.1810358969E+01
    0.8374557406E+01      0.8374557406E+01      0.1690086397E+01      0.1986947932E+01
    0.8309091230E+01      0.8309091230E+01      0.1738517109E+01      0.2199946185E+01
    0.8223249205E+01      0.8223249205E+01      0.1796488133E+01      0.2463899502E+01
    0.8105627000E+01      0.8105627000E+01      0.1867650782E+01      0.2811737815E+01
    0.7916436362E+01      0.7916436362E+01      0.1972835736E+01      0.3301914520E+01
    0.7545427094E+01      0.7545427094E+01      0.2171368223E+01      0.4051168191E+01
    0.6777504820E+01      0.6777504820E+01      0.3031703633E+01      0.5641931234E+01
    0.1523998515E+01      0.1523998515E+01      0.8261278057E+01      0.5592314346E+01
    0.8884373992E+01      0.8884373992E+01      0.1186609418E+01      0.3849748690E+00
    0.8827656339E+01      0.8827656339E+01      0.1240533555E+01      0.4485380399E+00
    0.8787837885E+01      0.8787837885E+01      0.1294525833E+01      0.5126366152E+00
    0.8752096918E+01      0.8752096918E+01      0.1338247528E+01      0.5798531923E+00
    0.8718287968E+01      0.8718287968E+01      0.1372565845E+01      0.6493226542E+00
    0.8692004278E+01      0.8692004278E+01      0.1407404204E+01      0.7193260719E+00
    0.8667375772E+01      0.8667375772E+01      0.1439199227E+01      0.7913296564E+00
    0.8642296798E+01      0.8642296798E+01      0.1468016806E+01      0.8656674083E+00
    0.8617907067E+01      0.8617907067E+01      0.1497051325E+01      0.9421145723E+00
    0.8593665842E+01      0.8593665842E+01      0.1527418945E+01      0.1021103805E+01
    0.8567780455E+01      0.8567780455E+01      0.1560523419E+01      0.1104581921E+01
    0.8539534029E+01      0.8539534029E+01      0.1596355113E+01      0.1194307268E+01
    0.8509857672E+01      0.8509857672E+01      0.1633616417E+01      0.1291980419E+01
    0.8479602135E+01      0.8479602135E+01      0.1671846179E+01      0.1398369906E+01
    0.8446570550E+01      0.8446570550E+01      0.1714177563E+01      0.1514669518E+01
    0.8407763737E+01      0.8407763737E+01      0.1764222577E+01      0.1643811520E+01
    0.8360059954E+01      0.8360059954E+01      0.1825149636E+01      0.1790724121E+01
    0.8300188847E+01      0.8300188847E+01      0.1900602249E+01      0.1961712291E+01
    0.8223250791E+01      0.8223250791E+01      0.1997524459E+01      0.2164708130E+01
    0.8121087105E+01      0.8121087105E+01      0.2128391398E+01      0.2410679582E+01
    0.7979046409E+01      0.7979046409E+01      0.2318594539E+01      0.2721491783E+01
    0.7757846286E+01      0.7757846286E+01      0.2632358420E+01      0.3132328611E+01
    0.7374599477E+01      0.7374599477E+01      0.3221095893E+01      0.3696690922E+01
    0.6559110174E+01      0.6559110174E+01      0.4626173081E+01      0.5228396761E+01
    0.3532839388E+01      0.3532839388E+01      0.8294964776E+01      0.3537643298E+01
