    0.6194916354E+01      0.6194916354E+01      0.3782121276E+01     -0.2579037484E+01
    0.6239224947E+01      0.6239224947E+01      0.3646448321E+01     -0.2430318401E+01
    0.6272941628E+01      0.6272941628E+01      0.3524693141E+01     -0.2291957608E+01
    0.6296667265E+01      0.6296667265E+01      0.3415016503E+01     -0.2160436684E+01
    0.6311084040E+01      0.6311084040E+01      0.3315189690E+01     -0.2033759328E+01
    0.6321109053E+01      0.6321109053E+01      0.3228293192E+01     -0.1912482395E+01
    0.6328123164E+01      0.6328123164E+01      0.3152681846E+01     -0.1796517030E+01
    0.6331369199E+01      0.6331369199E+01      0.3082449235E+01     -0.1688364761E+01
    0.6330597939E+01      0.6330597939E+01      0.3015651985E+01     -0.1589030304E+01
    0.6327230506E+01      0.6327230506E+01      0.2952494848E+01     -0.1497137739E+01
    0.6321664519E+01      0.6321664519E+01      0.2891232709E+01     -0.1412384211E+01
    0.6314663569E+01      0.6314663569E+01      0.2832555608E+01     -0.1334861115E+01
    0.6307906855E+01      0.6307906855E+01      0.2778396198E+01     -0.1264419011E+01
    0.6301930071E+01      0.6301930071E+01      0.2729139450E+01     -0.1200109106E+01
    0.6296513240E+01      0.6296513240E+01      0.2683944581E+01     -0.1140745086E+01
    0.6291255139E+01      0.6291255139E+01      0.2642404621E+01     -0.1085600083E+01
    0.6285804859E+01      0.6285804859E+01      0.2604069154E+01     -0.1034088716E+01
    0.6279655895E+01      0.6279655895E+01      0.2568561275E+01     -0.9856805545E+00
    0.6272736790E+01      0.6272736790E+01      0.2535526555E+01     -0.9398158879E+00
    0.6265311200E+01      0.6265311200E+01      0.2505062804E+01     -0.8960833234E+00
    0.6257397313E+01      0.6257397313E+01      0.2477147950E+01     -0.8547857146E+00
    0.6248948367E+01      0.6248948367E+01      0.2451692363E+01     -0.8157617248E+00
    0.6239969184E+01      0.6239969184E+01      0.2428679355E+01     -0.7771341823E+00
    0.6230965574E+01      0.6230965574E+01      0.2407823663E+01     -0.7396783415E+00
    0.6212970761E+01      0.6212970761E+01      0.2383911731E+01     -0.6836506918E+00
    0.6233636544E+01      0.6233636544E+01      0.3927821942E+01     -0.2430562261E+01
    0.6276732563E+01      0.6276732563E+01      0.3784517458E+01     -0.2300379526E+01
    0.6310365655E+01      0.6310365655E+01      0.3655567924E+01     -0.2178019974E+01
    0.6334156601E+01      0.6334156601E+01      0.3538350195E+01     -0.2060481879E+01
    0.6348874666E+01      0.6348874666E+01      0.3431743060E+01     -0.1947019210E+01
    0.6358032524E+01      0.6358032524E+01      0.3338462496E+01     -0.1836698904E+01
    0.6362835098E+01      0.6362835098E+01      0.3255743971E+01     -0.1727545400E+01
    0.6362676304E+01      0.6362676304E+01      0.3178180183E+01     -0.1624846033E+01
    0.6359441247E+01      0.6359441247E+01      0.3107620307E+01     -0.1528663335E+01
    0.6353141959E+01      0.6353141959E+01      0.3039546162E+01     -0.1437637600E+01
    0.6344166313E+01      0.6344166313E+01      0.2973677838E+01     -0.1353162891E+01
    0.6333295551E+01      0.6333295551E+01      0.2910336308E+01     -0.1275540721E+01
    0.6322375479E+01      0.6322375479E+01      0.2850916810E+01     -0.1204694128E+01
    0.6312580773E+01      0.6312580773E+01      0.2796523615E+01     -0.1140093687E+01
    0.6303691664E+01      0.6303691664E+01      0.2746664300E+01     -0.1080915441E+01
    0.6295262419E+01      0.6295262419E+01      0.2700733276E+01     -0.1026316876E+01
    0.6287110194E+01      0.6287110194E+01      0.2658371026E+01     -0.9758754648E+00
    0.6279142987E+01      0.6279142987E+01      0.2619405090E+01     -0.9295162065E+00
    0.6270986626E+01      0.6270986626E+01      0.2583608756E+01     -0.8859350832E+00
    0.6262210590E+01      0.6262210590E+01      0.2550677497E+01     -0.8440699026E+00
    0.6252994974E+01      0.6252994974E+01      0.2520606315E+01     -0.8043935465E+00
    0.6243635951E+01      0.6243635951E+01      0.2493405942E+01     -0.7672461282E+00
    0.6234136070E+01      0.6234136070E+01      0.2468933604E+01     -0.7309809072E+00
    0.6225337052E+01      0.6225337052E+01      0.2447506880E+01     -0.6963082234E+00
    0.6207403073E+01      0.6207403073E+01      0.2423614107E+01     -0.6442492208E+00
    0.6277989040E+01      0.6277989040E+01      0.4052687559E+01     -0.2284537238E+01
    0.6320513384E+01      0.6320513384E+01      0.3904803735E+01     -0.2173144565E+01
    0.6354525441E+01      0.6354525441E+01      0.3771511858E+01     -0.2066997341E+01
    0.6378588047E+01      0.6378588047E+01      0.3649559207E+01     -0.1963482131E+01
    0.6393508872E+01      0.6393508872E+01      0.3538030840E+01     -0.1863874020E+01
    0.6403418187E+01      0.6403418187E+01      0.3441162969E+01     -0.1765258285E+01
    0.6406292264E+01      0.6406292264E+01      0.3351705817E+01     -0.1664688162E+01
    0.6404303227E+01      0.6404303227E+01      0.3271145855E+01     -0.1569085054E+01
    0.6398905602E+01      0.6398905602E+01      0.3196262012E+01     -0.1476515544E+01
    0.6389913984E+01      0.6389913984E+01      0.3124472757E+01     -0.1387493198E+01
    0.6377612292E+01      0.6377612292E+01      0.3054946464E+01     -0.1303825169E+01
    0.6362671097E+01      0.6362671097E+01      0.2987655413E+01     -0.1225866944E+01
    0.6346779189E+01      0.6346779189E+01      0.2923354504E+01     -0.1153751988E+01
    0.6331992096E+01      0.6331992096E+01      0.2864048153E+01     -0.1087625096E+01
    0.6318483146E+01      0.6318483146E+01      0.2809538669E+01     -0.1027230001E+01
    0.6305805499E+01      0.6305805499E+01      0.2759141610E+01     -0.9716897025E+00
    0.6293728887E+01      0.6293728887E+01      0.2712490448E+01     -0.9205975423E+00
    0.6282230793E+01      0.6282230793E+01      0.2669557522E+01     -0.8739641170E+00
    0.6271172092E+01      0.6271172092E+01      0.2630238550E+01     -0.8314749914E+00
    0.6260521818E+01      0.6260521818E+01      0.2594553864E+01     -0.7918183735E+00
    0.6249865433E+01      0.6249865433E+01      0.2562385223E+01     -0.7537906798E+00
    0.6239227404E+01      0.6239227404E+01      0.2533417905E+01     -0.7182698400E+00
    0.6228277714E+01      0.6228277714E+01      0.2507110765E+01     -0.6834797732E+00
    0.6218942651E+01      0.6218942651E+01      0.2484872472E+01     -0.6507314212E+00
    0.6200741696E+01      0.6200741696E+01      0.2460717287E+01     -0.6024659087E+00
    0.6327733327E+01      0.6327733327E+01      0.4156578835E+01     -0.2142141869E+01
    0.6370002702E+01      0.6370002702E+01      0.4006121790E+01     -0.2049700304E+01
    0.6404857093E+01      0.6404857093E+01      0.3871035669E+01     -0.1960107608E+01
    0.6429187899E+01      0.6429187899E+01      0.3746196758E+01     -0.1870653585E+01
    0.6444609826E+01      0.6444609826E+01      0.3632384716E+01     -0.1785213561E+01
    0.6455923810E+01      0.6455923810E+01      0.3533976668E+01     -0.1698661700E+01
    0.6458179986E+01      0.6458179986E+01      0.3441332974E+01     -0.1609215204E+01
    0.6455667226E+01      0.6455667226E+01      0.3358364852E+01     -0.1521187793E+01
    0.6449189596E+01      0.6449189596E+01      0.3280913008E+01     -0.1434207555E+01
    0.6438383477E+01      0.6438383477E+01      0.3206695202E+01     -0.1348935816E+01
    0.6423463531E+01      0.6423463531E+01      0.3134645245E+01     -0.1267234604E+01
    0.6405016371E+01      0.6405016371E+01      0.3064476462E+01     -0.1189511919E+01
    0.6384383837E+01      0.6384383837E+01      0.2996593389E+01     -0.1115998498E+01
    0.6363895915E+01      0.6363895915E+01      0.2932718933E+01     -0.1047382038E+01
    0.6344712170E+01      0.6344712170E+01      0.2873715049E+01     -0.9843401434E+00
    0.6326501543E+01      0.6326501543E+01      0.2818827972E+01     -0.9262887864E+00
    0.6309064734E+01      0.6309064734E+01      0.2767676224E+01     -0.8730311513E+00
    0.6292516542E+01      0.6292516542E+01      0.2720352481E+01     -0.8245637972E+00
    0.6276987662E+01      0.6276987662E+01      0.2676997425E+01     -0.7805287232E+00
    0.6262600564E+01      0.6262600564E+01      0.2637903325E+01     -0.7404147870E+00
    0.6249012084E+01      0.6249012084E+01      0.2602812119E+01     -0.7036248845E+00
    0.6236748435E+01      0.6236748435E+01      0.2572023022E+01     -0.6698496933E+00
    0.6224188026E+01      0.6224188026E+01      0.2544075762E+01     -0.6363177438E+00
    0.6213352255E+01      0.6213352255E+01      0.2520802953E+01     -0.6049127301E+00
    0.6193741383E+01      0.6193741383E+01      0.2495558580E+01     -0.5592757608E+00
    0.6382432544E+01      0.6382432544E+01      0.4241122736E+01     -0.2006223636E+01
    0.6423970668E+01      0.6423970668E+01      0.4089501495E+01     -0.1931759859E+01
    0.6459610845E+01      0.6459610845E+01      0.3954535657E+01     -0.1857820523E+01
    0.6483682483E+01      0.6483682483E+01      0.3827925136E+01     -0.1782432719E+01
    0.6499797675E+01      0.6499797675E+01      0.3713911014E+01     -0.1709771243E+01
    0.6512683537E+01      0.6512683537E+01      0.3615582854E+01     -0.1635589533E+01
    0.6515823478E+01      0.6515823478E+01      0.3522700140E+01     -0.1558038579E+01
    0.6513823957E+01      0.6513823957E+01      0.3438415950E+01     -0.1478977514E+01
    0.6507609661E+01      0.6507609661E+01      0.3359995460E+01     -0.1399589773E+01
    0.6496514372E+01      0.6496514372E+01      0.3284811659E+01     -0.1320336328E+01
    0.6480415110E+01      0.6480415110E+01      0.3211621228E+01     -0.1242675929E+01
    0.6459901871E+01      0.6459901871E+01      0.3140017799E+01     -0.1167062296E+01
    0.6436017229E+01      0.6436017229E+01      0.3070223101E+01     -0.1093579351E+01
    0.6410565712E+01      0.6410565712E+01      0.3003012467E+01     -0.1023037037E+01
    0.6385577374E+01      0.6385577374E+01      0.2939974282E+01     -0.9570380573E+00
    0.6361149253E+01      0.6361149253E+01      0.2880918574E+01     -0.8954531060E+00
    0.6337171300E+01      0.6337171300E+01      0.2825322444E+01     -0.8384475933E+00
    0.6314133478E+01      0.6314133478E+01      0.2773453583E+01     -0.7863815521E+00
    0.6292373694E+01      0.6292373694E+01      0.2725623903E+01     -0.7391337470E+00
    0.6272449306E+01      0.6272449306E+01      0.2682518268E+01     -0.6964174142E+00
    0.6253951277E+01      0.6253951277E+01      0.2643680248E+01     -0.6571123528E+00
    0.6237979181E+01      0.6237979181E+01      0.2610367718E+01     -0.6226028953E+00
    0.6222377495E+01      0.6222377495E+01      0.2580103966E+01     -0.5902513893E+00
    0.6209897301E+01      0.6209897301E+01      0.2555702935E+01     -0.5601781139E+00
    0.6188393652E+01      0.6188393652E+01      0.2528757177E+01     -0.5165900961E+00
    0.6439874902E+01      0.6439874902E+01      0.4308223986E+01     -0.1875784389E+01
    0.6479591198E+01      0.6479591198E+01      0.4157081036E+01     -0.1816990665E+01
    0.6515382429E+01      0.6515382429E+01      0.4023021542E+01     -0.1757051597E+01
    0.6539017317E+01      0.6539017317E+01      0.3895928878E+01     -0.1695496812E+01
    0.6555531950E+01      0.6555531950E+01      0.3782216828E+01     -0.1633762022E+01
    0.6570194055E+01      0.6570194055E+01      0.3685457577E+01     -0.1571441635E+01
    0.6575364734E+01      0.6575364734E+01      0.3594147056E+01     -0.1506050299E+01
    0.6574516440E+01      0.6574516440E+01      0.3509862541E+01     -0.1437277597E+01
    0.6569579212E+01      0.6569579212E+01      0.3431827005E+01     -0.1367266033E+01
    0.6559449149E+01      0.6559449149E+01      0.3356941177E+01     -0.1296360885E+01
    0.6543888628E+01      0.6543888628E+01      0.3284006901E+01     -0.1225140422E+01
    0.6523248823E+01      0.6523248823E+01      0.3212376812E+01     -0.1154216745E+01
    0.6498388873E+01      0.6498388873E+01      0.3142189711E+01     -0.1083542757E+01
    0.6470456337E+01      0.6470456337E+01      0.3073893322E+01     -0.1013490802E+01
    0.6441050041E+01      0.6441050041E+01      0.3008117550E+01     -0.9461616951E+00
    0.6410995547E+01      0.6410995547E+01      0.2945806533E+01     -0.8816748540E+00
    0.6380430326E+01      0.6380430326E+01      0.2886337304E+01     -0.8206320627E+00
    0.6350203196E+01      0.6350203196E+01      0.2830103759E+01     -0.7640048586E+00
    0.6321106085E+01      0.6321106085E+01      0.2777732853E+01     -0.7120569523E+00
    0.6294433927E+01      0.6294433927E+01      0.2730494615E+01     -0.6651629489E+00
    0.6269085913E+01      0.6269085913E+01      0.2687274187E+01     -0.6214965401E+00
    0.6247430249E+01      0.6247430249E+01      0.2650637903E+01     -0.5832789426E+00
    0.6226412193E+01      0.6226412193E+01      0.2616891877E+01     -0.5475495666E+00
    0.6210069382E+01      0.6210069382E+01      0.2590519956E+01     -0.5171695405E+00
    0.6185479558E+01      0.6185479558E+01      0.2560563496E+01     -0.4755700303E+00
    0.6496663781E+01      0.6496663781E+01      0.4360239169E+01     -0.1747286651E+01
    0.6534127072E+01      0.6534127072E+01      0.4210634053E+01     -0.1701707832E+01
    0.6568768421E+01      0.6568768421E+01      0.4077778260E+01     -0.1654169790E+01
    0.6591824552E+01      0.6591824552E+01      0.3951923314E+01     -0.1605034472E+01
    0.6607757083E+01      0.6607757083E+01      0.3838714039E+01     -0.1553598912E+01
    0.6623132993E+01      0.6623132993E+01      0.3743670711E+01     -0.1501174872E+01
    0.6630620556E+01      0.6630620556E+01      0.3655128070E+01     -0.1446656822E+01
    0.6631325407E+01      0.6631325407E+01      0.3571594560E+01     -0.1388413119E+01
    0.6628541611E+01      0.6628541611E+01      0.3494688911E+01     -0.1328281347E+01
    0.6621012527E+01      0.6621012527E+01      0.3421129403E+01     -0.1267202387E+01
    0.6607975401E+01      0.6607975401E+01      0.3349584015E+01     -0.1205369780E+01
    0.6589284628E+01      0.6589284628E+01      0.3279318519E+01     -0.1142586953E+01
    0.6565475260E+01      0.6565475260E+01      0.3210178075E+01     -0.1078291117E+01
    0.6537378954E+01      0.6537378954E+01      0.3142497640E+01     -0.1012187498E+01
    0.6505802503E+01      0.6505802503E+01      0.3076632235E+01     -0.9459667816E+00
    0.6471816478E+01      0.6471816478E+01      0.3012566620E+01     -0.8806234233E+00
    0.6436219403E+01      0.6436219403E+01      0.2950394271E+01     -0.8173032305E+00
    0.6400051853E+01      0.6400051853E+01      0.2890543435E+01     -0.7574067104E+00
    0.6364061124E+01      0.6364061124E+01      0.2833858456E+01     -0.7010535669E+00
    0.6330589576E+01      0.6330589576E+01      0.2782793606E+01     -0.6497424067E+00
    0.6297834100E+01      0.6297834100E+01      0.2735163139E+01     -0.6008912605E+00
    0.6269311956E+01      0.6269311956E+01      0.2694919829E+01     -0.5576904556E+00
    0.6240899558E+01      0.6240899558E+01      0.2656994345E+01     -0.5164720687E+00
    0.6218433998E+01      0.6218433998E+01      0.2627806104E+01     -0.4816204968E+00
    0.6187901818E+01      0.6187901818E+01      0.2592468918E+01     -0.4369239568E+00
    0.6550610622E+01      0.6550610622E+01      0.4399650758E+01     -0.1618882216E+01
    0.6584852326E+01      0.6584852326E+01      0.4252265337E+01     -0.1584665525E+01
    0.6616951059E+01      0.6616951059E+01      0.4121016798E+01     -0.1547754203E+01
    0.6639109248E+01      0.6639109248E+01      0.3997614273E+01     -0.1509281258E+01
    0.6653916047E+01      0.6653916047E+01      0.3885484901E+01     -0.1467167714E+01
    0.6668885882E+01      0.6668885882E+01      0.3791775134E+01     -0.1423070701E+01
    0.6677941441E+01      0.6677941441E+01      0.3705964723E+01     -0.1377893564E+01
    0.6680051472E+01      0.6680051472E+01      0.3623890476E+01     -0.1329651978E+01
    0.6678879509E+01      0.6678879509E+01      0.3547863268E+01     -0.1279150544E+01
    0.6673974554E+01      0.6673974554E+01      0.3475855003E+01     -0.1227744260E+01
    0.6664209629E+01      0.6664209629E+01      0.3406023619E+01     -0.1175403262E+01
    0.6649316555E+01      0.6649316555E+01      0.3337846863E+01     -0.1121639604E+01
    0.6629318174E+01      0.6629318174E+01      0.3271240962E+01     -0.1065918160E+01
    0.6604322521E+01      0.6604322521E+01      0.3206226166E+01     -0.1008001513E+01
    0.6574088929E+01      0.6574088929E+01      0.3142577183E+01     -0.9479836278E+00
    0.6539713662E+01      0.6539713662E+01      0.3079023167E+01     -0.8861084472E+00
    0.6501367775E+01      0.6501367775E+01      0.3016344977E+01     -0.8231421095E+00
    0.6459423654E+01      0.6459423654E+01      0.2953787752E+01     -0.7608960730E+00
    0.6417152837E+01      0.6417152837E+01      0.2893128550E+01     -0.7016036739E+00
    0.6378044415E+01      0.6378044415E+01      0.2838771094E+01     -0.6473670960E+00
    0.6339252970E+01      0.6339252970E+01      0.2787436666E+01     -0.5949391853E+00
    0.6304552764E+01      0.6304552764E+01      0.2743863776E+01     -0.5474449801E+00
    0.6268975495E+01      0.6268975495E+01      0.2702256125E+01     -0.5006636146E+00
    0.6239006278E+01      0.6239006278E+01      0.2669579372E+01     -0.4599765203E+00
    0.6200512728E+01      0.6200512728E+01      0.2626382615E+01     -0.4089699334E+00
    0.6599193351E+01      0.6599193351E+01      0.4428790335E+01     -0.1489438545E+01
    0.6629622220E+01      0.6629622220E+01      0.4284401084E+01     -0.1464868652E+01
    0.6658175795E+01      0.6658175795E+01      0.4155030854E+01     -0.1436687429E+01
    0.6679134396E+01      0.6679134396E+01      0.4034640271E+01     -0.1406990946E+01
    0.6692768932E+01      0.6692768932E+01      0.3924316752E+01     -0.1373141547E+01
    0.6706648482E+01      0.6706648482E+01      0.3831545213E+01     -0.1336290504E+01
    0.6716264303E+01      0.6716264303E+01      0.3747772526E+01     -0.1298896536E+01
    0.6719342426E+01      0.6719342426E+01      0.3667293505E+01     -0.1259604769E+01
    0.6719228663E+01      0.6719228663E+01      0.3591963721E+01     -0.1218179857E+01
    0.6716387711E+01      0.6716387711E+01      0.3521203666E+01     -0.1175848078E+01
    0.6709536799E+01      0.6709536799E+01      0.3452965921E+01     -0.1132788620E+01
    0.6698244483E+01      0.6698244483E+01      0.3386859716E+01     -0.1088455799E+01
    0.6682447376E+01      0.6682447376E+01      0.3322897987E+01     -0.1042140601E+01
    0.6662246042E+01      0.6662246042E+01      0.3261150548E+01     -0.9934547402E+00
    0.6637437460E+01      0.6637437460E+01      0.3201030299E+01     -0.9420344495E+00
    0.6606439731E+01      0.6606439731E+01      0.3141075658E+01     -0.8882099988E+00
    0.6569715285E+01      0.6569715285E+01      0.3079963509E+01     -0.8315537334E+00
    0.6528693785E+01      0.6528693785E+01      0.3018712083E+01     -0.7730793127E+00
    0.6481478440E+01      0.6481478440E+01      0.2956464849E+01     -0.7118250567E+00
    0.6434807161E+01      0.6434807161E+01      0.2897988917E+01     -0.6536138332E+00
    0.6389513633E+01      0.6389513633E+01      0.2842973291E+01     -0.5982871391E+00
    0.6349002735E+01      0.6349002735E+01      0.2796202747E+01     -0.5478905779E+00
    0.6308132949E+01      0.6308132949E+01      0.2752073072E+01     -0.4980125219E+00
    0.6272414877E+01      0.6272414877E+01      0.2715860979E+01     -0.4531788676E+00
    0.6226798773E+01      0.6226798773E+01      0.2663886254E+01     -0.3957567078E+00
    0.6640177710E+01      0.6640177710E+01      0.4449658279E+01     -0.1358035068E+01
    0.6667189982E+01      0.6667189982E+01      0.4309274606E+01     -0.1341925662E+01
    0.6692031317E+01      0.6692031317E+01      0.4181835308E+01     -0.1321054098E+01
    0.6711626629E+01      0.6711626629E+01      0.4064512471E+01     -0.1298343568E+01
    0.6724352571E+01      0.6724352571E+01      0.3956302746E+01     -0.1271648501E+01
    0.6737114570E+01      0.6737114570E+01      0.3864511420E+01     -0.1241441454E+01
    0.6746396369E+01      0.6746396369E+01      0.3782016760E+01     -0.1210777228E+01
    0.6749666115E+01      0.6749666115E+01      0.3702624358E+01     -0.1179318861E+01
    0.6749996692E+01      0.6749996692E+01      0.3627852961E+01     -0.1146195887E+01
    0.6748335975E+01      0.6748335975E+01      0.3557826943E+01     -0.1112090328E+01
    0.6743631376E+01      0.6743631376E+01      0.3490805327E+01     -0.1077535711E+01
    0.6735433925E+01      0.6735433925E+01      0.3426388224E+01     -0.1042134285E+01
    0.6723715877E+01      0.6723715877E+01      0.3364753439E+01     -0.1005143387E+01
    0.6708397379E+01      0.6708397379E+01      0.3305911215E+01     -0.9660469076E+00
    0.6689049898E+01      0.6689049898E+01      0.3249321640E+01     -0.9243731516E+00
    0.6664473310E+01      0.6664473310E+01      0.3193786155E+01     -0.8796292936E+00
    0.6633179541E+01      0.6633179541E+01      0.3137652699E+01     -0.8320274524E+00
    0.6594807736E+01      0.6594807736E+01      0.3079084806E+01     -0.7812302659E+00
    0.6550946602E+01      0.6550946602E+01      0.3019503339E+01     -0.7271608016E+00
    0.6502783267E+01      0.6502783267E+01      0.2960585426E+01     -0.6703966599E+00
    0.6451256232E+01      0.6451256232E+01      0.2902684382E+01     -0.6117725824E+00
    0.6403295810E+01      0.6403295810E+01      0.2852514990E+01     -0.5568120050E+00
    0.6356341311E+01      0.6356341311E+01      0.2804878553E+01     -0.5039356350E+00
    0.6315230245E+01      0.6315230245E+01      0.2764882100E+01     -0.4563348695E+00
    0.6263976349E+01      0.6263976349E+01      0.2704440766E+01     -0.3948974577E+00
    0.6673163881E+01      0.6673163881E+01      0.4463163437E+01     -0.1225725348E+01
    0.6697785511E+01      0.6697785511E+01      0.4328052084E+01     -0.1216322818E+01
    0.6719534649E+01      0.6719534649E+01      0.4202798181E+01     -0.1201718968E+01
    0.6737843558E+01      0.6737843558E+01      0.4088380321E+01     -0.1184607299E+01
    0.6749914694E+01      0.6749914694E+01      0.3982390413E+01     -0.1164020729E+01
    0.6761803751E+01      0.6761803751E+01      0.3891693992E+01     -0.1140128733E+01
    0.6770231644E+01      0.6770231644E+01      0.3809800916E+01     -0.1115709720E+01
    0.6772974542E+01      0.6772974542E+01      0.3730838590E+01     -0.1091260680E+01
    0.6773199594E+01      0.6773199594E+01      0.3656426275E+01     -0.1065661057E+01
    0.6771913486E+01      0.6771913486E+01      0.3586726360E+01     -0.1038955597E+01
    0.6768419406E+01      0.6768419406E+01      0.3520375688E+01     -0.1011940687E+01
    0.6762416005E+01      0.6762416005E+01      0.3457122998E+01     -0.9845268054E+00
    0.6753857153E+01      0.6753857153E+01      0.3397242597E+01     -0.9560354669E+00
    0.6742637854E+01      0.6742637854E+01      0.3340827902E+01     -0.9258544443E+00
    0.6728270125E+01      0.6728270125E+01      0.3287424909E+01     -0.8935282695E+00
    0.6709537036E+01      0.6709537036E+01      0.3235916166E+01     -0.8586255419E+00
    0.6684954944E+01      0.6684954944E+01      0.3184559659E+01     -0.8204016378E+00
    0.6653679682E+01      0.6653679682E+01      0.3131866387E+01     -0.7788894528E+00
    0.6614057517E+01      0.6614057517E+01      0.3076564164E+01     -0.7337221168E+00
    0.6568962456E+01      0.6568962456E+01      0.3019389707E+01     -0.6843327530E+00
    0.6519510880E+01      0.6519510880E+01      0.2964015105E+01     -0.6316905245E+00
    0.6468656895E+01      0.6468656895E+01      0.2912072318E+01     -0.5769370806E+00
    0.6416472885E+01      0.6416472885E+01      0.2861232068E+01     -0.5210178818E+00
    0.6369978850E+01      0.6369978850E+01      0.2816994733E+01     -0.4696707364E+00
    0.6312170076E+01      0.6312170076E+01      0.2748103431E+01     -0.4035440654E+00
    0.6699532800E+01      0.6699532800E+01      0.4470512242E+01     -0.1093674230E+01
    0.6722816332E+01      0.6722816332E+01      0.4341240763E+01     -0.1089108452E+01
    0.6742583782E+01      0.6742583782E+01      0.4218709762E+01     -0.1079868985E+01
    0.6759954779E+01      0.6759954779E+01      0.4107055840E+01     -0.1067604644E+01
    0.6771409565E+01      0.6771409565E+01      0.4003178963E+01     -0.1052319744E+01
    0.6782555025E+01      0.6782555025E+01      0.3913544453E+01     -0.1034456200E+01
    0.6789747336E+01      0.6789747336E+01      0.3831632231E+01     -0.1016125807E+01
    0.6791561566E+01      0.6791561566E+01      0.3752622869E+01     -0.9983320115E+00
    0.6791345581E+01      0.6791345581E+01      0.3678461972E+01     -0.9796151364E+00
    0.6789830023E+01      0.6789830023E+01      0.3608777826E+01     -0.9596494886E+00
    0.6786702923E+01      0.6786702923E+01      0.3542660384E+01     -0.9392734696E+00
    0.6781909808E+01      0.6781909808E+01      0.3480151464E+01     -0.9187508886E+00
    0.6775427626E+01      0.6775427626E+01      0.3421587987E+01     -0.8975943676E+00
    0.6767135677E+01      0.6767135677E+01      0.3367107766E+01     -0.8752328198E+00
    0.6756527865E+01      0.6756527865E+01      0.3316278120E+01     -0.8512146695E+00
    0.6742629915E+01      0.6742629915E+01      0.3268032319E+01     -0.8251124640E+00
    0.6723911700E+01      0.6723911700E+01      0.3220806830E+01     -0.7963752988E+00
    0.6699187909E+01      0.6699187909E+01      0.3172937289E+01     -0.7641916290E+00
    0.6667644935E+01      0.6667644935E+01      0.3123836112E+01     -0.7281853895E+00
    0.6627871807E+01      0.6627871807E+01      0.3072252337E+01     -0.6880671469E+00
    0.6581342959E+01      0.6581342959E+01      0.3019453273E+01     -0.6430935665E+00
    0.6533388926E+01      0.6533388926E+01      0.2968246251E+01     -0.5950363518E+00
    0.6484039597E+01      0.6484039597E+01      0.2918041136E+01     -0.5452093682E+00
    0.6436733880E+01      0.6436733880E+01      0.2870807631E+01     -0.4950443489E+00
    0.6374070178E+01      0.6374070178E+01      0.2794975148E+01     -0.4254012667E+00
    0.6721658181E+01      0.6721658181E+01      0.4472454235E+01     -0.9625902196E+00
    0.6744301413E+01      0.6744301413E+01      0.4348721477E+01     -0.9614582891E+00
    0.6763077771E+01      0.6763077771E+01      0.4229565610E+01     -0.9568298964E+00
    0.6780044499E+01      0.6780044499E+01      0.4120854772E+01     -0.9491692428E+00
    0.6790796662E+01      0.6790796662E+01      0.4018794739E+01     -0.9388395140E+00
    0.6800970818E+01      0.6800970818E+01      0.3929917584E+01     -0.9266578836E+00
    0.6806538260E+01      0.6806538260E+01      0.3847428335E+01     -0.9143882656E+00
    0.6807333903E+01      0.6807333903E+01      0.3768353317E+01     -0.9030207916E+00
    0.6806550010E+01      0.6806550010E+01      0.3694455730E+01     -0.8907558589E+00
    0.6804479705E+01      0.6804479705E+01      0.3624667372E+01     -0.8770714587E+00
    0.6801198288E+01      0.6801198288E+01      0.3558660398E+01     -0.8626897611E+00
    0.6796826582E+01      0.6796826582E+01      0.3496674137E+01     -0.8481206545E+00
    0.6791443066E+01      0.6791443066E+01      0.3439104128E+01     -0.8331887612E+00
    0.6784952121E+01      0.6784952121E+01      0.3386086815E+01     -0.8174588144E+00
    0.6776887565E+01      0.6776887565E+01      0.3337193262E+01     -0.8005196632E+00
    0.6766320139E+01      0.6766320139E+01      0.3291421669E+01     -0.7820002667E+00
    0.6752026637E+01      0.6752026637E+01      0.3247364187E+01     -0.7614018015E+00
    0.6732730337E+01      0.6732730337E+01      0.3203641123E+01     -0.7379194296E+00
    0.6707244503E+01      0.6707244503E+01      0.3159500427E+01     -0.7109110178E+00
    0.6675228500E+01      0.6675228500E+01      0.3114231993E+01     -0.6793545514E+00
    0.6635751372E+01      0.6635751372E+01      0.3067649002E+01     -0.6437485854E+00
    0.6591114658E+01      0.6591114658E+01      0.3018183479E+01     -0.6036680128E+00
    0.6546649883E+01      0.6546649883E+01      0.2967416284E+01     -0.5622715259E+00
    0.6505311010E+01      0.6505311010E+01      0.2918629501E+01     -0.5212564297E+00
    0.6446999688E+01      0.6446999688E+01      0.2842311253E+01     -0.4587373420E+00
    0.6741698749E+01      0.6741698749E+01      0.4470778506E+01     -0.8325461941E+00
    0.6764125226E+01      0.6764125226E+01      0.4351080894E+01     -0.8341144717E+00
    0.6782515906E+01      0.6782515906E+01      0.4235333769E+01     -0.8333800481E+00
    0.6799372775E+01      0.6799372775E+01      0.4129694597E+01     -0.8304375390E+00
    0.6809407313E+01      0.6809407313E+01      0.4029317218E+01     -0.8252407813E+00
    0.6818206404E+01      0.6818206404E+01      0.3940628945E+01     -0.8186414559E+00
    0.6821789731E+01      0.6821789731E+01      0.3857097960E+01     -0.8124127612E+00
    0.6821634502E+01      0.6821634502E+01      0.3778346434E+01     -0.8071641021E+00
    0.6820125423E+01      0.6820125423E+01      0.3704640112E+01     -0.8009839530E+00
    0.6817490045E+01      0.6817490045E+01      0.3634898950E+01     -0.7933093374E+00
    0.6813897676E+01      0.6813897676E+01      0.3569133381E+01     -0.7845409306E+00
    0.6809540314E+01      0.6809540314E+01      0.3507674188E+01     -0.7753150707E+00
    0.6804572697E+01      0.6804572697E+01      0.3450907849E+01     -0.7657597796E+00
    0.6798985584E+01      0.6798985584E+01      0.3398965079E+01     -0.7556634365E+00
    0.6792366724E+01      0.6792366724E+01      0.3351451630E+01     -0.7447049511E+00
    0.6783908710E+01      0.6783908710E+01      0.3307454676E+01     -0.7325497138E+00
    0.6772550335E+01      0.6772550335E+01      0.3265789859E+01     -0.7187627873E+00
    0.6757073784E+01      0.6757073784E+01      0.3225353497E+01     -0.7025851968E+00
    0.6736452608E+01      0.6736452608E+01      0.3185461699E+01     -0.6833075548E+00
    0.6710005880E+01      0.6710005880E+01      0.3145321269E+01     -0.6601274602E+00
    0.6677794582E+01      0.6677794582E+01      0.3104084534E+01     -0.6326657950E+00
    0.6641772914E+01      0.6641772914E+01      0.3059704975E+01     -0.6019663181E+00
    0.6603690314E+01      0.6603690314E+01      0.3008913851E+01     -0.5701007389E+00
    0.6568320274E+01      0.6568320274E+01      0.2957663228E+01     -0.5381203931E+00
    0.6515004112E+01      0.6515004112E+01      0.2884102805E+01     -0.4857419138E+00
    0.6761044645E+01      0.6761044645E+01      0.4466900850E+01     -0.7028159538E+00
    0.6783050521E+01      0.6783050521E+01      0.4349837864E+01     -0.7074008354E+00
    0.6801307971E+01      0.6801307971E+01      0.4236878923E+01     -0.7105525573E+00
    0.6818038361E+01      0.6818038361E+01      0.4133715563E+01     -0.7121515585E+00
    0.6827360253E+01      0.6827360253E+01      0.4034812439E+01     -0.7120920407E+00
    0.6834402872E+01      0.6834402872E+01      0.3945950270E+01     -0.7111874035E+00
    0.6835940097E+01      0.6835940097E+01      0.3861252145E+01     -0.7110287439E+00
    0.6835008152E+01      0.6835008152E+01      0.3782843020E+01     -0.7115723188E+00
    0.6832845748E+01      0.6832845748E+01      0.3709370365E+01     -0.7112000167E+00
    0.6829759191E+01      0.6829759191E+01      0.3639855527E+01     -0.7094109028E+00
    0.6825972542E+01      0.6825972542E+01      0.3574511232E+01     -0.7061744525E+00
    0.6821565031E+01      0.6821565031E+01      0.3513678901E+01     -0.7020613598E+00
    0.6816652051E+01      0.6816652051E+01      0.3457659297E+01     -0.6974244053E+00
    0.6811332642E+01      0.6811332642E+01      0.3406549177E+01     -0.6922563884E+00
    0.6805352661E+01      0.6805352661E+01      0.3360033809E+01     -0.6864120034E+00
    0.6798044728E+01      0.6798044728E+01      0.3317334838E+01     -0.6796693098E+00
    0.6788420282E+01      0.6788420282E+01      0.3277541455E+01     -0.6715877631E+00
    0.6775435407E+01      0.6775435407E+01      0.3239856874E+01     -0.6614645730E+00
    0.6758204962E+01      0.6758204962E+01      0.3203510734E+01     -0.6485995010E+00
    0.6736162096E+01      0.6736162096E+01      0.3167570876E+01     -0.6322686625E+00
    0.6710016350E+01      0.6710016350E+01      0.3130355749E+01     -0.6127032130E+00
    0.6682200804E+01      0.6682200804E+01      0.3088638310E+01     -0.5910979724E+00
    0.6654216761E+01      0.6654216761E+01      0.3040768759E+01     -0.5684973202E+00
    0.6624263008E+01      0.6624263008E+01      0.2989518661E+01     -0.5451851168E+00
    0.6574497195E+01      0.6574497195E+01      0.2919648293E+01     -0.5028380641E+00
    0.6780546805E+01      0.6780546805E+01      0.4461012497E+01     -0.5726099019E+00
    0.6802016701E+01      0.6802016701E+01      0.4345728003E+01     -0.5808579617E+00
    0.6819267207E+01      0.6819267207E+01      0.4234158240E+01     -0.5885531466E+00
    0.6835244886E+01      0.6835244886E+01      0.4132637549E+01     -0.5953189610E+00
    0.6843620091E+01      0.6843620091E+01      0.4034902554E+01     -0.6010547793E+00
    0.6848804424E+01      0.6848804424E+01      0.3945919457E+01     -0.6056425268E+00
    0.6848860334E+01      0.6848860334E+01      0.3860994622E+01     -0.6109568858E+00
    0.6847289570E+01      0.6847289570E+01      0.3783024013E+01     -0.6168424292E+00
    0.6844773100E+01      0.6844773100E+01      0.3709693586E+01     -0.6219504098E+00
    0.6841672048E+01      0.6841672048E+01      0.3640533761E+01     -0.6256497237E+00
    0.6837985905E+01      0.6837985905E+01      0.3575720737E+01     -0.6278329540E+00
    0.6833638707E+01      0.6833638707E+01      0.3515458327E+01     -0.6288836529E+00
    0.6828710047E+01      0.6828710047E+01      0.3460013516E+01     -0.6290732024E+00
    0.6823288029E+01      0.6823288029E+01      0.3409457952E+01     -0.6286334180E+00
    0.6817336543E+01      0.6817336543E+01      0.3363550218E+01     -0.6274691595E+00
    0.6810432325E+01      0.6810432325E+01      0.3321858783E+01     -0.6254868671E+00
    0.6801706700E+01      0.6801706700E+01      0.3283770089E+01     -0.6222911140E+00
    0.6790224614E+01      0.6790224614E+01      0.3248533639E+01     -0.6172265458E+00
    0.6775386909E+01      0.6775386909E+01      0.3215232491E+01     -0.6096876205E+00
    0.6756790098E+01      0.6756790098E+01      0.3182580523E+01     -0.5991913304E+00
    0.6736093362E+01      0.6736093362E+01      0.3147622679E+01     -0.5867010493E+00
    0.6716034728E+01      0.6716034728E+01      0.3107063371E+01     -0.5734046329E+00
    0.6695792249E+01      0.6695792249E+01      0.3061122736E+01     -0.5588941397E+00
    0.6673009066E+01      0.6673009066E+01      0.3013238652E+01     -0.5426627953E+00
    0.6626075812E+01      0.6626075812E+01      0.2949754924E+01     -0.5099092385E+00
    0.6798469190E+01      0.6798469190E+01      0.4449767747E+01     -0.4440332018E+00
    0.6818925552E+01      0.6818925552E+01      0.4334924109E+01     -0.4568747322E+00
    0.6834972343E+01      0.6834972343E+01      0.4223816876E+01     -0.4694794316E+00
    0.6850021523E+01      0.6850021523E+01      0.4123259438E+01     -0.4811545372E+00
    0.6857823651E+01      0.6857823651E+01      0.4026651489E+01     -0.4924764927E+00
    0.6861742207E+01      0.6861742207E+01      0.3937615396E+01     -0.5021930964E+00
    0.6861152022E+01      0.6861152022E+01      0.3853587998E+01     -0.5122748298E+00
    0.6859047675E+01      0.6859047675E+01      0.3776284890E+01     -0.5228466842E+00
    0.6856322427E+01      0.6856322427E+01      0.3703790137E+01     -0.5331546638E+00
    0.6853318455E+01      0.6853318455E+01      0.3635883487E+01     -0.5423279221E+00
    0.6849893625E+01      0.6849893625E+01      0.3572435408E+01     -0.5499181741E+00
    0.6845732662E+01      0.6845732662E+01      0.3513345787E+01     -0.5561165333E+00
    0.6840773981E+01      0.6840773981E+01      0.3458695021E+01     -0.5611927523E+00
    0.6835181734E+01      0.6835181734E+01      0.3408671117E+01     -0.5653072781E+00
    0.6829039426E+01      0.6829039426E+01      0.3363246158E+01     -0.5686367310E+00
    0.6822054699E+01      0.6822054699E+01      0.3322278298E+01     -0.5711441851E+00
    0.6813587910E+01      0.6813587910E+01      0.3285548852E+01     -0.5722085081E+00
    0.6802981315E+01      0.6802981315E+01      0.3252481343E+01     -0.5715310226E+00
    0.6789912217E+01      0.6789912217E+01      0.3221675719E+01     -0.5686137654E+00
    0.6774560512E+01      0.6774560512E+01      0.3191145489E+01     -0.5635736900E+00
    0.6759689763E+01      0.6759689763E+01      0.3156486874E+01     -0.5577510014E+00
    0.6746041110E+01      0.6746041110E+01      0.3116851125E+01     -0.5513760039E+00
    0.6731457406E+01      0.6731457406E+01      0.3072996400E+01     -0.5433830771E+00
    0.6712733471E+01      0.6712733471E+01      0.3028636769E+01     -0.5329750849E+00
    0.6670651527E+01      0.6670651527E+01      0.2972475998E+01     -0.5085516734E+00
    0.6814234206E+01      0.6814234206E+01      0.4432429512E+01     -0.3169817081E+00
    0.6833874864E+01      0.6833874864E+01      0.4316718287E+01     -0.3348979317E+00
    0.6848962936E+01      0.6848962936E+01      0.4205109770E+01     -0.3527254311E+00
    0.6862964283E+01      0.6862964283E+01      0.4104437928E+01     -0.3692531403E+00
    0.6870461091E+01      0.6870461091E+01      0.4008810019E+01     -0.3859136609E+00
    0.6873708309E+01      0.6873708309E+01      0.3920316626E+01     -0.4007002789E+00
    0.6872786786E+01      0.6872786786E+01      0.3837598981E+01     -0.4153918948E+00
    0.6870428146E+01      0.6870428146E+01      0.3761716940E+01     -0.4304253289E+00
    0.6867640373E+01      0.6867640373E+01      0.3690913753E+01     -0.4457698449E+00
    0.6864802812E+01      0.6864802812E+01      0.3624910034E+01     -0.4602737058E+00
    0.6861650863E+01      0.6861650863E+01      0.3563382052E+01     -0.4730939026E+00
    0.6857721977E+01      0.6857721977E+01      0.3506017487E+01     -0.4843137306E+00
    0.6852708637E+01      0.6852708637E+01      0.3452632578E+01     -0.4941994654E+00
    0.6846818098E+01      0.6846818098E+01      0.3403423863E+01     -0.5028821074E+00
    0.6840315538E+01      0.6840315538E+01      0.3358803529E+01     -0.5105135011E+00
    0.6833083041E+01      0.6833083041E+01      0.3318981778E+01     -0.5170996244E+00
    0.6824623673E+01      0.6824623673E+01      0.3283865159E+01     -0.5222156378E+00
    0.6814648516E+01      0.6814648516E+01      0.3252679327E+01     -0.5255342658E+00
    0.6803173649E+01      0.6803173649E+01      0.3223707146E+01     -0.5264850659E+00
    0.6791736717E+01      0.6791736717E+01      0.3192971112E+01     -0.5270249747E+00
    0.6782656125E+01      0.6782656125E+01      0.3158419098E+01     -0.5275832906E+00
    0.6774207704E+01      0.6774207704E+01      0.3119462065E+01     -0.5270937739E+00
    0.6763087145E+01      0.6763087145E+01      0.3078150611E+01     -0.5238594571E+00
    0.6746783415E+01      0.6746783415E+01      0.3037754013E+01     -0.5177129513E+00
    0.6707761751E+01      0.6707761751E+01      0.2987336881E+01     -0.5005963385E+00
    0.6827902382E+01      0.6827902382E+01      0.4410856480E+01     -0.1908909780E+00
    0.6847078687E+01      0.6847078687E+01      0.4294325425E+01     -0.2141941566E+00
    0.6861570350E+01      0.6861570350E+01      0.4182428443E+01     -0.2375752712E+00
    0.6874598801E+01      0.6874598801E+01      0.4081399147E+01     -0.2591128759E+00
    0.6882096600E+01      0.6882096600E+01      0.3986689114E+01     -0.2809572412E+00
    0.6885365417E+01      0.6885365417E+01      0.3899172813E+01     -0.3006635381E+00
    0.6884402033E+01      0.6884402033E+01      0.3817569914E+01     -0.3200504694E+00
    0.6881970926E+01      0.6881970926E+01      0.3743091526E+01     -0.3398603726E+00
    0.6879140990E+01      0.6879140990E+01      0.3673991699E+01     -0.3602526295E+00
    0.6876340283E+01      0.6876340283E+01      0.3609783332E+01     -0.3800021592E+00
    0.6873294158E+01      0.6873294158E+01      0.3550017878E+01     -0.3979655781E+00
    0.6869488279E+01      0.6869488279E+01      0.3494309964E+01     -0.4141743866E+00
    0.6864438571E+01      0.6864438571E+01      0.3442323445E+01     -0.4287540744E+00
    0.6858218141E+01      0.6858218141E+01      0.3394097140E+01     -0.4418847775E+00
    0.6851228902E+01      0.6851228902E+01      0.3350378791E+01     -0.4536739977E+00
    0.6843505476E+01      0.6843505476E+01      0.3311799900E+01     -0.4640531509E+00
    0.6834905679E+01      0.6834905679E+01      0.3278313704E+01     -0.4727186147E+00
    0.6825766977E+01      0.6825766977E+01      0.3248849727E+01     -0.4798400361E+00
    0.6816476723E+01      0.6816476723E+01      0.3220519922E+01     -0.4846688645E+00
    0.6809795039E+01      0.6809795039E+01      0.3189132140E+01     -0.4905506252E+00
    0.6805571818E+01      0.6805571818E+01      0.3154421545E+01     -0.4970697603E+00
    0.6801144826E+01      0.6801144826E+01      0.3116360786E+01     -0.5015561806E+00
    0.6791867705E+01      0.6791867705E+01      0.3078497372E+01     -0.5016439398E+00
    0.6776845602E+01      0.6776845602E+01      0.3042301250E+01     -0.4988291195E+00
    0.6740272342E+01      0.6740272342E+01      0.2996552591E+01     -0.4880551989E+00
    0.6839797757E+01      0.6839797757E+01      0.4383876879E+01     -0.6588344077E-01
    0.6858833196E+01      0.6858833196E+01      0.4266713628E+01     -0.9472867772E-01
    0.6873194702E+01      0.6873194702E+01      0.4154852317E+01     -0.1237553099E+00
    0.6885635652E+01      0.6885635652E+01      0.4053672053E+01     -0.1502039115E+00
    0.6893468600E+01      0.6893468600E+01      0.3960052009E+01     -0.1770372224E+00
    0.6897086114E+01      0.6897086114E+01      0.3873748733E+01     -0.2017758333E+00
    0.6896229182E+01      0.6896229182E+01      0.3793265357E+01     -0.2262659605E+00
    0.6893831559E+01      0.6893831559E+01      0.3720245954E+01     -0.2512885026E+00
    0.6890917309E+01      0.6890917309E+01      0.3652850340E+01     -0.2769274512E+00
    0.6887978442E+01      0.6887978442E+01      0.3590296569E+01     -0.3017891310E+00
    0.6884870042E+01      0.6884870042E+01      0.3532154010E+01     -0.3247726699E+00
    0.6881089949E+01      0.6881089949E+01      0.3478056779E+01     -0.3458773813E+00
    0.6876051774E+01      0.6876051774E+01      0.3427595551E+01     -0.3650575359E+00
    0.6869557787E+01      0.6869557787E+01      0.3380676148E+01     -0.3824138739E+00
    0.6862002199E+01      0.6862002199E+01      0.3338110513E+01     -0.3981458421E+00
    0.6853709900E+01      0.6853709900E+01      0.3300962183E+01     -0.4119526994E+00
    0.6845097357E+01      0.6845097357E+01      0.3269106200E+01     -0.4239981056E+00
    0.6837146343E+01      0.6837146343E+01      0.3240613385E+01     -0.4346972957E+00
    0.6830956419E+01      0.6830956419E+01      0.3211274838E+01     -0.4441517292E+00
    0.6828611712E+01      0.6828611712E+01      0.3179378948E+01     -0.4548043552E+00
    0.6828525016E+01      0.6828525016E+01      0.3144715584E+01     -0.4663666510E+00
    0.6826233916E+01      0.6826233916E+01      0.3108556176E+01     -0.4745811400E+00
    0.6818324673E+01      0.6818324673E+01      0.3074876153E+01     -0.4777427882E+00
    0.6804242200E+01      0.6804242200E+01      0.3042917379E+01     -0.4775604641E+00
    0.6770055840E+01      0.6770055840E+01      0.3000970353E+01     -0.4727634103E+00
    0.6850718318E+01      0.6850718318E+01      0.4352289997E+01      0.5847302543E-01
    0.6869919447E+01      0.6869919447E+01      0.4234407201E+01      0.2415650922E-01
    0.6884615307E+01      0.6884615307E+01      0.4122605532E+01     -0.1053403835E-01
    0.6896744943E+01      0.6896744943E+01      0.4021126011E+01     -0.4215947279E-01
    0.6905018945E+01      0.6905018945E+01      0.3928450280E+01     -0.7417176608E-01
    0.6909110660E+01      0.6909110660E+01      0.3843388911E+01     -0.1042604969E+00
    0.6908401701E+01      0.6908401701E+01      0.3764254207E+01     -0.1343319442E+00
    0.6906025588E+01      0.6906025588E+01      0.3692890305E+01     -0.1650986141E+00
    0.6902831322E+01      0.6902831322E+01      0.3627206462E+01     -0.1961608565E+00
    0.6899558898E+01      0.6899558898E+01      0.3566133319E+01     -0.2261133289E+00
    0.6896257861E+01      0.6896257861E+01      0.3509569208E+01     -0.2540434917E+00
    0.6892486722E+01      0.6892486722E+01      0.3457242859E+01     -0.2798203290E+00
    0.6887574673E+01      0.6887574673E+01      0.3408652736E+01     -0.3033764251E+00
    0.6880932223E+01      0.6880932223E+01      0.3363502958E+01     -0.3247046540E+00
    0.6872790999E+01      0.6872790999E+01      0.3322529615E+01     -0.3440198653E+00
    0.6863873920E+01      0.6863873920E+01      0.3286815841E+01     -0.3610399219E+00
    0.6855643827E+01      0.6855643827E+01      0.3255701111E+01     -0.3766254818E+00
    0.6849410103E+01      0.6849410103E+01      0.3226744826E+01     -0.3908572219E+00
    0.6846974395E+01      0.6846974395E+01      0.3196506989E+01     -0.4052221182E+00
    0.6848311502E+01      0.6848311502E+01      0.3164336276E+01     -0.4200886442E+00
    0.6850828023E+01      0.6850828023E+01      0.3130368886E+01     -0.4352642016E+00
    0.6849025396E+01      0.6849025396E+01      0.3096990420E+01     -0.4462418194E+00
    0.6842288746E+01      0.6842288746E+01      0.3067408837E+01     -0.4523909523E+00
    0.6829421560E+01      0.6829421560E+01      0.3039820999E+01     -0.4550582317E+00
    0.6798094365E+01      0.6798094365E+01      0.3001468963E+01     -0.4556017573E+00
    0.6861316132E+01      0.6861316132E+01      0.4316279613E+01      0.1829873489E+00
    0.6880880107E+01      0.6880880107E+01      0.4197207163E+01      0.1431654531E+00
    0.6896258078E+01      0.6896258078E+01      0.4085259741E+01      0.1023480041E+00
    0.6908138017E+01      0.6908138017E+01      0.3983284238E+01      0.6488801532E-01
    0.6916844351E+01      0.6916844351E+01      0.3891618955E+01      0.2725691430E-01
    0.6921287576E+01      0.6921287576E+01      0.3807908740E+01     -0.8813959408E-02
    0.6920696524E+01      0.6920696524E+01      0.3730263416E+01     -0.4507056342E-01
    0.6918292621E+01      0.6918292621E+01      0.3660594015E+01     -0.8208703013E-01
    0.6914836326E+01      0.6914836326E+01      0.3596639733E+01     -0.1183859018E+00
    0.6911281143E+01      0.6911281143E+01      0.3537150093E+01     -0.1532783747E+00
    0.6907830242E+01      0.6907830242E+01      0.3482324451E+01     -0.1860510843E+00
    0.6904040444E+01      0.6904040444E+01      0.3431974307E+01     -0.2163173711E+00
    0.6899188594E+01      0.6899188594E+01      0.3385567428E+01     -0.2440095939E+00
    0.6892408990E+01      0.6892408990E+01      0.3342698886E+01     -0.2690040169E+00
    0.6883788411E+01      0.6883788411E+01      0.3303854033E+01     -0.2915595296E+00
    0.6874479221E+01      0.6874479221E+01      0.3269100121E+01     -0.3116282243E+00
    0.6867322468E+01      0.6867322468E+01      0.3238145011E+01     -0.3310005279E+00
    0.6863505350E+01      0.6863505350E+01      0.3207756371E+01     -0.3491679734E+00
    0.6864180681E+01      0.6864180681E+01      0.3177399372E+01     -0.3676466414E+00
    0.6868366729E+01      0.6868366729E+01      0.3144120860E+01     -0.3863162180E+00
    0.6871765666E+01      0.6871765666E+01      0.3112523712E+01     -0.4036212446E+00
    0.6870151404E+01      0.6870151404E+01      0.3082275494E+01     -0.4169705850E+00
    0.6864094751E+01      0.6864094751E+01      0.3056185976E+01     -0.4260181339E+00
    0.6852585562E+01      0.6852585562E+01      0.3032236930E+01     -0.4314559838E+00
    0.6824528842E+01      0.6824528842E+01      0.2997540749E+01     -0.4373765233E+00
    0.6871811508E+01      0.6871811508E+01      0.4274742707E+01      0.3082846739E+00
    0.6892102327E+01      0.6892102327E+01      0.4154367006E+01      0.2623481531E+00
    0.6908390618E+01      0.6908390618E+01      0.4042545090E+01      0.2146337462E+00
    0.6920127129E+01      0.6920127129E+01      0.3940284779E+01      0.1704192341E+00
    0.6928955173E+01      0.6928955173E+01      0.3849243434E+01      0.1264303058E+00
    0.6933785010E+01      0.6933785010E+01      0.3767005203E+01      0.8368574604E-01
    0.6933362910E+01      0.6933362910E+01      0.3690917010E+01      0.4072292254E-01
    0.6930962402E+01      0.6930962402E+01      0.3623108411E+01     -0.2816225121E-02
    0.6927363017E+01      0.6927363017E+01      0.3560954103E+01     -0.4427620941E-01
    0.6923621135E+01      0.6923621135E+01      0.3503282575E+01     -0.8399477422E-01
    0.6920063372E+01      0.6920063372E+01      0.3450462618E+01     -0.1215022511E+00
    0.6916184640E+01      0.6916184640E+01      0.3402342700E+01     -0.1560488815E+00
    0.6911214819E+01      0.6911214819E+01      0.3358456020E+01     -0.1874806307E+00
    0.6904248551E+01      0.6904248551E+01      0.3318370741E+01     -0.2158078787E+00
    0.6895442693E+01      0.6895442693E+01      0.3281956994E+01     -0.2412326629E+00
    0.6886429864E+01      0.6886429864E+01      0.3247614716E+01     -0.2645579731E+00
    0.6880751776E+01      0.6880751776E+01      0.3215930817E+01     -0.2873558701E+00
    0.6879417142E+01      0.6879417142E+01      0.3185102031E+01     -0.3093705722E+00
    0.6882639598E+01      0.6882639598E+01      0.3152989598E+01     -0.3315268271E+00
    0.6888197683E+01      0.6888197683E+01      0.3120661262E+01     -0.3531235723E+00
    0.6891502153E+01      0.6891502153E+01      0.3091755914E+01     -0.3720295683E+00
    0.6889900823E+01      0.6889900823E+01      0.3064800373E+01     -0.3874375237E+00
    0.6884383873E+01      0.6884383873E+01      0.3041841703E+01     -0.3991127770E+00
    0.6874159963E+01      0.6874159963E+01      0.3020769947E+01     -0.4073088610E+00
    0.6849197358E+01      0.6849197358E+01      0.2989349543E+01     -0.4180071478E+00
    0.6882856230E+01      0.6882856230E+01      0.4226131247E+01      0.4339764412E+00
    0.6904187984E+01      0.6904187984E+01      0.4104772831E+01      0.3808572245E+00
    0.6921363435E+01      0.6921363435E+01      0.3993069108E+01      0.3253180784E+00
    0.6933026697E+01      0.6933026697E+01      0.3890711900E+01      0.2733980464E+00
    0.6941755544E+01      0.6941755544E+01      0.3800404238E+01      0.2222203520E+00
    0.6947163000E+01      0.6947163000E+01      0.3720251784E+01      0.1721056827E+00
    0.6947007870E+01      0.6947007870E+01      0.3646025043E+01      0.1220618441E+00
    0.6944724802E+01      0.6944724802E+01      0.3580247497E+01      0.7200549850E-01
    0.6941156457E+01      0.6941156457E+01      0.3520127073E+01      0.2532459369E-01
    0.6937326632E+01      0.6937326632E+01      0.3464652811E+01     -0.1916009038E-01
    0.6933617129E+01      0.6933617129E+01      0.3414158927E+01     -0.6127175240E-01
    0.6929502795E+01      0.6929502795E+01      0.3368630567E+01     -0.9986150901E-01
    0.6924187699E+01      0.6924187699E+01      0.3327710716E+01     -0.1346125743E+00
    0.6917072466E+01      0.6917072466E+01      0.3290731595E+01     -0.1659487181E+00
    0.6908448742E+01      0.6908448742E+01      0.3256370604E+01     -0.1939229502E+00
    0.6900471743E+01      0.6900471743E+01      0.3222451880E+01     -0.2205424589E+00
    0.6896224541E+01      0.6896224541E+01      0.3189750753E+01     -0.2462839642E+00
    0.6897104549E+01      0.6897104549E+01      0.3158867956E+01     -0.2716973898E+00
    0.6902062303E+01      0.6902062303E+01      0.3125206876E+01     -0.2969745202E+00
    0.6907917056E+01      0.6907917056E+01      0.3094995340E+01     -0.3208651847E+00
    0.6910716804E+01      0.6910716804E+01      0.3068614596E+01     -0.3409312912E+00
    0.6909031032E+01      0.6909031032E+01      0.3044838684E+01     -0.3581682353E+00
    0.6903811301E+01      0.6903811301E+01      0.3024608135E+01     -0.3721482004E+00
    0.6894622536E+01      0.6894622536E+01      0.3005661743E+01     -0.3829248102E+00
    0.6872216435E+01      0.6872216435E+01      0.2977215498E+01     -0.3978635515E+00
    0.6895176046E+01      0.6895176046E+01      0.4169490389E+01      0.5590230621E+00
    0.6917698685E+01      0.6917698685E+01      0.4047175656E+01      0.4971833382E+00
    0.6935679350E+01      0.6935679350E+01      0.3935783435E+01      0.4326879226E+00
    0.6947423903E+01      0.6947423903E+01      0.3833906455E+01      0.3721764800E+00
    0.6956042125E+01      0.6956042125E+01      0.3744627259E+01      0.3129867358E+00
    0.6962192130E+01      0.6962192130E+01      0.3667209947E+01      0.2549617155E+00
    0.6962386015E+01      0.6962386015E+01      0.3595439343E+01      0.1977847217E+00
    0.6960352061E+01      0.6960352061E+01      0.3532120114E+01      0.1414154885E+00
    0.6956943369E+01      0.6956943369E+01      0.3474599516E+01      0.8935045423E-01
    0.6953095071E+01      0.6953095071E+01      0.3421954267E+01      0.4014626503E-01
    0.6949140491E+01      0.6949140491E+01      0.3374233965E+01     -0.6354049067E-02
    0.6944620475E+01      0.6944620475E+01      0.3331658996E+01     -0.4868005398E-01
    0.6938855851E+01      0.6938855851E+01      0.3293928834E+01     -0.8639083726E-01
    0.6931755203E+01      0.6931755203E+01      0.3259896605E+01     -0.1203650075E+00
    0.6923772837E+01      0.6923772837E+01      0.3227014351E+01     -0.1508472610E+00
    0.6916932267E+01      0.6916932267E+01      0.3193248791E+01     -0.1802162145E+00
    0.6914494220E+01      0.6914494220E+01      0.3160652873E+01     -0.2087527722E+00
    0.6917166691E+01      0.6917166691E+01      0.3127931203E+01     -0.2373023942E+00
    0.6922084685E+01      0.6922084685E+01      0.3094528763E+01     -0.2641722028E+00
    0.6927689400E+01      0.6927689400E+01      0.3067503073E+01     -0.2898980769E+00
    0.6929516057E+01      0.6929516057E+01      0.3043440366E+01     -0.3112865760E+00
    0.6927632215E+01      0.6927632215E+01      0.3022781004E+01     -0.3302731636E+00
    0.6922735639E+01      0.6922735639E+01      0.3005042759E+01     -0.3459747793E+00
    0.6914444002E+01      0.6914444002E+01      0.2988150690E+01     -0.3589800762E+00
    0.6894213622E+01      0.6894213622E+01      0.2962527720E+01     -0.3775768122E+00
