    0.3763764556E+01      0.3763764556E+01      0.6099843934E+01     -0.3761416982E+01
    0.3902796049E+01      0.3902796049E+01      0.6015980808E+01     -0.4203029211E+01
    0.4089729083E+01      0.4089729083E+01      0.5797198066E+01     -0.4403031340E+01
    0.4290853973E+01      0.4290853973E+01      0.5485569863E+01     -0.4394826905E+01
    0.4472877468E+01      0.4472877468E+01      0.5165995153E+01     -0.4338190314E+01
    0.4635709633E+01      0.4635709633E+01      0.4860584920E+01     -0.4217151984E+01
    0.4780953805E+01      0.4780953805E+01      0.4581994547E+01     -0.4063777990E+01
    0.4909423212E+01      0.4909423212E+01      0.4337355665E+01     -0.3900771911E+01
    0.5022540387E+01      0.5022540387E+01      0.4131205095E+01     -0.3738161684E+01
    0.5120840853E+01      0.5120840853E+01      0.3957440750E+01     -0.3585343296E+01
    0.5206970316E+01      0.5206970316E+01      0.3810540039E+01     -0.3439937396E+01
    0.5283123924E+01      0.5283123924E+01      0.3686232888E+01     -0.3300656566E+01
    0.5350531828E+01      0.5350531828E+01      0.3580666127E+01     -0.3168073344E+01
    0.5409238728E+01      0.5409238728E+01      0.3489827927E+01     -0.3043276932E+01
    0.5462835662E+01      0.5462835662E+01      0.3415229209E+01     -0.2925022471E+01
    0.5508163137E+01      0.5508163137E+01      0.3350216093E+01     -0.2813186091E+01
    0.5550416971E+01      0.5550416971E+01      0.3299712763E+01     -0.2705770958E+01
    0.5588815168E+01      0.5588815168E+01      0.3260723461E+01     -0.2602832256E+01
    0.5623448860E+01      0.5623448860E+01      0.3230969781E+01     -0.2502938157E+01
    0.5654089391E+01      0.5654089391E+01      0.3208875668E+01     -0.2407157358E+01
    0.5682195919E+01      0.5682195919E+01      0.3194194072E+01     -0.2317225054E+01
    0.5706986562E+01      0.5706986562E+01      0.3185100528E+01     -0.2230260707E+01
    0.5730576547E+01      0.5730576547E+01      0.3184969225E+01     -0.2145600830E+01
    0.5751201656E+01      0.5751201656E+01      0.3188493262E+01     -0.2067215631E+01
    0.5772796910E+01      0.5772796910E+01      0.3212973938E+01     -0.1950907518E+01
    0.3927711403E+01      0.3927711403E+01      0.6449474717E+01     -0.3715666766E+01
    0.4067613634E+01      0.4067613634E+01      0.6285708971E+01     -0.4031268173E+01
    0.4232438417E+01      0.4232438417E+01      0.5970525632E+01     -0.4111208103E+01
    0.4417104122E+01      0.4417104122E+01      0.5641139074E+01     -0.4098968386E+01
    0.4569460432E+01      0.4569460432E+01      0.5296339118E+01     -0.4025284565E+01
    0.4716557444E+01      0.4716557444E+01      0.4986195235E+01     -0.3924933180E+01
    0.4845515957E+01      0.4845515957E+01      0.4708384201E+01     -0.3795933361E+01
    0.4961231986E+01      0.4961231986E+01      0.4468628030E+01     -0.3663428802E+01
    0.5064457616E+01      0.5064457616E+01      0.4264782374E+01     -0.3532340980E+01
    0.5154491471E+01      0.5154491471E+01      0.4090117119E+01     -0.3403026748E+01
    0.5234592672E+01      0.5234592672E+01      0.3940607720E+01     -0.3278675503E+01
    0.5305824495E+01      0.5305824495E+01      0.3812625291E+01     -0.3157350172E+01
    0.5368900819E+01      0.5368900819E+01      0.3702553561E+01     -0.3039548522E+01
    0.5424088084E+01      0.5424088084E+01      0.3606748256E+01     -0.2927300920E+01
    0.5474945944E+01      0.5474945944E+01      0.3527166067E+01     -0.2820185795E+01
    0.5517893194E+01      0.5517893194E+01      0.3457022444E+01     -0.2718666867E+01
    0.5557745190E+01      0.5557745190E+01      0.3401116144E+01     -0.2620355912E+01
    0.5594564078E+01      0.5594564078E+01      0.3357565801E+01     -0.2525945280E+01
    0.5627425614E+01      0.5627425614E+01      0.3323321023E+01     -0.2433579521E+01
    0.5656703781E+01      0.5656703781E+01      0.3297440682E+01     -0.2344189383E+01
    0.5683342833E+01      0.5683342833E+01      0.3279596504E+01     -0.2259194706E+01
    0.5706707160E+01      0.5706707160E+01      0.3267539699E+01     -0.2178293487E+01
    0.5728632149E+01      0.5728632149E+01      0.3263838087E+01     -0.2098885358E+01
    0.5748440323E+01      0.5748440323E+01      0.3265677094E+01     -0.2025356568E+01
    0.5768082295E+01      0.5768082295E+01      0.3287477946E+01     -0.1916805637E+01
    0.4098527463E+01      0.4098527463E+01      0.6691062685E+01     -0.3560751953E+01
    0.4217505704E+01      0.4217505704E+01      0.6411125973E+01     -0.3753000074E+01
    0.4384800859E+01      0.4384800859E+01      0.6078571948E+01     -0.3800176449E+01
    0.4524074049E+01      0.4524074049E+01      0.5713663272E+01     -0.3770494265E+01
    0.4668411451E+01      0.4668411451E+01      0.5382949877E+01     -0.3718953262E+01
    0.4792271937E+01      0.4792271937E+01      0.5074313686E+01     -0.3630939699E+01
    0.4910097784E+01      0.4910097784E+01      0.4808016059E+01     -0.3536915782E+01
    0.5013725996E+01      0.5013725996E+01      0.4575642690E+01     -0.3432819348E+01
    0.5107263427E+01      0.5107263427E+01      0.4376381669E+01     -0.3327196694E+01
    0.5190418978E+01      0.5190418978E+01      0.4203712521E+01     -0.3221049817E+01
    0.5264296617E+01      0.5264296617E+01      0.4054120744E+01     -0.3114855772E+01
    0.5330380815E+01      0.5330380815E+01      0.3924200526E+01     -0.3009721160E+01
    0.5388929011E+01      0.5388929011E+01      0.3810894161E+01     -0.2905984567E+01
    0.5440589732E+01      0.5440589732E+01      0.3711737474E+01     -0.2806145428E+01
    0.5488578018E+01      0.5488578018E+01      0.3628679536E+01     -0.2709807368E+01
    0.5529022663E+01      0.5529022663E+01      0.3554577485E+01     -0.2618307053E+01
    0.5566762731E+01      0.5566762731E+01      0.3494618093E+01     -0.2529518797E+01
    0.5601759055E+01      0.5601759055E+01      0.3447243534E+01     -0.2443453007E+01
    0.5632826783E+01      0.5632826783E+01      0.3409116898E+01     -0.2358927388E+01
    0.5660741129E+01      0.5660741129E+01      0.3379926819E+01     -0.2276646573E+01
    0.5685800491E+01      0.5685800491E+01      0.3358724844E+01     -0.2196771982E+01
    0.5708397833E+01      0.5708397833E+01      0.3344580203E+01     -0.2122728046E+01
    0.5728177777E+01      0.5728177777E+01      0.3337234502E+01     -0.2048239217E+01
    0.5747197372E+01      0.5747197372E+01      0.3337873578E+01     -0.1979861154E+01
    0.5765057585E+01      0.5765057585E+01      0.3356830440E+01     -0.1879282596E+01
    0.4247277399E+01      0.4247277399E+01      0.6782605248E+01     -0.3319115220E+01
    0.4376075518E+01      0.4376075518E+01      0.6469789011E+01     -0.3454189374E+01
    0.4500744646E+01      0.4500744646E+01      0.6097773839E+01     -0.3469179757E+01
    0.4637306528E+01      0.4637306528E+01      0.5753349838E+01     -0.3458070408E+01
    0.4751459514E+01      0.4751459514E+01      0.5424368612E+01     -0.3413160050E+01
    0.4867984770E+01      0.4867984770E+01      0.5137750622E+01     -0.3358599258E+01
    0.4970553135E+01      0.4970553135E+01      0.4883605105E+01     -0.3285974196E+01
    0.5065279265E+01      0.5065279265E+01      0.4662288975E+01     -0.3209875677E+01
    0.5150574168E+01      0.5150574168E+01      0.4469397792E+01     -0.3126178548E+01
    0.5226425022E+01      0.5226425022E+01      0.4300136638E+01     -0.3038500228E+01
    0.5294641955E+01      0.5294641955E+01      0.4151774637E+01     -0.2948984416E+01
    0.5355601742E+01      0.5355601742E+01      0.4021040095E+01     -0.2858463618E+01
    0.5410047355E+01      0.5410047355E+01      0.3905897475E+01     -0.2768597567E+01
    0.5458399157E+01      0.5458399157E+01      0.3804793505E+01     -0.2680998354E+01
    0.5503728302E+01      0.5503728302E+01      0.3719607260E+01     -0.2595310226E+01
    0.5541682290E+01      0.5541682290E+01      0.3642807032E+01     -0.2513510235E+01
    0.5577406519E+01      0.5577406519E+01      0.3580063414E+01     -0.2433843272E+01
    0.5610452506E+01      0.5610452506E+01      0.3529362160E+01     -0.2356066531E+01
    0.5640032433E+01      0.5640032433E+01      0.3488286716E+01     -0.2279947632E+01
    0.5666035664E+01      0.5666035664E+01      0.3455641785E+01     -0.2204471796E+01
    0.5690329865E+01      0.5690329865E+01      0.3432434490E+01     -0.2131625090E+01
    0.5711019905E+01      0.5711019905E+01      0.3415634875E+01     -0.2062107944E+01
    0.5729595727E+01      0.5729595727E+01      0.3405481648E+01     -0.1994989157E+01
    0.5747234515E+01      0.5747234515E+01      0.3404555527E+01     -0.1930728101E+01
    0.5763670902E+01      0.5763670902E+01      0.3420865430E+01     -0.1838192847E+01
    0.4391814823E+01      0.4391814823E+01      0.6799291391E+01     -0.3065390704E+01
    0.4492810340E+01      0.4492810340E+01      0.6443111772E+01     -0.3137465559E+01
    0.4624238270E+01      0.4624238270E+01      0.6089196573E+01     -0.3158740814E+01
    0.4727628713E+01      0.4727628713E+01      0.5744859676E+01     -0.3148555145E+01
    0.4837306720E+01      0.4837306720E+01      0.5446634320E+01     -0.3132276924E+01
    0.4935967772E+01      0.4935967772E+01      0.5178489026E+01     -0.3095577680E+01
    0.5030371326E+01      0.5030371326E+01      0.4941746850E+01     -0.3051427902E+01
    0.5115220432E+01      0.5115220432E+01      0.4731321098E+01     -0.2993893162E+01
    0.5193223368E+01      0.5193223368E+01      0.4545927578E+01     -0.2929568360E+01
    0.5262856783E+01      0.5262856783E+01      0.4380630245E+01     -0.2858431295E+01
    0.5325643237E+01      0.5325643237E+01      0.4234420500E+01     -0.2783510678E+01
    0.5382184681E+01      0.5382184681E+01      0.4104595157E+01     -0.2707034528E+01
    0.5432650419E+01      0.5432650419E+01      0.3988968278E+01     -0.2629942209E+01
    0.5477796546E+01      0.5477796546E+01      0.3886984194E+01     -0.2553616897E+01
    0.5520306027E+01      0.5520306027E+01      0.3800309199E+01     -0.2477770726E+01
    0.5555837319E+01      0.5555837319E+01      0.3721688612E+01     -0.2405245469E+01
    0.5589577209E+01      0.5589577209E+01      0.3657017410E+01     -0.2334082974E+01
    0.5620883634E+01      0.5620883634E+01      0.3604053155E+01     -0.2264774253E+01
    0.5648488354E+01      0.5648488354E+01      0.3560220115E+01     -0.2196402547E+01
    0.5673218826E+01      0.5673218826E+01      0.3525352105E+01     -0.2128843815E+01
    0.5695907134E+01      0.5695907134E+01      0.3499737382E+01     -0.2062329702E+01
    0.5715289170E+01      0.5715289170E+01      0.3480717577E+01     -0.1998238415E+01
    0.5732760674E+01      0.5732760674E+01      0.3469049278E+01     -0.1938346635E+01
    0.5748709204E+01      0.5748709204E+01      0.3465447552E+01     -0.1878916019E+01
    0.5763866710E+01      0.5763866710E+01      0.3479465657E+01     -0.1793518765E+01
    0.4509836849E+01      0.4509836849E+01      0.6693857162E+01     -0.2769307449E+01
    0.4616753965E+01      0.4616753965E+01      0.6354404051E+01     -0.2833798523E+01
    0.4710472674E+01      0.4710472674E+01      0.6014037797E+01     -0.2863026597E+01
    0.4815970715E+01      0.4815970715E+01      0.5717773648E+01     -0.2879296192E+01
    0.4907958524E+01      0.4907958524E+01      0.5446717978E+01     -0.2873997285E+01
    0.5000717675E+01      0.5000717675E+01      0.5205962315E+01     -0.2859051340E+01
    0.5085136434E+01      0.5085136434E+01      0.4984626663E+01     -0.2828392047E+01
    0.5163298225E+01      0.5163298225E+01      0.4785711672E+01     -0.2788406879E+01
    0.5234746029E+01      0.5234746029E+01      0.4607906951E+01     -0.2738103734E+01
    0.5298653084E+01      0.5298653084E+01      0.4447439743E+01     -0.2681178752E+01
    0.5356622623E+01      0.5356622623E+01      0.4304222963E+01     -0.2619592441E+01
    0.5408960493E+01      0.5408960493E+01      0.4176219925E+01     -0.2555138708E+01
    0.5455411819E+01      0.5455411819E+01      0.4060720653E+01     -0.2489404159E+01
    0.5497708614E+01      0.5497708614E+01      0.3958581971E+01     -0.2423618885E+01
    0.5537652649E+01      0.5537652649E+01      0.3870991567E+01     -0.2357450121E+01
    0.5570952573E+01      0.5570952573E+01      0.3791255837E+01     -0.2293876670E+01
    0.5603073686E+01      0.5603073686E+01      0.3725641489E+01     -0.2230885817E+01
    0.5632330915E+01      0.5632330915E+01      0.3670665532E+01     -0.2169320429E+01
    0.5658515437E+01      0.5658515437E+01      0.3625132868E+01     -0.2109308068E+01
    0.5681596280E+01      0.5681596280E+01      0.3588186931E+01     -0.2048984434E+01
    0.5703154569E+01      0.5703154569E+01      0.3560650690E+01     -0.1989938361E+01
    0.5721046200E+01      0.5721046200E+01      0.3539699851E+01     -0.1931578130E+01
    0.5737475037E+01      0.5737475037E+01      0.3527099936E+01     -0.1877930262E+01
    0.5751732655E+01      0.5751732655E+01      0.3520984822E+01     -0.1824056453E+01
    0.5766109846E+01      0.5766109846E+01      0.3532846958E+01     -0.1746824067E+01
    0.4614694757E+01      0.4614694757E+01      0.6560058717E+01     -0.2502519775E+01
    0.4696361293E+01      0.4696361293E+01      0.6249416696E+01     -0.2563454962E+01
    0.4798536815E+01      0.4798536815E+01      0.5967314222E+01     -0.2611092299E+01
    0.4886559706E+01      0.4886559706E+01      0.5691936000E+01     -0.2637111452E+01
    0.4978227742E+01      0.4978227742E+01      0.5447323977E+01     -0.2644250987E+01
    0.5060446714E+01      0.5060446714E+01      0.5223651751E+01     -0.2636763898E+01
    0.5137964534E+01      0.5137964534E+01      0.5016721639E+01     -0.2619203557E+01
    0.5209444851E+01      0.5209444851E+01      0.4828073075E+01     -0.2590119444E+01
    0.5275185481E+01      0.5275185481E+01      0.4657683629E+01     -0.2552360395E+01
    0.5333955488E+01      0.5333955488E+01      0.4502317058E+01     -0.2507411809E+01
    0.5387507816E+01      0.5387507816E+01      0.4362477691E+01     -0.2457615707E+01
    0.5435998809E+01      0.5435998809E+01      0.4236389669E+01     -0.2404319694E+01
    0.5479056493E+01      0.5479056493E+01      0.4121759270E+01     -0.2349129923E+01
    0.5519078111E+01      0.5519078111E+01      0.4020460150E+01     -0.2293369614E+01
    0.5556571301E+01      0.5556571301E+01      0.3932468970E+01     -0.2236496838E+01
    0.5587793226E+01      0.5587793226E+01      0.3852175221E+01     -0.2181171077E+01
    0.5618276919E+01      0.5618276919E+01      0.3785912594E+01     -0.2125762321E+01
    0.5645700129E+01      0.5645700129E+01      0.3729686339E+01     -0.2071840844E+01
    0.5670157378E+01      0.5670157378E+01      0.3682840095E+01     -0.2019209757E+01
    0.5691831070E+01      0.5691831070E+01      0.3644410591E+01     -0.1966293248E+01
    0.5711879189E+01      0.5711879189E+01      0.3615279387E+01     -0.1914236948E+01
    0.5728394814E+01      0.5728394814E+01      0.3592537115E+01     -0.1862457384E+01
    0.5743809843E+01      0.5743809843E+01      0.3579151188E+01     -0.1814414989E+01
    0.5756494088E+01      0.5756494088E+01      0.3571510918E+01     -0.1766277235E+01
    0.5769890024E+01      0.5769890024E+01      0.3581109873E+01     -0.1697248775E+01
    0.4689290425E+01      0.4689290425E+01      0.6451635734E+01     -0.2269598500E+01
    0.4783140891E+01      0.4783140891E+01      0.6187298840E+01     -0.2337896760E+01
    0.4867246742E+01      0.4867246742E+01      0.5917790962E+01     -0.2384569559E+01
    0.4959064899E+01      0.4959064899E+01      0.5673584216E+01     -0.2416768491E+01
    0.5040481648E+01      0.5040481648E+01      0.5441905563E+01     -0.2430538752E+01
    0.5118231142E+01      0.5118231142E+01      0.5232897769E+01     -0.2429576842E+01
    0.5188208289E+01      0.5188208289E+01      0.5038645150E+01     -0.2419168471E+01
    0.5253960263E+01      0.5253960263E+01      0.4859934317E+01     -0.2399888199E+01
    0.5314342870E+01      0.5314342870E+01      0.4696725689E+01     -0.2372006605E+01
    0.5368471128E+01      0.5368471128E+01      0.4546635737E+01     -0.2337611837E+01
    0.5418131584E+01      0.5418131584E+01      0.4410511904E+01     -0.2298087070E+01
    0.5463083036E+01      0.5463083036E+01      0.4286628367E+01     -0.2254681077E+01
    0.5503207052E+01      0.5503207052E+01      0.4173670552E+01     -0.2209028260E+01
    0.5540818115E+01      0.5540818115E+01      0.4073627391E+01     -0.2161951357E+01
    0.5575650936E+01      0.5575650936E+01      0.3985175183E+01     -0.2113400159E+01
    0.5605078285E+01      0.5605078285E+01      0.3904643956E+01     -0.2065993487E+01
    0.5634149155E+01      0.5634149155E+01      0.3838034058E+01     -0.2018146693E+01
    0.5659794198E+01      0.5659794198E+01      0.3780702377E+01     -0.1971577100E+01
    0.5683080317E+01      0.5683080317E+01      0.3733252044E+01     -0.1926309913E+01
    0.5703255444E+01      0.5703255444E+01      0.3693554698E+01     -0.1880513397E+01
    0.5722085304E+01      0.5722085304E+01      0.3663387970E+01     -0.1835695078E+01
    0.5737178454E+01      0.5737178454E+01      0.3639253205E+01     -0.1790779888E+01
    0.5751659325E+01      0.5751659325E+01      0.3625189723E+01     -0.1748292087E+01
    0.5762953029E+01      0.5762953029E+01      0.3616596331E+01     -0.1705891239E+01
    0.5775434911E+01      0.5775434911E+01      0.3624187276E+01     -0.1645189946E+01
    0.4771546674E+01      0.4771546674E+01      0.6376374259E+01     -0.2066519912E+01
    0.4850405749E+01      0.4850405749E+01      0.6121511236E+01     -0.2128933271E+01
    0.4942593784E+01      0.4942593784E+01      0.5882890858E+01     -0.2178379775E+01
    0.5021475059E+01      0.5021475059E+01      0.5646956808E+01     -0.2211061422E+01
    0.5100610162E+01      0.5100610162E+01      0.5433033781E+01     -0.2229589549E+01
    0.5172461830E+01      0.5172461830E+01      0.5234925405E+01     -0.2232880653E+01
    0.5236530215E+01      0.5236530215E+01      0.5051773993E+01     -0.2228579128E+01
    0.5296751779E+01      0.5296751779E+01      0.4882558385E+01     -0.2216524788E+01
    0.5352506520E+01      0.5352506520E+01      0.4726330534E+01     -0.2196923452E+01
    0.5402652776E+01      0.5402652776E+01      0.4581563952E+01     -0.2171199974E+01
    0.5448845630E+01      0.5448845630E+01      0.4449426916E+01     -0.2140775997E+01
    0.5490475632E+01      0.5490475632E+01      0.4327920048E+01     -0.2106486913E+01
    0.5527920272E+01      0.5527920272E+01      0.4216627862E+01     -0.2069625807E+01
    0.5563465462E+01      0.5563465462E+01      0.4117853098E+01     -0.2030802963E+01
    0.5596010769E+01      0.5596010769E+01      0.4029391013E+01     -0.1990447846E+01
    0.5624093442E+01      0.5624093442E+01      0.3949407177E+01     -0.1950753367E+01
    0.5651677601E+01      0.5651677601E+01      0.3882626625E+01     -0.1910126452E+01
    0.5675636551E+01      0.5675636551E+01      0.3824520894E+01     -0.1870640133E+01
    0.5697747796E+01      0.5697747796E+01      0.3776758865E+01     -0.1831981780E+01
    0.5716401003E+01      0.5716401003E+01      0.3736043786E+01     -0.1792996486E+01
    0.5733939472E+01      0.5733939472E+01      0.3705164899E+01     -0.1755046348E+01
    0.5747615766E+01      0.5747615766E+01      0.3679942312E+01     -0.1716923485E+01
    0.5761152062E+01      0.5761152062E+01      0.3665174826E+01     -0.1680118628E+01
    0.5771214647E+01      0.5771214647E+01      0.3655857476E+01     -0.1643475313E+01
    0.5782843314E+01      0.5782843314E+01      0.3661734198E+01     -0.1591091907E+01
    0.4840416696E+01      0.4840416696E+01      0.6298959342E+01     -0.1874840699E+01
    0.4927074563E+01      0.4927074563E+01      0.6071732442E+01     -0.1936266931E+01
    0.5004779315E+01      0.5004779315E+01      0.5838301560E+01     -0.1983540966E+01
    0.5085495813E+01      0.5085495813E+01      0.5623933271E+01     -0.2016706189E+01
    0.5156150174E+01      0.5156150174E+01      0.5420091779E+01     -0.2037553613E+01
    0.5222717258E+01      0.5222717258E+01      0.5232051749E+01     -0.2046604696E+01
    0.5282777768E+01      0.5282777768E+01      0.5057561107E+01     -0.2045795028E+01
    0.5338288636E+01      0.5338288636E+01      0.4897380768E+01     -0.2039406633E+01
    0.5389897000E+01      0.5389897000E+01      0.4747921557E+01     -0.2026436190E+01
    0.5436479783E+01      0.5436479783E+01      0.4608204133E+01     -0.2008248416E+01
    0.5479479590E+01      0.5479479590E+01      0.4479814139E+01     -0.1985850979E+01
    0.5518039082E+01      0.5518039082E+01      0.4360728516E+01     -0.1959797337E+01
    0.5553049417E+01      0.5553049417E+01      0.4251437121E+01     -0.1931017218E+01
    0.5586634563E+01      0.5586634563E+01      0.4154294148E+01     -0.1899802384E+01
    0.5616827013E+01      0.5616827013E+01      0.4066247775E+01     -0.1866899319E+01
    0.5643603479E+01      0.5643603479E+01      0.3987090309E+01     -0.1834201255E+01
    0.5669599588E+01      0.5669599588E+01      0.3919956238E+01     -0.1800427632E+01
    0.5692037570E+01      0.5692037570E+01      0.3861172699E+01     -0.1767888448E+01
    0.5713230988E+01      0.5713230988E+01      0.3813189075E+01     -0.1735740043E+01
    0.5730631030E+01      0.5730631030E+01      0.3771762546E+01     -0.1703624512E+01
    0.5747028050E+01      0.5747028050E+01      0.3740322054E+01     -0.1672383103E+01
    0.5759534684E+01      0.5759534684E+01      0.3714469654E+01     -0.1641003840E+01
    0.5772095612E+01      0.5772095612E+01      0.3699067760E+01     -0.1610042893E+01
    0.5781025586E+01      0.5781025586E+01      0.3689192340E+01     -0.1579105630E+01
    0.5791824316E+01      0.5791824316E+01      0.3693577618E+01     -0.1534921566E+01
    0.4916177312E+01      0.4916177312E+01      0.6234345563E+01     -0.1694863348E+01
    0.4990561520E+01      0.4990561520E+01      0.6013437894E+01     -0.1753437646E+01
    0.5070916396E+01      0.5070916396E+01      0.5802310690E+01     -0.1798891507E+01
    0.5141261211E+01      0.5141261211E+01      0.5594962446E+01     -0.1833230195E+01
    0.5208716132E+01      0.5208716132E+01      0.5404856291E+01     -0.1854613886E+01
    0.5270262632E+01      0.5270262632E+01      0.5225892222E+01     -0.1866460946E+01
    0.5326681206E+01      0.5326681206E+01      0.5059094904E+01     -0.1870130461E+01
    0.5378395805E+01      0.5378395805E+01      0.4905740338E+01     -0.1868103764E+01
    0.5425841872E+01      0.5425841872E+01      0.4762285082E+01     -0.1861260283E+01
    0.5469113430E+01      0.5469113430E+01      0.4627131752E+01     -0.1849689071E+01
    0.5509371071E+01      0.5509371071E+01      0.4502239920E+01     -0.1834183855E+01
    0.5545377836E+01      0.5545377836E+01      0.4385668963E+01     -0.1815237464E+01
    0.5578458219E+01      0.5578458219E+01      0.4278738037E+01     -0.1793624185E+01
    0.5610248551E+01      0.5610248551E+01      0.4183119317E+01     -0.1769444870E+01
    0.5638445580E+01      0.5638445580E+01      0.4095571747E+01     -0.1743705517E+01
    0.5664198571E+01      0.5664198571E+01      0.4017510211E+01     -0.1717863850E+01
    0.5688692246E+01      0.5688692246E+01      0.3950188766E+01     -0.1690893668E+01
    0.5709930284E+01      0.5709930284E+01      0.3891182620E+01     -0.1665184714E+01
    0.5730309010E+01      0.5730309010E+01      0.3843213445E+01     -0.1639433617E+01
    0.5746490811E+01      0.5746490811E+01      0.3801293265E+01     -0.1613804742E+01
    0.5761804690E+01      0.5761804690E+01      0.3769372782E+01     -0.1588841529E+01
    0.5773151971E+01      0.5773151971E+01      0.3742948406E+01     -0.1563724078E+01
    0.5784733369E+01      0.5784733369E+01      0.3726900271E+01     -0.1538639286E+01
    0.5792610873E+01      0.5792610873E+01      0.3716468833E+01     -0.1513395469E+01
    0.5802636159E+01      0.5802636159E+01      0.3719476911E+01     -0.1477309798E+01
    0.4982807011E+01      0.4982807011E+01      0.6167660293E+01     -0.1522623918E+01
    0.5057867372E+01      0.5057867372E+01      0.5963892634E+01     -0.1578939539E+01
    0.5128002561E+01      0.5128002561E+01      0.5759457182E+01     -0.1623930188E+01
    0.5195908251E+01      0.5195908251E+01      0.5567665153E+01     -0.1656348694E+01
    0.5258035612E+01      0.5258035612E+01      0.5386451375E+01     -0.1678545460E+01
    0.5315315505E+01      0.5315315505E+01      0.5216607933E+01     -0.1692365400E+01
    0.5367667081E+01      0.5367667081E+01      0.5056657662E+01     -0.1700477581E+01
    0.5416649900E+01      0.5416649900E+01      0.4908466261E+01     -0.1702362974E+01
    0.5460819429E+01      0.5460819429E+01      0.4769992827E+01     -0.1700405514E+01
    0.5500941862E+01      0.5500941862E+01      0.4639269902E+01     -0.1694767688E+01
    0.5538790701E+01      0.5538790701E+01      0.4517603449E+01     -0.1685278918E+01
    0.5572664621E+01      0.5572664621E+01      0.4403466908E+01     -0.1672700464E+01
    0.5604116381E+01      0.5604116381E+01      0.4298947845E+01     -0.1657643978E+01
    0.5634189300E+01      0.5634189300E+01      0.4204803324E+01     -0.1639962948E+01
    0.5660681476E+01      0.5660681476E+01      0.4118052820E+01     -0.1620947299E+01
    0.5685487154E+01      0.5685487154E+01      0.4041279647E+01     -0.1601630895E+01
    0.5708460216E+01      0.5708460216E+01      0.3974074033E+01     -0.1581239350E+01
    0.5728545596E+01      0.5728545596E+01      0.3915201468E+01     -0.1561868865E+01
    0.5748031945E+01      0.5748031945E+01      0.3867131100E+01     -0.1542237475E+01
    0.5763095713E+01      0.5763095713E+01      0.3824605520E+01     -0.1522745171E+01
    0.5777497590E+01      0.5777497590E+01      0.3792116044E+01     -0.1503841719E+01
    0.5787888690E+01      0.5787888690E+01      0.3765087007E+01     -0.1484794772E+01
    0.5798641525E+01      0.5798641525E+01      0.3748475191E+01     -0.1465637758E+01
    0.5805567457E+01      0.5805567457E+01      0.3737456937E+01     -0.1446102322E+01
    0.5814899729E+01      0.5814899729E+01      0.3739199364E+01     -0.1418054149E+01
    0.5048912853E+01      0.5048912853E+01      0.6106987094E+01     -0.1357225657E+01
    0.5116919843E+01      0.5116919843E+01      0.5911822042E+01     -0.1411984502E+01
    0.5184259148E+01      0.5184259148E+01      0.5721601525E+01     -0.1453851648E+01
    0.5246456547E+01      0.5246456547E+01      0.5539025546E+01     -0.1486012402E+01
    0.5303771555E+01      0.5303771555E+01      0.5366034845E+01     -0.1509507701E+01
    0.5356803953E+01      0.5356803953E+01      0.5203167161E+01     -0.1525456335E+01
    0.5406173967E+01      0.5406173967E+01      0.5050520251E+01     -0.1535812637E+01
    0.5452250483E+01      0.5452250483E+01      0.4907255587E+01     -0.1542066622E+01
    0.5494077784E+01      0.5494077784E+01      0.4772155273E+01     -0.1544449897E+01
    0.5531831182E+01      0.5531831182E+01      0.4645042177E+01     -0.1543553896E+01
    0.5567133276E+01      0.5567133276E+01      0.4526478155E+01     -0.1539792098E+01
    0.5599256199E+01      0.5599256199E+01      0.4414702123E+01     -0.1532953303E+01
    0.5629670382E+01      0.5629670382E+01      0.4312461922E+01     -0.1523448456E+01
    0.5658334428E+01      0.5658334428E+01      0.4219744448E+01     -0.1511668469E+01
    0.5683440194E+01      0.5683440194E+01      0.4134136109E+01     -0.1499067608E+01
    0.5707342571E+01      0.5707342571E+01      0.4058613985E+01     -0.1486051823E+01
    0.5728892742E+01      0.5728892742E+01      0.3991523980E+01     -0.1472110153E+01
    0.5748120396E+01      0.5748120396E+01      0.3933001528E+01     -0.1458857793E+01
    0.5766797281E+01      0.5766797281E+01      0.3884778587E+01     -0.1445210036E+01
    0.5781017922E+01      0.5781017922E+01      0.3841728903E+01     -0.1431731110E+01
    0.5794690275E+01      0.5794690275E+01      0.3808804210E+01     -0.1418635053E+01
    0.5804246792E+01      0.5804246792E+01      0.3781219196E+01     -0.1405350546E+01
    0.5814233873E+01      0.5814233873E+01      0.3764054882E+01     -0.1391852862E+01
    0.5820216424E+01      0.5820216424E+01      0.3752344773E+01     -0.1377882050E+01
    0.5828860410E+01      0.5828860410E+01      0.3752823541E+01     -0.1357717210E+01
    0.5107711936E+01      0.5107711936E+01      0.6049893177E+01     -0.1200384984E+01
    0.5172867466E+01      0.5172867466E+01      0.5865601022E+01     -0.1250866299E+01
    0.5234971573E+01      0.5234971573E+01      0.5684538845E+01     -0.1291023128E+01
    0.5292515953E+01      0.5292515953E+01      0.5509927886E+01     -0.1322786955E+01
    0.5346082172E+01      0.5346082172E+01      0.5344360616E+01     -0.1346267838E+01
    0.5396085965E+01      0.5396085965E+01      0.5188300026E+01     -0.1363267846E+01
    0.5442600849E+01      0.5442600849E+01      0.5041142338E+01     -0.1376003663E+01
    0.5485918770E+01      0.5485918770E+01      0.4902379294E+01     -0.1385677465E+01
    0.5525261545E+01      0.5525261545E+01      0.4770086605E+01     -0.1392745122E+01
    0.5561407622E+01      0.5561407622E+01      0.4645508338E+01     -0.1396234808E+01
    0.5595461325E+01      0.5595461325E+01      0.4529572290E+01     -0.1396357964E+01
    0.5626091644E+01      0.5626091644E+01      0.4420516427E+01     -0.1394889915E+01
    0.5655137693E+01      0.5655137693E+01      0.4320372649E+01     -0.1390992395E+01
    0.5682374785E+01      0.5682374785E+01      0.4228633850E+01     -0.1384986149E+01
    0.5706471129E+01      0.5706471129E+01      0.4144207237E+01     -0.1378448095E+01
    0.5729570682E+01      0.5729570682E+01      0.4069830362E+01     -0.1371443850E+01
    0.5749884832E+01      0.5749884832E+01      0.4002983605E+01     -0.1363699800E+01
    0.5768415928E+01      0.5768415928E+01      0.3944917078E+01     -0.1356151615E+01
    0.5786358089E+01      0.5786358089E+01      0.3896713863E+01     -0.1348194847E+01
    0.5799674177E+01      0.5799674177E+01      0.3853157752E+01     -0.1340180111E+01
    0.5812632485E+01      0.5812632485E+01      0.3819671244E+01     -0.1332539282E+01
    0.5821497380E+01      0.5821497380E+01      0.3791507523E+01     -0.1324780471E+01
    0.5830851974E+01      0.5830851974E+01      0.3773705345E+01     -0.1316778480E+01
    0.5836190009E+01      0.5836190009E+01      0.3761276554E+01     -0.1308442047E+01
    0.5844146993E+01      0.5844146993E+01      0.3760589244E+01     -0.1296158138E+01
    0.5161447208E+01      0.5161447208E+01      0.5998132332E+01     -0.1051024006E+01
    0.5223015963E+01      0.5223015963E+01      0.5822274304E+01     -0.1096632605E+01
    0.5281021304E+01      0.5281021304E+01      0.5648954745E+01     -0.1134331317E+01
    0.5334941055E+01      0.5334941055E+01      0.5481546451E+01     -0.1164652347E+01
    0.5385397925E+01      0.5385397925E+01      0.5322548061E+01     -0.1187927925E+01
    0.5432431360E+01      0.5432431360E+01      0.5171878965E+01     -0.1206152138E+01
    0.5476174864E+01      0.5476174864E+01      0.5028863099E+01     -0.1221452317E+01
    0.5517058107E+01      0.5517058107E+01      0.4893376488E+01     -0.1234152812E+01
    0.5554459259E+01      0.5554459259E+01      0.4763956579E+01     -0.1244815712E+01
    0.5589243308E+01      0.5589243308E+01      0.4641744570E+01     -0.1252303914E+01
    0.5622194180E+01      0.5622194180E+01      0.4527966668E+01     -0.1256877639E+01
    0.5652154411E+01      0.5652154411E+01      0.4421021969E+01     -0.1259628890E+01
    0.5680630885E+01      0.5680630885E+01      0.4322865136E+01     -0.1260081159E+01
    0.5706609006E+01      0.5706609006E+01      0.4232292573E+01     -0.1259727471E+01
    0.5729781080E+01      0.5729781080E+01      0.4149070737E+01     -0.1259255201E+01
    0.5752059696E+01      0.5752059696E+01      0.4075570285E+01     -0.1258024620E+01
    0.5771439039E+01      0.5771439039E+01      0.4008983126E+01     -0.1256118483E+01
    0.5789385823E+01      0.5789385823E+01      0.3951210731E+01     -0.1253976880E+01
    0.5806680265E+01      0.5806680265E+01      0.3902901782E+01     -0.1251416926E+01
    0.5819313293E+01      0.5819313293E+01      0.3858930970E+01     -0.1248768295E+01
    0.5831702745E+01      0.5831702745E+01      0.3825111636E+01     -0.1246512753E+01
    0.5840087277E+01      0.5840087277E+01      0.3796666768E+01     -0.1244162621E+01
    0.5848900597E+01      0.5848900597E+01      0.3778410791E+01     -0.1241422660E+01
    0.5853789858E+01      0.5853789858E+01      0.3765369794E+01     -0.1238483915E+01
    0.5860944205E+01      0.5860944205E+01      0.3763664071E+01     -0.1233950245E+01
    0.5209217526E+01      0.5209217526E+01      0.5951759705E+01     -0.9083278515E+00
    0.5268033645E+01      0.5268033645E+01      0.5782853999E+01     -0.9482355435E+00
    0.5322841495E+01      0.5322841495E+01      0.5615696801E+01     -0.9824647029E+00
    0.5373839704E+01      0.5373839704E+01      0.5454151167E+01     -0.1011018021E+01
    0.5421461658E+01      0.5421461658E+01      0.5300167328E+01     -0.1034237058E+01
    0.5465724264E+01      0.5465724264E+01      0.5153413839E+01     -0.1053696079E+01
    0.5507228762E+01      0.5507228762E+01      0.5013912397E+01     -0.1071068542E+01
    0.5546252670E+01      0.5546252670E+01      0.4881205556E+01     -0.1086320904E+01
    0.5582161082E+01      0.5582161082E+01      0.4754158075E+01     -0.1100043082E+01
    0.5615955007E+01      0.5615955007E+01      0.4634177720E+01     -0.1111085777E+01
    0.5647960101E+01      0.5647960101E+01      0.4522015951E+01     -0.1119678087E+01
    0.5677268945E+01      0.5677268945E+01      0.4416873230E+01     -0.1126861649E+01
    0.5705222297E+01      0.5705222297E+01      0.4320591825E+01     -0.1132053140E+01
    0.5730382309E+01      0.5730382309E+01      0.4231404728E+01     -0.1136775332E+01
    0.5753017625E+01      0.5753017625E+01      0.4149477772E+01     -0.1141662210E+01
    0.5774831961E+01      0.5774831961E+01      0.4076847931E+01     -0.1145723759E+01
    0.5793574118E+01      0.5793574118E+01      0.4010540393E+01     -0.1149306967E+01
    0.5811015923E+01      0.5811015923E+01      0.3952923549E+01     -0.1152319406E+01
    0.5827779863E+01      0.5827779863E+01      0.3904602711E+01     -0.1154929500E+01
    0.5839838766E+01      0.5839838766E+01      0.3860470419E+01     -0.1157544732E+01
    0.5851728147E+01      0.5851728147E+01      0.3826486438E+01     -0.1160515827E+01
    0.5859698108E+01      0.5859698108E+01      0.3797949040E+01     -0.1163421523E+01
    0.5868080096E+01      0.5868080096E+01      0.3779438882E+01     -0.1165738905E+01
    0.5872570507E+01      0.5872570507E+01      0.3765999559E+01     -0.1167903009E+01
    0.5879011962E+01      0.5879011962E+01      0.3763484337E+01     -0.1171137422E+01
    0.5250201824E+01      0.5250201824E+01      0.5912311153E+01     -0.7725562485E+00
    0.5306795595E+01      0.5306795595E+01      0.5748036916E+01     -0.8063954178E+00
    0.5359151572E+01      0.5359151572E+01      0.5585417017E+01     -0.8367318390E+00
    0.5407686311E+01      0.5407686311E+01      0.5428215378E+01     -0.8633875928E+00
    0.5453157498E+01      0.5453157498E+01      0.5278065013E+01     -0.8860530832E+00
    0.5495433119E+01      0.5495433119E+01      0.5134122914E+01     -0.9061496793E+00
    0.5535538853E+01      0.5535538853E+01      0.4997045427E+01     -0.9247797161E+00
    0.5573508917E+01      0.5573508917E+01      0.4866162540E+01     -0.9417144888E+00
    0.5608629193E+01      0.5608629193E+01      0.4740718385E+01     -0.9577386418E+00
    0.5642037508E+01      0.5642037508E+01      0.4622467844E+01     -0.9715772812E+00
    0.5673377312E+01      0.5673377312E+01      0.4511403586E+01     -0.9838679970E+00
    0.5702317291E+01      0.5702317291E+01      0.4407611213E+01     -0.9953796710E+00
    0.5729859766E+01      0.5729859766E+01      0.4312443290E+01     -0.1005401127E+01
    0.5754212318E+01      0.5754212318E+01      0.4223579149E+01     -0.1015323915E+01
    0.5776413571E+01      0.5776413571E+01      0.4142393461E+01     -0.1025350372E+01
    0.5797917829E+01      0.5797917829E+01      0.4070479808E+01     -0.1034466478E+01
    0.5816227563E+01      0.5816227563E+01      0.4004514932E+01     -0.1043249283E+01
    0.5833282595E+01      0.5833282595E+01      0.3947116701E+01     -0.1051260174E+01
    0.5849629368E+01      0.5849629368E+01      0.3898931025E+01     -0.1058975753E+01
    0.5861264803E+01      0.5861264803E+01      0.3854831255E+01     -0.1066740078E+01
    0.5872760816E+01      0.5872760816E+01      0.3820730570E+01     -0.1074937343E+01
    0.5880474047E+01      0.5880474047E+01      0.3792077654E+01     -0.1082969608E+01
    0.5888620003E+01      0.5888620003E+01      0.3773295955E+01     -0.1090306824E+01
    0.5892831830E+01      0.5892831830E+01      0.3759268203E+01     -0.1097459082E+01
    0.5898635993E+01      0.5898635993E+01      0.3755892464E+01     -0.1108360911E+01
    0.5284833041E+01      0.5284833041E+01      0.5879492632E+01     -0.6422831034E+00
    0.5339811892E+01      0.5339811892E+01      0.5718457225E+01     -0.6700291992E+00
    0.5390257327E+01      0.5390257327E+01      0.5558765345E+01     -0.6962422334E+00
    0.5437156971E+01      0.5437156971E+01      0.5404568082E+01     -0.7203800426E+00
    0.5481347659E+01      0.5481347659E+01      0.5256896955E+01     -0.7416972717E+00
    0.5522301661E+01      0.5522301661E+01      0.5114518868E+01     -0.7618818632E+00
    0.5561777577E+01      0.5561777577E+01      0.4979031252E+01     -0.7810025651E+00
    0.5599171695E+01      0.5599171695E+01      0.4849162238E+01     -0.7992210797E+00
    0.5634076590E+01      0.5634076590E+01      0.4724817538E+01     -0.8170693569E+00
    0.5667513242E+01      0.5667513242E+01      0.4607831027E+01     -0.8333304124E+00
    0.5698376520E+01      0.5698376520E+01      0.4497416805E+01     -0.8492016243E+00
    0.5727124830E+01      0.5727124830E+01      0.4394510564E+01     -0.8650208362E+00
    0.5754293240E+01      0.5754293240E+01      0.4300033660E+01     -0.8798714269E+00
    0.5778053407E+01      0.5778053407E+01      0.4211469956E+01     -0.8948669661E+00
    0.5800125167E+01      0.5800125167E+01      0.4130943540E+01     -0.9099645696E+00
    0.5821482634E+01      0.5821482634E+01      0.4059431290E+01     -0.9240191213E+00
    0.5839495411E+01      0.5839495411E+01      0.3993531423E+01     -0.9378673125E+00
    0.5856235274E+01      0.5856235274E+01      0.3936123608E+01     -0.9509117823E+00
    0.5872208298E+01      0.5872208298E+01      0.3887995596E+01     -0.9637163523E+00
    0.5883505931E+01      0.5883505931E+01      0.3844124940E+01     -0.9766403018E+00
    0.5894677683E+01      0.5894677683E+01      0.3810226110E+01     -0.9900243767E+00
    0.5902230494E+01      0.5902230494E+01      0.3781901046E+01     -0.1003007046E+01
    0.5910247782E+01      0.5910247782E+01      0.3763433894E+01     -0.1015210607E+01
    0.5914253770E+01      0.5914253770E+01      0.3749416977E+01     -0.1027239773E+01
    0.5919622561E+01      0.5919622561E+01      0.3745688299E+01     -0.1045774129E+01
    0.5313769961E+01      0.5313769961E+01      0.5853496770E+01     -0.5162375678E+00
    0.5367489431E+01      0.5367489431E+01      0.5694125044E+01     -0.5379733338E+00
    0.5416533495E+01      0.5416533495E+01      0.5535773374E+01     -0.5598238297E+00
    0.5462734484E+01      0.5462734484E+01      0.5383406008E+01     -0.5806415092E+00
    0.5506116853E+01      0.5506116853E+01      0.5236906699E+01     -0.6002935434E+00
    0.5546469739E+01      0.5546469739E+01      0.5095077255E+01     -0.6199742607E+00
    0.5585898012E+01      0.5585898012E+01      0.4960104085E+01     -0.6391674840E+00
    0.5623228688E+01      0.5623228688E+01      0.4830521410E+01     -0.6582837363E+00
    0.5658431570E+01      0.5658431570E+01      0.4706720450E+01     -0.6776528771E+00
    0.5691911716E+01      0.5691911716E+01      0.4589855334E+01     -0.6965597244E+00
    0.5722634177E+01      0.5722634177E+01      0.4479333235E+01     -0.7157975714E+00
    0.5751554792E+01      0.5751554792E+01      0.4376797828E+01     -0.7356632059E+00
    0.5778590719E+01      0.5778590719E+01      0.4282309504E+01     -0.7552448814E+00
    0.5802047113E+01      0.5802047113E+01      0.4193619616E+01     -0.7752062273E+00
    0.5824273890E+01      0.5824273890E+01      0.4113458783E+01     -0.7952249438E+00
    0.5845613360E+01      0.5845613360E+01      0.4042061869E+01     -0.8141672935E+00
    0.5863412994E+01      0.5863412994E+01      0.3976049553E+01     -0.8330417043E+00
    0.5879916625E+01      0.5879916625E+01      0.3918515466E+01     -0.8512599051E+00
    0.5895592559E+01      0.5895592559E+01      0.3870299295E+01     -0.8692975308E+00
    0.5906657154E+01      0.5906657154E+01      0.3826519960E+01     -0.8875314338E+00
    0.5917590470E+01      0.5917590470E+01      0.3792645494E+01     -0.9061036377E+00
    0.5925074523E+01      0.5925074523E+01      0.3764373750E+01     -0.9239746443E+00
    0.5933020782E+01      0.5933020782E+01      0.3746054170E+01     -0.9410135181E+00
    0.5936841894E+01      0.5936841894E+01      0.3731982607E+01     -0.9578846882E+00
    0.5941936089E+01      0.5941936089E+01      0.3727975610E+01     -0.9839266357E+00
    0.5337445615E+01      0.5337445615E+01      0.5834051269E+01     -0.3929301567E+00
    0.5390046676E+01      0.5390046676E+01      0.5674418232E+01     -0.4088336487E+00
    0.5438452726E+01      0.5438452726E+01      0.5516517016E+01     -0.4258804221E+00
    0.5484453413E+01      0.5484453413E+01      0.5364637101E+01     -0.4431822038E+00
    0.5527731101E+01      0.5527731101E+01      0.5218084384E+01     -0.4606491260E+00
    0.5568417448E+01      0.5568417448E+01      0.5076154522E+01     -0.4790199658E+00
    0.5608279077E+01      0.5608279077E+01      0.4940823901E+01     -0.4981072212E+00
    0.5645969697E+01      0.5645969697E+01      0.4810664651E+01     -0.5179454990E+00
    0.5681771428E+01      0.5681771428E+01      0.4686643810E+01     -0.5388166266E+00
    0.5715428596E+01      0.5715428596E+01      0.4569090084E+01     -0.5603921634E+00
    0.5746278214E+01      0.5746278214E+01      0.4457868574E+01     -0.5831038831E+00
    0.5775651930E+01      0.5775651930E+01      0.4355063746E+01     -0.6069874095E+00
    0.5802753888E+01      0.5802753888E+01      0.4259823230E+01     -0.6312140494E+00
    0.5826214613E+01      0.5826214613E+01      0.4170526505E+01     -0.6560279393E+00
    0.5848801577E+01      0.5848801577E+01      0.4090492199E+01     -0.6810040498E+00
    0.5870173328E+01      0.5870173328E+01      0.4019146364E+01     -0.7049766391E+00
    0.5887813424E+01      0.5887813424E+01      0.3953221694E+01     -0.7289748279E+00
    0.5904157840E+01      0.5904157840E+01      0.3895982364E+01     -0.7525206019E+00
    0.5919630309E+01      0.5919630309E+01      0.3848185476E+01     -0.7759351962E+00
    0.5930578050E+01      0.5930578050E+01      0.3805022762E+01     -0.7995863742E+00
    0.5941387713E+01      0.5941387713E+01      0.3771564106E+01     -0.8232091404E+00
    0.5948956633E+01      0.5948956633E+01      0.3743606242E+01     -0.8459258686E+00
    0.5956954929E+01      0.5956954929E+01      0.3725497533E+01     -0.8678019680E+00
    0.5960650494E+01      0.5960650494E+01      0.3711243880E+01     -0.8895546418E+00
    0.5965600367E+01      0.5965600367E+01      0.3706905516E+01     -0.9231040580E+00
    0.5355437118E+01      0.5355437118E+01      0.5820111913E+01     -0.2714547639E+00
    0.5407857450E+01      0.5407857450E+01      0.5659357018E+01     -0.2807530245E+00
    0.5456765330E+01      0.5456765330E+01      0.5501630985E+01     -0.2923881927E+00
    0.5503187840E+01      0.5503187840E+01      0.5349450396E+01     -0.3055801610E+00
    0.5546923350E+01      0.5546923350E+01      0.5201720869E+01     -0.3204137766E+00
    0.5588522510E+01      0.5588522510E+01      0.5058485135E+01     -0.3373544163E+00
    0.5629173878E+01      0.5629173878E+01      0.4921348536E+01     -0.3562277667E+00
    0.5667591888E+01      0.5667591888E+01      0.4789334788E+01     -0.3769293694E+00
    0.5704272426E+01      0.5704272426E+01      0.4663927711E+01     -0.3995667268E+00
    0.5738379147E+01      0.5738379147E+01      0.4544764419E+01     -0.4239319877E+00
    0.5769676571E+01      0.5769676571E+01      0.4432192262E+01     -0.4503119369E+00
    0.5799636654E+01      0.5799636654E+01      0.4328525152E+01     -0.4783961956E+00
    0.5826931765E+01      0.5826931765E+01      0.4232159235E+01     -0.5073735637E+00
    0.5850596182E+01      0.5850596182E+01      0.4142006612E+01     -0.5372512431E+00
    0.5873664124E+01      0.5873664124E+01      0.4061863103E+01     -0.5674711074E+00
    0.5895096712E+01      0.5895096712E+01      0.3990386355E+01     -0.5967838822E+00
    0.5912628401E+01      0.5912628401E+01      0.3924550323E+01     -0.6261712979E+00
    0.5928922212E+01      0.5928922212E+01      0.3867806626E+01     -0.6552447366E+00
    0.5944316432E+01      0.5944316432E+01      0.3820699308E+01     -0.6842034407E+00
    0.5955222535E+01      0.5955222535E+01      0.3778391654E+01     -0.7133040398E+00
    0.5966029668E+01      0.5966029668E+01      0.3745518122E+01     -0.7417204138E+00
    0.5973831891E+01      0.5973831891E+01      0.3718146826E+01     -0.7691867292E+00
    0.5981957533E+01      0.5981957533E+01      0.3700404422E+01     -0.7958041106E+00
    0.5985574286E+01      0.5985574286E+01      0.3686246470E+01     -0.8224217441E+00
    0.5990583606E+01      0.5990583606E+01      0.3681969310E+01     -0.8635244434E+00
    0.5367970334E+01      0.5367970334E+01      0.5815598833E+01     -0.1499663462E+00
    0.5421177729E+01      0.5421177729E+01      0.5652746299E+01     -0.1520119072E+00
    0.5471132471E+01      0.5471132471E+01      0.5493616103E+01     -0.1574157034E+00
    0.5518559896E+01      0.5518559896E+01      0.5339596867E+01     -0.1660825802E+00
    0.5563434808E+01      0.5563434808E+01      0.5189217796E+01     -0.1779380371E+00
    0.5606430002E+01      0.5606430002E+01      0.5042946976E+01     -0.1932374912E+00
    0.5648386274E+01      0.5648386274E+01      0.4902295089E+01     -0.2118459176E+00
    0.5687993490E+01      0.5687993490E+01      0.4766667341E+01     -0.2336450260E+00
    0.5725851913E+01      0.5725851913E+01      0.4638118743E+01     -0.2585467561E+00
    0.5760741091E+01      0.5760741091E+01      0.4516023566E+01     -0.2862495510E+00
    0.5792831393E+01      0.5792831393E+01      0.4401274870E+01     -0.3168011794E+00
    0.5823527837E+01      0.5823527837E+01      0.4296039682E+01     -0.3495507056E+00
    0.5851189600E+01      0.5851189600E+01      0.4198316552E+01     -0.3836974945E+00
    0.5875205421E+01      0.5875205421E+01      0.4107411691E+01     -0.4190030600E+00
    0.5898798588E+01      0.5898798588E+01      0.4027302931E+01     -0.4548044901E+00
    0.5920331502E+01      0.5920331502E+01      0.3955806772E+01     -0.4898110845E+00
    0.5937835615E+01      0.5937835615E+01      0.3890180752E+01     -0.5249038624E+00
    0.5954243272E+01      0.5954243272E+01      0.3834144063E+01     -0.5597057907E+00
    0.5969684677E+01      0.5969684677E+01      0.3787802788E+01     -0.5943546047E+00
    0.5980646993E+01      0.5980646993E+01      0.3746307880E+01     -0.6287842915E+00
    0.5991569026E+01      0.5991569026E+01      0.3714013428E+01     -0.6618894336E+00
    0.5999722517E+01      0.5999722517E+01      0.3687282072E+01     -0.6940232963E+00
    0.6007986739E+01      0.6007986739E+01      0.3669877440E+01     -0.7253780464E+00
    0.6011590445E+01      0.6011590445E+01      0.3655935316E+01     -0.7569042584E+00
    0.6016857363E+01      0.6016857363E+01      0.3651992997E+01     -0.8055274000E+00
    0.5374468140E+01      0.5374468140E+01      0.5822211801E+01     -0.2569823554E-01
    0.5429594269E+01      0.5429594269E+01      0.5655002377E+01     -0.1902326062E-01
    0.5480958086E+01      0.5480958086E+01      0.5490762817E+01     -0.1821605472E-01
    0.5530311691E+01      0.5530311691E+01      0.5331576561E+01     -0.2212955975E-01
    0.5576988086E+01      0.5576988086E+01      0.5176217408E+01     -0.3092215075E-01
    0.5621865943E+01      0.5621865943E+01      0.5024862531E+01     -0.4476654870E-01
    0.5665620154E+01      0.5665620154E+01      0.4879221370E+01     -0.6359746699E-01
    0.5706910306E+01      0.5706910306E+01      0.4739199371E+01     -0.8722271158E-01
    0.5746350408E+01      0.5746350408E+01      0.4607131246E+01     -0.1152531058E+00
    0.5782444695E+01      0.5782444695E+01      0.4482087066E+01     -0.1471329932E+00
    0.5815723817E+01      0.5815723817E+01      0.4365339778E+01     -0.1825153283E+00
    0.5847348023E+01      0.5847348023E+01      0.4258556091E+01     -0.2204463641E+00
    0.5875595646E+01      0.5875595646E+01      0.4159554678E+01     -0.2602903528E+00
    0.5900153952E+01      0.5900153952E+01      0.4068046215E+01     -0.3015140747E+00
    0.5924289795E+01      0.5924289795E+01      0.3987991746E+01     -0.3432650920E+00
    0.5945965335E+01      0.5945965335E+01      0.3916485752E+01     -0.3842560631E+00
    0.5963546471E+01      0.5963546471E+01      0.3851124923E+01     -0.4253400486E+00
    0.5980218193E+01      0.5980218193E+01      0.3795934522E+01     -0.4660017883E+00
    0.5995792419E+01      0.5995792419E+01      0.3750380311E+01     -0.5063809454E+00
    0.6006902724E+01      0.6006902724E+01      0.3709657904E+01     -0.5459735538E+00
    0.6018018564E+01      0.6018018564E+01      0.3677999770E+01     -0.5837504022E+00
    0.6026588628E+01      0.6026588628E+01      0.3652030358E+01     -0.6206023744E+00
    0.6034974515E+01      0.6034974515E+01      0.3635032543E+01     -0.6567443770E+00
    0.6038633926E+01      0.6038633926E+01      0.3621561060E+01     -0.6932828665E+00
    0.6044336577E+01      0.6044336577E+01      0.3618328232E+01     -0.7493546182E+00
    0.5376446117E+01      0.5376446117E+01      0.5834725429E+01      0.1012826546E+00
    0.5433013461E+01      0.5433013461E+01      0.5663701730E+01      0.1185669594E+00
    0.5485493894E+01      0.5485493894E+01      0.5493143727E+01      0.1287386614E+00
    0.5537667571E+01      0.5537667571E+01      0.5326108559E+01      0.1281452786E+00
    0.5587042756E+01      0.5587042756E+01      0.5164305727E+01      0.1219335714E+00
    0.5634503144E+01      0.5634503144E+01      0.5006815996E+01      0.1091282109E+00
    0.5680806624E+01      0.5680806624E+01      0.4855235013E+01      0.8944340817E-01
    0.5724487886E+01      0.5724487886E+01      0.4709806427E+01      0.6319614260E-01
    0.5766050666E+01      0.5766050666E+01      0.4573018208E+01      0.3114151099E-01
    0.5803830373E+01      0.5803830373E+01      0.4443872298E+01     -0.5825739733E-02
    0.5838668477E+01      0.5838668477E+01      0.4324095101E+01     -0.4695118003E-01
    0.5871426604E+01      0.5871426604E+01      0.4215014928E+01     -0.9094912811E-01
    0.5900347139E+01      0.5900347139E+01      0.4114297284E+01     -0.1371490602E+00
    0.5925602614E+01      0.5925602614E+01      0.4022068887E+01     -0.1848477214E+00
    0.5950212147E+01      0.5950212147E+01      0.3941956005E+01     -0.2329152663E+00
    0.5972037308E+01      0.5972037308E+01      0.3870550724E+01     -0.2801626302E+00
    0.5989825883E+01      0.5989825883E+01      0.3805821517E+01     -0.3275372109E+00
    0.6006846053E+01      0.6006846053E+01      0.3751796324E+01     -0.3741703404E+00
    0.6022612057E+01      0.6022612057E+01      0.3707338476E+01     -0.4202636961E+00
    0.6033922320E+01      0.6033922320E+01      0.3667662840E+01     -0.4649086474E+00
    0.6045265918E+01      0.6045265918E+01      0.3636928100E+01     -0.5074389539E+00
    0.6054302828E+01      0.6054302828E+01      0.3612054463E+01     -0.5491693752E+00
    0.6062833486E+01      0.6062833486E+01      0.3595674547E+01     -0.5901841821E+00
    0.6066630912E+01      0.6066630912E+01      0.3582985406E+01     -0.6318772801E+00
    0.6072898644E+01      0.6072898644E+01      0.3580868628E+01     -0.6952090990E+00
    0.5372058629E+01      0.5372058629E+01      0.5858057223E+01      0.2365536801E+00
    0.5431225547E+01      0.5431225547E+01      0.5680308810E+01      0.2618875401E+00
    0.5486222615E+01      0.5486222615E+01      0.5502375296E+01      0.2828264591E+00
    0.5540622530E+01      0.5540622530E+01      0.5324874591E+01      0.2872255975E+00
    0.5593389163E+01      0.5593389163E+01      0.5153239633E+01      0.2824267175E+00
    0.5644330613E+01      0.5644330613E+01      0.4987619788E+01      0.2694321925E+00
    0.5693971801E+01      0.5693971801E+01      0.4828846153E+01      0.2479591482E+00
    0.5740736550E+01      0.5740736550E+01      0.4677057060E+01      0.2182574339E+00
    0.5784941194E+01      0.5784941194E+01      0.4534648261E+01      0.1813240133E+00
    0.5824861699E+01      0.5824861699E+01      0.4400654403E+01      0.1383395637E+00
    0.5861639714E+01      0.5861639714E+01      0.4277284213E+01      0.9051578734E-01
    0.5895685211E+01      0.5895685211E+01      0.4165330376E+01      0.3949657375E-01
    0.5925477729E+01      0.5925477729E+01      0.4062749167E+01     -0.1395836738E-01
    0.5951575299E+01      0.5951575299E+01      0.3970010670E+01     -0.6889210269E-01
    0.5976589825E+01      0.5976589825E+01      0.3889793133E+01     -0.1237346151E+00
    0.5998594857E+01      0.5998594857E+01      0.3818599851E+01     -0.1776178776E+00
    0.6016736522E+01      0.6016736522E+01      0.3754869404E+01     -0.2316280662E+00
    0.6034124282E+01      0.6034124282E+01      0.3702214299E+01     -0.2843655166E+00
    0.6050119844E+01      0.6050119844E+01      0.3659078515E+01     -0.3361590428E+00
    0.6061641980E+01      0.6061641980E+01      0.3620675977E+01     -0.3857809276E+00
    0.6073179944E+01      0.6073179944E+01      0.3591099071E+01     -0.4332593187E+00
    0.6082705120E+01      0.6082705120E+01      0.3567695190E+01     -0.4800346534E+00
    0.6091413801E+01      0.6091413801E+01      0.3552144300E+01     -0.5260187781E+00
    0.6095525293E+01      0.6095525293E+01      0.3540585650E+01     -0.5729673851E+00
    0.6102429020E+01      0.6102429020E+01      0.3540006401E+01     -0.6432037905E+00
