    0.7390728990E+01      0.7390728990E+01      0.4558741382E+01     -0.5791261443E+00
    0.7290176825E+01      0.7290176825E+01      0.4773807354E+01     -0.5424828687E+00
    0.7185156906E+01      0.7185156906E+01      0.4984610462E+01     -0.4887624838E+00
    0.7081852370E+01      0.7081852370E+01      0.5188678126E+01     -0.4116679575E+00
    0.6981403375E+01      0.6981403375E+01      0.5382891128E+01     -0.3189847027E+00
    0.6879329157E+01      0.6879329157E+01      0.5553515970E+01     -0.2042307362E+00
    0.6791942730E+01      0.6791942730E+01      0.5709895661E+01     -0.7792490292E-01
    0.6703066589E+01      0.6703066589E+01      0.5822224851E+01      0.6543552821E-01
    0.6642050704E+01      0.6642050704E+01      0.5911932688E+01      0.2110883768E+00
    0.6587001272E+01      0.6587001272E+01      0.5939344030E+01      0.3655966900E+00
    0.6559147460E+01      0.6559147460E+01      0.5911147930E+01      0.5187955661E+00
    0.6576065302E+01      0.6576065302E+01      0.5830497650E+01      0.6543614351E+00
    0.6628591675E+01      0.6628591675E+01      0.5683770197E+01      0.7480214359E+00
    0.6675857020E+01      0.6675857020E+01      0.5522969262E+01      0.8237889767E+00
    0.6720501420E+01      0.6720501420E+01      0.5353022638E+01      0.8875980424E+00
    0.6760716562E+01      0.6760716562E+01      0.5177331368E+01      0.9256720485E+00
    0.6797582683E+01      0.6797582683E+01      0.5001275812E+01      0.9355106800E+00
    0.6831071507E+01      0.6831071507E+01      0.4830128902E+01      0.9320643739E+00
    0.6860699884E+01      0.6860699884E+01      0.4662797862E+01      0.9180766836E+00
    0.6890099089E+01      0.6890099089E+01      0.4503267723E+01      0.8895153458E+00
    0.6918663782E+01      0.6918663782E+01      0.4352755400E+01      0.8465305721E+00
    0.6942600116E+01      0.6942600116E+01      0.4209361217E+01      0.7940531311E+00
    0.6962581120E+01      0.6962581120E+01      0.4075095241E+01      0.7349403781E+00
    0.6981915048E+01      0.6981915048E+01      0.3954344819E+01      0.6706125137E+00
    0.7000556224E+01      0.7000556224E+01      0.3846571580E+01      0.6059708088E+00
    0.7364478759E+01      0.7364478759E+01      0.4590726036E+01     -0.7414136422E+00
    0.7252038105E+01      0.7252038105E+01      0.4827213207E+01     -0.6990173870E+00
    0.7141987763E+01      0.7141987763E+01      0.5061530819E+01     -0.6293772241E+00
    0.7027299601E+01      0.7027299601E+01      0.5286771179E+01     -0.5414735994E+00
    0.6921397786E+01      0.6921397786E+01      0.5505144438E+01     -0.4246820605E+00
    0.6809377483E+01      0.6809377483E+01      0.5694746974E+01     -0.2894624919E+00
    0.6719355997E+01      0.6719355997E+01      0.5872304816E+01     -0.1322063893E+00
    0.6623179753E+01      0.6623179753E+01      0.5994367154E+01      0.3994990652E-01
    0.6566816048E+01      0.6566816048E+01      0.6095198725E+01      0.2229803778E+00
    0.6506877854E+01      0.6506877854E+01      0.6109720245E+01      0.4125940981E+00
    0.6490211847E+01      0.6490211847E+01      0.6072541520E+01      0.6021760769E+00
    0.6528356397E+01      0.6528356397E+01      0.5954131289E+01      0.7625110088E+00
    0.6584950005E+01      0.6584950005E+01      0.5787550592E+01      0.8930011323E+00
    0.6633784181E+01      0.6633784181E+01      0.5603742120E+01      0.9962063783E+00
    0.6680710923E+01      0.6680710923E+01      0.5408660095E+01      0.1079660851E+01
    0.6723943328E+01      0.6723943328E+01      0.5207523659E+01      0.1127960558E+01
    0.6764006016E+01      0.6764006016E+01      0.5009084851E+01      0.1137653476E+01
    0.6801834441E+01      0.6801834441E+01      0.4817167800E+01      0.1130842608E+01
    0.6838053305E+01      0.6838053305E+01      0.4631007198E+01      0.1108242219E+01
    0.6874578473E+01      0.6874578473E+01      0.4455468763E+01      0.1066972812E+01
    0.6910204085E+01      0.6910204085E+01      0.4294436210E+01      0.1009879646E+01
    0.6940186012E+01      0.6940186012E+01      0.4144578168E+01      0.9424894246E+00
    0.6964493625E+01      0.6964493625E+01      0.4007023544E+01      0.8693292833E+00
    0.6986146732E+01      0.6986146732E+01      0.3884539708E+01      0.7925377145E+00
    0.7005957718E+01      0.7005957718E+01      0.3776255143E+01      0.7176204366E+00
    0.7322381924E+01      0.7322381924E+01      0.4632187708E+01     -0.9246952812E+00
    0.7203620346E+01      0.7203620346E+01      0.4896627447E+01     -0.8706777286E+00
    0.7080511766E+01      0.7080511766E+01      0.5158422096E+01     -0.7959189592E+00
    0.6961490888E+01      0.6961490888E+01      0.5417771967E+01     -0.6900100428E+00
    0.6844158940E+01      0.6844158940E+01      0.5665895035E+01     -0.5587209666E+00
    0.6726360905E+01      0.6726360905E+01      0.5884868601E+01     -0.3937308866E+00
    0.6629329051E+01      0.6629329051E+01      0.6087067809E+01     -0.2084945463E+00
    0.6527685049E+01      0.6527685049E+01      0.6224194946E+01      0.4953121129E-02
    0.6472330591E+01      0.6472330591E+01      0.6332600330E+01      0.2281405528E+00
    0.6408206396E+01      0.6408206396E+01      0.6333310384E+01      0.4653926305E+00
    0.6405217189E+01      0.6405217189E+01      0.6281986298E+01      0.6953055286E+00
    0.6458883806E+01      0.6458883806E+01      0.6124370111E+01      0.8979650946E+00
    0.6514488010E+01      0.6514488010E+01      0.5928777884E+01      0.1077361259E+01
    0.6569348289E+01      0.6569348289E+01      0.5710281638E+01      0.1210215646E+01
    0.6623292983E+01      0.6623292983E+01      0.5478875142E+01      0.1311044460E+01
    0.6675190854E+01      0.6675190854E+01      0.5243453112E+01      0.1361017451E+01
    0.6724485584E+01      0.6724485584E+01      0.5014948685E+01      0.1362083431E+01
    0.6773030089E+01      0.6773030089E+01      0.4794086269E+01      0.1344836564E+01
    0.6819945763E+01      0.6819945763E+01      0.4583253092E+01      0.1306279016E+01
    0.6865071119E+01      0.6865071119E+01      0.4391349590E+01      0.1247991201E+01
    0.6906390747E+01      0.6906390747E+01      0.4219614452E+01      0.1174601320E+01
    0.6940289717E+01      0.6940289717E+01      0.4063956567E+01      0.1091218038E+01
    0.6967743866E+01      0.6967743866E+01      0.3924883932E+01      0.1002539123E+01
    0.6990514761E+01      0.6990514761E+01      0.3801891728E+01      0.9130379324E+00
    0.7011233833E+01      0.7011233833E+01      0.3694380633E+01      0.8270109522E+00
    0.7268502142E+01      0.7268502142E+01      0.4690332611E+01     -0.1135794193E+01
    0.7138761491E+01      0.7138761491E+01      0.4996118348E+01     -0.1079939334E+01
    0.7011608111E+01      0.7011608111E+01      0.5291423245E+01     -0.9876007388E+00
    0.6882717386E+01      0.6882717386E+01      0.5561844983E+01     -0.8713231317E+00
    0.6756070924E+01      0.6756070924E+01      0.5827682866E+01     -0.7151997912E+00
    0.6624114286E+01      0.6624114286E+01      0.6071627382E+01     -0.5313376234E+00
    0.6516840750E+01      0.6516840750E+01      0.6313227915E+01     -0.3043239362E+00
    0.6401944507E+01      0.6401944507E+01      0.6479519667E+01     -0.4975462181E-01
    0.6345882567E+01      0.6345882567E+01      0.6611314353E+01      0.2305096402E+00
    0.6282226692E+01      0.6282226692E+01      0.6613588835E+01      0.5185850235E+00
    0.6288549552E+01      0.6288549552E+01      0.6546838214E+01      0.8086451263E+00
    0.6355062206E+01      0.6355062206E+01      0.6356007373E+01      0.1068038157E+01
    0.6412832806E+01      0.6412832806E+01      0.6124282782E+01      0.1309623002E+01
    0.6477461799E+01      0.6477461799E+01      0.5851896478E+01      0.1480265822E+01
    0.6546755608E+01      0.6546755608E+01      0.5562914678E+01      0.1593027806E+01
    0.6615021703E+01      0.6615021703E+01      0.5279603505E+01      0.1628431008E+01
    0.6679962184E+01      0.6679962184E+01      0.5008573073E+01      0.1616135853E+01
    0.6744554951E+01      0.6744554951E+01      0.4751898322E+01      0.1578504108E+01
    0.6803289619E+01      0.6803289619E+01      0.4515816856E+01      0.1516949112E+01
    0.6856576671E+01      0.6856576671E+01      0.4308084178E+01      0.1436581953E+01
    0.6902824207E+01      0.6902824207E+01      0.4125945771E+01      0.1342617443E+01
    0.6941495602E+01      0.6941495602E+01      0.3967024148E+01      0.1239266635E+01
    0.6971801764E+01      0.6971801764E+01      0.3828059937E+01      0.1133025560E+01
    0.6995573338E+01      0.6995573338E+01      0.3705947696E+01      0.1030387650E+01
    0.7016999184E+01      0.7016999184E+01      0.3601277282E+01      0.9319218007E+00
    0.7196609333E+01      0.7196609333E+01      0.4801277067E+01     -0.1400867895E+01
    0.7055777814E+01      0.7055777814E+01      0.5141997021E+01     -0.1308507328E+01
    0.6915874014E+01      0.6915874014E+01      0.5402835746E+01     -0.1178228163E+01
    0.6790275356E+01      0.6790275356E+01      0.5640969948E+01     -0.1039286075E+01
    0.6648076768E+01      0.6648076768E+01      0.5898776653E+01     -0.8757226548E+00
    0.6508332494E+01      0.6508332494E+01      0.6151588721E+01     -0.6773205718E+00
    0.6374618361E+01      0.6374618361E+01      0.6416537981E+01     -0.4264620300E+00
    0.6246048588E+01      0.6246048588E+01      0.6619749748E+01     -0.1250149622E+00
    0.6169400478E+01      0.6169400478E+01      0.6797027161E+01      0.2154152087E+00
    0.6123402941E+01      0.6123402941E+01      0.6835931485E+01      0.5631109612E+00
    0.6130481041E+01      0.6130481041E+01      0.6789900559E+01      0.9225599361E+00
    0.6200015688E+01      0.6200015688E+01      0.6612521193E+01      0.1264459498E+01
    0.6259391639E+01      0.6259391639E+01      0.6367099927E+01      0.1600265475E+01
    0.6350785440E+01      0.6350785440E+01      0.6024340097E+01      0.1828568365E+01
    0.6453230446E+01      0.6453230446E+01      0.5653034807E+01      0.1930837731E+01
    0.6545263296E+01      0.6545263296E+01      0.5304175672E+01      0.1936963909E+01
    0.6630825852E+01      0.6630825852E+01      0.4979987979E+01      0.1905095144E+01
    0.6713041576E+01      0.6713041576E+01      0.4682597555E+01      0.1837779179E+01
    0.6785513614E+01      0.6785513614E+01      0.4422227681E+01      0.1743820820E+01
    0.6846876855E+01      0.6846876855E+01      0.4198544147E+01      0.1634627774E+01
    0.6899243612E+01      0.6899243612E+01      0.4009115247E+01      0.1513388881E+01
    0.6943374201E+01      0.6943374201E+01      0.3851113506E+01      0.1385616994E+01
    0.6976366794E+01      0.6976366794E+01      0.3714970683E+01      0.1260212489E+01
    0.7001599017E+01      0.7001599017E+01      0.3596482794E+01      0.1142682869E+01
    0.7023694002E+01      0.7023694002E+01      0.3497217970E+01      0.1030205647E+01
    0.7076977293E+01      0.7076977293E+01      0.4927447232E+01     -0.1676392842E+01
    0.6918011554E+01      0.6918011554E+01      0.5202253580E+01     -0.1507512828E+01
    0.6781528467E+01      0.6781528467E+01      0.5376818404E+01     -0.1335968166E+01
    0.6666942201E+01      0.6666942201E+01      0.5534716827E+01     -0.1194664889E+01
    0.6516444132E+01      0.6516444132E+01      0.5746516127E+01     -0.1038035744E+01
    0.6369004551E+01      0.6369004551E+01      0.5972686306E+01     -0.8381499803E+00
    0.6218643955E+01      0.6218643955E+01      0.6227055499E+01     -0.5770358896E+00
    0.6066850800E+01      0.6066850800E+01      0.6496955358E+01     -0.2565443393E+00
    0.5961468746E+01      0.5961468746E+01      0.6728507595E+01      0.1456790778E+00
    0.5918778196E+01      0.5918778196E+01      0.6842808622E+01      0.5711354829E+00
    0.5934639701E+01      0.5934639701E+01      0.6829956496E+01      0.9993681169E+00
    0.5992505714E+01      0.5992505714E+01      0.6723469615E+01      0.1441644938E+01
    0.6062834656E+01      0.6062834656E+01      0.6541160443E+01      0.1889132984E+01
    0.6168873179E+01      0.6168873179E+01      0.6216516267E+01      0.2247741989E+01
    0.6335433022E+01      0.6335433022E+01      0.5773333191E+01      0.2335855792E+01
    0.6463492827E+01      0.6463492827E+01      0.5331166329E+01      0.2308924849E+01
    0.6579133333E+01      0.6579133333E+01      0.4932296398E+01      0.2235668196E+01
    0.6681224910E+01      0.6681224910E+01      0.4588275284E+01      0.2122991556E+01
    0.6766920030E+01      0.6766920030E+01      0.4299569382E+01      0.1987461320E+01
    0.6836722969E+01      0.6836722969E+01      0.4058713296E+01      0.1838856825E+01
    0.6897423228E+01      0.6897423228E+01      0.3867032500E+01      0.1683080470E+01
    0.6945785145E+01      0.6945785145E+01      0.3713668761E+01      0.1527121058E+01
    0.6981761734E+01      0.6981761734E+01      0.3583749340E+01      0.1381758900E+01
    0.7008687105E+01      0.7008687105E+01      0.3472758892E+01      0.1247277496E+01
    0.7031513901E+01      0.7031513901E+01      0.3381984788E+01      0.1119740130E+01
    0.6919987716E+01      0.6919987716E+01      0.4852123575E+01     -0.1865992791E+01
    0.6823963643E+01      0.6823963643E+01      0.4847700647E+01     -0.1585386179E+01
    0.6727865429E+01      0.6727865429E+01      0.4832919352E+01     -0.1360150757E+01
    0.6608717721E+01      0.6608717721E+01      0.4864243607E+01     -0.1236778625E+01
    0.6450565661E+01      0.6450565661E+01      0.4975935960E+01     -0.1114673070E+01
    0.6264133933E+01      0.6264133933E+01      0.5166045784E+01     -0.9498740265E+00
    0.6077953914E+01      0.6077953914E+01      0.5403280347E+01     -0.7268581507E+00
    0.5901254672E+01      0.5901254672E+01      0.5684983172E+01     -0.4298461203E+00
    0.5749878681E+01      0.5749878681E+01      0.5990860143E+01     -0.4365229596E-01
    0.5659007109E+01      0.5659007109E+01      0.6319513857E+01      0.4600690731E+00
    0.5673708019E+01      0.5673708019E+01      0.6490976686E+01      0.1003133381E+01
    0.5742020369E+01      0.5742020369E+01      0.6466528170E+01      0.1554209562E+01
    0.5826679163E+01      0.5826679163E+01      0.6382225271E+01      0.2107303635E+01
    0.5970805521E+01      0.5970805521E+01      0.6120409474E+01      0.2633859834E+01
    0.6174116964E+01      0.6174116964E+01      0.5703509438E+01      0.2789255320E+01
    0.6358715325E+01      0.6358715325E+01      0.5255010775E+01      0.2738755221E+01
    0.6511428042E+01      0.6511428042E+01      0.4813695920E+01      0.2612262085E+01
    0.6641466679E+01      0.6641466679E+01      0.4434805764E+01      0.2439299074E+01
    0.6744999525E+01      0.6744999525E+01      0.4122694323E+01      0.2245205657E+01
    0.6830311374E+01      0.6830311374E+01      0.3879766653E+01      0.2045057214E+01
    0.6897510017E+01      0.6897510017E+01      0.3696616951E+01      0.1846196787E+01
    0.6949838304E+01      0.6949838304E+01      0.3553105908E+01      0.1660653211E+01
    0.6988622943E+01      0.6988622943E+01      0.3434205316E+01      0.1493516234E+01
    0.7017156199E+01      0.7017156199E+01      0.3334952245E+01      0.1340704773E+01
    0.7040731000E+01      0.7040731000E+01      0.3255829343E+01      0.1197766138E+01
    0.6804875640E+01      0.6804875640E+01      0.4224640695E+01     -0.1796621649E+01
    0.6769003505E+01      0.6769003505E+01      0.3888708329E+01     -0.1376666231E+01
    0.6677798938E+01      0.6677798938E+01      0.3635612749E+01     -0.1233790275E+01
    0.6562631482E+01      0.6562631482E+01      0.3599259184E+01     -0.1198540733E+01
    0.6364497261E+01      0.6364497261E+01      0.3775774305E+01     -0.1200316452E+01
    0.6151335014E+01      0.6151335014E+01      0.4067633493E+01     -0.1135341061E+01
    0.5943915277E+01      0.5943915277E+01      0.4431840923E+01     -0.9767461539E+00
    0.5743067898E+01      0.5743067898E+01      0.4813707786E+01     -0.6872426723E+00
    0.5590084565E+01      0.5590084565E+01      0.5185943068E+01     -0.2962381039E+00
    0.5442772983E+01      0.5442772983E+01      0.5477770641E+01      0.2374496818E+00
    0.5415629076E+01      0.5415629076E+01      0.5803981198E+01      0.8766316709E+00
    0.5460554295E+01      0.5460554295E+01      0.5956445482E+01      0.1547528293E+01
    0.5565077358E+01      0.5565077358E+01      0.5938751427E+01      0.2224038700E+01
    0.5755216073E+01      0.5755216073E+01      0.5772285233E+01      0.2927790110E+01
    0.6003200920E+01      0.6003200920E+01      0.5432798783E+01      0.3185105768E+01
    0.6256799932E+01      0.6256799932E+01      0.5025577798E+01      0.3146334649E+01
    0.6454878538E+01      0.6454878538E+01      0.4599487430E+01      0.2993424646E+01
    0.6606514423E+01      0.6606514423E+01      0.4207788867E+01      0.2761323195E+01
    0.6728085596E+01      0.6728085596E+01      0.3889805724E+01      0.2500989628E+01
    0.6825257196E+01      0.6825257196E+01      0.3657611324E+01      0.2235572328E+01
    0.6899586076E+01      0.6899586076E+01      0.3492080632E+01      0.1994015766E+01
    0.6956198281E+01      0.6956198281E+01      0.3367105392E+01      0.1778975767E+01
    0.6997554023E+01      0.6997554023E+01      0.3266033883E+01      0.1589812445E+01
    0.7027589268E+01      0.7027589268E+01      0.3183437986E+01      0.1418555943E+01
    0.7051787490E+01      0.7051787490E+01      0.3119392011E+01      0.1261007406E+01
    0.6733305707E+01      0.6733305707E+01      0.2984623669E+01     -0.1132671417E+01
    0.6750132138E+01      0.6750132138E+01      0.2220101504E+01     -0.1041572541E+01
    0.6645568328E+01      0.6645568328E+01      0.2213161724E+01     -0.1129782950E+01
    0.6475612376E+01      0.6475612376E+01      0.2416330985E+01     -0.1301023307E+01
    0.6293906059E+01      0.6293906059E+01      0.2818015372E+01     -0.1539012991E+01
    0.6060083458E+01      0.6060083458E+01      0.3355893568E+01     -0.1538220556E+01
    0.5834559960E+01      0.5834559960E+01      0.3906892813E+01     -0.1403758549E+01
    0.5582337434E+01      0.5582337434E+01      0.4414900427E+01     -0.1076471166E+01
    0.5404294002E+01      0.5404294002E+01      0.4900182515E+01     -0.5934388279E+00
    0.5217137124E+01      0.5217137124E+01      0.5127247529E+01      0.1967570855E-01
    0.5160020200E+01      0.5160020200E+01      0.5291369899E+01      0.7375040824E+00
    0.5204545028E+01      0.5204545028E+01      0.5366045180E+01      0.1508272665E+01
    0.5321290033E+01      0.5321290033E+01      0.5342588121E+01      0.2259192481E+01
    0.5547103787E+01      0.5547103787E+01      0.5201033285E+01      0.3076707713E+01
    0.5848364322E+01      0.5848364322E+01      0.4921553241E+01      0.3499221361E+01
    0.6155820470E+01      0.6155820470E+01      0.4594606687E+01      0.3501588690E+01
    0.6404537993E+01      0.6404537993E+01      0.4246158730E+01      0.3354689193E+01
    0.6585742747E+01      0.6585742747E+01      0.3896254538E+01      0.3081306180E+01
    0.6719899572E+01      0.6719899572E+01      0.3602361501E+01      0.2744547339E+01
    0.6827603205E+01      0.6827603205E+01      0.3396390800E+01      0.2404621625E+01
    0.6906186431E+01      0.6906186431E+01      0.3257950309E+01      0.2116171945E+01
    0.6965940001E+01      0.6965940001E+01      0.3158681705E+01      0.1873317907E+01
    0.7009528309E+01      0.7009528309E+01      0.3081321585E+01      0.1663525359E+01
    0.7040653489E+01      0.7040653489E+01      0.3019902238E+01      0.1475625736E+01
    0.7065079427E+01      0.7065079427E+01      0.2974035357E+01      0.1305970146E+01
    0.6249022668E+01      0.6249022668E+01      0.7539378679E+00     -0.5881772404E+00
    0.6585965881E+01      0.6585965881E+01      0.7177915752E+00     -0.1018535607E+01
    0.6521574828E+01      0.6521574828E+01      0.1099158405E+01     -0.1446283103E+01
    0.6407924264E+01      0.6407924264E+01      0.1677092986E+01     -0.1838812778E+01
    0.6209798172E+01      0.6209798172E+01      0.2301113630E+01     -0.2123349250E+01
    0.5965634636E+01      0.5965634636E+01      0.2894573174E+01     -0.2111727755E+01
    0.5694373086E+01      0.5694373086E+01      0.3477176243E+01     -0.1926742594E+01
    0.5392466759E+01      0.5392466759E+01      0.4004392940E+01     -0.1519792651E+01
    0.5160642344E+01      0.5160642344E+01      0.4482461011E+01     -0.8806187901E+00
    0.4962337408E+01      0.4962337408E+01      0.4717018102E+01     -0.1086010679E+00
    0.4908679129E+01      0.4908679129E+01      0.4802882731E+01      0.7143592049E+00
    0.4957007778E+01      0.4957007778E+01      0.4771092991E+01      0.1545468818E+01
    0.5112173405E+01      0.5112173405E+01      0.4658075200E+01      0.2332597755E+01
    0.5373059297E+01      0.5373059297E+01      0.4477703076E+01      0.3197523067E+01
    0.5707602778E+01      0.5707602778E+01      0.4229288065E+01      0.3696621730E+01
    0.6048073318E+01      0.6048073318E+01      0.3978716196E+01      0.3738465855E+01
    0.6340245681E+01      0.6340245681E+01      0.3729775740E+01      0.3620747103E+01
    0.6561858314E+01      0.6561858314E+01      0.3473249995E+01      0.3334017663E+01
    0.6720329064E+01      0.6720329064E+01      0.3250082542E+01      0.2945655882E+01
    0.6835808239E+01      0.6835808239E+01      0.3097733041E+01      0.2533005493E+01
    0.6917454244E+01      0.6917454244E+01      0.2998975207E+01      0.2203746731E+01
    0.6979294947E+01      0.6979294947E+01      0.2932246314E+01      0.1936682708E+01
    0.7024729336E+01      0.7024729336E+01      0.2883598381E+01      0.1708850339E+01
    0.7056520294E+01      0.7056520294E+01      0.2846520630E+01      0.1508657297E+01
    0.7081041545E+01      0.7081041545E+01      0.2820662208E+01      0.1330925219E+01
    0.0000000000E+00      0.2000000000E+02      0.0000000000E+00      0.0000000000E+00
    0.6527046429E+01      0.6527046429E+01      0.5817836718E+00     -0.1637646247E+01
    0.6486201274E+01      0.6486201274E+01      0.9647393874E+00     -0.1997789372E+01
    0.6325549747E+01      0.6325549747E+01      0.1428959216E+01     -0.2384085362E+01
    0.6118639092E+01      0.6118639092E+01      0.1774538384E+01     -0.2615183894E+01
    0.5854747541E+01      0.5854747541E+01      0.2153741556E+01     -0.2598857394E+01
    0.5537340666E+01      0.5537340666E+01      0.2578528356E+01     -0.2400925736E+01
    0.5196864938E+01      0.5196864938E+01      0.3006141829E+01     -0.1943398680E+01
    0.4908293654E+01      0.4908293654E+01      0.3431853445E+01     -0.1188754580E+01
    0.4670970928E+01      0.4670970928E+01      0.3689969974E+01     -0.2706092729E+00
    0.4637734829E+01      0.4637734829E+01      0.3911588147E+01      0.7022741752E+00
    0.4726170512E+01      0.4726170512E+01      0.3886415312E+01      0.1602722192E+01
    0.4926715607E+01      0.4926715607E+01      0.3763302894E+01      0.2433132198E+01
    0.5251254051E+01      0.5251254051E+01      0.3554616755E+01      0.3337690588E+01
    0.5630707002E+01      0.5630707002E+01      0.3361058550E+01      0.3851328071E+01
    0.6003364806E+01      0.6003364806E+01      0.3225006334E+01      0.3911752996E+01
    0.6317586737E+01      0.6317586737E+01      0.3097533930E+01      0.3800788414E+01
    0.6562140072E+01      0.6562140072E+01      0.2964031373E+01      0.3502075959E+01
    0.6735233567E+01      0.6735233567E+01      0.2844147073E+01      0.3068088566E+01
    0.6856360441E+01      0.6856360441E+01      0.2768991459E+01      0.2607089242E+01
    0.6936553276E+01      0.6936553276E+01      0.2725016306E+01      0.2250434735E+01
    0.6996154355E+01      0.6996154355E+01      0.2698698667E+01      0.1965457936E+01
    0.7039675120E+01      0.7039675120E+01      0.2681474620E+01      0.1724843016E+01
    0.7070254744E+01      0.7070254744E+01      0.2669402966E+01      0.1516964578E+01
    0.7094253641E+01      0.7094253641E+01      0.2663514160E+01      0.1334946379E+01
    0.0000000000E+00      0.2000000000E+02      0.0000000000E+00      0.0000000000E+00
    0.6419763198E+01      0.6419763198E+01      0.2904779381E+00     -0.2272551888E+01
    0.6380289999E+01      0.6380289999E+01      0.5137802373E+00     -0.2415588834E+01
    0.6222038350E+01      0.6222038350E+01      0.8124063390E+00     -0.2741232455E+01
    0.6011752663E+01      0.6011752663E+01      0.1023844619E+01     -0.2951974744E+01
    0.5730687718E+01      0.5730687718E+01      0.1250030413E+01     -0.2971978286E+01
    0.5384167833E+01      0.5384167833E+01      0.1494538492E+01     -0.2803811455E+01
    0.5011617708E+01      0.5011617708E+01      0.1725047512E+01     -0.2348847727E+01
    0.4681281303E+01      0.4681281303E+01      0.1962014512E+01     -0.1573935647E+01
    0.4464663726E+01      0.4464663726E+01      0.2200625407E+01     -0.5785430547E+00
    0.4444662014E+01      0.4444662014E+01      0.2536397503E+01      0.5710823525E+00
    0.4564532988E+01      0.4564532988E+01      0.2618016712E+01      0.1561105430E+01
    0.4816697898E+01      0.4816697898E+01      0.2557048732E+01      0.2527154250E+01
    0.5188295989E+01      0.5188295989E+01      0.2443764690E+01      0.3446703208E+01
    0.5587187722E+01      0.5587187722E+01      0.2394719147E+01      0.3889382442E+01
    0.5964766672E+01      0.5964766672E+01      0.2390394393E+01      0.3939430890E+01
    0.6287925751E+01      0.6287925751E+01      0.2394292333E+01      0.3836448315E+01
    0.6545568861E+01      0.6545568861E+01      0.2397574840E+01      0.3544096791E+01
    0.6731146371E+01      0.6731146371E+01      0.2400781556E+01      0.3088991182E+01
    0.6857479873E+01      0.6857479873E+01      0.2408642343E+01      0.2605115629E+01
    0.6945881741E+01      0.6945881741E+01      0.2422691935E+01      0.2240397359E+01
    0.7009965723E+01      0.7009965723E+01      0.2440762886E+01      0.1950589552E+01
    0.7057095801E+01      0.7057095801E+01      0.2460009858E+01      0.1705738990E+01
    0.7091091627E+01      0.7091091627E+01      0.2478110336E+01      0.1494202277E+01
    0.7116384870E+01      0.7116384870E+01      0.2495899448E+01      0.1311461785E+01
    0.0000000000E+00      0.2000000000E+02      0.0000000000E+00      0.0000000000E+00
    0.6283237049E+01      0.6283237049E+01      0.1295253111E+00     -0.2650378359E+01
    0.6238601549E+01      0.6238601549E+01      0.2035525523E+00     -0.2735271608E+01
    0.6098285501E+01      0.6098285501E+01      0.3220086277E+00     -0.3010002633E+01
    0.5894524290E+01      0.5894524290E+01      0.3591526310E+00     -0.3203856834E+01
    0.5634459048E+01      0.5634459048E+01      0.3774454995E+00     -0.3214349422E+01
    0.5318096993E+01      0.5318096993E+01      0.4024129123E+00     -0.3002490352E+01
    0.4982979719E+01      0.4982979719E+01      0.4379027745E+00     -0.2498341938E+01
    0.4675163259E+01      0.4675163259E+01      0.4854718516E+00     -0.1693316697E+01
    0.4465036889E+01      0.4465036889E+01      0.6125162703E+00     -0.7126363909E+00
    0.4415458900E+01      0.4415458900E+01      0.9525653248E+00      0.5011270017E+00
    0.4557400643E+01      0.4557400643E+01      0.1110204162E+01      0.1584116407E+01
    0.4835365757E+01      0.4835365757E+01      0.1176917026E+01      0.2601978928E+01
    0.5228981670E+01      0.5228981670E+01      0.1231754326E+01      0.3411167746E+01
    0.5635638035E+01      0.5635638035E+01      0.1363255921E+01      0.3785823732E+01
    0.6008255852E+01      0.6008255852E+01      0.1514278537E+01      0.3829721365E+01
    0.6329011203E+01      0.6329011203E+01      0.1660334875E+01      0.3726483322E+01
    0.6587100768E+01      0.6587100768E+01      0.1797046179E+01      0.3429278116E+01
    0.6778246534E+01      0.6778246534E+01      0.1925334252E+01      0.2971917697E+01
    0.6901980319E+01      0.6901980319E+01      0.2028080808E+01      0.2506267250E+01
    0.6985959433E+01      0.6985959433E+01      0.2109724487E+01      0.2160052783E+01
    0.7044963529E+01      0.7044963529E+01      0.2177232671E+01      0.1882760481E+01
    0.7087309518E+01      0.7087309518E+01      0.2235056425E+01      0.1647849598E+01
    0.7118333231E+01      0.7118333231E+01      0.2285036561E+01      0.1444457196E+01
    0.7141458908E+01      0.7141458908E+01      0.2328041011E+01      0.1268670987E+01
    0.0000000000E+00      0.2000000000E+02      0.0000000000E+00      0.0000000000E+00
    0.6207287464E+01      0.6207287464E+01     -0.8150108984E-03     -0.2812712567E+01
    0.6170577445E+01      0.6170577445E+01     -0.4533679457E-01     -0.2871394792E+01
    0.6061704518E+01      0.6061704518E+01     -0.8375000699E-01     -0.3081994361E+01
    0.5917177275E+01      0.5917177275E+01     -0.2022968962E+00     -0.3201716520E+01
    0.5695954066E+01      0.5695954066E+01     -0.3442434654E+00     -0.3204237258E+01
    0.5422095763E+01      0.5422095763E+01     -0.5155042534E+00     -0.3007212706E+01
    0.5127292393E+01      0.5127292393E+01     -0.6710640280E+00     -0.2533637794E+01
    0.4831171376E+01      0.4831171376E+01     -0.8450183627E+00     -0.1759056753E+01
    0.4658372647E+01      0.4658372647E+01     -0.9072300267E+00     -0.8409323126E+00
    0.4635933275E+01      0.4635933275E+01     -0.6955326067E+00      0.2841815553E+00
    0.4789702800E+01      0.4789702800E+01     -0.4937403905E+00      0.1376233027E+01
    0.5069044334E+01      0.5069044334E+01     -0.2702371359E+00      0.2373990359E+01
    0.5437492985E+01      0.5437492985E+01     -0.5603675877E-02      0.3123391225E+01
    0.5807128146E+01      0.5807128146E+01      0.3336903990E+00      0.3457114769E+01
    0.6141394312E+01      0.6141394312E+01      0.6598841130E+00      0.3538368559E+01
    0.6426792967E+01      0.6426792967E+01      0.9549234124E+00      0.3460669027E+01
    0.6658532822E+01      0.6658532822E+01      0.1237993406E+01      0.3187900971E+01
    0.6827662448E+01      0.6827662448E+01      0.1490262238E+01      0.2773089746E+01
    0.6934175602E+01      0.6934175602E+01      0.1679989990E+01      0.2360059145E+01
    0.7010475813E+01      0.7010475813E+01      0.1821400805E+01      0.2046334064E+01
    0.7065465704E+01      0.7065465704E+01      0.1932150400E+01      0.1789758880E+01
    0.7105724146E+01      0.7105724146E+01      0.2023208379E+01      0.1570111948E+01
    0.7135609232E+01      0.7135609232E+01      0.2099582909E+01      0.1379286958E+01
    0.7157597750E+01      0.7157597750E+01      0.2163248940E+01      0.1213812711E+01
    0.0000000000E+00      0.2000000000E+02      0.0000000000E+00      0.0000000000E+00
    0.6200729058E+01      0.6200729058E+01     -0.7134787696E-01     -0.2767492335E+01
    0.6162878688E+01      0.6162878688E+01     -0.2069511306E+00     -0.2816196241E+01
    0.6059946380E+01      0.6059946380E+01     -0.3704760830E+00     -0.2964197005E+01
    0.5924259888E+01      0.5924259888E+01     -0.6116685924E+00     -0.3017392341E+01
    0.5735037514E+01      0.5735037514E+01     -0.8878269467E+00     -0.2977588759E+01
    0.5513326720E+01      0.5513326720E+01     -0.1203376018E+01     -0.2754992069E+01
    0.5294004039E+01      0.5294004039E+01     -0.1507351482E+01     -0.2315037429E+01
    0.5067930608E+01      0.5067930608E+01     -0.1794579285E+01     -0.1659101445E+01
    0.4958616423E+01      0.4958616423E+01     -0.1906948618E+01     -0.8024493625E+00
    0.4970013735E+01      0.4970013735E+01     -0.1825385217E+01      0.1735470521E+00
    0.5110299353E+01      0.5110299353E+01     -0.1659901756E+01      0.1190019141E+01
    0.5352132384E+01      0.5352132384E+01     -0.1336150674E+01      0.2096250367E+01
    0.5672804649E+01      0.5672804649E+01     -0.9097105435E+00      0.2734712504E+01
    0.5989322031E+01      0.5989322031E+01     -0.4268361846E+00      0.3063399311E+01
    0.6273820930E+01      0.6273820930E+01      0.6424677375E-02      0.3185396448E+01
    0.6519954431E+01      0.6519954431E+01      0.4090872237E+00      0.3118749662E+01
    0.6724209522E+01      0.6724209522E+01      0.7954765806E+00      0.2873237915E+01
    0.6870646286E+01      0.6870646286E+01      0.1122979696E+01      0.2516697360E+01
    0.6963601153E+01      0.6963601153E+01      0.1367186104E+01      0.2174651328E+01
    0.7031389023E+01      0.7031389023E+01      0.1550739763E+01      0.1903250558E+01
    0.7080902566E+01      0.7080902566E+01      0.1695313244E+01      0.1673590966E+01
    0.7117981480E+01      0.7117981480E+01      0.1814672719E+01      0.1473760575E+01
    0.7146214182E+01      0.7146214182E+01      0.1915260794E+01      0.1299201056E+01
    0.7166844313E+01      0.7166844313E+01      0.1999294223E+01      0.1146718953E+01
    0.0000000000E+00      0.2000000000E+02      0.0000000000E+00      0.0000000000E+00
    0.6196590186E+01      0.6196590186E+01     -0.1256876714E+00     -0.2599851290E+01
    0.6162132731E+01      0.6162132731E+01     -0.3306664969E+00     -0.2634508098E+01
    0.6093760522E+01      0.6093760522E+01     -0.5947523514E+00     -0.2734785112E+01
    0.5994126419E+01      0.5994126419E+01     -0.9075212650E+00     -0.2760540493E+01
    0.5852634606E+01      0.5852634606E+01     -0.1247517981E+01     -0.2690986072E+01
    0.5684643737E+01      0.5684643737E+01     -0.1606564469E+01     -0.2459246983E+01
    0.5520735353E+01      0.5520735353E+01     -0.1948912679E+01     -0.2034672005E+01
    0.5339181701E+01      0.5339181701E+01     -0.2276346331E+01     -0.1457894350E+01
    0.5275085392E+01      0.5275085392E+01     -0.2411573946E+01     -0.6758289117E+00
    0.5344701082E+01      0.5344701082E+01     -0.2412844314E+01      0.1729935507E+00
    0.5452492204E+01      0.5452492204E+01     -0.2207683200E+01      0.1022926791E+01
    0.5663527958E+01      0.5663527958E+01     -0.1872122345E+01      0.1770813771E+01
    0.5912740412E+01      0.5912740412E+01     -0.1418942543E+01      0.2311930407E+01
    0.6163586366E+01      0.6163586366E+01     -0.9168878957E+00      0.2644633781E+01
    0.6401056483E+01      0.6401056483E+01     -0.4320337459E+00      0.2783433086E+01
    0.6608129961E+01      0.6608129961E+01      0.3241583218E-01      0.2723472571E+01
    0.6781159034E+01      0.6781159034E+01      0.4712536386E+00      0.2518263340E+01
    0.6902423466E+01      0.6902423466E+01      0.8301182455E+00      0.2232782087E+01
    0.6983900985E+01      0.6983900985E+01      0.1103277907E+01      0.1963524725E+01
    0.7044855948E+01      0.7044855948E+01      0.1316611949E+01      0.1736908352E+01
    0.7089946440E+01      0.7089946440E+01      0.1488747369E+01      0.1537436773E+01
    0.7124640032E+01      0.7124640032E+01      0.1632270935E+01      0.1361040243E+01
    0.7151722882E+01      0.7151722882E+01      0.1753302500E+01      0.1205718288E+01
    0.7171241289E+01      0.7171241289E+01      0.1854045187E+01      0.1068504526E+01
    0.0000000000E+00      0.2000000000E+02      0.0000000000E+00      0.0000000000E+00
    0.6225822660E+01      0.6225822660E+01     -0.1561148403E+00     -0.2371332640E+01
    0.6192053495E+01      0.6192053495E+01     -0.3983817804E+00     -0.2384393045E+01
    0.6140117452E+01      0.6140117452E+01     -0.7141422757E+00     -0.2410071126E+01
    0.6059428691E+01      0.6059428691E+01     -0.1061213628E+01     -0.2404872562E+01
    0.5958898081E+01      0.5958898081E+01     -0.1434611513E+01     -0.2313912896E+01
    0.5840841315E+01      0.5840841315E+01     -0.1806165147E+01     -0.2092374898E+01
    0.5738328793E+01      0.5738328793E+01     -0.2141610235E+01     -0.1696220049E+01
    0.5607789526E+01      0.5607789526E+01     -0.2450422699E+01     -0.1197650790E+01
    0.5589795962E+01      0.5589795962E+01     -0.2560468838E+01     -0.5249146188E+00
    0.5672156220E+01      0.5672156220E+01     -0.2564146734E+01      0.1811019426E+00
    0.5766225004E+01      0.5766225004E+01     -0.2366602043E+01      0.8670527832E+00
    0.5931354082E+01      0.5931354082E+01     -0.2055274474E+01      0.1467364154E+01
    0.6123718265E+01      0.6123718265E+01     -0.1646821816E+01      0.1918550881E+01
    0.6317424193E+01      0.6317424193E+01     -0.1173082577E+01      0.2216251997E+01
    0.6510186161E+01      0.6510186161E+01     -0.6717603379E+00      0.2352632988E+01
    0.6679210934E+01      0.6679210934E+01     -0.1887191481E+00      0.2306725817E+01
    0.6820766230E+01      0.6820766230E+01      0.2519101161E+00      0.2151621134E+01
    0.6922742013E+01      0.6922742013E+01      0.6138182275E+00      0.1941331363E+01
    0.6996678689E+01      0.6996678689E+01      0.8998260076E+00      0.1738504944E+01
    0.7053048106E+01      0.7053048106E+01      0.1129377401E+01      0.1555365652E+01
    0.7095187575E+01      0.7095187575E+01      0.1316917307E+01      0.1388034031E+01
    0.7128206061E+01      0.7128206061E+01      0.1473935668E+01      0.1237347949E+01
    0.7154139191E+01      0.7154139191E+01      0.1606557977E+01      0.1102386205E+01
    0.7172627861E+01      0.7172627861E+01      0.1717789744E+01      0.9812055844E+00
    0.0000000000E+00      0.2000000000E+02      0.0000000000E+00      0.0000000000E+00
    0.6265976904E+01      0.6265976904E+01     -0.1773098213E+00     -0.2087132086E+01
    0.6238477340E+01      0.6238477340E+01     -0.4374373063E+00     -0.2088612111E+01
    0.6208990561E+01      0.6208990561E+01     -0.7702379772E+00     -0.2060248841E+01
    0.6150128243E+01      0.6150128243E+01     -0.1118850000E+01     -0.2034747119E+01
    0.6079479656E+01      0.6079479656E+01     -0.1489527420E+01     -0.1931331351E+01
    0.5999380007E+01      0.5999380007E+01     -0.1842071025E+01     -0.1727723622E+01
    0.5921607238E+01      0.5921607238E+01     -0.2151078079E+01     -0.1397142910E+01
    0.5847923071E+01      0.5847923071E+01     -0.2396573478E+01     -0.9570103037E+00
    0.5854713368E+01      0.5854713368E+01     -0.2486049845E+01     -0.4036310333E+00
    0.5936013271E+01      0.5936013271E+01     -0.2472854681E+01      0.1685509670E+00
    0.6012327770E+01      0.6012327770E+01     -0.2286486551E+01      0.7132035092E+00
    0.6141192795E+01      0.6141192795E+01     -0.2004331760E+01      0.1191687882E+01
    0.6292752457E+01      0.6292752457E+01     -0.1633372145E+01      0.1564519160E+01
    0.6443981030E+01      0.6443981030E+01     -0.1201580639E+01      0.1809950095E+01
    0.6592815715E+01      0.6592815715E+01     -0.7452112169E+00      0.1922295930E+01
    0.6729630244E+01      0.6729630244E+01     -0.2971988669E+00      0.1902549962E+01
    0.6847042702E+01      0.6847042702E+01      0.1105762650E+00      0.1798956487E+01
    0.6935414269E+01      0.6935414269E+01      0.4521957234E+00      0.1654363064E+01
    0.7003897028E+01      0.7003897028E+01      0.7336056622E+00      0.1508120142E+01
    0.7056910298E+01      0.7056910298E+01      0.9671779919E+00      0.1366712280E+01
    0.7096892270E+01      0.7096892270E+01      0.1161299508E+01      0.1231158504E+01
    0.7128711298E+01      0.7128711298E+01      0.1326099270E+01      0.1105362389E+01
    0.7153553901E+01      0.7153553901E+01      0.1467442852E+01      0.9903220223E+00
    0.7171303273E+01      0.7171303273E+01      0.1588482008E+01      0.8856019440E+00
    0.0000000000E+00      0.2000000000E+02      0.0000000000E+00      0.0000000000E+00
    0.6310276270E+01      0.6310276270E+01     -0.1834627152E+00     -0.1773220258E+01
    0.6288578632E+01      0.6288578632E+01     -0.4475300645E+00     -0.1765207932E+01
    0.6273627799E+01      0.6273627799E+01     -0.7602076238E+00     -0.1709334953E+01
    0.6230537356E+01      0.6230537356E+01     -0.1066636503E+01     -0.1667460834E+01
    0.6187649550E+01      0.6187649550E+01     -0.1397617758E+01     -0.1554984223E+01
    0.6138477918E+01      0.6138477918E+01     -0.1712096294E+01     -0.1375890379E+01
    0.6084354056E+01      0.6084354056E+01     -0.1995282285E+01     -0.1111304991E+01
    0.6045753409E+01      0.6045753409E+01     -0.2204636604E+01     -0.7435989146E+00
    0.6062423925E+01      0.6062423925E+01     -0.2292532404E+01     -0.3055623949E+00
    0.6137084117E+01      0.6137084117E+01     -0.2277418703E+01      0.1447564232E+00
    0.6199057029E+01      0.6199057029E+01     -0.2114688335E+01      0.5698040569E+00
    0.6301108826E+01      0.6301108826E+01     -0.1866170138E+01      0.9436204966E+00
    0.6419034836E+01      0.6419034836E+01     -0.1535984590E+01      0.1241125848E+01
    0.6535285921E+01      0.6535285921E+01     -0.1148635112E+01      0.1438814381E+01
    0.6655293410E+01      0.6655293410E+01     -0.7440702037E+00      0.1537344052E+01
    0.6769194238E+01      0.6769194238E+01     -0.3485894147E+00      0.1541869598E+01
    0.6868203811E+01      0.6868203811E+01      0.1480072209E-01      0.1480477512E+01
    0.6946181481E+01      0.6946181481E+01      0.3289453607E+00      0.1386160920E+01
    0.7008575774E+01      0.7008575774E+01      0.5973804778E+00      0.1282833012E+01
    0.7057687845E+01      0.7057687845E+01      0.8272678905E+00      0.1176006336E+01
    0.7095633066E+01      0.7095633066E+01      0.1024654983E+01      0.1070061638E+01
    0.7125639912E+01      0.7125639912E+01      0.1195690075E+01      0.9686309496E+00
    0.7149515724E+01      0.7149515724E+01      0.1345379885E+01      0.8723402605E+00
    0.7167630379E+01      0.7167630379E+01      0.1476825044E+01      0.7823800709E+00
    0.0000000000E+00      0.2000000000E+02      0.0000000000E+00      0.0000000000E+00
    0.6351474788E+01      0.6351474788E+01     -0.1766110465E+00     -0.1466448837E+01
    0.6333789340E+01      0.6333789340E+01     -0.4261612851E+00     -0.1454166427E+01
    0.6325514159E+01      0.6325514159E+01     -0.7144040265E+00     -0.1391785123E+01
    0.6297629885E+01      0.6297629885E+01     -0.9943175322E+00     -0.1335899334E+01
    0.6268404825E+01      0.6268404825E+01     -0.1282173756E+01     -0.1225951641E+01
    0.6240658824E+01      0.6240658824E+01     -0.1550143887E+01     -0.1066979995E+01
    0.6205820659E+01      0.6205820659E+01     -0.1789863132E+01     -0.8558472994E+00
    0.6192113487E+01      0.6192113487E+01     -0.1957072191E+01     -0.5600299997E+00
    0.6213319991E+01      0.6213319991E+01     -0.2036593284E+01     -0.2265804054E+00
    0.6279662173E+01      0.6279662173E+01     -0.2023560330E+01      0.1181160064E+00
    0.6333059479E+01      0.6333059479E+01     -0.1887697204E+01      0.4391731740E+00
    0.6415885096E+01      0.6415885096E+01     -0.1675643950E+01      0.7238033659E+00
    0.6511489073E+01      0.6511489073E+01     -0.1393257360E+01      0.9549182243E+00
    0.6605790703E+01      0.6605790703E+01     -0.1061909113E+01      0.1114250784E+01
    0.6703448425E+01      0.6703448425E+01     -0.7167469365E+00      0.1205243480E+01
    0.6799635189E+01      0.6799635189E+01     -0.3711555355E+00      0.1228028310E+01
    0.6884784846E+01      0.6884784846E+01     -0.4917673292E-01      0.1196132130E+01
    0.6955301952E+01      0.6955301952E+01      0.2397647523E+00      0.1137922012E+01
    0.7012020455E+01      0.7012020455E+01      0.4942357797E+00      0.1065704889E+01
    0.7057499987E+01      0.7057499987E+01      0.7190676074E+00      0.9866045662E+00
    0.7093149292E+01      0.7093149292E+01      0.9169328005E+00      0.9056864885E+00
    0.7122008057E+01      0.7122008057E+01      0.1092403309E+01      0.8246639220E+00
    0.7145418437E+01      0.7145418437E+01      0.1249050675E+01      0.7456899871E+00
    0.7163954172E+01      0.7163954172E+01      0.1388701977E+01      0.6707406341E+00
    0.0000000000E+00      0.2000000000E+02      0.0000000000E+00      0.0000000000E+00
    0.6388711034E+01      0.6388711034E+01     -0.1693389078E+00     -0.1169181561E+01
    0.6374465528E+01      0.6374465528E+01     -0.4042688266E+00     -0.1155507447E+01
    0.6370237512E+01      0.6370237512E+01     -0.6689513011E+00     -0.1095430876E+01
    0.6352965897E+01      0.6352965897E+01     -0.9194454984E+00     -0.1034828933E+01
    0.6332889444E+01      0.6332889444E+01     -0.1167132650E+01     -0.9366081473E+00
    0.6317375077E+01      0.6317375077E+01     -0.1390927004E+01     -0.8018167466E+00
    0.6297735508E+01      0.6297735508E+01     -0.1586119148E+01     -0.6333364183E+00
    0.6298055375E+01      0.6298055375E+01     -0.1714696526E+01     -0.4038411391E+00
    0.6323031296E+01      0.6323031296E+01     -0.1777513480E+01     -0.1573297614E+00
    0.6381045706E+01      0.6381045706E+01     -0.1759389206E+01      0.9962911432E-01
    0.6429950488E+01      0.6429950488E+01     -0.1646992028E+01      0.3333088441E+00
    0.6499415593E+01      0.6499415593E+01     -0.1472422949E+01      0.5432692480E+00
    0.6579699242E+01      0.6579699242E+01     -0.1240845926E+01      0.7170385856E+00
    0.6658664536E+01      0.6658664536E+01     -0.9645079221E+00      0.8420919361E+00
    0.6741519918E+01      0.6741519918E+01     -0.6715142678E+00      0.9215525659E+00
    0.6822794989E+01      0.6822794989E+01     -0.3702985390E+00      0.9541243849E+00
    0.6898364476E+01      0.6898364476E+01     -0.8183011213E-01      0.9416134584E+00
    0.6962236313E+01      0.6962236313E+01      0.1839773536E+00      0.9064333169E+00
    0.7014387441E+01      0.7014387441E+01      0.4247694906E+00      0.8565124542E+00
    0.7057045916E+01      0.7057045916E+01      0.6425166808E+00      0.7986888464E+00
    0.7091824936E+01      0.7091824936E+01      0.8393872684E+00      0.7377523468E+00
    0.7119456934E+01      0.7119456934E+01      0.1016690093E+01      0.6751580312E+00
    0.7142214869E+01      0.7142214869E+01      0.1176751885E+01      0.6128733586E+00
    0.7160696142E+01      0.7160696142E+01      0.1320863753E+01      0.5529836586E+00
    0.0000000000E+00      0.2000000000E+02      0.0000000000E+00      0.0000000000E+00
    0.6414437069E+01      0.6414437069E+01     -0.1611920008E+00     -0.8909872112E+00
    0.6402736537E+01      0.6402736537E+01     -0.3822427584E+00     -0.8785661299E+00
    0.6400461688E+01      0.6400461688E+01     -0.6276325728E+00     -0.8290622399E+00
    0.6388361814E+01      0.6388361814E+01     -0.8538020309E+00     -0.7747262711E+00
    0.6374985794E+01      0.6374985794E+01     -0.1069402452E+01     -0.6932158307E+00
    0.6364141364E+01      0.6364141364E+01     -0.1260607972E+01     -0.5882679434E+00
    0.6358310330E+01      0.6358310330E+01     -0.1414043882E+01     -0.4541880848E+00
    0.6367076434E+01      0.6367076434E+01     -0.1518175495E+01     -0.2829325802E+00
    0.6398135616E+01      0.6398135616E+01     -0.1563127128E+01     -0.1035223900E+00
    0.6449666341E+01      0.6449666341E+01     -0.1537264158E+01      0.8314124347E-01
    0.6498640259E+01      0.6498640259E+01     -0.1439900968E+01      0.2502258986E+00
    0.6559434908E+01      0.6559434908E+01     -0.1290617316E+01      0.4005313009E+00
    0.6630001873E+01      0.6630001873E+01     -0.1097723763E+01      0.5256777125E+00
    0.6698430564E+01      0.6698430564E+01     -0.8661570035E+00      0.6176283627E+00
    0.6770618751E+01      0.6770618751E+01     -0.6161022189E+00      0.6796913058E+00
    0.6840051291E+01      0.6840051291E+01     -0.3539072159E+00      0.7107734339E+00
    0.6908037025E+01      0.6908037025E+01     -0.9305101871E-01      0.7099339924E+00
    0.6966157080E+01      0.6966157080E+01      0.1520877623E+00      0.6886373292E+00
    0.7014915065E+01      0.7014915065E+01      0.3802766539E+00      0.6546813338E+00
    0.7056006451E+01      0.7056006451E+01      0.5911299851E+00      0.6139790698E+00
    0.7089603755E+01      0.7089603755E+01      0.7842828991E+00      0.5695291979E+00
    0.7116870331E+01      0.7116870331E+01      0.9609680667E+00      0.5232900152E+00
    0.7139280629E+01      0.7139280629E+01      0.1122117397E+01      0.4768847353E+00
    0.7157807471E+01      0.7157807471E+01      0.1268573116E+01      0.4313409528E+00
    0.0000000000E+00      0.2000000000E+02      0.0000000000E+00      0.0000000000E+00
    0.6435007377E+01      0.6435007377E+01     -0.1543764221E+00     -0.6236560485E+00
    0.6424899773E+01      0.6424899773E+01     -0.3647733904E+00     -0.6140646805E+00
    0.6424132513E+01      0.6424132513E+01     -0.5959632664E+00     -0.5781606519E+00
    0.6415044460E+01      0.6415044460E+01     -0.8049998527E+00     -0.5367585578E+00
    0.6405902829E+01      0.6405902829E+01     -0.9980544862E+00     -0.4756089126E+00
    0.6398499545E+01      0.6398499545E+01     -0.1165474226E+01     -0.4012850085E+00
    0.6400631470E+01      0.6400631470E+01     -0.1292349640E+01     -0.3016679134E+00
    0.6414501040E+01      0.6414501040E+01     -0.1376864182E+01     -0.1826864845E+00
    0.6448966968E+01      0.6448966968E+01     -0.1409548210E+01     -0.6104840247E-01
    0.6493705558E+01      0.6493705558E+01     -0.1376305010E+01      0.6482653400E-01
    0.6543631500E+01      0.6543631500E+01     -0.1289618085E+01      0.1779825720E+00
    0.6598934840E+01      0.6598934840E+01     -0.1155095635E+01      0.2794398304E+00
    0.6663650129E+01      0.6663650129E+01     -0.9864671704E+00      0.3641506003E+00
    0.6725047569E+01      0.6725047569E+01     -0.7833681720E+00      0.4263606277E+00
    0.6790313719E+01      0.6790313719E+01     -0.5614255845E+00      0.4695497584E+00
    0.6852922213E+01      0.6852922213E+01     -0.3266270091E+00      0.4923613453E+00
    0.6913869450E+01      0.6913869450E+01     -0.8895424435E-01      0.4955363200E+00
    0.6967294392E+01      0.6967294392E+01      0.1396066880E+00      0.4822617824E+00
    0.7014275206E+01      0.7014275206E+01      0.3574590845E+00      0.4607665764E+00
    0.7054155926E+01      0.7054155926E+01      0.5617340573E+00      0.4336285211E+00
    0.7086908897E+01      0.7086908897E+01      0.7506866260E+00      0.4029282195E+00
    0.7113908961E+01      0.7113908961E+01      0.9249677932E+00      0.3711504891E+00
    0.7136480672E+01      0.7136480672E+01      0.1085593091E+01      0.3393983395E+00
    0.7155339631E+01      0.7155339631E+01      0.1233038747E+01      0.3076671066E+00
    0.0000000000E+00      0.2000000000E+02      0.0000000000E+00      0.0000000000E+00
    0.6447349850E+01      0.6447349850E+01     -0.1497118074E+00     -0.3688072858E+00
    0.6437806348E+01      0.6437806348E+01     -0.3524486449E+00     -0.3631032245E+00
    0.6438394811E+01      0.6438394811E+01     -0.5740967339E+00     -0.3418410746E+00
    0.6431431236E+01      0.6431431236E+01     -0.7731826749E+00     -0.3161958449E+00
    0.6425214651E+01      0.6425214651E+01     -0.9522830447E+00     -0.2780001083E+00
    0.6418709179E+01      0.6418709179E+01     -0.1105786785E+01     -0.2352316448E+00
    0.6422374399E+01      0.6422374399E+01     -0.1220675255E+01     -0.1756087694E+00
    0.6437626708E+01      0.6437626708E+01     -0.1294476773E+01     -0.1063057361E+00
    0.6474803168E+01      0.6474803168E+01     -0.1321602371E+01     -0.3438502713E-01
    0.6518014058E+01      0.6518014058E+01     -0.1282906766E+01      0.3882307796E-01
    0.6566016231E+01      0.6566016231E+01     -0.1199659878E+01      0.1041026140E+00
    0.6618093418E+01      0.6618093418E+01     -0.1074459318E+01      0.1634544630E+00
    0.6679633217E+01      0.6679633217E+01     -0.9192971056E+00      0.2130029594E+00
    0.6737450989E+01      0.6737450989E+01     -0.7319161044E+00      0.2492172676E+00
    0.6799467830E+01      0.6799467830E+01     -0.5266970792E+00      0.2749115522E+00
    0.6858921126E+01      0.6858921126E+01     -0.3081547795E+00      0.2886273181E+00
    0.6915873651E+01      0.6915873651E+01     -0.8585274928E-01      0.2920265593E+00
    0.6966739948E+01      0.6966739948E+01      0.1320151377E+00      0.2853050951E+00
    0.7012401861E+01      0.7012401861E+01      0.3428257621E+00      0.2729287437E+00
    0.7051757767E+01      0.7051757767E+01      0.5425551414E+00      0.2571563813E+00
    0.7084576117E+01      0.7084576117E+01      0.7288066328E+00      0.2394067705E+00
    0.7111827395E+01      0.7111827395E+01      0.9014261505E+00      0.2210676903E+00
    0.7134399473E+01      0.7134399473E+01      0.1060790737E+01      0.2026386486E+00
    0.7153443554E+01      0.7153443554E+01      0.1207796948E+01      0.1840143990E+00
    0.0000000000E+00      0.2000000000E+02      0.0000000000E+00      0.0000000000E+00
    0.6454230412E+01      0.6454230412E+01     -0.1463220345E+00     -0.1204970399E+00
    0.6445358059E+01      0.6445358059E+01     -0.3432868906E+00     -0.1184109614E+00
    0.6447493691E+01      0.6447493691E+01     -0.5585563502E+00     -0.1110090357E+00
    0.6441999211E+01      0.6441999211E+01     -0.7515458660E+00     -0.1020090906E+00
    0.6437157750E+01      0.6437157750E+01     -0.9231640338E+00     -0.8888464538E-01
    0.6431822762E+01      0.6431822762E+01     -0.1068806277E+01     -0.7455031354E-01
    0.6436394917E+01      0.6436394917E+01     -0.1177535037E+01     -0.5460162487E-01
    0.6452332897E+01      0.6452332897E+01     -0.1245925512E+01     -0.3183219698E-01
    0.6490058777E+01      0.6490058777E+01     -0.1270491170E+01     -0.8302765436E-02
    0.6530325048E+01      0.6530325048E+01     -0.1233039788E+01      0.1465971711E-01
    0.6578000390E+01      0.6578000390E+01     -0.1155563843E+01      0.3629145135E-01
    0.6628152297E+01      0.6628152297E+01     -0.1034780673E+01      0.5563663519E-01
    0.6688243563E+01      0.6688243563E+01     -0.8853938471E+00      0.7175505017E-01
    0.6744387048E+01      0.6744387048E+01     -0.7040770125E+00      0.8343668648E-01
    0.6804694830E+01      0.6804694830E+01     -0.5049790498E+00      0.9162988354E-01
    0.6862388215E+01      0.6862388215E+01     -0.2931863004E+00      0.9573150607E-01
    0.6917161161E+01      0.6917161161E+01     -0.7849752006E-01      0.9655652191E-01
    0.6966426802E+01      0.6966426802E+01      0.1334728788E+00      0.9426607160E-01
    0.7011597289E+01      0.7011597289E+01      0.3405816005E+00      0.9021682454E-01
    0.7050924871E+01      0.7050924871E+01      0.5378663480E+00      0.8512112949E-01
    0.7083849540E+01      0.7083849540E+01      0.7226435033E+00      0.7936531481E-01
    0.7111081970E+01      0.7111081970E+01      0.8942817797E+00      0.7335243779E-01
    0.7133424802E+01      0.7133424802E+01      0.1052895718E+01      0.6726305164E-01
    0.7152510051E+01      0.7152510051E+01      0.1199866485E+01      0.6114954828E-01
