    0.5595651394E+01      0.5595651394E+01      0.5251793650E+00     -0.6307986124E+00
    0.5431974778E+01      0.5431974778E+01      0.3921425148E+00     -0.4440380224E+00
    0.5232875373E+01      0.5232875373E+01      0.2137718713E+00     -0.2327953032E+00
    0.5108037389E+01      0.5108037389E+01      0.1007617703E+00     -0.1056607455E+00
    0.5046725008E+01      0.5046725008E+01      0.4449487344E-01     -0.4449201210E-01
    0.5019312152E+01      0.5019312152E+01      0.1875563749E-01     -0.1793004394E-01
    0.5007726548E+01      0.5007726548E+01      0.7633752202E-02     -0.7007562611E-02
    0.5003010851E+01      0.5003010851E+01      0.3017999755E-02     -0.2670415351E-02
    0.5001139923E+01      0.5001139923E+01      0.1154163427E-02     -0.9863802549E-03
    0.5000416631E+01      0.5000416631E+01      0.4259137686E-03     -0.3528006953E-03
    0.5000139027E+01      0.5000139027E+01      0.1422660288E-03     -0.1138119886E-03
    0.5000038114E+01      0.5000038114E+01      0.3806129661E-04     -0.2374421125E-04
    0.5000005812E+01      0.5000005812E+01      0.0000000000E+00      0.0000000000E+00
    0.5000000255E+01      0.5000000255E+01      0.0000000000E+00      0.0000000000E+00
    0.5000000000E+01      0.5000000000E+01      0.0000000000E+00      0.0000000000E+00
    0.5000000000E+01      0.5000000000E+01      0.0000000000E+00      0.0000000000E+00
    0.5000000000E+01      0.5000000000E+01      0.0000000000E+00      0.0000000000E+00
    0.5000000000E+01      0.5000000000E+01      0.0000000000E+00      0.0000000000E+00
    0.5000000000E+01      0.5000000000E+01      0.0000000000E+00      0.0000000000E+00
    0.5000000000E+01      0.5000000000E+01      0.0000000000E+00      0.0000000000E+00
    0.5000000000E+01      0.5000000000E+01      0.0000000000E+00      0.0000000000E+00
    0.5000000000E+01      0.5000000000E+01      0.0000000000E+00      0.0000000000E+00
    0.5000000000E+01      0.5000000000E+01      0.0000000000E+00      0.0000000000E+00
    0.5000000000E+01      0.5000000000E+01      0.0000000000E+00      0.0000000000E+00
    0.5000000000E+01      0.5000000000E+01      0.0000000000E+00      0.0000000000E+00
    0.5738662175E+01      0.5738662175E+01      0.6583103566E+00     -0.7820983304E+00
    0.5632268263E+01      0.5632268263E+01      0.5790900046E+00     -0.6491009416E+00
    0.5460505419E+01      0.5460505419E+01      0.4339697312E+00     -0.4587915551E+00
    0.5244687559E+01      0.5244687559E+01      0.2331635956E+00     -0.2359532051E+00
    0.5109694075E+01      0.5109694075E+01      0.1059889038E+00     -0.1034019556E+00
    0.5045862973E+01      0.5045862973E+01      0.4514750027E-01     -0.4208832688E-01
    0.5018383560E+01      0.5018383560E+01      0.1841429329E-01     -0.1645754685E-01
    0.5007154207E+01      0.5007154207E+01      0.7275639162E-02     -0.6260362848E-02
    0.5002717555E+01      0.5002717555E+01      0.2799576585E-02     -0.2327766987E-02
    0.5001003946E+01      0.5001003946E+01      0.1044846364E-02     -0.8385942652E-03
    0.5000355857E+01      0.5000355857E+01      0.3718128428E-03     -0.2895953109E-03
    0.5000119522E+01      0.5000119522E+01      0.1197295397E-03     -0.8935131071E-04
    0.5000027193E+01      0.5000027193E+01      0.2441680673E-04     -0.1791230885E-04
    0.5000003468E+01      0.5000003468E+01      0.0000000000E+00      0.0000000000E+00
    0.5000000069E+01      0.5000000069E+01      0.0000000000E+00      0.0000000000E+00
    0.5000000000E+01      0.5000000000E+01      0.0000000000E+00      0.0000000000E+00
    0.5000000000E+01      0.5000000000E+01      0.0000000000E+00      0.0000000000E+00
    0.5000000000E+01      0.5000000000E+01      0.0000000000E+00      0.0000000000E+00
    0.5000000000E+01      0.5000000000E+01      0.0000000000E+00      0.0000000000E+00
    0.5000000000E+01      0.5000000000E+01      0.0000000000E+00      0.0000000000E+00
    0.5000000000E+01      0.5000000000E+01      0.0000000000E+00      0.0000000000E+00
    0.5000000000E+01      0.5000000000E+01      0.0000000000E+00      0.0000000000E+00
    0.5000000000E+01      0.5000000000E+01      0.0000000000E+00      0.0000000000E+00
    0.5000000000E+01      0.5000000000E+01      0.0000000000E+00      0.0000000000E+00
    0.5000000000E+01      0.5000000000E+01      0.0000000000E+00      0.0000000000E+00
    0.5834550558E+01      0.5834550558E+01      0.7507088091E+00     -0.8844542045E+00
    0.5770531711E+01      0.5770531711E+01      0.7139189490E+00     -0.7907848553E+00
    0.5658786585E+01      0.5658786585E+01      0.6261384789E+00     -0.6542901685E+00
    0.5475406583E+01      0.5475406583E+01      0.4635562328E+00     -0.4572686390E+00
    0.5244850730E+01      0.5244850730E+01      0.2414292609E+00     -0.2274651664E+00
    0.5105960950E+01      0.5105960950E+01      0.1058919473E+00     -0.9604092587E-01
    0.5042888006E+01      0.5042888006E+01      0.4357793424E-01     -0.3784513343E-01
    0.5016703047E+01      0.5016703047E+01      0.1722754671E-01     -0.1439096077E-01
    0.5006336896E+01      0.5006336896E+01      0.6620572062E-02     -0.5342030670E-02
    0.5002349900E+01      0.5002349900E+01      0.2479621911E-02     -0.1939424052E-02
    0.5000848275E+01      0.5000848275E+01      0.9030017716E-03     -0.6825003513E-03
    0.5000292047E+01      0.5000292047E+01      0.3100553891E-03     -0.2285426624E-03
    0.5000093202E+01      0.5000093202E+01      0.9513189849E-04     -0.6524946103E-04
    0.5000019274E+01      0.5000019274E+01      0.1946367191E-04     -0.1258015981E-04
    0.5000001935E+01      0.5000001935E+01      0.0000000000E+00      0.0000000000E+00
    0.5000000000E+01      0.5000000000E+01      0.0000000000E+00      0.0000000000E+00
    0.5000000000E+01      0.5000000000E+01      0.0000000000E+00      0.0000000000E+00
    0.5000000000E+01      0.5000000000E+01      0.0000000000E+00      0.0000000000E+00
    0.5000000000E+01      0.5000000000E+01      0.0000000000E+00      0.0000000000E+00
    0.5000000000E+01      0.5000000000E+01      0.0000000000E+00      0.0000000000E+00
    0.5000000000E+01      0.5000000000E+01      0.0000000000E+00      0.0000000000E+00
    0.5000000000E+01      0.5000000000E+01      0.0000000000E+00      0.0000000000E+00
    0.5000000000E+01      0.5000000000E+01      0.0000000000E+00      0.0000000000E+00
    0.5000000000E+01      0.5000000000E+01      0.0000000000E+00      0.0000000000E+00
    0.5000000000E+01      0.5000000000E+01      0.0000000000E+00      0.0000000000E+00
    0.5902452912E+01      0.5902452912E+01      0.8210612562E+00     -0.9601660603E+00
    0.5863930127E+01      0.5863930127E+01      0.8084577476E+00     -0.8863341767E+00
    0.5795944838E+01      0.5795944838E+01      0.7649510073E+00     -0.7893961505E+00
    0.5675002804E+01      0.5675002804E+01      0.6640750445E+00     -0.6467460548E+00
    0.5474522463E+01      0.5474522463E+01      0.4781435439E+00     -0.4386375175E+00
    0.5232814249E+01      0.5232814249E+01      0.2370392057E+00     -0.2078904543E+00
    0.5097303457E+01      0.5097303457E+01      0.1003682726E+00     -0.8463224010E-01
    0.5038192976E+01      0.5038192976E+01      0.3999319045E-01     -0.3234207599E-01
    0.5014484627E+01      0.5014484627E+01      0.1536251383E-01     -0.1198587012E-01
    0.5005365112E+01      0.5005365112E+01      0.5751691122E-02     -0.4349726095E-02
    0.5001946849E+01      0.5001946849E+01      0.2105720656E-02     -0.1543591244E-02
    0.5000686432E+01      0.5000686432E+01      0.7455389377E-03     -0.5335768305E-03
    0.5000233942E+01      0.5000233942E+01      0.2514519880E-03     -0.1727485182E-03
    0.5000067325E+01      0.5000067325E+01      0.6963440489E-04     -0.4604697182E-04
    0.5000011675E+01      0.5000011675E+01      0.1316091171E-04      0.0000000000E+00
    0.5000001048E+01      0.5000001048E+01      0.0000000000E+00      0.0000000000E+00
    0.5000000000E+01      0.5000000000E+01      0.0000000000E+00      0.0000000000E+00
    0.5000000000E+01      0.5000000000E+01      0.0000000000E+00      0.0000000000E+00
    0.5000000000E+01      0.5000000000E+01      0.0000000000E+00      0.0000000000E+00
    0.5000000000E+01      0.5000000000E+01      0.0000000000E+00      0.0000000000E+00
    0.5000000000E+01      0.5000000000E+01      0.0000000000E+00      0.0000000000E+00
    0.5000000000E+01      0.5000000000E+01      0.0000000000E+00      0.0000000000E+00
    0.5000000000E+01      0.5000000000E+01      0.0000000000E+00      0.0000000000E+00
    0.5000000000E+01      0.5000000000E+01      0.0000000000E+00      0.0000000000E+00
    0.5000000000E+01      0.5000000000E+01      0.0000000000E+00      0.0000000000E+00
    0.5955221509E+01      0.5955221509E+01      0.8795595872E+00     -0.1018256080E+01
    0.5930577383E+01      0.5930577383E+01      0.8817286546E+00     -0.9563246355E+00
    0.5889377088E+01      0.5889377088E+01      0.8636160361E+00     -0.8804288392E+00
    0.5814630925E+01      0.5814630925E+01      0.8096607992E+00     -0.7778843296E+00
    0.5678945821E+01      0.5678945821E+01      0.6909857378E+00     -0.6260810008E+00
    0.5456336234E+01      0.5456336234E+01      0.4733008365E+00     -0.4041804495E+00
    0.5210691368E+01      0.5210691368E+01      0.2210215956E+00     -0.1804908993E+00
    0.5084962187E+01      0.5084962187E+01      0.9033207595E-01     -0.7069275791E-01
    0.5032388926E+01      0.5032388926E+01      0.3488769547E-01     -0.2626416322E-01
    0.5011988732E+01      0.5011988732E+01      0.1305166248E-01     -0.9515894725E-02
    0.5004344967E+01      0.5004344967E+01      0.4773896442E-02     -0.3379135959E-02
    0.5001541656E+01      0.5001541656E+01      0.1706550126E-02     -0.1173865991E-02
    0.5000530850E+01      0.5000530850E+01      0.5895821616E-03     -0.3932641548E-03
    0.5000171793E+01      0.5000171793E+01      0.1906250440E-03     -0.1217374206E-03
    0.5000045978E+01      0.5000045978E+01      0.4956377387E-04     -0.2434581109E-04
    0.5000006945E+01      0.5000006945E+01      0.0000000000E+00      0.0000000000E+00
    0.5000000406E+01      0.5000000406E+01      0.0000000000E+00      0.0000000000E+00
    0.5000000000E+01      0.5000000000E+01      0.0000000000E+00      0.0000000000E+00
    0.5000000000E+01      0.5000000000E+01      0.0000000000E+00      0.0000000000E+00
    0.5000000000E+01      0.5000000000E+01      0.0000000000E+00      0.0000000000E+00
    0.5000000000E+01      0.5000000000E+01      0.0000000000E+00      0.0000000000E+00
    0.5000000000E+01      0.5000000000E+01      0.0000000000E+00      0.0000000000E+00
    0.5000000000E+01      0.5000000000E+01      0.0000000000E+00      0.0000000000E+00
    0.5000000000E+01      0.5000000000E+01      0.0000000000E+00      0.0000000000E+00
    0.5000000000E+01      0.5000000000E+01      0.0000000000E+00      0.0000000000E+00
    0.5997003357E+01      0.5997003357E+01      0.9324879011E+00     -0.1066171256E+01
    0.5983015923E+01      0.5983015923E+01      0.9436037440E+00     -0.1011797631E+01
    0.5956013273E+01      0.5956013273E+01      0.9401706233E+00     -0.9461449763E+00
    0.5910084721E+01      0.5910084721E+01      0.9147677525E+00     -0.8667421275E+00
    0.5824805630E+01      0.5824805630E+01      0.8465026707E+00     -0.7561704674E+00
    0.5668533453E+01      0.5668533453E+01      0.7028896997E+00     -0.5914972862E+00
    0.5418594493E+01      0.5418594493E+01      0.4461981831E+00     -0.3530793564E+00
    0.5180922808E+01      0.5180922808E+01      0.1952679013E+00     -0.1482488563E+00
    0.5070481938E+01      0.5070481938E+01      0.7709084966E-01     -0.5597046051E-01
    0.5026163725E+01      0.5026163725E+01      0.2893346697E-01     -0.2029013907E-01
    0.5009473320E+01      0.5009473320E+01      0.1056931533E-01     -0.7198957835E-02
    0.5003365567E+01      0.5003365567E+01      0.3783020567E-02     -0.2507766234E-02
    0.5001171659E+01      0.5001171659E+01      0.1322323159E-02     -0.8572967448E-03
    0.5000393007E+01      0.5000393007E+01      0.4444082527E-03     -0.2774690681E-03
    0.5000122649E+01      0.5000122649E+01      0.1371906172E-03     -0.8041622856E-04
    0.5000029064E+01      0.5000029064E+01      0.3281991069E-04     -0.1567642971E-04
    0.5000003904E+01      0.5000003904E+01      0.0000000000E+00      0.0000000000E+00
    0.5000000075E+01      0.5000000075E+01      0.0000000000E+00      0.0000000000E+00
    0.5000000000E+01      0.5000000000E+01      0.0000000000E+00      0.0000000000E+00
    0.5000000000E+01      0.5000000000E+01      0.0000000000E+00      0.0000000000E+00
    0.5000000000E+01      0.5000000000E+01      0.0000000000E+00      0.0000000000E+00
    0.5000000000E+01      0.5000000000E+01      0.0000000000E+00      0.0000000000E+00
    0.5000000000E+01      0.5000000000E+01      0.0000000000E+00      0.0000000000E+00
    0.5000000000E+01      0.5000000000E+01      0.0000000000E+00      0.0000000000E+00
    0.5000000000E+01      0.5000000000E+01      0.0000000000E+00      0.0000000000E+00
    0.6034254497E+01      0.6034254497E+01      0.9847096720E+00     -0.1108608714E+01
    0.6026446491E+01      0.6026446491E+01      0.9998877461E+00     -0.1056584726E+01
    0.6008628516E+01      0.6008628516E+01      0.1006076221E+01     -0.9979365853E+00
    0.5978866805E+01      0.5978866805E+01      0.9958767268E+00     -0.9293275716E+00
    0.5925544076E+01      0.5925544076E+01      0.9601891838E+00     -0.8441151056E+00
    0.5824917237E+01      0.5824917237E+01      0.8719024598E+00     -0.7228690820E+00
    0.5640193186E+01      0.5640193186E+01      0.6929210934E+00     -0.5410379312E+00
    0.5361882801E+01      0.5361882801E+01      0.3971037241E+00     -0.2897174561E+00
    0.5147554954E+01      0.5147554954E+01      0.1638582794E+00     -0.1149378026E+00
    0.5055589014E+01      0.5055589014E+01      0.6243163227E-01     -0.4205945428E-01
    0.5020149904E+01      0.5020149904E+01      0.2283273139E-01     -0.1492075663E-01
    0.5007151808E+01      0.5007151808E+01      0.8162880293E-02     -0.5192706679E-02
    0.5002492243E+01      0.5002492243E+01      0.2862212096E-02     -0.1779364597E-02
    0.5000849400E+01      0.5000849400E+01      0.9807599599E-03     -0.5892781397E-03
    0.5000276121E+01      0.5000276121E+01      0.3181629081E-03     -0.1872001627E-03
    0.5000081959E+01      0.5000081959E+01      0.9095986661E-04     -0.4886244496E-04
    0.5000014718E+01      0.5000014718E+01      0.1717767097E-04      0.0000000000E+00
    0.5000001302E+01      0.5000001302E+01      0.0000000000E+00      0.0000000000E+00
    0.5000000000E+01      0.5000000000E+01      0.0000000000E+00      0.0000000000E+00
    0.5000000000E+01      0.5000000000E+01      0.0000000000E+00      0.0000000000E+00
    0.5000000000E+01      0.5000000000E+01      0.0000000000E+00      0.0000000000E+00
    0.5000000000E+01      0.5000000000E+01      0.0000000000E+00      0.0000000000E+00
    0.5000000000E+01      0.5000000000E+01      0.0000000000E+00      0.0000000000E+00
    0.5000000000E+01      0.5000000000E+01      0.0000000000E+00      0.0000000000E+00
    0.5000000000E+01      0.5000000000E+01      0.0000000000E+00      0.0000000000E+00
    0.6069087290E+01      0.6069087290E+01      0.1036557822E+01     -0.1147995528E+01
    0.6063971384E+01      0.6063971384E+01      0.1054556477E+01     -0.1095618618E+01
    0.6053398755E+01      0.6053398755E+01      0.1065694197E+01     -0.1040397672E+01
    0.6032086718E+01      0.6032086718E+01      0.1065335856E+01     -0.9776696127E+00
    0.5997699498E+01      0.5997699498E+01      0.1047974809E+01     -0.9059723062E+00
    0.5933634276E+01      0.5933634276E+01      0.9972297540E+00     -0.8126430121E+00
    0.5810599866E+01      0.5810599866E+01      0.8818711136E+00     -0.6769346871E+00
    0.5590510030E+01      0.5590510030E+01      0.6557703889E+00     -0.4738030763E+00
    0.5292664596E+01      0.5292664596E+01      0.3299788468E+00     -0.2224146505E+00
    0.5113960513E+01      0.5113960513E+01      0.1298835192E+00     -0.8425153907E-01
    0.5041714528E+01      0.5041714528E+01      0.4799038072E-01     -0.3004468590E-01
    0.5014812744E+01      0.5014812744E+01      0.1716452569E-01     -0.1045702648E-01
    0.5005160964E+01      0.5005160964E+01      0.6016785629E-02     -0.3579130908E-02
    0.5001766850E+01      0.5001766850E+01      0.2069169018E-02     -0.1196802688E-02
    0.5000587979E+01      0.5000587979E+01      0.6886462706E-03     -0.3921360398E-03
    0.5000185387E+01      0.5000185387E+01      0.2164207363E-03     -0.1163966503E-03
    0.5000047349E+01      0.5000047349E+01      0.5419648613E-04     -0.2132647057E-04
    0.5000006895E+01      0.5000006895E+01      0.0000000000E+00      0.0000000000E+00
    0.5000000341E+01      0.5000000341E+01      0.0000000000E+00      0.0000000000E+00
    0.5000000000E+01      0.5000000000E+01      0.0000000000E+00      0.0000000000E+00
    0.5000000000E+01      0.5000000000E+01      0.0000000000E+00      0.0000000000E+00
    0.5000000000E+01      0.5000000000E+01      0.0000000000E+00      0.0000000000E+00
    0.5000000000E+01      0.5000000000E+01      0.0000000000E+00      0.0000000000E+00
    0.5000000000E+01      0.5000000000E+01      0.0000000000E+00      0.0000000000E+00
    0.5000000000E+01      0.5000000000E+01      0.0000000000E+00      0.0000000000E+00
    0.6101971753E+01      0.6101971753E+01      0.1090170257E+01     -0.1185485086E+01
    0.6098795214E+01      0.6098795214E+01      0.1109796194E+01     -0.1131554546E+01
    0.6092315540E+01      0.6092315540E+01      0.1123272397E+01     -0.1076380631E+01
    0.6077595046E+01      0.6077595046E+01      0.1129042472E+01     -0.1017097872E+01
    0.6053523623E+01      0.6053523623E+01      0.1121582337E+01     -0.9516265442E+00
    0.6011728340E+01      0.6011728340E+01      0.1093736498E+01     -0.8746731867E+00
    0.5931357669E+01      0.5931357669E+01      0.1022769772E+01     -0.7710618870E+00
    0.5777045725E+01      0.5777045725E+01      0.8687645451E+00     -0.6163295166E+00
    0.5513185087E+01      0.5513185087E+01      0.5833760839E+00     -0.3882724025E+00
    0.5222474177E+01      0.5222474177E+01      0.2564889073E+00     -0.1612205648E+00
    0.5083544399E+01      0.5083544399E+01      0.9747995620E-01     -0.5858045270E-01
    0.5029839642E+01      0.5029839642E+01      0.3509290735E-01     -0.2043003890E-01
    0.5010399197E+01      0.5010399197E+01      0.1230096796E-01     -0.6988714829E-02
    0.5003563620E+01      0.5003563620E+01      0.4233743191E-02     -0.2346872532E-02
    0.5001196967E+01      0.5001196967E+01      0.1424815154E-02     -0.7772689229E-03
    0.5000389534E+01      0.5000389534E+01      0.4644436393E-03     -0.2449932737E-03
    0.5000117304E+01      0.5000117304E+01      0.1345906140E-03     -0.6256435944E-04
    0.5000024390E+01      0.5000024390E+01      0.2472814064E-04     -0.1220178419E-04
    0.5000002769E+01      0.5000002769E+01      0.0000000000E+00      0.0000000000E+00
    0.5000000058E+01      0.5000000058E+01      0.0000000000E+00      0.0000000000E+00
    0.5000000000E+01      0.5000000000E+01      0.0000000000E+00      0.0000000000E+00
    0.5000000000E+01      0.5000000000E+01      0.0000000000E+00      0.0000000000E+00
    0.5000000000E+01      0.5000000000E+01      0.0000000000E+00      0.0000000000E+00
    0.5000000000E+01      0.5000000000E+01      0.0000000000E+00      0.0000000000E+00
    0.5000000000E+01      0.5000000000E+01      0.0000000000E+00      0.0000000000E+00
    0.6134601556E+01      0.6134601556E+01      0.1145983666E+01     -0.1220103137E+01
    0.6132549615E+01      0.6132549615E+01      0.1166259331E+01     -0.1164207925E+01
    0.6127947728E+01      0.6127947728E+01      0.1181255578E+01     -0.1107998908E+01
    0.6118137288E+01      0.6118137288E+01      0.1189915870E+01     -0.1050068773E+01
    0.6100261306E+01      0.6100261306E+01      0.1188423715E+01     -0.9876850072E+00
    0.6071719688E+01      0.6071719688E+01      0.1173161517E+01     -0.9192254244E+00
    0.6018639326E+01      0.6018639326E+01      0.1130371033E+01     -0.8350642340E+00
    0.5914884071E+01      0.5914884071E+01      0.1030012833E+01     -0.7167488080E+00
    0.5718069217E+01      0.5718069217E+01      0.8237959579E+00     -0.5386734119E+00
    0.5407414070E+01      0.5407414070E+01      0.4754073420E+00     -0.2883569016E+00
    0.5160825844E+01      0.5160825844E+01      0.1900228357E+00     -0.1099437315E+00
    0.5058316269E+01      0.5058316269E+01      0.6954408682E-01     -0.3868529408E-01
    0.5020371988E+01      0.5020371988E+01      0.2444363619E-01     -0.1323834191E-01
    0.5006981021E+01      0.5006981021E+01      0.8414754478E-02     -0.4451280867E-02
    0.5002350701E+01      0.5002350701E+01      0.2843903964E-02     -0.1477181699E-02
    0.5000775910E+01      0.5000775910E+01      0.9417185716E-03     -0.4762827443E-03
    0.5000243761E+01      0.5000243761E+01      0.2954748880E-03     -0.1394587770E-03
    0.5000067526E+01      0.5000067526E+01      0.8001304835E-04     -0.3453594003E-04
    0.5000011745E+01      0.5000011745E+01      0.1436520180E-04      0.0000000000E+00
    0.5000000976E+01      0.5000000976E+01      0.0000000000E+00      0.0000000000E+00
    0.5000000000E+01      0.5000000000E+01      0.0000000000E+00      0.0000000000E+00
    0.5000000000E+01      0.5000000000E+01      0.0000000000E+00      0.0000000000E+00
    0.5000000000E+01      0.5000000000E+01      0.0000000000E+00      0.0000000000E+00
    0.5000000000E+01      0.5000000000E+01      0.0000000000E+00      0.0000000000E+00
    0.5000000000E+01      0.5000000000E+01      0.0000000000E+00      0.0000000000E+00
    0.6166499901E+01      0.6166499901E+01      0.1204193487E+01     -0.1252721918E+01
    0.6165149306E+01      0.6165149306E+01      0.1224336028E+01     -0.1194444722E+01
    0.6161701489E+01      0.6161701489E+01      0.1240043225E+01     -0.1136608324E+01
    0.6155058914E+01      0.6155058914E+01      0.1250004868E+01     -0.1078465858E+01
    0.6141280775E+01      0.6141280775E+01      0.1252176642E+01     -0.1017609130E+01
    0.6120984928E+01      0.6120984928E+01      0.1243795570E+01     -0.9532517029E+00
    0.6084780219E+01      0.6084780219E+01      0.1217827202E+01     -0.8799432992E+00
    0.6015004372E+01      0.6015004372E+01      0.1153444652E+01     -0.7854179283E+00
    0.5877225619E+01      0.5877225619E+01      0.1011122217E+01     -0.6480821300E+00
    0.5626229004E+01      0.5626229004E+01      0.7357883516E+00     -0.4415757658E+00
    0.5294480183E+01      0.5294480183E+01      0.3515872673E+00     -0.1959614330E+00
    0.5109999135E+01      0.5109999135E+01      0.1327972961E+00     -0.7083207972E-01
    0.5038760125E+01      0.5038760125E+01      0.4713409683E-01     -0.2432046486E-01
    0.5013294158E+01      0.5013294158E+01      0.1624568530E-01     -0.8182056172E-02
    0.5004479426E+01      0.5004479426E+01      0.5495635251E-02     -0.2712553342E-02
    0.5001484575E+01      0.5001484575E+01      0.1826410605E-02     -0.8812944996E-03
    0.5000479389E+01      0.5000479389E+01      0.5910466648E-03     -0.2749961163E-03
    0.5000141043E+01      0.5000141043E+01      0.1756964849E-03     -0.7055120352E-04
    0.5000034680E+01      0.5000034680E+01      0.4127361603E-04     -0.1458969221E-04
    0.5000004795E+01      0.5000004795E+01      0.0000000000E+00      0.0000000000E+00
    0.5000000091E+01      0.5000000091E+01      0.0000000000E+00      0.0000000000E+00
    0.5000000000E+01      0.5000000000E+01      0.0000000000E+00      0.0000000000E+00
    0.5000000000E+01      0.5000000000E+01      0.0000000000E+00      0.0000000000E+00
    0.5000000000E+01      0.5000000000E+01      0.0000000000E+00      0.0000000000E+00
    0.5000000000E+01      0.5000000000E+01      0.0000000000E+00      0.0000000000E+00
    0.6197726927E+01      0.6197726927E+01      0.1265647540E+01     -0.1283124889E+01
    0.6197016187E+01      0.6197016187E+01      0.1284908477E+01     -0.1222057789E+01
    0.6194628091E+01      0.6194628091E+01      0.1300327363E+01     -0.1162151623E+01
    0.6189725244E+01      0.6189725244E+01      0.1310668158E+01     -0.1102763600E+01
    0.6179286851E+01      0.6179286851E+01      0.1314869163E+01     -0.1042511284E+01
    0.6163735948E+01      0.6163735948E+01      0.1310094239E+01     -0.9800718445E+00
    0.6138054604E+01      0.6138054604E+01      0.1293893628E+01     -0.9127838598E+00
    0.6090186892E+01      0.6090186892E+01      0.1251949882E+01     -0.8326899312E+00
    0.5995082018E+01      0.5995082018E+01      0.1155694542E+01     -0.7239341307E+00
    0.5808165621E+01      0.5808165621E+01      0.9553876649E+00     -0.5606912861E+00
    0.5494685142E+01      0.5494685142E+01      0.5936238974E+00     -0.3242420883E+00
    0.5198651765E+01      0.5198651765E+01      0.2421319289E+00     -0.1247017362E+00
    0.5071467111E+01      0.5071467111E+01      0.8796371241E-01     -0.4330144198E-01
    0.5024600695E+01      0.5024600695E+01      0.3044791685E-01     -0.1457608864E-01
    0.5008294740E+01      0.5008294740E+01      0.1030456482E-01     -0.4829887132E-02
    0.5002752362E+01      0.5002752362E+01      0.3427680981E-02     -0.1573866092E-02
    0.5000898378E+01      0.5000898378E+01      0.1120024193E-02     -0.5026605423E-03
    0.5000280079E+01      0.5000280079E+01      0.3464728444E-03     -0.1438640101E-03
    0.5000079680E+01      0.5000079680E+01      0.9446088059E-04     -0.3735742987E-04
    0.5000014074E+01      0.5000014074E+01      0.1720523071E-04      0.0000000000E+00
    0.5000001154E+01      0.5000001154E+01      0.0000000000E+00      0.0000000000E+00
    0.5000000000E+01      0.5000000000E+01      0.0000000000E+00      0.0000000000E+00
    0.5000000000E+01      0.5000000000E+01      0.0000000000E+00      0.0000000000E+00
    0.5000000000E+01      0.5000000000E+01      0.0000000000E+00      0.0000000000E+00
    0.5000000000E+01      0.5000000000E+01      0.0000000000E+00      0.0000000000E+00
    0.6228961319E+01      0.6228961319E+01      0.1330474011E+01     -0.1310219786E+01
    0.6228681497E+01      0.6228681497E+01      0.1348298340E+01     -0.1246454537E+01
    0.6226996331E+01      0.6226996331E+01      0.1362595460E+01     -0.1184421614E+01
    0.6223160842E+01      0.6223160842E+01      0.1372415172E+01     -0.1123577366E+01
    0.6214946959E+01      0.6214946959E+01      0.1377178405E+01     -0.1063142000E+01
    0.6202579023E+01      0.6202579023E+01      0.1374447353E+01     -0.1001620218E+01
    0.6183435653E+01      0.6183435653E+01      0.1363580808E+01     -0.9374986082E+00
    0.6149604401E+01      0.6149604401E+01      0.1335422252E+01     -0.8658131361E+00
    0.6083515138E+01      0.6083515138E+01      0.1269922708E+01     -0.7754785253E+00
    0.5949686555E+01      0.5949686555E+01      0.1127584670E+01     -0.6468223025E+00
    0.5699099432E+01      0.5699099432E+01      0.8439329977E+00     -0.4527870449E+00
    0.5343927874E+01      0.5343927874E+01      0.4229924806E+00     -0.2085699045E+00
    0.5127210450E+01      0.5127210450E+01      0.1582539767E+00     -0.7455209090E-01
    0.5044221644E+01      0.5044221644E+01      0.5537272532E-01     -0.2518441486E-01
    0.5014925052E+01      0.5014925052E+01      0.1876598964E-01     -0.8339997591E-02
    0.5004953614E+01      0.5004953614E+01      0.6247078908E-02     -0.2718395192E-02
    0.5001619087E+01      0.5001619087E+01      0.2045651641E-02     -0.8696939350E-03
    0.5000516725E+01      0.5000516725E+01      0.6511285865E-03     -0.2661868843E-03
    0.5000153316E+01      0.5000153316E+01      0.1931546058E-03     -0.7414054782E-04
    0.5000037552E+01      0.5000037552E+01      0.4569473696E-04     -0.1438865795E-04
    0.5000005132E+01      0.5000005132E+01      0.0000000000E+00      0.0000000000E+00
    0.5000000187E+01      0.5000000187E+01      0.0000000000E+00      0.0000000000E+00
    0.5000000000E+01      0.5000000000E+01      0.0000000000E+00      0.0000000000E+00
    0.5000000000E+01      0.5000000000E+01      0.0000000000E+00      0.0000000000E+00
    0.5000000000E+01      0.5000000000E+01      0.0000000000E+00      0.0000000000E+00
    0.6259723822E+01      0.6259723822E+01      0.1398372360E+01     -0.1334372407E+01
    0.6259716662E+01      0.6259716662E+01      0.1414269257E+01     -0.1268036200E+01
    0.6258514326E+01      0.6258514326E+01      0.1426907695E+01     -0.1203858836E+01
    0.6255476772E+01      0.6255476772E+01      0.1435531098E+01     -0.1141364006E+01
    0.6248915710E+01      0.6248915710E+01      0.1439846882E+01     -0.1080119617E+01
    0.6238849918E+01      0.6238849918E+01      0.1438045717E+01     -0.1018684096E+01
    0.6224114316E+01      0.6224114316E+01      0.1430021953E+01     -0.9561145602E+00
    0.6199246600E+01      0.6199246600E+01      0.1410035774E+01     -0.8892468921E+00
    0.6152415111E+01      0.6152415111E+01      0.1364293499E+01     -0.8105400538E+00
    0.6057010074E+01      0.6057010074E+01      0.1263696964E+01     -0.7062941397E+00
    0.5867404005E+01      0.5867404005E+01      0.1051845840E+01     -0.5502957996E+00
    0.5540891450E+01      0.5540891450E+01      0.6665273366E+00     -0.3237166906E+00
    0.5216845738E+01      0.5216845738E+01      0.2716550782E+00     -0.1234983687E+00
    0.5077024565E+01      0.5077024565E+01      0.9744349031E-01     -0.4221433200E-01
    0.5026108783E+01      0.5026108783E+01      0.3319376837E-01     -0.1397339669E-01
    0.5008666838E+01      0.5008666838E+01      0.1105382018E-01     -0.4553204452E-02
    0.5002832768E+01      0.5002832768E+01      0.3621944015E-02     -0.1458449060E-02
    0.5000909697E+01      0.5000909697E+01      0.1165825636E-02     -0.4569095736E-03
    0.5000278744E+01      0.5000278744E+01      0.3572477565E-03     -0.1314042314E-03
    0.5000078560E+01      0.5000078560E+01      0.9645920675E-04     -0.3180427805E-04
    0.5000014004E+01      0.5000014004E+01      0.1739091736E-04      0.0000000000E+00
    0.5000001172E+01      0.5000001172E+01      0.0000000000E+00      0.0000000000E+00
    0.5000000000E+01      0.5000000000E+01      0.0000000000E+00      0.0000000000E+00
    0.5000000000E+01      0.5000000000E+01      0.0000000000E+00      0.0000000000E+00
    0.5000000000E+01      0.5000000000E+01      0.0000000000E+00      0.0000000000E+00
    0.6290469701E+01      0.6290469701E+01      0.1469551404E+01     -0.1354808908E+01
    0.6290747545E+01      0.6290747545E+01      0.1482988175E+01     -0.1285909194E+01
    0.6289888959E+01      0.6289888959E+01      0.1493439949E+01     -0.1219588124E+01
    0.6287464824E+01      0.6287464824E+01      0.1500384931E+01     -0.1155448971E+01
    0.6281832264E+01      0.6281832264E+01      0.1503624601E+01     -0.1093283827E+01
    0.6273645533E+01      0.6273645533E+01      0.1501693377E+01     -0.1031560406E+01
    0.6261897056E+01      0.6261897056E+01      0.1494801122E+01     -0.9695928714E+00
    0.6242769819E+01      0.6242769819E+01      0.1479519420E+01     -0.9056616526E+00
    0.6208690174E+01      0.6208690174E+01      0.1446121627E+01     -0.8343450769E+00
    0.6140246364E+01      0.6140246364E+01      0.1373778595E+01     -0.7460796683E+00
    0.6000073986E+01      0.6000073986E+01      0.1217871369E+01     -0.6205664774E+00
    0.5734486665E+01      0.5734486665E+01      0.9085109300E+00     -0.4314220225E+00
    0.5357021632E+01      0.5357021632E+01      0.4503268993E+00     -0.1958591586E+00
    0.5129857190E+01      0.5129857190E+01      0.1657687712E+00     -0.6853104626E-01
    0.5044408535E+01      0.5044408535E+01      0.5701878390E-01     -0.2273738341E-01
    0.5014747543E+01      0.5014747543E+01      0.1900320376E-01     -0.7400561714E-02
    0.5004819391E+01      0.5004819391E+01      0.6225085550E-02     -0.2371241086E-02
    0.5001550227E+01      0.5001550227E+01      0.2005499525E-02     -0.7472901026E-03
    0.5000485803E+01      0.5000485803E+01      0.6283019872E-03     -0.2245489994E-03
    0.5000140764E+01      0.5000140764E+01      0.1826469433E-03     -0.5613810521E-04
    0.5000033244E+01      0.5000033244E+01      0.4206952443E-04      0.0000000000E+00
    0.5000004508E+01      0.5000004508E+01      0.0000000000E+00      0.0000000000E+00
    0.5000000085E+01      0.5000000085E+01      0.0000000000E+00      0.0000000000E+00
    0.5000000000E+01      0.5000000000E+01      0.0000000000E+00      0.0000000000E+00
    0.5000000000E+01      0.5000000000E+01      0.0000000000E+00      0.0000000000E+00
    0.6321234309E+01      0.6321234309E+01      0.1544098841E+01     -0.1371298840E+01
    0.6321731700E+01      0.6321731700E+01      0.1554561298E+01     -0.1300004515E+01
    0.6321033224E+01      0.6321033224E+01      0.1562094499E+01     -0.1231710887E+01
    0.6318940989E+01      0.6318940989E+01      0.1566808026E+01     -0.1166098448E+01
    0.6313803145E+01      0.6313803145E+01      0.1568278318E+01     -0.1103151337E+01
    0.6306944151E+01      0.6306944151E+01      0.1565668316E+01     -0.1040971993E+01
    0.6297493502E+01      0.6297493502E+01      0.1558840261E+01     -0.9791174109E+00
    0.6282360332E+01      0.6282360332E+01      0.1545837191E+01     -0.9167032856E+00
    0.6256525886E+01      0.6256525886E+01      0.1520251808E+01     -0.8502616262E+00
    0.6206818637E+01      0.6206818637E+01      0.1466592734E+01     -0.7724079726E+00
    0.6103599530E+01      0.6103599530E+01      0.1351531336E+01     -0.6684871668E+00
    0.5895928017E+01      0.5895928017E+01      0.1112581956E+01     -0.5135213722E+00
    0.5540844819E+01      0.5540844819E+01      0.6830719912E+00     -0.2911655575E+00
    0.5210692532E+01      0.5210692532E+01      0.2705553377E+00     -0.1073844128E+00
    0.5073322242E+01      0.5073322242E+01      0.9497251153E-01     -0.3595593341E-01
    0.5024428170E+01      0.5024428170E+01      0.3177359447E-01     -0.1168446094E-01
    0.5007977955E+01      0.5007977955E+01      0.1040525746E-01     -0.3739945473E-02
    0.5002565112E+01      0.5002565112E+01      0.3351056018E-02     -0.1176486359E-02
    0.5000809818E+01      0.5000809818E+01      0.1057160041E-02     -0.3599814712E-03
    0.5000244644E+01      0.5000244644E+01      0.3176809133E-03     -0.1006843075E-03
    0.5000064500E+01      0.5000064500E+01      0.8250399963E-04     -0.1936718748E-04
    0.5000011347E+01      0.5000011347E+01      0.1432389501E-04      0.0000000000E+00
    0.5000000898E+01      0.5000000898E+01      0.0000000000E+00      0.0000000000E+00
    0.5000000000E+01      0.5000000000E+01      0.0000000000E+00      0.0000000000E+00
    0.5000000000E+01      0.5000000000E+01      0.0000000000E+00      0.0000000000E+00
    0.6352345062E+01      0.6352345062E+01      0.1621945875E+01     -0.1383566152E+01
    0.6352836823E+01      0.6352836823E+01      0.1628792276E+01     -0.1309978208E+01
    0.6352172371E+01      0.6352172371E+01      0.1633101809E+01     -0.1239786956E+01
    0.6349805032E+01      0.6349805032E+01      0.1635146125E+01     -0.1173442491E+01
    0.6345536273E+01      0.6345536273E+01      0.1634064641E+01     -0.1109271115E+01
    0.6339662795E+01      0.6339662795E+01      0.1630360541E+01     -0.1046592447E+01
    0.6331714425E+01      0.6331714425E+01      0.1622927779E+01     -0.9847889788E+00
    0.6319571399E+01      0.6319571399E+01      0.1610606675E+01     -0.9231009461E+00
    0.6299362009E+01      0.6299362009E+01      0.1589274878E+01     -0.8596732927E+00
    0.6262047433E+01      0.6262047433E+01      0.1548066624E+01     -0.7890550414E+00
    0.6185672709E+01      0.6185672709E+01      0.1461884945E+01     -0.7002341437E+00
    0.6026925545E+01      0.6026925545E+01      0.1278738067E+01     -0.5725330463E+00
    0.5728524942E+01      0.5728524942E+01      0.9219243243E+00     -0.3830321675E+00
    0.5330923135E+01      0.5330923135E+01      0.4267269597E+00     -0.1625606651E+00
    0.5117505683E+01      0.5117505683E+01      0.1533015230E+00     -0.5520564910E-01
    0.5039396192E+01      0.5039396192E+01      0.5166407624E-01     -0.1794701141E-01
    0.5012860901E+01      0.5012860901E+01      0.1691848006E-01     -0.5730678777E-02
    0.5004133065E+01      0.5004133065E+01      0.5448561606E-02     -0.1801518016E-02
    0.5001306106E+01      0.5001306106E+01      0.1722263244E-02     -0.5522862093E-03
    0.5000402043E+01      0.5000402043E+01      0.5277262240E-03     -0.1631197003E-03
    0.5000112884E+01      0.5000112884E+01      0.1463915361E-03     -0.3653084526E-04
    0.5000024444E+01      0.5000024444E+01      0.3195938173E-04      0.0000000000E+00
    0.5000003229E+01      0.5000003229E+01      0.0000000000E+00      0.0000000000E+00
    0.5000000061E+01      0.5000000061E+01      0.0000000000E+00      0.0000000000E+00
    0.5000000000E+01      0.5000000000E+01      0.0000000000E+00      0.0000000000E+00
    0.6384204166E+01      0.6384204166E+01      0.1704329177E+01     -0.1391354619E+01
    0.6384366753E+01      0.6384366753E+01      0.1706526063E+01     -0.1315711004E+01
    0.6383179764E+01      0.6383179764E+01      0.1707208205E+01     -0.1244123441E+01
    0.6381003371E+01      0.6381003371E+01      0.1705502575E+01     -0.1176898819E+01
    0.6377486354E+01      0.6377486354E+01      0.1701923695E+01     -0.1111693379E+01
    0.6372318560E+01      0.6372318560E+01      0.1696061287E+01     -0.1048551764E+01
    0.6365166539E+01      0.6365166539E+01      0.1687411254E+01     -0.9870737135E+00
    0.6354812130E+01      0.6354812130E+01      0.1674851885E+01     -0.9261484087E+00
    0.6338468437E+01      0.6338468437E+01      0.1655531138E+01     -0.8644212705E+00
    0.6309853028E+01      0.6309853028E+01      0.1621931185E+01     -0.7982582537E+00
    0.6252715107E+01      0.6252715107E+01      0.1555675867E+01     -0.7198983350E+00
    0.6131723749E+01      0.6131723749E+01      0.1415369301E+01     -0.6130939012E+00
    0.5889421146E+01      0.5889421146E+01      0.1127600673E+01     -0.4534845000E+00
    0.5492571085E+01      0.5492571085E+01      0.6368420132E+00     -0.2345140317E+00
    0.5182588248E+01      0.5182588248E+01      0.2395969224E+00     -0.8227812897E-01
    0.5061886145E+01      0.5061886145E+01      0.8175290198E-01     -0.2684153490E-01
    0.5020215637E+01      0.5020215637E+01      0.2679722052E-01     -0.8543292378E-02
    0.5006484417E+01      0.5006484417E+01      0.8615459873E-02     -0.2678455927E-02
    0.5002050103E+01      0.5002050103E+01      0.2728580123E-02     -0.8250310066E-03
    0.5000633097E+01      0.5000633097E+01      0.8428012634E-03     -0.2437055538E-03
    0.5000185699E+01      0.5000185699E+01      0.2456777575E-03     -0.6267892471E-04
    0.5000044850E+01      0.5000044850E+01      0.5815270637E-04     -0.1059250115E-04
    0.5000006850E+01      0.5000006850E+01      0.0000000000E+00      0.0000000000E+00
    0.5000000464E+01      0.5000000464E+01      0.0000000000E+00      0.0000000000E+00
    0.5000000000E+01      0.5000000000E+01      0.0000000000E+00      0.0000000000E+00
    0.6417485290E+01      0.6417485290E+01      0.1791176407E+01     -0.1394589482E+01
    0.6417569456E+01      0.6417569456E+01      0.1788192608E+01     -0.1317295741E+01
    0.6416334148E+01      0.6416334148E+01      0.1784170950E+01     -0.1244593151E+01
    0.6413615515E+01      0.6413615515E+01      0.1778692101E+01     -0.1175455247E+01
    0.6409771109E+01      0.6409771109E+01      0.1771363930E+01     -0.1109319514E+01
    0.6404768563E+01      0.6404768563E+01      0.1762374737E+01     -0.1045882778E+01
    0.6398257023E+01      0.6398257023E+01      0.1751640565E+01     -0.9846651011E+00
    0.6389409177E+01      0.6389409177E+01      0.1738480216E+01     -0.9243921756E+00
    0.6376020263E+01      0.6376020263E+01      0.1720654496E+01     -0.8644249613E+00
    0.6352768786E+01      0.6352768786E+01      0.1692051375E+01     -0.8019189543E+00
    0.6308797110E+01      0.6308797110E+01      0.1638506645E+01     -0.7312213422E+00
    0.6216500018E+01      0.6216500018E+01      0.1529030246E+01     -0.6395942629E+00
    0.6023188000E+01      0.6023188000E+01      0.1300020414E+01     -0.5056684869E+00
    0.5672200633E+01      0.5672200633E+01      0.8676480132E+00     -0.3113316221E+00
    0.5274012894E+01      0.5274012894E+01      0.3606851064E+00     -0.1187873249E+00
    0.5094596170E+01      0.5094596170E+01      0.1257264516E+00     -0.3909143035E-01
    0.5031003483E+01      0.5031003483E+01      0.4138536167E-01     -0.1240494264E-01
    0.5009926617E+01      0.5009926617E+01      0.1328242503E-01     -0.3875378671E-02
    0.5003131143E+01      0.5003131143E+01      0.4196559006E-02     -0.1190268689E-02
    0.5000970108E+01      0.5000970108E+01      0.1300087047E-02     -0.3551326464E-03
    0.5000290084E+01      0.5000290084E+01      0.3873217907E-03     -0.9542137884E-04
    0.5000078367E+01      0.5000078367E+01      0.1016264759E-03     -0.1965027978E-04
    0.5000013938E+01      0.5000013938E+01      0.1784415437E-04      0.0000000000E+00
    0.5000001136E+01      0.5000001136E+01      0.0000000000E+00      0.0000000000E+00
    0.5000000000E+01      0.5000000000E+01      0.0000000000E+00      0.0000000000E+00
    0.6452427568E+01      0.6452427568E+01      0.1880690128E+01     -0.1391065166E+01
    0.6450672902E+01      0.6450672902E+01      0.1870657595E+01     -0.1312606906E+01
    0.6448398271E+01      0.6448398271E+01      0.1860287467E+01     -0.1239146043E+01
    0.6445253452E+01      0.6445253452E+01      0.1849890848E+01     -0.1169364411E+01
    0.6441259120E+01      0.6441259120E+01      0.1839201639E+01     -0.1103240050E+01
    0.6436487165E+01      0.6436487165E+01      0.1827587106E+01     -0.1039925583E+01
    0.6430394062E+01      0.6430394062E+01      0.1815004807E+01     -0.9790811286E+00
    0.6422384634E+01      0.6422384634E+01      0.1800753521E+01     -0.9196010192E+00
    0.6411038144E+01      0.6411038144E+01      0.1783034084E+01     -0.8606735705E+00
    0.6392726073E+01      0.6392726073E+01      0.1757898784E+01     -0.8003163776E+00
    0.6358100731E+01      0.6358100731E+01      0.1714220679E+01     -0.7348378002E+00
    0.6286902370E+01      0.6286902370E+01      0.1627226213E+01     -0.6550445131E+00
    0.6134279628E+01      0.6134279628E+01      0.1444319146E+01     -0.5422510765E+00
    0.5834967131E+01      0.5834967131E+01      0.1079208996E+01     -0.3735276544E+00
    0.5401544934E+01      0.5401544934E+01      0.5301466133E+00     -0.1662579211E+00
    0.5140973422E+01      0.5140973422E+01      0.1884238390E+00     -0.5544666641E-01
    0.5046433423E+01      0.5046433423E+01      0.6235020126E-01     -0.1755415648E-01
    0.5014833819E+01      0.5014833819E+01      0.1997424369E-01     -0.5460413574E-02
    0.5004666674E+01      0.5004666674E+01      0.6293214591E-02     -0.1670309275E-02
    0.5001447038E+01      0.5001447038E+01      0.1950187273E-02     -0.5022919404E-03
    0.5000437493E+01      0.5000437493E+01      0.5858829274E-03     -0.1396887283E-03
    0.5000122543E+01      0.5000122543E+01      0.1607323522E-03     -0.3172865605E-04
    0.5000026746E+01      0.5000026746E+01      0.3519394093E-04      0.0000000000E+00
    0.5000003583E+01      0.5000003583E+01      0.0000000000E+00      0.0000000000E+00
    0.5000000067E+01      0.5000000067E+01      0.0000000000E+00      0.0000000000E+00
    0.6487105951E+01      0.6487105951E+01      0.1967128802E+01     -0.1381444970E+01
    0.6484049770E+01      0.6484049770E+01      0.1950930630E+01     -0.1302834277E+01
    0.6480827815E+01      0.6480827815E+01      0.1935664783E+01     -0.1229211833E+01
    0.6477219181E+01      0.6477219181E+01      0.1921274596E+01     -0.1159550793E+01
    0.6472987822E+01      0.6472987822E+01      0.1907287664E+01     -0.1093848650E+01
    0.6468195495E+01      0.6468195495E+01      0.1892842121E+01     -0.1030913450E+01
    0.6462190293E+01      0.6462190293E+01      0.1878000626E+01     -0.9704679228E+00
    0.6454626340E+01      0.6454626340E+01      0.1862223729E+01     -0.9117396132E+00
    0.6444687946E+01      0.6444687946E+01      0.1844120399E+01     -0.8538429200E+00
    0.6429499964E+01      0.6429499964E+01      0.1820900559E+01     -0.7954856565E+00
    0.6402674539E+01      0.6402674539E+01      0.1783872957E+01     -0.7334604474E+00
    0.6346652391E+01      0.6346652391E+01      0.1713477284E+01     -0.6614787320E+00
    0.6226243762E+01      0.6226243762E+01      0.1566276645E+01     -0.5649168906E+00
    0.5977010563E+01      0.5977010563E+01      0.1264030095E+01     -0.4207271771E+00
    0.5554517418E+01      0.5554517418E+01      0.7313685563E+00     -0.2222790830E+00
    0.5204051047E+01      0.5204051047E+01      0.2735622243E+00     -0.7631591501E-01
    0.5067828822E+01      0.5067828822E+01      0.9155559051E-01     -0.2427132231E-01
    0.5021670361E+01      0.5021670361E+01      0.2933974460E-01     -0.7506303717E-02
    0.5006794997E+01      0.5006794997E+01      0.9217212707E-02     -0.2286090829E-02
    0.5002100382E+01      0.5002100382E+01      0.2851220947E-02     -0.6842706434E-03
    0.5000636846E+01      0.5000636846E+01      0.8626862450E-03     -0.1939942462E-03
    0.5000183802E+01      0.5000183802E+01      0.2469686828E-03     -0.5125655244E-04
    0.5000044079E+01      0.5000044079E+01      0.5791785187E-04      0.0000000000E+00
    0.5000006714E+01      0.5000006714E+01      0.0000000000E+00      0.0000000000E+00
    0.5000000468E+01      0.5000000468E+01      0.0000000000E+00      0.0000000000E+00
    0.6524307251E+01      0.6524307251E+01      0.2055448475E+01     -0.1368644589E+01
    0.6519393724E+01      0.6519393724E+01      0.2033107053E+01     -0.1289775035E+01
    0.6514698067E+01      0.6514698067E+01      0.2012635266E+01     -0.1216091831E+01
    0.6510021283E+01      0.6510021283E+01      0.1993689364E+01     -0.1146564907E+01
    0.6505139325E+01      0.6505139325E+01      0.1975668465E+01     -0.1081144270E+01
    0.6499898113E+01      0.6499898113E+01      0.1957937657E+01     -0.1018818047E+01
    0.6493813945E+01      0.6493813945E+01      0.1940552275E+01     -0.9589398724E+00
    0.6486539871E+01      0.6486539871E+01      0.1922981251E+01     -0.9010564762E+00
    0.6477526311E+01      0.6477526311E+01      0.1904024317E+01     -0.8441975382E+00
    0.6464571573E+01      0.6464571573E+01      0.1881548174E+01     -0.7874787278E+00
    0.6442943569E+01      0.6442943569E+01      0.1848918528E+01     -0.7283668551E+00
    0.6398952988E+01      0.6398952988E+01      0.1791208216E+01     -0.6620965227E+00
    0.6302780191E+01      0.6302780191E+01      0.1671696975E+01     -0.5776950397E+00
    0.6096628486E+01      0.6096628486E+01      0.1420806586E+01     -0.4541835090E+00
    0.5716812065E+01      0.5716812065E+01      0.9436381101E+00     -0.2755548314E+00
    0.5287027343E+01      0.5287027343E+01      0.3856096313E+00     -0.1027369146E+00
    0.5096804971E+01      0.5096804971E+01      0.1312382899E+00     -0.3274371169E-01
    0.5030965519E+01      0.5030965519E+01      0.4213692355E-01     -0.1007145846E-01
    0.5009673974E+01      0.5009673974E+01      0.1319057277E-01     -0.3048298160E-02
    0.5002979207E+01      0.5002979207E+01      0.4067090828E-02     -0.9087215752E-03
    0.5000901654E+01      0.5000901654E+01      0.1230395895E-02     -0.2589843313E-03
    0.5000263158E+01      0.5000263158E+01      0.3583334630E-03     -0.6810324909E-04
    0.5000069817E+01      0.5000069817E+01      0.9212032258E-04     -0.1255831826E-04
    0.5000012382E+01      0.5000012382E+01      0.1603276483E-04      0.0000000000E+00
    0.5000001056E+01      0.5000001056E+01      0.0000000000E+00      0.0000000000E+00
    0.6561235276E+01      0.6561235276E+01      0.2143163403E+01     -0.1348978346E+01
    0.6555190674E+01      0.6555190674E+01      0.2114972196E+01     -0.1271581393E+01
    0.6549245426E+01      0.6549245426E+01      0.2089301539E+01     -0.1198844437E+01
    0.6543466231E+01      0.6543466231E+01      0.2065765937E+01     -0.1130165922E+01
    0.6537630160E+01      0.6537630160E+01      0.2043805276E+01     -0.1065147317E+01
    0.6531697819E+01      0.6531697819E+01      0.2022768161E+01     -0.1003596291E+01
    0.6525411194E+01      0.6525411194E+01      0.2002675899E+01     -0.9445238711E+00
    0.6518385108E+01      0.6518385108E+01      0.1983151574E+01     -0.8877048136E+00
    0.6509942106E+01      0.6509942106E+01      0.1963083851E+01     -0.8318680401E+00
    0.6498609600E+01      0.6498609600E+01      0.1940715866E+01     -0.7765545524E+00
    0.6480785096E+01      0.6480785096E+01      0.1910831468E+01     -0.7197472123E+00
    0.6445816613E+01      0.6445816613E+01      0.1861669082E+01     -0.6576174173E+00
    0.6368491028E+01      0.6368491028E+01      0.1764159530E+01     -0.5816713475E+00
    0.6199484084E+01      0.6199484084E+01      0.1555627271E+01     -0.4758425508E+00
    0.5865469489E+01      0.5865469489E+01      0.1138736211E+01     -0.3192692673E+00
    0.5396291220E+01      0.5396291220E+01      0.5334865254E+00     -0.1344930896E+00
    0.5135223925E+01      0.5135223925E+01      0.1840392142E+00     -0.4314749619E-01
    0.5043313101E+01      0.5043313101E+01      0.5918478428E-01     -0.1319191015E-01
    0.5013476376E+01      0.5013476376E+01      0.1845725129E-01     -0.3965821630E-02
    0.5004130041E+01      0.5004130041E+01      0.5664500472E-02     -0.1172435426E-02
    0.5001247338E+01      0.5001247338E+01      0.1710354225E-02     -0.3372732866E-03
    0.5000366410E+01      0.5000366410E+01      0.5004365547E-03     -0.8961324698E-04
    0.5000100489E+01      0.5000100489E+01      0.1317795179E-03     -0.1485706686E-04
    0.5000019077E+01      0.5000019077E+01      0.2247418359E-04      0.0000000000E+00
    0.5000002057E+01      0.5000002057E+01      0.0000000000E+00      0.0000000000E+00
    0.6595969460E+01      0.6595969460E+01      0.2228128262E+01     -0.1320886343E+01
    0.6589737348E+01      0.6589737348E+01      0.2194917759E+01     -0.1246483937E+01
    0.6583299939E+01      0.6583299939E+01      0.2164679436E+01     -0.1176080855E+01
    0.6576903244E+01      0.6576903244E+01      0.2137070886E+01     -0.1109445449E+01
    0.6570436718E+01      0.6570436718E+01      0.2111462905E+01     -0.1045796585E+01
    0.6563815725E+01      0.6563815725E+01      0.2087216616E+01     -0.9853331380E+00
    0.6557092977E+01      0.6557092977E+01      0.2064277650E+01     -0.9272863518E+00
    0.6550135596E+01      0.6550135596E+01      0.2042544636E+01     -0.8716252898E+00
    0.6542124499E+01      0.6542124499E+01      0.2021191279E+01     -0.8170464180E+00
    0.6532002533E+01      0.6532002533E+01      0.1998472257E+01     -0.7631167747E+00
    0.6516915157E+01      0.6516915157E+01      0.1970462129E+01     -0.7083059951E+00
    0.6488551090E+01      0.6488551090E+01      0.1927659467E+01     -0.6496559745E+00
    0.6426226639E+01      0.6426226639E+01      0.1846578772E+01     -0.5804042324E+00
    0.6286561201E+01      0.6286561201E+01      0.1672328309E+01     -0.4878082542E+00
    0.5997074040E+01      0.5997074040E+01      0.1311467444E+01     -0.3501755956E+00
    0.5525616948E+01      0.5525616948E+01      0.7069205145E+00     -0.1698057887E+00
    0.5184463170E+01      0.5184463170E+01      0.2516959359E+00     -0.5541663831E-01
    0.5059308893E+01      0.5059308893E+01      0.8134789021E-01     -0.1691477303E-01
    0.5018396264E+01      0.5018396264E+01      0.2529161291E-01     -0.5043614275E-02
    0.5005610006E+01      0.5005610006E+01      0.7723829987E-02     -0.1480245986E-02
    0.5001685541E+01      0.5001685541E+01      0.2320812347E-02     -0.4222349260E-03
    0.5000495553E+01      0.5000495553E+01      0.6787192812E-03     -0.1142028593E-03
    0.5000137770E+01      0.5000137770E+01      0.1869820181E-03     -0.2025217799E-04
    0.5000031334E+01      0.5000031334E+01      0.4187157075E-04      0.0000000000E+00
    0.5000004812E+01      0.5000004812E+01      0.0000000000E+00      0.0000000000E+00
    0.6627121219E+01      0.6627121219E+01      0.2309444480E+01     -0.1283472642E+01
    0.6621428643E+01      0.6621428643E+01      0.2271939872E+01     -0.1213487424E+01
    0.6615214557E+01      0.6615214557E+01      0.2237742490E+01     -0.1146691123E+01
    0.6608874051E+01      0.6608874051E+01      0.2206563225E+01     -0.1083110257E+01
    0.6602422323E+01      0.6602422323E+01      0.2177702308E+01     -0.1021874546E+01
    0.6595572968E+01      0.6595572968E+01      0.2150499245E+01     -0.9632676812E+00
    0.6588566959E+01      0.6588566959E+01      0.2124867569E+01     -0.9069631935E+00
    0.6581505890E+01      0.6581505890E+01      0.2100995566E+01     -0.8528187154E+00
    0.6573983017E+01      0.6573983017E+01      0.2078292403E+01     -0.7998581226E+00
    0.6564869790E+01      0.6564869790E+01      0.2055035935E+01     -0.7474832015E+00
    0.6551868471E+01      0.6551868471E+01      0.2028164129E+01     -0.6944551130E+00
    0.6528507963E+01      0.6528507963E+01      0.1989796407E+01     -0.6385598958E+00
    0.6477715639E+01      0.6477715639E+01      0.1920857872E+01     -0.5744521848E+00
    0.6361973912E+01      0.6361973912E+01      0.1774844429E+01     -0.4916442406E+00
    0.6112311881E+01      0.6112311881E+01      0.1463781358E+01     -0.3718750534E+00
    0.5665046683E+01      0.5665046683E+01      0.8914240605E+00     -0.2049409475E+00
    0.5244833678E+01      0.5244833678E+01      0.3347734378E+00     -0.6940463972E-01
    0.5079533910E+01      0.5079533910E+01      0.1094429513E+00     -0.2118231238E-01
    0.5024612754E+01      0.5024612754E+01      0.3395365899E-01     -0.6263244086E-02
    0.5007463320E+01      0.5007463320E+01      0.1031031619E-01     -0.1820619883E-02
    0.5002231261E+01      0.5002231261E+01      0.3082504859E-02     -0.5171898391E-03
    0.5000655040E+01      0.5000655040E+01      0.9025011751E-03     -0.1432665771E-03
    0.5000184708E+01      0.5000184708E+01      0.2517571227E-03     -0.3102686079E-04
    0.5000044282E+01      0.5000044282E+01      0.5791392584E-04      0.0000000000E+00
    0.5000006950E+01      0.5000006950E+01      0.0000000000E+00      0.0000000000E+00
