    0.7672069811E+01      0.7672069811E+01      0.1871105213E-01      0.1537472089E+01
    0.7672695637E+01      0.7672695637E+01      0.5567737799E-01      0.1538567827E+01
    0.7673882226E+01      0.7673882226E+01      0.9209646415E-01      0.1538608294E+01
    0.7675568686E+01      0.7675568686E+01      0.1276612114E+00      0.1538094429E+01
    0.7677681528E+01      0.7677681528E+01      0.1622345721E+00      0.1536526927E+01
    0.7680138264E+01      0.7680138264E+01      0.1959107903E+00      0.1534282510E+01
    0.7682918266E+01      0.7682918266E+01      0.2287738136E+00      0.1532302267E+01
    0.7685932474E+01      0.7685932474E+01      0.2610124199E+00      0.1531009718E+01
    0.7689034644E+01      0.7689034644E+01      0.2927981970E+00      0.1530202017E+01
    0.7692080714E+01      0.7692080714E+01      0.3244186842E+00      0.1529719018E+01
    0.7694861333E+01      0.7694861333E+01      0.3562047745E+00      0.1529646340E+01
    0.7697123150E+01      0.7697123150E+01      0.3883208112E+00      0.1530315046E+01
    0.7698808542E+01      0.7698808542E+01      0.4208982236E+00      0.1531873247E+01
    0.7699978811E+01      0.7699978811E+01      0.4539771712E+00      0.1534551230E+01
    0.7700827008E+01      0.7700827008E+01      0.4874726280E+00      0.1538507730E+01
    0.7701614719E+01      0.7701614719E+01      0.5213448775E+00      0.1543897572E+01
    0.7702651306E+01      0.7702651306E+01      0.5554839200E+00      0.1550779096E+01
    0.7704519956E+01      0.7704519956E+01      0.5896053939E+00      0.1559315965E+01
    0.7707538014E+01      0.7707538014E+01      0.6236883479E+00      0.1569313674E+01
    0.7711746280E+01      0.7711746280E+01      0.6575961628E+00      0.1580144081E+01
    0.7716761753E+01      0.7716761753E+01      0.6910017128E+00      0.1591799234E+01
    0.7721599353E+01      0.7721599353E+01      0.7233435171E+00      0.1604839719E+01
    0.7725564341E+01      0.7725564341E+01      0.7542050685E+00      0.1619782725E+01
    0.7727850315E+01      0.7727850315E+01      0.7833526362E+00      0.1637267937E+01
    0.7728120181E+01      0.7728120181E+01      0.8105080536E+00      0.1657714305E+01
    0.7662272986E+01      0.7662272986E+01      0.1858402837E-01      0.1560253398E+01
    0.7662791616E+01      0.7662791616E+01      0.5533872728E-01      0.1561333168E+01
    0.7663776768E+01      0.7663776768E+01      0.9152857715E-01      0.1561199593E+01
    0.7665132654E+01      0.7665132654E+01      0.1268867392E+00      0.1560347818E+01
    0.7666822554E+01      0.7666822554E+01      0.1612922205E+00      0.1558296746E+01
    0.7668803852E+01      0.7668803852E+01      0.1948818515E+00      0.1555672268E+01
    0.7671055255E+01      0.7671055255E+01      0.2277894040E+00      0.1553308263E+01
    0.7673503772E+01      0.7673503772E+01      0.2601906582E+00      0.1551664659E+01
    0.7676019307E+01      0.7676019307E+01      0.2922761849E+00      0.1550546333E+01
    0.7678481909E+01      0.7678481909E+01      0.3243753744E+00      0.1549722153E+01
    0.7680571224E+01      0.7680571224E+01      0.3568143593E+00      0.1549408682E+01
    0.7682141304E+01      0.7682141304E+01      0.3897977269E+00      0.1549901714E+01
    0.7683175389E+01      0.7683175389E+01      0.4233923760E+00      0.1551351192E+01
    0.7683773293E+01      0.7683773293E+01      0.4575890813E+00      0.1553979643E+01
    0.7684096283E+01      0.7684096283E+01      0.4922882444E+00      0.1557801268E+01
    0.7684407293E+01      0.7684407293E+01      0.5274480639E+00      0.1562893093E+01
    0.7685102097E+01      0.7685102097E+01      0.5628519336E+00      0.1569185600E+01
    0.7686912154E+01      0.7686912154E+01      0.5980775026E+00      0.1576617316E+01
    0.7690094033E+01      0.7690094033E+01      0.6331491794E+00      0.1585289805E+01
    0.7694724881E+01      0.7694724881E+01      0.6682051778E+00      0.1594899892E+01
    0.7700533839E+01      0.7700533839E+01      0.7031264400E+00      0.1605168072E+01
    0.7706716780E+01      0.7706716780E+01      0.7378620655E+00      0.1616415550E+01
    0.7712039563E+01      0.7712039563E+01      0.7717493190E+00      0.1629323433E+01
    0.7715454841E+01      0.7715454841E+01      0.8042163872E+00      0.1644703316E+01
    0.7716288897E+01      0.7716288897E+01      0.8347149481E+00      0.1663097580E+01
    0.7649498044E+01      0.7649498044E+01      0.1844850450E-01      0.1578484064E+01
    0.7649966102E+01      0.7649966102E+01      0.5494197025E-01      0.1579594817E+01
    0.7650875653E+01      0.7650875653E+01      0.9084845378E-01      0.1579305138E+01
    0.7652067444E+01      0.7652067444E+01      0.1259448397E+00      0.1578286782E+01
    0.7653558581E+01      0.7653558581E+01      0.1600995630E+00      0.1575918375E+01
    0.7655316258E+01      0.7655316258E+01      0.1935728498E+00      0.1573068575E+01
    0.7657300940E+01      0.7657300940E+01      0.2265039929E+00      0.1570569225E+01
    0.7659450209E+01      0.7659450209E+01      0.2590537194E+00      0.1568851996E+01
    0.7661685594E+01      0.7661685594E+01      0.2914303407E+00      0.1567684190E+01
    0.7663800687E+01      0.7663800687E+01      0.3240582306E+00      0.1566866614E+01
    0.7665474976E+01      0.7665474976E+01      0.3572302906E+00      0.1566625965E+01
    0.7666648971E+01      0.7666648971E+01      0.3911274909E+00      0.1567178985E+01
    0.7667327440E+01      0.7667327440E+01      0.4257434764E+00      0.1568703972E+01
    0.7667674622E+01      0.7667674622E+01      0.4609816180E+00      0.1571332482E+01
    0.7667892353E+01      0.7667892353E+01      0.4967434255E+00      0.1575035854E+01
    0.7668185114E+01      0.7668185114E+01      0.5329977550E+00      0.1579754720E+01
    0.7669133282E+01      0.7669133282E+01      0.5693643562E+00      0.1585338594E+01
    0.7671362441E+01      0.7671362441E+01      0.6053693214E+00      0.1591604246E+01
    0.7675095505E+01      0.7675095505E+01      0.6411040100E+00      0.1598741707E+01
    0.7680309026E+01      0.7680309026E+01      0.6769779367E+00      0.1606702173E+01
    0.7686764559E+01      0.7686764559E+01      0.7131327371E+00      0.1615334683E+01
    0.7693738723E+01      0.7693738723E+01      0.7499976630E+00      0.1624807366E+01
    0.7700111473E+01      0.7700111473E+01      0.7870514343E+00      0.1635680674E+01
    0.7704262894E+01      0.7704262894E+01      0.8230382274E+00      0.1649131289E+01
    0.7705342128E+01      0.7705342128E+01      0.8571429933E+00      0.1666148851E+01
    0.7633673681E+01      0.7633673681E+01      0.1829302488E-01      0.1591953412E+01
    0.7634158837E+01      0.7634158837E+01      0.5447043944E-01      0.1593096154E+01
    0.7635075105E+01      0.7635075105E+01      0.9005008999E-01      0.1592693637E+01
    0.7636258747E+01      0.7636258747E+01      0.1248359178E+00      0.1591733050E+01
    0.7637742325E+01      0.7637742325E+01      0.1587765638E+00      0.1589239833E+01
    0.7639485213E+01      0.7639485213E+01      0.1921770227E+00      0.1586387066E+01
    0.7641434875E+01      0.7641434875E+01      0.2251727624E+00      0.1584033760E+01
    0.7643556091E+01      0.7643556091E+01      0.2579029511E+00      0.1582515292E+01
    0.7645794760E+01      0.7645794760E+01      0.2906046908E+00      0.1581560873E+01
    0.7647813973E+01      0.7647813973E+01      0.3237901715E+00      0.1581070473E+01
    0.7649380020E+01      0.7649380020E+01      0.3576903703E+00      0.1581156561E+01
    0.7650462477E+01      0.7650462477E+01      0.3924210448E+00      0.1581992966E+01
    0.7651133999E+01      0.7651133999E+01      0.4279248146E+00      0.1583722549E+01
    0.7651614312E+01      0.7651614312E+01      0.4640294302E+00      0.1586367723E+01
    0.7652137064E+01      0.7652137064E+01      0.5006658618E+00      0.1589883200E+01
    0.7652928092E+01      0.7652928092E+01      0.5377285327E+00      0.1594071459E+01
    0.7654620237E+01      0.7654620237E+01      0.5747934605E+00      0.1598739981E+01
    0.7657666296E+01      0.7657666296E+01      0.6114117645E+00      0.1603802794E+01
    0.7662240376E+01      0.7662240376E+01      0.6477470514E+00      0.1609376406E+01
    0.7668297147E+01      0.7668297147E+01      0.6842866658E+00      0.1615613764E+01
    0.7675353036E+01      0.7675353036E+01      0.7215861568E+00      0.1622592423E+01
    0.7682731440E+01      0.7682731440E+01      0.7601665186E+00      0.1630360455E+01
    0.7689590093E+01      0.7689590093E+01      0.7999298173E+00      0.1639482381E+01
    0.7694546659E+01      0.7694546659E+01      0.8397135216E+00      0.1651753391E+01
    0.7695462287E+01      0.7695462287E+01      0.8770639836E+00      0.1667453436E+01
    0.7614739333E+01      0.7614739333E+01      0.1819082194E-01      0.1600748632E+01
    0.7615282238E+01      0.7615282238E+01      0.5411114513E-01      0.1601928816E+01
    0.7616283785E+01      0.7616283785E+01      0.8940662324E-01      0.1601552962E+01
    0.7617610426E+01      0.7617610426E+01      0.1239282795E+00      0.1600787688E+01
    0.7619273293E+01      0.7619273293E+01      0.1577184936E+00      0.1598370141E+01
    0.7621219080E+01      0.7621219080E+01      0.1910830698E+00      0.1595720043E+01
    0.7623391369E+01      0.7623391369E+01      0.2241566347E+00      0.1593700437E+01
    0.7625734540E+01      0.7625734540E+01      0.2570778233E+00      0.1592585705E+01
    0.7628168052E+01      0.7628168052E+01      0.2901389542E+00      0.1592137915E+01
    0.7630313159E+01      0.7630313159E+01      0.3238483758E+00      0.1592231224E+01
    0.7632045047E+01      0.7632045047E+01      0.3583498321E+00      0.1592865104E+01
    0.7633387968E+01      0.7633387968E+01      0.3937271526E+00      0.1594135998E+01
    0.7634482844E+01      0.7634482844E+01      0.4298500289E+00      0.1596115552E+01
    0.7635527603E+01      0.7635527603E+01      0.4665557036E+00      0.1598760518E+01
    0.7636771136E+01      0.7636771136E+01      0.5037208383E+00      0.1601960366E+01
    0.7638586010E+01      0.7638586010E+01      0.5411463677E+00      0.1605496792E+01
    0.7641464219E+01      0.7641464219E+01      0.5785770780E+00      0.1609185211E+01
    0.7645673850E+01      0.7645673850E+01      0.6157972307E+00      0.1613017664E+01
    0.7651286631E+01      0.7651286631E+01      0.6529002495E+00      0.1617044407E+01
    0.7658131560E+01      0.7658131560E+01      0.6904293160E+00      0.1621616985E+01
    0.7665646612E+01      0.7665646612E+01      0.7292209613E+00      0.1626989164E+01
    0.7673169155E+01      0.7673169155E+01      0.7697612585E+00      0.1633564893E+01
    0.7680216474E+01      0.7680216474E+01      0.8120841071E+00      0.1641569459E+01
    0.7685188245E+01      0.7685188245E+01      0.8539285524E+00      0.1652470373E+01
    0.7685906025E+01      0.7685906025E+01      0.8934883149E+00      0.1666998778E+01
    0.7592611417E+01      0.7592611417E+01      0.1814291577E-01      0.1605102903E+01
    0.7593281016E+01      0.7593281016E+01      0.5389805616E-01      0.1606357241E+01
    0.7594507407E+01      0.7594507407E+01      0.8903518872E-01      0.1606081209E+01
    0.7596180490E+01      0.7596180490E+01      0.1234267974E+00      0.1605542886E+01
    0.7598269939E+01      0.7598269939E+01      0.1571746519E+00      0.1603289480E+01
    0.7600615554E+01      0.7600615554E+01      0.1905479816E+00      0.1600988046E+01
    0.7603131067E+01      0.7603131067E+01      0.2237382028E+00      0.1599524811E+01
    0.7605828786E+01      0.7605828786E+01      0.2568832874E+00      0.1599126208E+01
    0.7608604246E+01      0.7608604246E+01      0.2902973104E+00      0.1599485850E+01
    0.7611119841E+01      0.7611119841E+01      0.3244128888E+00      0.1600316692E+01
    0.7613345902E+01      0.7613345902E+01      0.3593830944E+00      0.1601552032E+01
    0.7615351882E+01      0.7615351882E+01      0.3951501129E+00      0.1603265560E+01
    0.7617297536E+01      0.7617297536E+01      0.4316029617E+00      0.1605441351E+01
    0.7619348081E+01      0.7619348081E+01      0.4686171080E+00      0.1608008368E+01
    0.7621760343E+01      0.7621760343E+01      0.5060134706E+00      0.1610823591E+01
    0.7624908272E+01      0.7624908272E+01      0.5435794632E+00      0.1613622424E+01
    0.7629160854E+01      0.7629160854E+01      0.5812587768E+00      0.1616203303E+01
    0.7634696616E+01      0.7634696616E+01      0.6191671320E+00      0.1618682700E+01
    0.7641450077E+01      0.7641450077E+01      0.6573598267E+00      0.1621285462E+01
    0.7648968726E+01      0.7648968726E+01      0.6960151792E+00      0.1624433862E+01
    0.7656718929E+01      0.7656718929E+01      0.7354574951E+00      0.1628494451E+01
    0.7663876670E+01      0.7663876670E+01      0.7764713750E+00      0.1634208369E+01
    0.7670194855E+01      0.7670194855E+01      0.8195021791E+00      0.1642045035E+01
    0.7675121108E+01      0.7675121108E+01      0.8644560602E+00      0.1651652788E+01
    0.7676096092E+01      0.7676096092E+01      0.9080665059E+00      0.1664752772E+01
    0.7567727745E+01      0.7567727745E+01      0.1813088746E-01      0.1604874414E+01
    0.7568458212E+01      0.7568458212E+01      0.5382952940E-01      0.1606255625E+01
    0.7569819293E+01      0.7569819293E+01      0.8895235345E-01      0.1606199080E+01
    0.7571703059E+01      0.7571703059E+01      0.1234024398E+00      0.1606056391E+01
    0.7574073123E+01      0.7574073123E+01      0.1572878908E+00      0.1604219969E+01
    0.7576867267E+01      0.7576867267E+01      0.1908804127E+00      0.1602575049E+01
    0.7579997038E+01      0.7579997038E+01      0.2242736607E+00      0.1601950333E+01
    0.7583457842E+01      0.7583457842E+01      0.2575945499E+00      0.1602399676E+01
    0.7586997010E+01      0.7586997010E+01      0.2912534918E+00      0.1603523348E+01
    0.7590182592E+01      0.7590182592E+01      0.3257224439E+00      0.1605061315E+01
    0.7593150255E+01      0.7593150255E+01      0.3609575067E+00      0.1606929984E+01
    0.7596112937E+01      0.7596112937E+01      0.3969191106E+00      0.1609061203E+01
    0.7599234680E+01      0.7599234680E+01      0.4335004192E+00      0.1611357331E+01
    0.7602699695E+01      0.7602699695E+01      0.4706016227E+00      0.1613669092E+01
    0.7606676120E+01      0.7606676120E+01      0.5081661075E+00      0.1615799224E+01
    0.7611381467E+01      0.7611381467E+01      0.5459978766E+00      0.1617680802E+01
    0.7616935123E+01      0.7616935123E+01      0.5837543502E+00      0.1619224538E+01
    0.7623518523E+01      0.7623518523E+01      0.6214332860E+00      0.1620379336E+01
    0.7631098783E+01      0.7631098783E+01      0.6592425433E+00      0.1621713163E+01
    0.7639321188E+01      0.7639321188E+01      0.6978296739E+00      0.1623941328E+01
    0.7647256711E+01      0.7647256711E+01      0.7383387709E+00      0.1627558696E+01
    0.7654377378E+01      0.7654377378E+01      0.7811303117E+00      0.1632597470E+01
    0.7660303776E+01      0.7660303776E+01      0.8265878609E+00      0.1639687573E+01
    0.7664533432E+01      0.7664533432E+01      0.8749311216E+00      0.1648749819E+01
    0.7665281290E+01      0.7665281290E+01      0.9223281724E+00      0.1660950278E+01
    0.7541973690E+01      0.7541973690E+01      0.1813456429E-01      0.1601587414E+01
    0.7542774136E+01      0.7542774136E+01      0.5381638990E-01      0.1603072516E+01
    0.7544262289E+01      0.7544262289E+01      0.8897913693E-01      0.1603198852E+01
    0.7546327195E+01      0.7546327195E+01      0.1235604063E+00      0.1603320402E+01
    0.7548922420E+01      0.7548922420E+01      0.1577253195E+00      0.1601733715E+01
    0.7551887289E+01      0.7551887289E+01      0.1917096557E+00      0.1600571600E+01
    0.7555196232E+01      0.7555196232E+01      0.2255858469E+00      0.1600682782E+01
    0.7558806331E+01      0.7558806331E+01      0.2593955072E+00      0.1602025949E+01
    0.7562703917E+01      0.7562703917E+01      0.2934144749E+00      0.1604174965E+01
    0.7566654796E+01      0.7566654796E+01      0.3280277445E+00      0.1606642611E+01
    0.7570658665E+01      0.7570658665E+01      0.3633395304E+00      0.1609146795E+01
    0.7574905311E+01      0.7574905311E+01      0.3992363595E+00      0.1611616134E+01
    0.7579480319E+01      0.7579480319E+01      0.4356400468E+00      0.1613917514E+01
    0.7584544240E+01      0.7584544240E+01      0.4724347712E+00      0.1615730965E+01
    0.7590243532E+01      0.7590243532E+01      0.5094182549E+00      0.1616933824E+01
    0.7596749218E+01      0.7596749218E+01      0.5465273935E+00      0.1617694161E+01
    0.7604220594E+01      0.7604220594E+01      0.5838676564E+00      0.1618190755E+01
    0.7612442682E+01      0.7612442682E+01      0.6215141110E+00      0.1618593686E+01
    0.7621297314E+01      0.7621297314E+01      0.6596639723E+00      0.1619149652E+01
    0.7629954944E+01      0.7629954944E+01      0.6995311996E+00      0.1620569674E+01
    0.7637767290E+01      0.7637767290E+01      0.7416359162E+00      0.1623621643E+01
    0.7644228838E+01      0.7644228838E+01      0.7864600122E+00      0.1628535382E+01
    0.7649169538E+01      0.7649169538E+01      0.8340815131E+00      0.1635544365E+01
    0.7652197775E+01      0.7652197775E+01      0.8849525134E+00      0.1644587453E+01
    0.7652810319E+01      0.7652810319E+01      0.9357829057E+00      0.1655876268E+01
    0.7515189947E+01      0.7515189947E+01      0.1816792992E-01      0.1595817993E+01
    0.7516029835E+01      0.7516029835E+01      0.5391575285E-01      0.1597407618E+01
    0.7517593058E+01      0.7517593058E+01      0.8921553489E-01      0.1597753918E+01
    0.7519782075E+01      0.7519782075E+01      0.1240364871E+00      0.1598156511E+01
    0.7522523174E+01      0.7522523174E+01      0.1585635773E+00      0.1596840489E+01
    0.7525700767E+01      0.7525700767E+01      0.1929779705E+00      0.1596261456E+01
    0.7529218442E+01      0.7529218442E+01      0.2272568898E+00      0.1597058534E+01
    0.7533167352E+01      0.7533167352E+01      0.2614981350E+00      0.1599131141E+01
    0.7537505910E+01      0.7537505910E+01      0.2958324857E+00      0.1601847192E+01
    0.7542134297E+01      0.7542134297E+01      0.3306185129E+00      0.1604700186E+01
    0.7547207936E+01      0.7547207936E+01      0.3658352956E+00      0.1607382900E+01
    0.7552892382E+01      0.7552892382E+01      0.4013921961E+00      0.1609780697E+01
    0.7559322162E+01      0.7559322162E+01      0.4372071925E+00      0.1611740698E+01
    0.7566490146E+01      0.7566490146E+01      0.4732627010E+00      0.1613109404E+01
    0.7574384504E+01      0.7574384504E+01      0.5095988425E+00      0.1613847846E+01
    0.7582942704E+01      0.7582942704E+01      0.5462452654E+00      0.1613995651E+01
    0.7592022306E+01      0.7592022306E+01      0.5833457310E+00      0.1613705438E+01
    0.7601400161E+01      0.7601400161E+01      0.6211119738E+00      0.1613479384E+01
    0.7610700140E+01      0.7610700140E+01      0.6603038716E+00      0.1613748711E+01
    0.7619267466E+01      0.7619267466E+01      0.7014314207E+00      0.1614943413E+01
    0.7626719883E+01      0.7626719883E+01      0.7451597135E+00      0.1617648885E+01
    0.7632631298E+01      0.7632631298E+01      0.7918772290E+00      0.1622227357E+01
    0.7636731583E+01      0.7636731583E+01      0.8416492869E+00      0.1628931624E+01
    0.7638794390E+01      0.7638794390E+01      0.8946200097E+00      0.1637890968E+01
    0.7639101406E+01      0.7639101406E+01      0.9484594923E+00      0.1648451526E+01
    0.7487745424E+01      0.7487745424E+01      0.1823214339E-01      0.1587969602E+01
    0.7488575698E+01      0.7488575698E+01      0.5414455356E-01      0.1589632792E+01
    0.7490127302E+01      0.7490127302E+01      0.8968495130E-01      0.1590171064E+01
    0.7492328161E+01      0.7492328161E+01      0.1248505705E+00      0.1590766941E+01
    0.7495097627E+01      0.7495097627E+01      0.1598333014E+00      0.1589706833E+01
    0.7498321714E+01      0.7498321714E+01      0.1946939945E+00      0.1589640050E+01
    0.7502046005E+01      0.7502046005E+01      0.2293941786E+00      0.1591160512E+01
    0.7506281212E+01      0.7506281212E+01      0.2639499771E+00      0.1593889810E+01
    0.7511190524E+01      0.7511190524E+01      0.2984884986E+00      0.1597116032E+01
    0.7516759542E+01      0.7516759542E+01      0.3331743397E+00      0.1600159539E+01
    0.7523162191E+01      0.7523162191E+01      0.3680273319E+00      0.1602712649E+01
    0.7530506326E+01      0.7530506326E+01      0.4030115413E+00      0.1604762300E+01
    0.7538828142E+01      0.7538828142E+01      0.4381042166E+00      0.1606251322E+01
    0.7548050470E+01      0.7548050470E+01      0.4733954521E+00      0.1607136560E+01
    0.7557980532E+01      0.7557980532E+01      0.5089647639E+00      0.1607315992E+01
    0.7568421903E+01      0.7568421903E+01      0.5450843666E+00      0.1606867512E+01
    0.7578843311E+01      0.7578843311E+01      0.5821089962E+00      0.1606124618E+01
    0.7588979177E+01      0.7588979177E+01      0.6204903346E+00      0.1605705690E+01
    0.7598489372E+01      0.7598489372E+01      0.6606768360E+00      0.1605770311E+01
    0.7606906877E+01      0.7606906877E+01      0.7032624453E+00      0.1606801322E+01
    0.7613825635E+01      0.7613825635E+01      0.7487679283E+00      0.1609296372E+01
    0.7619109928E+01      0.7619109928E+01      0.7973745393E+00      0.1613584630E+01
    0.7622691254E+01      0.7622691254E+01      0.8490275613E+00      0.1619907061E+01
    0.7624515306E+01      0.7624515306E+01      0.9035912290E+00      0.1628145196E+01
    0.7624883349E+01      0.7624883349E+01      0.9594089747E+00      0.1637794472E+01
    0.7460025853E+01      0.7460025853E+01      0.1830837541E-01      0.1578558409E+01
    0.7460772270E+01      0.7460772270E+01      0.5446686321E-01      0.1580236253E+01
    0.7462185195E+01      0.7462185195E+01      0.9033431547E-01      0.1580913333E+01
    0.7464257303E+01      0.7464257303E+01      0.1259407620E+00      0.1581580870E+01
    0.7466886092E+01      0.7466886092E+01      0.1614614531E+00      0.1580736986E+01
    0.7470061935E+01      0.7470061935E+01      0.1968349878E+00      0.1581172850E+01
    0.7473837123E+01      0.7473837123E+01      0.2319514525E+00      0.1583266751E+01
    0.7478406358E+01      0.7478406358E+01      0.2667590180E+00      0.1586446635E+01
    0.7483940726E+01      0.7483940726E+01      0.3012941782E+00      0.1589811879E+01
    0.7490645589E+01      0.7490645589E+01      0.3356730030E+00      0.1592679158E+01
    0.7498543174E+01      0.7498543174E+01      0.3699420469E+00      0.1594887265E+01
    0.7507607294E+01      0.7507607294E+01      0.4041790132E+00      0.1596445887E+01
    0.7517800166E+01      0.7517800166E+01      0.4384275480E+00      0.1597411782E+01
    0.7528940787E+01      0.7528940787E+01      0.4727736794E+00      0.1597672672E+01
    0.7540842883E+01      0.7540842883E+01      0.5075387596E+00      0.1597294637E+01
    0.7552739705E+01      0.7552739705E+01      0.5432814188E+00      0.1596450465E+01
    0.7564174169E+01      0.7564174169E+01      0.5805281773E+00      0.1595669532E+01
    0.7574798108E+01      0.7574798108E+01      0.6196124336E+00      0.1595178055E+01
    0.7584327993E+01      0.7584327993E+01      0.6609602548E+00      0.1595249828E+01
    0.7592323334E+01      0.7592323334E+01      0.7051692435E+00      0.1596236417E+01
    0.7598644162E+01      0.7598644162E+01      0.7524954893E+00      0.1598551672E+01
    0.7603439278E+01      0.7603439278E+01      0.8028813492E+00      0.1602511844E+01
    0.7606852985E+01      0.7606852985E+01      0.8561199948E+00      0.1608271519E+01
    0.7608904907E+01      0.7608904907E+01      0.9119215295E+00      0.1615598291E+01
    0.7609591901E+01      0.7609591901E+01      0.9692112055E+00      0.1624208860E+01
    0.7432411180E+01      0.7432411180E+01      0.1838157017E-01      0.1568204936E+01
    0.7432986151E+01      0.7432986151E+01      0.5482844350E-01      0.1569774609E+01
    0.7434124786E+01      0.7434124786E+01      0.9110256774E-01      0.1570464687E+01
    0.7435890136E+01      0.7435890136E+01      0.1272090199E+00      0.1571030589E+01
    0.7438210199E+01      0.7438210199E+01      0.1633253521E+00      0.1570321302E+01
    0.7441168269E+01      0.7441168269E+01      0.1992496135E+00      0.1571091515E+01
    0.7444964602E+01      0.7444964602E+01      0.2347592677E+00      0.1573561625E+01
    0.7449885248E+01      0.7449885248E+01      0.2696909875E+00      0.1576841868E+01
    0.7456237210E+01      0.7456237210E+01      0.3040635726E+00      0.1580014258E+01
    0.7464089937E+01      0.7464089937E+01      0.3379407651E+00      0.1582446374E+01
    0.7473444019E+01      0.7473444019E+01      0.3714731301E+00      0.1584133935E+01
    0.7484151554E+01      0.7484151554E+01      0.4047848886E+00      0.1585147513E+01
    0.7496033075E+01      0.7496033075E+01      0.4380168004E+00      0.1585492289E+01
    0.7508983274E+01      0.7508983274E+01      0.4714304095E+00      0.1585202599E+01
    0.7522375849E+01      0.7522375849E+01      0.5054491643E+00      0.1584328891E+01
    0.7535433231E+01      0.7535433231E+01      0.5410960883E+00      0.1583422631E+01
    0.7547508024E+01      0.7547508024E+01      0.5786623178E+00      0.1582619916E+01
    0.7558438438E+01      0.7558438438E+01      0.6185773100E+00      0.1582178902E+01
    0.7567749859E+01      0.7567749859E+01      0.6612915927E+00      0.1582326681E+01
    0.7575251856E+01      0.7575251856E+01      0.7071726022E+00      0.1583267393E+01
    0.7581062535E+01      0.7581062535E+01      0.7562068117E+00      0.1585346764E+01
    0.7585641333E+01      0.7585641333E+01      0.8080699312E+00      0.1588847297E+01
    0.7589286124E+01      0.7589286124E+01      0.8624282959E+00      0.1593831566E+01
    0.7591937431E+01      0.7591937431E+01      0.9190225711E+00      0.1600020267E+01
    0.7593260439E+01      0.7593260439E+01      0.9773948734E+00      0.1607336909E+01
    0.7405056836E+01      0.7405056836E+01      0.1843901623E-01      0.1557206066E+01
    0.7405434058E+01      0.7405434058E+01      0.5515487934E-01      0.1558634080E+01
    0.7406189358E+01      0.7406189358E+01      0.9188444296E-01      0.1559257856E+01
    0.7407510246E+01      0.7407510246E+01      0.1284882394E+00      0.1559538693E+01
    0.7409387451E+01      0.7409387451E+01      0.1652402968E+00      0.1558702148E+01
    0.7412073814E+01      0.7412073814E+01      0.2016649049E+00      0.1559595413E+01
    0.7415889983E+01      0.7415889983E+01      0.2374723847E+00      0.1562133247E+01
    0.7421207477E+01      0.7421207477E+01      0.2724183377E+00      0.1565237436E+01
    0.7428274435E+01      0.7428274435E+01      0.3064684524E+00      0.1567929270E+01
    0.7437231645E+01      0.7437231645E+01      0.3397414590E+00      0.1569781450E+01
    0.7447918042E+01      0.7447918042E+01      0.3723994825E+00      0.1570853240E+01
    0.7460052841E+01      0.7460052841E+01      0.4047009254E+00      0.1571272920E+01
    0.7473459494E+01      0.7473459494E+01      0.4369666781E+00      0.1571087458E+01
    0.7487798882E+01      0.7487798882E+01      0.4694067201E+00      0.1570214909E+01
    0.7502481664E+01      0.7502481664E+01      0.5029516542E+00      0.1569075322E+01
    0.7516188784E+01      0.7516188784E+01      0.5385825550E+00      0.1568016180E+01
    0.7528752346E+01      0.7528752346E+01      0.5766222752E+00      0.1567259285E+01
    0.7539648098E+01      0.7539648098E+01      0.6175378283E+00      0.1566869319E+01
    0.7548598872E+01      0.7548598872E+01      0.6617233064E+00      0.1567089394E+01
    0.7555601339E+01      0.7555601339E+01      0.7092504018E+00      0.1567917443E+01
    0.7561133753E+01      0.7561133753E+01      0.7597509951E+00      0.1569656916E+01
    0.7565870789E+01      0.7565870789E+01      0.8126971489E+00      0.1572436852E+01
    0.7570205142E+01      0.7570205142E+01      0.8676681108E+00      0.1576286109E+01
    0.7573956082E+01      0.7573956082E+01      0.9245603586E+00      0.1580861944E+01
    0.7576594736E+01      0.7576594736E+01      0.9834668449E+00      0.1585871558E+01
    0.7377920001E+01      0.7377920001E+01      0.1850545633E-01      0.1545599986E+01
    0.7378134539E+01      0.7378134539E+01      0.5545498612E-01      0.1546927793E+01
    0.7378481766E+01      0.7378481766E+01      0.9262617343E-01      0.1547418772E+01
    0.7379328570E+01      0.7379328570E+01      0.1297210962E+00      0.1547416466E+01
    0.7380707444E+01      0.7380707444E+01      0.1670616054E+00      0.1546217103E+01
    0.7383090085E+01      0.7383090085E+01      0.2038835140E+00      0.1547018798E+01
    0.7386912752E+01      0.7386912752E+01      0.2398156905E+00      0.1549345467E+01
    0.7392576338E+01      0.7392576338E+01      0.2746166495E+00      0.1551985060E+01
    0.7400351397E+01      0.7400351397E+01      0.3082400370E+00      0.1553999731E+01
    0.7410245291E+01      0.7410245291E+01      0.3408054039E+00      0.1555147868E+01
    0.7422024902E+01      0.7422024902E+01      0.3725430552E+00      0.1555624610E+01
    0.7435325337E+01      0.7435325337E+01      0.4039092983E+00      0.1555508923E+01
    0.7449874592E+01      0.7449874592E+01      0.4352366021E+00      0.1554727649E+01
    0.7465488481E+01      0.7465488481E+01      0.4668342501E+00      0.1553394961E+01
    0.7480824053E+01      0.7480824053E+01      0.5001617627E+00      0.1551856905E+01
    0.7495062137E+01      0.7495062137E+01      0.5359072984E+00      0.1550738873E+01
    0.7507690996E+01      0.7507690996E+01      0.5745807967E+00      0.1549929437E+01
    0.7518376244E+01      0.7518376244E+01      0.6165838321E+00      0.1549559222E+01
    0.7526952139E+01      0.7526952139E+01      0.6621370244E+00      0.1549621257E+01
    0.7533742914E+01      0.7533742914E+01      0.7109994769E+00      0.1550037462E+01
    0.7539501884E+01      0.7539501884E+01      0.7624984760E+00      0.1550981882E+01
    0.7545073080E+01      0.7545073080E+01      0.8159809468E+00      0.1552394632E+01
    0.7550772959E+01      0.7550772959E+01      0.8710561982E+00      0.1554219056E+01
    0.7556237330E+01      0.7556237330E+01      0.9277440606E+00      0.1556461301E+01
    0.7560748621E+01      0.7560748621E+01      0.9864517505E+00      0.1558762291E+01
    0.7350946919E+01      0.7350946919E+01      0.1856176096E-01      0.1533413323E+01
    0.7351000559E+01      0.7351000559E+01      0.5578577001E-01      0.1534644290E+01
    0.7351028222E+01      0.7351028222E+01      0.9327154989E-01      0.1534988564E+01
    0.7351424029E+01      0.7351424029E+01      0.1308213216E+00      0.1534702170E+01
    0.7352372209E+01      0.7352372209E+01      0.1686158640E+00      0.1533070240E+01
    0.7354488745E+01      0.7354488745E+01      0.2056605186E+00      0.1533697859E+01
    0.7358347453E+01      0.7358347453E+01      0.2415492723E+00      0.1535621626E+01
    0.7364356812E+01      0.7364356812E+01      0.2760528183E+00      0.1537654017E+01
    0.7372697403E+01      0.7372697403E+01      0.3090886833E+00      0.1538905572E+01
    0.7383270200E+01      0.7383270200E+01      0.3408569348E+00      0.1539309887E+01
    0.7395818527E+01      0.7395818527E+01      0.3717932345E+00      0.1539116686E+01
    0.7409969132E+01      0.7409969132E+01      0.4023381283E+00      0.1538345033E+01
    0.7425513930E+01      0.7425513930E+01      0.4328455353E+00      0.1536972982E+01
    0.7441835307E+01      0.7441835307E+01      0.4638800771E+00      0.1535030332E+01
    0.7457681377E+01      0.7457681377E+01      0.4971658287E+00      0.1533257876E+01
    0.7471994392E+01      0.7471994392E+01      0.5332410454E+00      0.1531867675E+01
    0.7484553203E+01      0.7484553203E+01      0.5726568649E+00      0.1530913962E+01
    0.7494972622E+01      0.7494972622E+01      0.6157011393E+00      0.1530268862E+01
    0.7503474840E+01      0.7503474840E+01      0.6622255850E+00      0.1529759840E+01
    0.7510705932E+01      0.7510705932E+01      0.7116745637E+00      0.1529064053E+01
    0.7517560586E+01      0.7517560586E+01      0.7633357295E+00      0.1528190464E+01
    0.7524597979E+01      0.7524597979E+01      0.8166949432E+00      0.1527430042E+01
    0.7531986288E+01      0.7531986288E+01      0.8713924590E+00      0.1526859398E+01
    0.7539249754E+01      0.7539249754E+01      0.9276691277E+00      0.1526359982E+01
    0.7545851069E+01      0.7545851069E+01      0.9857695554E+00      0.1525313137E+01
    0.7324091237E+01      0.7324091237E+01      0.1861630338E-01      0.1520667985E+01
    0.7324010367E+01      0.7324010367E+01      0.5603751661E-01      0.1521764346E+01
    0.7323792748E+01      0.7323792748E+01      0.9370097349E-01      0.1522037645E+01
    0.7323795435E+01      0.7323795435E+01      0.1317267976E+00      0.1521397546E+01
    0.7324449284E+01      0.7324449284E+01      0.1697788772E+00      0.1519372763E+01
    0.7326406454E+01      0.7326406454E+01      0.2068242867E+00      0.1519831799E+01
    0.7330342815E+01      0.7330342815E+01      0.2424241548E+00      0.1521330075E+01
    0.7336624350E+01      0.7336624350E+01      0.2764002330E+00      0.1522717685E+01
    0.7345351981E+01      0.7345351981E+01      0.3088204303E+00      0.1523152385E+01
    0.7356412702E+01      0.7356412702E+01      0.3399620330E+00      0.1522781920E+01
    0.7369506521E+01      0.7369506521E+01      0.3701922032E+00      0.1521842512E+01
    0.7384272498E+01      0.7384272498E+01      0.4000354029E+00      0.1520373664E+01
    0.7400397509E+01      0.7400397509E+01      0.4298601413E+00      0.1518252682E+01
    0.7417240991E+01      0.7417240991E+01      0.4606201337E+00      0.1515800043E+01
    0.7433034243E+01      0.7433034243E+01      0.4940200499E+00      0.1513528953E+01
    0.7447429321E+01      0.7447429321E+01      0.5304742796E+00      0.1511745829E+01
    0.7459943553E+01      0.7459943553E+01      0.5704878882E+00      0.1510163122E+01
    0.7470561503E+01      0.7470561503E+01      0.6141429298E+00      0.1508492149E+01
    0.7479685882E+01      0.7479685882E+01      0.6610284476E+00      0.1506425964E+01
    0.7488058782E+01      0.7488058782E+01      0.7104249992E+00      0.1503850172E+01
    0.7496319433E+01      0.7496319433E+01      0.7618223689E+00      0.1500809080E+01
    0.7504975565E+01      0.7504975565E+01      0.8146981733E+00      0.1497362326E+01
    0.7514401192E+01      0.7514401192E+01      0.8686059837E+00      0.1493581378E+01
    0.7524096396E+01      0.7524096396E+01      0.9239800926E+00      0.1489464721E+01
    0.7533487176E+01      0.7533487176E+01      0.9811295808E+00      0.1484293226E+01
    0.7297344306E+01      0.7297344306E+01      0.1863703140E-01      0.1507413683E+01
    0.7297150078E+01      0.7297150078E+01      0.5617967359E-01      0.1508348859E+01
    0.7296684909E+01      0.7296684909E+01      0.9405006241E-01      0.1508584965E+01
    0.7296439381E+01      0.7296439381E+01      0.1322095690E+00      0.1507535940E+01
    0.7296921973E+01      0.7296921973E+01      0.1704029590E+00      0.1505278882E+01
    0.7298802384E+01      0.7298802384E+01      0.2072339893E+00      0.1505588554E+01
    0.7302797566E+01      0.7302797566E+01      0.2424416310E+00      0.1506662962E+01
    0.7309296299E+01      0.7309296299E+01      0.2759616021E+00      0.1507394802E+01
    0.7318345115E+01      0.7318345115E+01      0.3078344709E+00      0.1507057327E+01
    0.7329767068E+01      0.7329767068E+01      0.3383055843E+00      0.1505925678E+01
    0.7343233819E+01      0.7343233819E+01      0.3678785879E+00      0.1504184717E+01
    0.7358366211E+01      0.7358366211E+01      0.3971230996E+00      0.1501869522E+01
    0.7374939136E+01      0.7374939136E+01      0.4264192080E+00      0.1498981941E+01
    0.7391862406E+01      0.7391862406E+01      0.4570285328E+00      0.1495751621E+01
    0.7407819574E+01      0.7407819574E+01      0.4904123092E+00      0.1492681243E+01
    0.7422407542E+01      0.7422407542E+01      0.5270329993E+00      0.1489742933E+01
    0.7435317306E+01      0.7435317306E+01      0.5672864237E+00      0.1486740807E+01
    0.7446554381E+01      0.7446554381E+01      0.6111524996E+00      0.1483373282E+01
    0.7456672890E+01      0.7456672890E+01      0.6580185451E+00      0.1479237041E+01
    0.7466501477E+01      0.7466501477E+01      0.7071201352E+00      0.1474170140E+01
    0.7476698239E+01      0.7476698239E+01      0.7578841373E+00      0.1468137189E+01
    0.7487801447E+01      0.7487801447E+01      0.8097187159E+00      0.1461123370E+01
    0.7499977790E+01      0.7499977790E+01      0.8624155892E+00      0.1453151285E+01
    0.7512866142E+01      0.7512866142E+01      0.9163665506E+00      0.1444386232E+01
    0.7525641156E+01      0.7525641156E+01      0.9722090921E+00      0.1434350345E+01
    0.7270642114E+01      0.7270642114E+01      0.1862868705E-01      0.1493722954E+01
    0.7270345159E+01      0.7270345159E+01      0.5622374417E-01      0.1494485723E+01
    0.7269699223E+01      0.7269699223E+01      0.9419406213E-01      0.1494675354E+01
    0.7269318286E+01      0.7269318286E+01      0.1323384681E+00      0.1493199627E+01
    0.7269695750E+01      0.7269695750E+01      0.1704700757E+00      0.1490883608E+01
    0.7271556581E+01      0.7271556581E+01      0.2070230924E+00      0.1491096980E+01
    0.7275649850E+01      0.7275649850E+01      0.2418063180E+00      0.1491789477E+01
    0.7282335867E+01      0.7282335867E+01      0.2747742807E+00      0.1491860613E+01
    0.7291624412E+01      0.7291624412E+01      0.3060488766E+00      0.1490788792E+01
    0.7303344186E+01      0.7303344186E+01      0.3358822127E+00      0.1488838411E+01
    0.7317138113E+01      0.7317138113E+01      0.3648541114E+00      0.1486195114E+01
    0.7332623862E+01      0.7332623862E+01      0.3935569906E+00      0.1482889420E+01
    0.7349508926E+01      0.7349508926E+01      0.4223842846E+00      0.1478943605E+01
    0.7366721458E+01      0.7366721458E+01      0.4527610996E+00      0.1474647029E+01
    0.7382907626E+01      0.7382907626E+01      0.4859778783E+00      0.1470250536E+01
    0.7397950502E+01      0.7397950502E+01      0.5225066824E+00      0.1465674433E+01
    0.7411537785E+01      0.7411537785E+01      0.5626122006E+00      0.1460607056E+01
    0.7423942277E+01      0.7423942277E+01      0.6060798462E+00      0.1454692266E+01
    0.7435863020E+01      0.7435863020E+01      0.6522404214E+00      0.1447541224E+01
    0.7447974497E+01      0.7447974497E+01      0.7004964175E+00      0.1438986019E+01
    0.7460996359E+01      0.7460996359E+01      0.7500267669E+00      0.1428872976E+01
    0.7475397554E+01      0.7475397554E+01      0.8003361092E+00      0.1417319190E+01
    0.7490991662E+01      0.7490991662E+01      0.8515394611E+00      0.1404440228E+01
    0.7507206020E+01      0.7507206020E+01      0.9041074077E+00      0.1390632587E+01
    0.7523019134E+01      0.7523019134E+01      0.9588361016E+00      0.1375795722E+01
    0.7243933588E+01      0.7243933588E+01      0.1859467366E-01      0.1479659143E+01
    0.7243550398E+01      0.7243550398E+01      0.5618071908E-01      0.1480248464E+01
    0.7242779208E+01      0.7242779208E+01      0.9413838493E-01      0.1480398985E+01
    0.7242332569E+01      0.7242332569E+01      0.1321819434E+00      0.1478491975E+01
    0.7242699599E+01      0.7242699599E+01      0.1700874686E+00      0.1476335399E+01
    0.7244585470E+01      0.7244585470E+01      0.2061844769E+00      0.1476541052E+01
    0.7248794342E+01      0.7248794342E+01      0.2403683105E+00      0.1476851195E+01
    0.7255664596E+01      0.7255664596E+01      0.2727139885E+00      0.1476215601E+01
    0.7265229224E+01      0.7265229224E+01      0.3033417505E+00      0.1474305634E+01
    0.7277290523E+01      0.7277290523E+01      0.3325491058E+00      0.1471387576E+01
    0.7291461137E+01      0.7291461137E+01      0.3609432086E+00      0.1467675770E+01
    0.7307348292E+01      0.7307348292E+01      0.3891170406E+00      0.1463204212E+01
    0.7324635627E+01      0.7324635627E+01      0.4174856384E+00      0.1458007769E+01
    0.7342265982E+01      0.7342265982E+01      0.4474580416E+00      0.1452224507E+01
    0.7359103368E+01      0.7359103368E+01      0.4802456225E+00      0.1445921267E+01
    0.7375154520E+01      0.7375154520E+01      0.5162327411E+00      0.1438896137E+01
    0.7390288818E+01      0.7390288818E+01      0.5555535621E+00      0.1430808673E+01
    0.7404893482E+01      0.7404893482E+01      0.5978960938E+00      0.1421297940E+01
    0.7419571897E+01      0.7419571897E+01      0.6427625699E+00      0.1410048002E+01
    0.7434923233E+01      0.7434923233E+01      0.6894267742E+00      0.1396964727E+01
    0.7451560399E+01      0.7451560399E+01      0.7371618527E+00      0.1382045366E+01
    0.7469474007E+01      0.7469474007E+01      0.7857270654E+00      0.1365734024E+01
    0.7488012774E+01      0.7488012774E+01      0.8355339770E+00      0.1348377426E+01
    0.7506352675E+01      0.7506352675E+01      0.8873429492E+00      0.1330341511E+01
    0.7523982201E+01      0.7523982201E+01      0.9411832443E+00      0.1311291919E+01
    0.7217146812E+01      0.7217146812E+01      0.1854231979E-01      0.1465334890E+01
    0.7216704789E+01      0.7216704789E+01      0.5606633943E-01      0.1465735493E+01
    0.7215856361E+01      0.7215856361E+01      0.9393223107E-01      0.1465837418E+01
    0.7215401108E+01      0.7215401108E+01      0.1317877655E+00      0.1463542414E+01
    0.7215788778E+01      0.7215788778E+01      0.1692990331E+00      0.1461813489E+01
    0.7217817936E+01      0.7217817936E+01      0.2047390259E+00      0.1462033662E+01
    0.7222237370E+01      0.7222237370E+01      0.2381889649E+00      0.1461847676E+01
    0.7229403245E+01      0.7229403245E+01      0.2698010765E+00      0.1460378759E+01
    0.7239362561E+01      0.7239362561E+01      0.2996867931E+00      0.1457431254E+01
    0.7251879767E+01      0.7251879767E+01      0.3282037377E+00      0.1453320950E+01
    0.7266554225E+01      0.7266554225E+01      0.3559574253E+00      0.1448277191E+01
    0.7283029238E+01      0.7283029238E+01      0.3835182769E+00      0.1442315000E+01
    0.7301013158E+01      0.7301013158E+01      0.4113041926E+00      0.1435401707E+01
    0.7319681309E+01      0.7319681309E+01      0.4404548213E+00      0.1427486056E+01
    0.7337980478E+01      0.7337980478E+01      0.4723725326E+00      0.1418330897E+01
    0.7356041127E+01      0.7356041127E+01      0.5072126747E+00      0.1407828039E+01
    0.7373872584E+01      0.7373872584E+01      0.5450145785E+00      0.1395660126E+01
    0.7391736972E+01      0.7391736972E+01      0.5856492262E+00      0.1381615340E+01
    0.7409966604E+01      0.7409966604E+01      0.6286422991E+00      0.1365604671E+01
    0.7428946053E+01      0.7428946053E+01      0.6733504071E+00      0.1347826458E+01
    0.7448690122E+01      0.7448690122E+01      0.7193149913E+00      0.1328838078E+01
    0.7468847346E+01      0.7468847346E+01      0.7665625707E+00      0.1309068621E+01
    0.7488959888E+01      0.7488959888E+01      0.8155817372E+00      0.1287987478E+01
    0.7508980855E+01      0.7508980855E+01      0.8664053437E+00      0.1265056645E+01
    0.7528658631E+01      0.7528658631E+01      0.9190018926E+00      0.1240665134E+01
    0.7190112047E+01      0.7190112047E+01      0.1849641013E-01      0.1450917329E+01
    0.7189587750E+01      0.7189587750E+01      0.5596376305E-01      0.1451165865E+01
    0.7188721655E+01      0.7188721655E+01      0.9370648862E-01      0.1451220275E+01
    0.7188301246E+01      0.7188301246E+01      0.1312413985E+00      0.1448632400E+01
    0.7188932878E+01      0.7188932878E+01      0.1681327459E+00      0.1447403667E+01
    0.7191311978E+01      0.7191311978E+01      0.2027721127E+00      0.1447525508E+01
    0.7196164063E+01      0.7196164063E+01      0.2353380964E+00      0.1446627753E+01
    0.7203830348E+01      0.7203830348E+01      0.2660406894E+00      0.1444112742E+01
    0.7214365820E+01      0.7214365820E+01      0.2950328917E+00      0.1439867330E+01
    0.7227553464E+01      0.7227553464E+01      0.3226952247E+00      0.1434225292E+01
    0.7243061545E+01      0.7243061545E+01      0.3495848299E+00      0.1427360357E+01
    0.7260623373E+01      0.7260623373E+01      0.3762338894E+00      0.1419215369E+01
    0.7280071078E+01      0.7280071078E+01      0.4030387501E+00      0.1409674587E+01
    0.7300788993E+01      0.7300788993E+01      0.4308868393E+00      0.1398552122E+01
    0.7321722652E+01      0.7321722652E+01      0.4612524825E+00      0.1385543334E+01
    0.7342806686E+01      0.7342806686E+01      0.4944030924E+00      0.1370603049E+01
    0.7364183641E+01      0.7364183641E+01      0.5302212541E+00      0.1353702074E+01
    0.7385690903E+01      0.7385690903E+01      0.5687923023E+00      0.1335000220E+01
    0.7407144535E+01      0.7407144535E+01      0.6098911143E+00      0.1315007776E+01
    0.7428574760E+01      0.7428574760E+01      0.6529764924E+00      0.1294097493E+01
    0.7450205688E+01      0.7450205688E+01      0.6975713843E+00      0.1271765546E+01
    0.7472352199E+01      0.7472352199E+01      0.7435838793E+00      0.1247704720E+01
    0.7495052501E+01      0.7495052501E+01      0.7910144669E+00      0.1221360017E+01
    0.7517555698E+01      0.7517555698E+01      0.8404109845E+00      0.1192952673E+01
    0.7539054971E+01      0.7539054971E+01      0.8917305834E+00      0.1163461884E+01
    0.7162588958E+01      0.7162588958E+01      0.1847883783E-01      0.1436672364E+01
    0.7162006672E+01      0.7162006672E+01      0.5593459794E-01      0.1436814171E+01
    0.7161300235E+01      0.7161300235E+01      0.9341544470E-01      0.1436718501E+01
    0.7161128737E+01      0.7161128737E+01      0.1305318134E+00      0.1433875984E+01
    0.7162197034E+01      0.7162197034E+01      0.1665216304E+00      0.1432972547E+01
    0.7165258690E+01      0.7165258690E+01      0.2001672993E+00      0.1432781323E+01
    0.7170867883E+01      0.7170867883E+01      0.2316644531E+00      0.1430895902E+01
    0.7179348980E+01      0.7179348980E+01      0.2612546739E+00      0.1427020035E+01
    0.7190820341E+01      0.7190820341E+01      0.2891020195E+00      0.1421045918E+01
    0.7205196467E+01      0.7205196467E+01      0.3155560469E+00      0.1413228361E+01
    0.7222295642E+01      0.7222295642E+01      0.3411030731E+00      0.1403636911E+01
    0.7241926089E+01      0.7241926089E+01      0.3662646202E+00      0.1392195576E+01
    0.7263991111E+01      0.7263991111E+01      0.3914648638E+00      0.1378804891E+01
    0.7287774624E+01      0.7287774624E+01      0.4175930239E+00      0.1363445907E+01
    0.7312061954E+01      0.7312061954E+01      0.4460679926E+00      0.1346023507E+01
    0.7336574159E+01      0.7336574159E+01      0.4772708384E+00      0.1326493163E+01
    0.7361187342E+01      0.7361187342E+01      0.5112007675E+00      0.1305474044E+01
    0.7385199490E+01      0.7385199490E+01      0.5481091349E+00      0.1283543751E+01
    0.7408793788E+01      0.7408793788E+01      0.5874997786E+00      0.1260324191E+01
    0.7432618714E+01      0.7432618714E+01      0.6288033907E+00      0.1235406275E+01
    0.7457348639E+01      0.7457348639E+01      0.6713045074E+00      0.1208540441E+01
    0.7482112307E+01      0.7482112307E+01      0.7155776804E+00      0.1179851246E+01
    0.7505670095E+01      0.7505670095E+01      0.7624035187E+00      0.1149921972E+01
    0.7527749785E+01      0.7527749785E+01      0.8114328537E+00      0.1118817770E+01
    0.7548556468E+01      0.7548556468E+01      0.8620984742E+00      0.1086994127E+01
    0.7134485904E+01      0.7134485904E+01      0.1849387132E-01      0.1422700205E+01
    0.7133981049E+01      0.7133981049E+01      0.5587453734E-01      0.1422687053E+01
    0.7133612570E+01      0.7133612570E+01      0.9294315295E-01      0.1422320719E+01
    0.7134024980E+01      0.7134024980E+01      0.1294880505E+00      0.1419107969E+01
    0.7135875659E+01      0.7135875659E+01      0.1642374298E+00      0.1418233882E+01
    0.7139955332E+01      0.7139955332E+01      0.1966413773E+00      0.1417434418E+01
    0.7146767177E+01      0.7146767177E+01      0.2268196995E+00      0.1414164583E+01
    0.7156664130E+01      0.7156664130E+01      0.2549529143E+00      0.1408336684E+01
    0.7169888311E+01      0.7169888311E+01      0.2811668588E+00      0.1399788551E+01
    0.7186505000E+01      0.7186505000E+01      0.3057692227E+00      0.1388703465E+01
    0.7206387141E+01      0.7206387141E+01      0.3292779842E+00      0.1375161031E+01
    0.7229232330E+01      0.7229232330E+01      0.3523315273E+00      0.1359268611E+01
    0.7254729948E+01      0.7254729948E+01      0.3755094948E+00      0.1341246146E+01
    0.7281733670E+01      0.7281733670E+01      0.3998665739E+00      0.1321526283E+01
    0.7308930729E+01      0.7308930729E+01      0.4267700139E+00      0.1300199037E+01
    0.7335811747E+01      0.7335811747E+01      0.4564604636E+00      0.1277441787E+01
    0.7362422783E+01      0.7362422783E+01      0.4889278806E+00      0.1253239650E+01
    0.7388856295E+01      0.7388856295E+01      0.5239144744E+00      0.1227285739E+01
    0.7415739144E+01      0.7415739144E+01      0.5609734644E+00      0.1199613993E+01
    0.7442251311E+01      0.7442251311E+01      0.6002512793E+00      0.1170862920E+01
    0.7467480229E+01      0.7467480229E+01      0.6419184306E+00      0.1141913929E+01
    0.7491509434E+01      0.7491509434E+01      0.6858745198E+00      0.1112372900E+01
    0.7514263772E+01      0.7514263772E+01      0.7321284901E+00      0.1081375391E+01
    0.7535825310E+01      0.7535825310E+01      0.7802999467E+00      0.1048708202E+01
    0.7556397116E+01      0.7556397116E+01      0.8297120972E+00      0.1014989723E+01
    0.7105762472E+01      0.7105762472E+01      0.1851259587E-01      0.1409107199E+01
    0.7105568446E+01      0.7105568446E+01      0.5559647644E-01      0.1408803085E+01
    0.7105817625E+01      0.7105817625E+01      0.9226327507E-01      0.1407979036E+01
    0.7107163507E+01      0.7107163507E+01      0.1276861179E+00      0.1404195428E+01
    0.7110295941E+01      0.7110295941E+01      0.1609702309E+00      0.1402829197E+01
    0.7115944359E+01      0.7115944359E+01      0.1917791115E+00      0.1400838045E+01
    0.7124743053E+01      0.7124743053E+01      0.2201590804E+00      0.1395424736E+01
    0.7137181284E+01      0.7137181284E+01      0.2461712173E+00      0.1386580113E+01
    0.7153541379E+01      0.7153541379E+01      0.2699608666E+00      0.1374206758E+01
    0.7173749034E+01      0.7173749034E+01      0.2919521558E+00      0.1358648222E+01
    0.7197384171E+01      0.7197384171E+01      0.3129158287E+00      0.1340325575E+01
    0.7223815997E+01      0.7223815997E+01      0.3337002342E+00      0.1319777185E+01
    0.7252098005E+01      0.7252098005E+01      0.3551552034E+00      0.1297897270E+01
    0.7281092475E+01      0.7281092475E+01      0.3783552508E+00      0.1274942581E+01
    0.7310103060E+01      0.7310103060E+01      0.4041105542E+00      0.1250402586E+01
    0.7339178704E+01      0.7339178704E+01      0.4323257652E+00      0.1223685476E+01
    0.7368870384E+01      0.7368870384E+01      0.4626637404E+00      0.1194879017E+01
    0.7397916840E+01      0.7397916840E+01      0.4959016958E+00      0.1165076138E+01
    0.7425120338E+01      0.7425120338E+01      0.5320724747E+00      0.1135919829E+01
    0.7450849701E+01      0.7450849701E+01      0.5707237271E+00      0.1107500129E+01
    0.7475275277E+01      0.7475275277E+01      0.6117729768E+00      0.1078804548E+01
    0.7498418517E+01      0.7498418517E+01      0.6552606303E+00      0.1048702002E+01
    0.7520309472E+01      0.7520309472E+01      0.7008796515E+00      0.1016427487E+01
    0.7541150372E+01      0.7541150372E+01      0.7478970207E+00      0.9819957157E+00
    0.7561335717E+01      0.7561335717E+01      0.7956770705E+00      0.9463039647E+00
    0.7076508875E+01      0.7076508875E+01      0.1844659267E-01      0.1395945746E+01
    0.7076855070E+01      0.7076855070E+01      0.5513085808E-01      0.1395180040E+01
    0.7078101594E+01      0.7078101594E+01      0.9088853969E-01      0.1393464987E+01
    0.7080933105E+01      0.7080933105E+01      0.1248303964E+00      0.1388785387E+01
    0.7086080051E+01      0.7086080051E+01      0.1561951123E+00      0.1386060357E+01
    0.7094358550E+01      0.7094358550E+01      0.1847851131E+00      0.1381716994E+01
    0.7106512504E+01      0.7106512504E+01      0.2105539957E+00      0.1372897885E+01
    0.7123048003E+01      0.7123048003E+01      0.2335217802E+00      0.1359695044E+01
    0.7143884056E+01      0.7143884056E+01      0.2541340839E+00      0.1342467951E+01
    0.7168262447E+01      0.7168262447E+01      0.2732695424E+00      0.1322174748E+01
    0.7195156819E+01      0.7195156819E+01      0.2920272444E+00      0.1300031256E+01
    0.7223987102E+01      0.7223987102E+01      0.3110724789E+00      0.1276248172E+01
    0.7254130548E+01      0.7254130548E+01      0.3312212478E+00      0.1250590511E+01
    0.7285249730E+01      0.7285249730E+01      0.3532091152E+00      0.1223164248E+01
    0.7317302565E+01      0.7317302565E+01      0.3771921169E+00      0.1193588492E+01
    0.7348975769E+01      0.7348975769E+01      0.4040771593E+00      0.1162730396E+01
    0.7378445518E+01      0.7378445518E+01      0.4343526319E+00      0.1132666751E+01
    0.7405791360E+01      0.7405791360E+01      0.4675922981E+00      0.1103825106E+01
    0.7431492541E+01      0.7431492541E+01      0.5034530802E+00      0.1075633517E+01
    0.7455963149E+01      0.7455963149E+01      0.5416217370E+00      0.1047501864E+01
    0.7479476451E+01      0.7479476451E+01      0.5818962680E+00      0.1018595868E+01
    0.7502080017E+01      0.7502080017E+01      0.6241476352E+00      0.9878965000E+00
    0.7523726402E+01      0.7523726402E+01      0.6679674028E+00      0.9548038994E+00
    0.7544553763E+01      0.7544553763E+01      0.7126697919E+00      0.9194819569E+00
    0.7564837301E+01      0.7564837301E+01      0.7583379348E+00      0.8825729738E+00
