    0.7390430279E+01      0.7390430279E+01      0.1828373317E-02      0.6003814575E+00
    0.7392328024E+01      0.7392328024E+01      0.4407673730E-02      0.6010510725E+00
    0.7395949989E+01      0.7395949989E+01      0.7228194442E-02      0.6011955667E+00
    0.7401180633E+01      0.7401180633E+01      0.1040816679E-01      0.6013404050E+00
    0.7407897260E+01      0.7407897260E+01      0.1398699759E-01      0.6017464600E+00
    0.7415870790E+01      0.7415870790E+01      0.1797553587E-01      0.6021693562E+00
    0.7424937813E+01      0.7424937813E+01      0.2219455301E-01      0.6029345673E+00
    0.7434847129E+01      0.7434847129E+01      0.2646841729E-01      0.6047534766E+00
    0.7445385357E+01      0.7445385357E+01      0.3066000473E-01      0.6075110838E+00
    0.7456409527E+01      0.7456409527E+01      0.3463733843E-01      0.6110161538E+00
    0.7467786451E+01      0.7467786451E+01      0.3826216365E-01      0.6152706662E+00
    0.7479057134E+01      0.7479057134E+01      0.4109533656E-01      0.6208265737E+00
    0.7490610509E+01      0.7490610509E+01      0.4321851391E-01      0.6273832693E+00
    0.7503193268E+01      0.7503193268E+01      0.4529375620E-01      0.6342577157E+00
    0.7515335455E+01      0.7515335455E+01      0.4640889626E-01      0.6432664109E+00
    0.7526495191E+01      0.7526495191E+01      0.4578259951E-01      0.6543452218E+00
    0.7536630938E+01      0.7536630938E+01      0.4323673276E-01      0.6672420073E+00
    0.7545229768E+01      0.7545229768E+01      0.3777671327E-01      0.6824510370E+00
    0.7552020950E+01      0.7552020950E+01      0.2951229761E-01      0.7002188028E+00
    0.7557317116E+01      0.7557317116E+01      0.1874599345E-01      0.7200394767E+00
    0.7560273355E+01      0.7560273355E+01      0.4654380282E-02      0.7425373899E+00
    0.7559502274E+01      0.7559502274E+01     -0.1272773089E-01      0.7683055485E+00
    0.7553493259E+01      0.7553493259E+01     -0.3253498551E-01      0.7979142540E+00
    0.7540277510E+01      0.7540277510E+01     -0.5645040373E-01      0.8323953173E+00
    0.7517939186E+01      0.7517939186E+01     -0.8525613810E-01      0.8731028609E+00
    0.7373892234E+01      0.7373892234E+01      0.1868154840E-02      0.6508834190E+00
    0.7375773545E+01      0.7375773545E+01      0.4541858857E-02      0.6515862918E+00
    0.7379315379E+01      0.7379315379E+01      0.7531570624E-02      0.6518105123E+00
    0.7384490260E+01      0.7384490260E+01      0.1090895753E-01      0.6520505080E+00
    0.7391152591E+01      0.7391152591E+01      0.1479197981E-01      0.6525312634E+00
    0.7399135352E+01      0.7399135352E+01      0.1916695544E-01      0.6530573341E+00
    0.7408315408E+01      0.7408315408E+01      0.2386375034E-01      0.6539157716E+00
    0.7418480665E+01      0.7418480665E+01      0.2876974245E-01      0.6557647640E+00
    0.7429422383E+01      0.7429422383E+01      0.3372508681E-01      0.6583655763E+00
    0.7440926543E+01      0.7440926543E+01      0.3853540064E-01      0.6617281591E+00
    0.7452812143E+01      0.7452812143E+01      0.4298303450E-01      0.6656895464E+00
    0.7465100643E+01      0.7465100643E+01      0.4690608525E-01      0.6705290668E+00
    0.7477538088E+01      0.7477538088E+01      0.5006592039E-01      0.6766842209E+00
    0.7490283196E+01      0.7490283196E+01      0.5247119517E-01      0.6838590596E+00
    0.7504188731E+01      0.7504188731E+01      0.5478333846E-01      0.6912683103E+00
    0.7517731894E+01      0.7517731894E+01      0.5623507905E-01      0.7006107253E+00
    0.7530002861E+01      0.7530002861E+01      0.5575724582E-01      0.7122679470E+00
    0.7541101755E+01      0.7541101755E+01      0.5323371563E-01      0.7258121930E+00
    0.7550537544E+01      0.7550537544E+01      0.4766057434E-01      0.7418617644E+00
    0.7557882166E+01      0.7557882166E+01      0.3930457215E-01      0.7607441613E+00
    0.7563094050E+01      0.7563094050E+01      0.2860672780E-01      0.7821694556E+00
    0.7565343937E+01      0.7565343937E+01      0.1431361222E-01      0.8063698075E+00
    0.7562484347E+01      0.7562484347E+01     -0.1807141530E-02      0.8341917224E+00
    0.7553695249E+01      0.7553695249E+01     -0.2048328725E-01      0.8663323128E+00
    0.7536749612E+01      0.7536749612E+01     -0.4318085338E-01      0.9041195156E+00
    0.7358318531E+01      0.7358318531E+01      0.1929000012E-02      0.6998507182E+00
    0.7360161936E+01      0.7360161936E+01      0.4749877655E-02      0.7005948234E+00
    0.7363588490E+01      0.7363588490E+01      0.7946131022E-02      0.7009317552E+00
    0.7368655365E+01      0.7368655365E+01      0.1153101839E-01      0.7013003201E+00
    0.7375194529E+01      0.7375194529E+01      0.1569762569E-01      0.7019262069E+00
    0.7383098191E+01      0.7383098191E+01      0.2041402664E-01      0.7026579203E+00
    0.7392293650E+01      0.7392293650E+01      0.2553230564E-01      0.7036927410E+00
    0.7402567339E+01      0.7402567339E+01      0.3100658140E-01      0.7056037387E+00
    0.7413731017E+01      0.7413731017E+01      0.3667076579E-01      0.7081767689E+00
    0.7425588502E+01      0.7425588502E+01      0.4227149996E-01      0.7114067358E+00
    0.7437931200E+01      0.7437931200E+01      0.4755301721E-01      0.7153558932E+00
    0.7450657553E+01      0.7450657553E+01      0.5230850378E-01      0.7203002686E+00
    0.7463712785E+01      0.7463712785E+01      0.5636770636E-01      0.7262150088E+00
    0.7477116259E+01      0.7477116259E+01      0.5966999495E-01      0.7331791379E+00
    0.7490932760E+01      0.7490932760E+01      0.6242029263E-01      0.7411208696E+00
    0.7505974057E+01      0.7505974057E+01      0.6504538656E-01      0.7490574836E+00
    0.7520882229E+01      0.7520882229E+01      0.6699116278E-01      0.7587339205E+00
    0.7534109177E+01      0.7534109177E+01      0.6673954648E-01      0.7710281853E+00
    0.7546021487E+01      0.7546021487E+01      0.6440585211E-01      0.7854462806E+00
    0.7556010963E+01      0.7556010963E+01      0.5903436296E-01      0.8027197955E+00
    0.7563279240E+01      0.7563279240E+01      0.5102514944E-01      0.8231137739E+00
    0.7567365354E+01      0.7567365354E+01      0.4065112989E-01      0.8468495819E+00
    0.7567602939E+01      0.7567602939E+01      0.2688634477E-01      0.8732145935E+00
    0.7561869690E+01      0.7561869690E+01      0.1270220551E-01      0.9038197692E+00
    0.7549521245E+01      0.7549521245E+01     -0.4519474088E-02      0.9391437960E+00
    0.7343651351E+01      0.7343651351E+01      0.1997825160E-02      0.7472143227E+00
    0.7345441192E+01      0.7345441192E+01      0.4991492631E-02      0.7480086946E+00
    0.7348736165E+01      0.7348736165E+01      0.8414030782E-02      0.7484880216E+00
    0.7353656542E+01      0.7353656542E+01      0.1222864458E-01      0.7490315441E+00
    0.7360021988E+01      0.7360021988E+01      0.1668748467E-01      0.7498658099E+00
    0.7367778404E+01      0.7367778404E+01      0.2173561777E-01      0.7509030264E+00
    0.7376890127E+01      0.7376890127E+01      0.2724541817E-01      0.7522097377E+00
    0.7387152244E+01      0.7387152244E+01      0.3323800461E-01      0.7542553421E+00
    0.7398386125E+01      0.7398386125E+01      0.3957104058E-01      0.7569045210E+00
    0.7410485915E+01      0.7410485915E+01      0.4594134525E-01      0.7601792363E+00
    0.7423162218E+01      0.7423162218E+01      0.5205733661E-01      0.7641573987E+00
    0.7436249401E+01      0.7436249401E+01      0.5764378028E-01      0.7691828548E+00
    0.7449713670E+01      0.7449713670E+01      0.6257417618E-01      0.7752637620E+00
    0.7463518540E+01      0.7463518540E+01      0.6682973310E-01      0.7822206491E+00
    0.7477711819E+01      0.7477711819E+01      0.7038912506E-01      0.7902069869E+00
    0.7492410660E+01      0.7492410660E+01      0.7356924159E-01      0.7989792602E+00
    0.7508415310E+01      0.7508415310E+01      0.7661233895E-01      0.8075536094E+00
    0.7524542732E+01      0.7524542732E+01      0.7919020990E-01      0.8177179149E+00
    0.7538547558E+01      0.7538547558E+01      0.7920792643E-01      0.8310037838E+00
    0.7550931659E+01      0.7550931659E+01      0.7721987095E-01      0.8467883075E+00
    0.7560746753E+01      0.7560746753E+01      0.7256780449E-01      0.8657964741E+00
    0.7566834571E+01      0.7566834571E+01      0.6539907262E-01      0.8885587985E+00
    0.7569138430E+01      0.7569138430E+01      0.5494528857E-01      0.9147436796E+00
    0.7565830862E+01      0.7565830862E+01      0.4392010002E-01      0.9441815283E+00
    0.7557000428E+01      0.7557000428E+01      0.3148353317E-01      0.9777249015E+00
    0.7329932401E+01      0.7329932401E+01      0.2083743411E-02      0.7931533464E+00
    0.7331654917E+01      0.7331654917E+01      0.5294369355E-02      0.7939999234E+00
    0.7334798547E+01      0.7334798547E+01      0.8991883510E-02      0.7946089774E+00
    0.7339528385E+01      0.7339528385E+01      0.1310008875E-01      0.7953429129E+00
    0.7345665782E+01      0.7345665782E+01      0.1790112112E-01      0.7964030038E+00
    0.7353199374E+01      0.7353199374E+01      0.2331705062E-01      0.7978046106E+00
    0.7362120299E+01      0.7362120299E+01      0.2924293839E-01      0.7994534718E+00
    0.7372240211E+01      0.7372240211E+01      0.3574529942E-01      0.8017097618E+00
    0.7383425038E+01      0.7383425038E+01      0.4268221714E-01      0.8045081282E+00
    0.7395591627E+01      0.7395591627E+01      0.4975512605E-01      0.8079551254E+00
    0.7408477230E+01      0.7408477230E+01      0.5667928659E-01      0.8121162779E+00
    0.7421851925E+01      0.7421851925E+01      0.6313394385E-01      0.8173157304E+00
    0.7435615284E+01      0.7435615284E+01      0.6898475022E-01      0.8235522263E+00
    0.7449694595E+01      0.7449694595E+01      0.7417945191E-01      0.8306707310E+00
    0.7464161046E+01      0.7464161046E+01      0.7874255951E-01      0.8387607284E+00
    0.7479022525E+01      0.7479022525E+01      0.8270569798E-01      0.8477875920E+00
    0.7494460419E+01      0.7494460419E+01      0.8632914656E-01      0.8575205137E+00
    0.7511320495E+01      0.7511320495E+01      0.8981522376E-01      0.8670383229E+00
    0.7528340022E+01      0.7528340022E+01      0.9297791534E-01      0.8781654267E+00
    0.7542730311E+01      0.7542730311E+01      0.9349554743E-01      0.8930378648E+00
    0.7554857051E+01      0.7554857051E+01      0.9227703855E-01      0.9107832818E+00
    0.7563634592E+01      0.7563634592E+01      0.8884193704E-01      0.9322197372E+00
    0.7567714640E+01      0.7567714640E+01      0.8269121327E-01      0.9576807828E+00
    0.7566714073E+01      0.7566714073E+01      0.7401975486E-01      0.9865169065E+00
    0.7560050816E+01      0.7560050816E+01      0.6580521517E-01      0.1019214589E+01
    0.7317021264E+01      0.7317021264E+01      0.2204895768E-02      0.8376811305E+00
    0.7318670425E+01      0.7318670425E+01      0.5704854357E-02      0.8385818531E+00
    0.7321664225E+01      0.7321664225E+01      0.9733535619E-02      0.8393016518E+00
    0.7326188691E+01      0.7326188691E+01      0.1420060682E-01      0.8402429344E+00
    0.7332081607E+01      0.7332081607E+01      0.1939105496E-01      0.8415584654E+00
    0.7339349986E+01      0.7339349986E+01      0.2523204732E-01      0.8433833908E+00
    0.7347999298E+01      0.7347999298E+01      0.3163996872E-01      0.8454438954E+00
    0.7357876612E+01      0.7357876612E+01      0.3868340945E-01      0.8479878904E+00
    0.7368901654E+01      0.7368901654E+01      0.4618030849E-01      0.8510465889E+00
    0.7380987982E+01      0.7380987982E+01      0.5388539227E-01      0.8547554456E+00
    0.7393929555E+01      0.7393929555E+01      0.6154824677E-01      0.8591992161E+00
    0.7407462707E+01      0.7407462707E+01      0.6885553551E-01      0.8646272904E+00
    0.7421423034E+01      0.7421423034E+01      0.7564133825E-01      0.8710570751E+00
    0.7435743479E+01      0.7435743479E+01      0.8182919774E-01      0.8784370925E+00
    0.7450361169E+01      0.7450361169E+01      0.8737499577E-01      0.8867133809E+00
    0.7465377835E+01      0.7465377835E+01      0.9233057573E-01      0.8960077222E+00
    0.7480806219E+01      0.7480806219E+01      0.9669508715E-01      0.9062550412E+00
    0.7496841362E+01      0.7496841362E+01      0.1006658663E+00      0.9172817024E+00
    0.7514284044E+01      0.7514284044E+01      0.1046561830E+00      0.9282024573E+00
    0.7531691211E+01      0.7531691211E+01      0.1086849373E+00      0.9409104155E+00
    0.7545999972E+01      0.7545999972E+01      0.1102961106E+00      0.9577926667E+00
    0.7556836739E+01      0.7556836739E+01      0.1106241915E+00      0.9781600237E+00
    0.7563400321E+01      0.7563400321E+01      0.1092593150E+00      0.1002540459E+01
    0.7565029506E+01      0.7565029506E+01      0.1038467853E+00      0.1030142475E+01
    0.7560053553E+01      0.7560053553E+01      0.9930550154E-01      0.1062206914E+01
    0.7304844894E+01      0.7304844894E+01      0.2350161725E-02      0.8808985607E+00
    0.7306410031E+01      0.7306410031E+01      0.6188931997E-02      0.8818501185E+00
    0.7309246368E+01      0.7309246368E+01      0.1057076252E-01      0.8826480947E+00
    0.7313545354E+01      0.7313545354E+01      0.1541595081E-01      0.8837815414E+00
    0.7319170657E+01      0.7319170657E+01      0.2100406553E-01      0.8853509021E+00
    0.7326134853E+01      0.7326134853E+01      0.2730247566E-01      0.8876078905E+00
    0.7334446873E+01      0.7334446873E+01      0.3425999505E-01      0.8901068005E+00
    0.7344003378E+01      0.7344003378E+01      0.4190813748E-01      0.8929967665E+00
    0.7354761710E+01      0.7354761710E+01      0.5001847756E-01      0.8964348337E+00
    0.7366664748E+01      0.7366664748E+01      0.5834887092E-01      0.9004988939E+00
    0.7379545557E+01      0.7379545557E+01      0.6670904175E-01      0.9053092163E+00
    0.7393125018E+01      0.7393125018E+01      0.7483317623E-01      0.9110270041E+00
    0.7407209055E+01      0.7407209055E+01      0.8253567248E-01      0.9177422137E+00
    0.7421648573E+01      0.7421648573E+01      0.8970890654E-01      0.9254163343E+00
    0.7436406591E+01      0.7436406591E+01      0.9627158622E-01      0.9340630780E+00
    0.7451459512E+01      0.7451459512E+01      0.1022094975E+00      0.9437025710E+00
    0.7466893803E+01      0.7466893803E+01      0.1075547980E+00      0.9544344955E+00
    0.7482726240E+01      0.7482726240E+01      0.1123230026E+00      0.9662756236E+00
    0.7499190018E+01      0.7499190018E+01      0.1167070600E+00      0.9789538399E+00
    0.7516696835E+01      0.7516696835E+01      0.1218013200E+00      0.9916950949E+00
    0.7533868344E+01      0.7533868344E+01      0.1275199984E+00      0.1006503699E+01
    0.7547230803E+01      0.7547230803E+01      0.1314628532E+00      0.1025744998E+01
    0.7556297436E+01      0.7556297436E+01      0.1336853842E+00      0.1049019422E+01
    0.7560060402E+01      0.7560060402E+01      0.1335098843E+00      0.1075716333E+01
    0.7557961556E+01      0.7557961556E+01      0.1318808677E+00      0.1106502015E+01
    0.7293382077E+01      0.7293382077E+01      0.2548749984E-02      0.9229727379E+00
    0.7294858428E+01      0.7294858428E+01      0.6829155977E-02      0.9239827711E+00
    0.7297533894E+01      0.7297533894E+01      0.1163027245E-01      0.9248497814E+00
    0.7301597635E+01      0.7301597635E+01      0.1689519132E-01      0.9261577840E+00
    0.7306925681E+01      0.7306925681E+01      0.2291197360E-01      0.9279591799E+00
    0.7313545873E+01      0.7313545873E+01      0.2970067360E-01      0.9305900055E+00
    0.7321473352E+01      0.7321473352E+01      0.3724802993E-01      0.9334961986E+00
    0.7330665362E+01      0.7330665362E+01      0.4553430653E-01      0.9367591454E+00
    0.7341082900E+01      0.7341082900E+01      0.5431416632E-01      0.9406775316E+00
    0.7352725367E+01      0.7352725367E+01      0.6329122469E-01      0.9451932036E+00
    0.7365441343E+01      0.7365441343E+01      0.7232759948E-01      0.9504340899E+00
    0.7378959757E+01      0.7378959757E+01      0.8121899965E-01      0.9565001042E+00
    0.7393042334E+01      0.7393042334E+01      0.8978914601E-01      0.9635262114E+00
    0.7407519445E+01      0.7407519445E+01      0.9791040235E-01      0.9716082297E+00
    0.7422283916E+01      0.7422283916E+01      0.1054841152E+00      0.9807044384E+00
    0.7437331386E+01      0.7437331386E+01      0.1124649139E+00      0.9908722386E+00
    0.7452675213E+01      0.7452675213E+01      0.1188675773E+00      0.1002149941E+01
    0.7468342813E+01      0.7468342813E+01      0.1247396844E+00      0.1014657860E+01
    0.7484303502E+01      0.7484303502E+01      0.1302306655E+00      0.1028426248E+01
    0.7500858085E+01      0.7500858085E+01      0.1356841395E+00      0.1042945309E+01
    0.7517903807E+01      0.7517903807E+01      0.1427093276E+00      0.1057848096E+01
    0.7534360233E+01      0.7534360233E+01      0.1509159334E+00      0.1075025562E+01
    0.7546146506E+01      0.7546146506E+01      0.1576860223E+00      0.1096685320E+01
    0.7552641813E+01      0.7552641813E+01      0.1622646168E+00      0.1122954862E+01
    0.7552884259E+01      0.7552884259E+01      0.1629449388E+00      0.1152218137E+01
    0.7282528183E+01      0.7282528183E+01      0.2830546461E-02      0.9639071282E+00
    0.7283909887E+01      0.7283909887E+01      0.7713402831E-02      0.9649873954E+00
    0.7286423961E+01      0.7286423961E+01      0.1305179667E-01      0.9659511913E+00
    0.7290249075E+01      0.7290249075E+01      0.1881842386E-01      0.9674305501E+00
    0.7295260590E+01      0.7295260590E+01      0.2531452387E-01      0.9694607433E+00
    0.7301513346E+01      0.7301513346E+01      0.3261024288E-01      0.9723879857E+00
    0.7309021144E+01      0.7309021144E+01      0.4074664435E-01      0.9756266404E+00
    0.7317815271E+01      0.7317815271E+01      0.4964633748E-01      0.9792380587E+00
    0.7327853192E+01      0.7327853192E+01      0.5909555178E-01      0.9836717107E+00
    0.7339168771E+01      0.7339168771E+01      0.6873354412E-01      0.9887216377E+00
    0.7351634418E+01      0.7351634418E+01      0.7843781332E-01      0.9944492922E+00
    0.7364992025E+01      0.7364992025E+01      0.8806068168E-01      0.1000945609E+01
    0.7378977161E+01      0.7378977161E+01      0.9744923953E-01      0.1008374242E+01
    0.7393381458E+01      0.7393381458E+01      0.1065006303E+00      0.1016931371E+01
    0.7408070120E+01      0.7408070120E+01      0.1151195204E+00      0.1026608412E+01
    0.7422990096E+01      0.7422990096E+01      0.1232427061E+00      0.1037383389E+01
    0.7438162218E+01      0.7438162218E+01      0.1308548219E+00      0.1049325928E+01
    0.7453600213E+01      0.7453600213E+01      0.1380119450E+00      0.1062555597E+01
    0.7469253973E+01      0.7469253973E+01      0.1448233319E+00      0.1077107586E+01
    0.7485111730E+01      0.7485111730E+01      0.1515014771E+00      0.1092954845E+01
    0.7501173022E+01      0.7501173022E+01      0.1588138384E+00      0.1109600390E+01
    0.7517214422E+01      0.7517214422E+01      0.1685590987E+00      0.1127058366E+01
    0.7532443791E+01      0.7532443791E+01      0.1796984838E+00      0.1146668811E+01
    0.7542875615E+01      0.7542875615E+01      0.1893907648E+00      0.1170549724E+01
    0.7545469458E+01      0.7545469458E+01      0.1943901183E+00      0.1199267756E+01
    0.7272142046E+01      0.7272142046E+01      0.3156967633E-02      0.1003612323E+01
    0.7273435050E+01      0.7273435050E+01      0.8728715816E-02      0.1004792401E+01
    0.7275794078E+01      0.7275794078E+01      0.1469145529E-01      0.1005915582E+01
    0.7279381281E+01      0.7279381281E+01      0.2104975147E-01      0.1007586650E+01
    0.7284063245E+01      0.7284063245E+01      0.2810601462E-01      0.1009869294E+01
    0.7289939223E+01      0.7289939223E+01      0.3594450564E-01      0.1013024214E+01
    0.7297020680E+01      0.7297020680E+01      0.4466028473E-01      0.1016528918E+01
    0.7305412456E+01      0.7305412456E+01      0.5413708543E-01      0.1020448697E+01
    0.7315065940E+01      0.7315065940E+01      0.6424008893E-01      0.1025364627E+01
    0.7326041097E+01      0.7326041097E+01      0.7457148790E-01      0.1031005989E+01
    0.7338198816E+01      0.7338198816E+01      0.8498571321E-01      0.1037313470E+01
    0.7351308513E+01      0.7351308513E+01      0.9536662535E-01      0.1044346570E+01
    0.7365087781E+01      0.7365087781E+01      0.1055965586E+00      0.1052278872E+01
    0.7379300863E+01      0.7379300863E+01      0.1156135409E+00      0.1061360456E+01
    0.7393791411E+01      0.7393791411E+01      0.1253543736E+00      0.1071669699E+01
    0.7408476980E+01      0.7408476980E+01      0.1347351040E+00      0.1083144144E+01
    0.7423372947E+01      0.7423372947E+01      0.1436902053E+00      0.1095829712E+01
    0.7438501588E+01      0.7438501588E+01      0.1522460458E+00      0.1109859129E+01
    0.7453829276E+01      0.7453829276E+01      0.1604897040E+00      0.1125298186E+01
    0.7469254900E+01      0.7469254900E+01      0.1686004376E+00      0.1142118208E+01
    0.7484642127E+01      0.7484642127E+01      0.1770442133E+00      0.1160057342E+01
    0.7499801648E+01      0.7499801648E+01      0.1869277975E+00      0.1179056841E+01
    0.7514761926E+01      0.7514761926E+01      0.1993259356E+00      0.1199061558E+01
    0.7528794243E+01      0.7528794243E+01      0.2141186211E+00      0.1220892821E+01
    0.7535906530E+01      0.7535906530E+01      0.2253081395E+00      0.1246946536E+01
    0.7262246797E+01      0.7262246797E+01      0.3510603408E-02      0.1042216316E+01
    0.7263454522E+01      0.7263454522E+01      0.9827245556E-02      0.1043513509E+01
    0.7265664431E+01      0.7265664431E+01      0.1648434923E-01      0.1044848220E+01
    0.7269011569E+01      0.7269011569E+01      0.2352161785E-01      0.1046725126E+01
    0.7273369294E+01      0.7273369294E+01      0.3122273522E-01      0.1049302773E+01
    0.7278874648E+01      0.7278874648E+01      0.3966669306E-01      0.1052647324E+01
    0.7285527555E+01      0.7285527555E+01      0.4899601626E-01      0.1056357270E+01
    0.7293511354E+01      0.7293511354E+01      0.5904111743E-01      0.1060523666E+01
    0.7302779199E+01      0.7302779199E+01      0.6976748992E-01      0.1065816074E+01
    0.7313416882E+01      0.7313416882E+01      0.8079523094E-01      0.1072008488E+01
    0.7325205856E+01      0.7325205856E+01      0.9200479027E-01      0.1078982169E+01
    0.7337976757E+01      0.7337976757E+01      0.1032236199E+00      0.1086663840E+01
    0.7351434900E+01      0.7351434900E+01      0.1143800129E+00      0.1095204147E+01
    0.7365331992E+01      0.7365331992E+01      0.1254465604E+00      0.1104872595E+01
    0.7379489212E+01      0.7379489212E+01      0.1363879058E+00      0.1115817221E+01
    0.7393830783E+01      0.7393830783E+01      0.1471056177E+00      0.1128054863E+01
    0.7408367665E+01      0.7408367665E+01      0.1574843895E+00      0.1141561962E+01
    0.7423143002E+01      0.7423143002E+01      0.1674841806E+00      0.1156470641E+01
    0.7438130212E+01      0.7438130212E+01      0.1771818671E+00      0.1172844473E+01
    0.7453278498E+01      0.7453278498E+01      0.1867191026E+00      0.1190544166E+01
    0.7468367000E+01      0.7468367000E+01      0.1965457000E+00      0.1209425309E+01
    0.7482970251E+01      0.7482970251E+01      0.2072930041E+00      0.1229515553E+01
    0.7496971935E+01      0.7496971935E+01      0.2200880018E+00      0.1251117278E+01
    0.7510355364E+01      0.7510355364E+01      0.2359234943E+00      0.1273984051E+01
    0.7522904663E+01      0.7522904663E+01      0.2537061176E+00      0.1296673794E+01
    0.7252856673E+01      0.7252856673E+01      0.3853211142E-02      0.1079824551E+01
    0.7253985900E+01      0.7253985900E+01      0.1090457048E-01      0.1081249074E+01
    0.7256038569E+01      0.7256038569E+01      0.1831198162E-01      0.1082806710E+01
    0.7259139952E+01      0.7259139952E+01      0.2611887757E-01      0.1084889737E+01
    0.7263165436E+01      0.7263165436E+01      0.3459376856E-01      0.1087764745E+01
    0.7268307232E+01      0.7268307232E+01      0.4375412936E-01      0.1091267365E+01
    0.7274538993E+01      0.7274538993E+01      0.5377897376E-01      0.1095147935E+01
    0.7282115446E+01      0.7282115446E+01      0.6443149610E-01      0.1099525812E+01
    0.7290983549E+01      0.7290983549E+01      0.7577695420E-01      0.1105070153E+01
    0.7301275415E+01      0.7301275415E+01      0.8748536734E-01      0.1111686713E+01
    0.7312642117E+01      0.7312642117E+01      0.9957524762E-01      0.1119326127E+01
    0.7324975871E+01      0.7324975871E+01      0.1117532425E+00      0.1127765545E+01
    0.7338001134E+01      0.7338001134E+01      0.1239575719E+00      0.1137030130E+01
    0.7351469062E+01      0.7351469062E+01      0.1361712350E+00      0.1147372665E+01
    0.7365201420E+01      0.7365201420E+01      0.1483730931E+00      0.1159003744E+01
    0.7379137211E+01      0.7379137211E+01      0.1604508457E+00      0.1172013955E+01
    0.7393299581E+01      0.7393299581E+01      0.1722556254E+00      0.1186357412E+01
    0.7407743069E+01      0.7407743069E+01      0.1836838106E+00      0.1202094238E+01
    0.7422463533E+01      0.7422463533E+01      0.1947833930E+00      0.1219303675E+01
    0.7437397650E+01      0.7437397650E+01      0.2057017520E+00      0.1237795214E+01
    0.7452365616E+01      0.7452365616E+01      0.2168931460E+00      0.1257494268E+01
    0.7466759709E+01      0.7466759709E+01      0.2290057776E+00      0.1278365698E+01
    0.7480316390E+01      0.7480316390E+01      0.2426551651E+00      0.1300810532E+01
    0.7493141908E+01      0.7493141908E+01      0.2585525659E+00      0.1324949408E+01
    0.7505319967E+01      0.7505319967E+01      0.2781676551E+00      0.1349464470E+01
    0.7243825176E+01      0.7243825176E+01      0.4220904155E-02      0.1116357620E+01
    0.7244874231E+01      0.7244874231E+01      0.1206242050E-01      0.1117889392E+01
    0.7246750354E+01      0.7246750354E+01      0.2029138519E-01      0.1119626821E+01
    0.7249610966E+01      0.7249610966E+01      0.2891314950E-01      0.1121902016E+01
    0.7253323856E+01      0.7253323856E+01      0.3821734860E-01      0.1125070506E+01
    0.7258129619E+01      0.7258129619E+01      0.4816587339E-01      0.1128732480E+01
    0.7263961303E+01      0.7263961303E+01      0.5897169808E-01      0.1132788380E+01
    0.7271141234E+01      0.7271141234E+01      0.7030295689E-01      0.1137397244E+01
    0.7279612372E+01      0.7279612372E+01      0.8229335716E-01      0.1143134589E+01
    0.7289540268E+01      0.7289540268E+01      0.9467869718E-01      0.1150067455E+01
    0.7300477473E+01      0.7300477473E+01      0.1076826451E+00      0.1158294493E+01
    0.7312324531E+01      0.7312324531E+01      0.1209555023E+00      0.1167572417E+01
    0.7324823087E+01      0.7324823087E+01      0.1343697786E+00      0.1177702550E+01
    0.7337775543E+01      0.7337775543E+01      0.1478517476E+00      0.1188823183E+01
    0.7351026286E+01      0.7351026286E+01      0.1613703053E+00      0.1201184068E+01
    0.7364545172E+01      0.7364545172E+01      0.1747956790E+00      0.1214912110E+01
    0.7378377557E+01      0.7378377557E+01      0.1879402266E+00      0.1229992589E+01
    0.7392591998E+01      0.7392591998E+01      0.2006937283E+00      0.1246451281E+01
    0.7407183484E+01      0.7407183484E+01      0.2131129225E+00      0.1264368477E+01
    0.7422054312E+01      0.7422054312E+01      0.2253538978E+00      0.1283567601E+01
    0.7437012493E+01      0.7437012493E+01      0.2378663020E+00      0.1303918166E+01
    0.7451443436E+01      0.7451443436E+01      0.2512915113E+00      0.1325386330E+01
    0.7465082339E+01      0.7465082339E+01      0.2661309519E+00      0.1348328698E+01
    0.7477598260E+01      0.7477598260E+01      0.2830369975E+00      0.1373133528E+01
    0.7488913778E+01      0.7488913778E+01      0.3027220667E+00      0.1399371834E+01
    0.7235140529E+01      0.7235140529E+01      0.4615313465E-02      0.1151814545E+01
    0.7236117660E+01      0.7236117660E+01      0.1329918027E-01      0.1153442082E+01
    0.7237819187E+01      0.7237819187E+01      0.2242500256E-01      0.1155343118E+01
    0.7240447662E+01      0.7240447662E+01      0.3194761516E-01      0.1157799594E+01
    0.7243860602E+01      0.7243860602E+01      0.4217861210E-01      0.1161224158E+01
    0.7248342869E+01      0.7248342869E+01      0.5301324485E-01      0.1165024002E+01
    0.7253799294E+01      0.7253799294E+01      0.6467473660E-01      0.1169276098E+01
    0.7260602123E+01      0.7260602123E+01      0.7674966315E-01      0.1174189064E+01
    0.7268687692E+01      0.7268687692E+01      0.8941248410E-01      0.1180150291E+01
    0.7278228169E+01      0.7278228169E+01      0.1024697688E+00      0.1187352409E+01
    0.7288726950E+01      0.7288726950E+01      0.1163287043E+00      0.1196047563E+01
    0.7300067310E+01      0.7300067310E+01      0.1307361382E+00      0.1206098816E+01
    0.7311999337E+01      0.7311999337E+01      0.1454862835E+00      0.1217176283E+01
    0.7324378889E+01      0.7324378889E+01      0.1603701713E+00      0.1229170860E+01
    0.7337148612E+01      0.7337148612E+01      0.1752586680E+00      0.1242261381E+01
    0.7350302483E+01      0.7350302483E+01      0.1899943450E+00      0.1256633501E+01
    0.7363911472E+01      0.7363911472E+01      0.2043833216E+00      0.1272307866E+01
    0.7378031914E+01      0.7378031914E+01      0.2183456349E+00      0.1289292233E+01
    0.7392642790E+01      0.7392642790E+01      0.2319842168E+00      0.1307690921E+01
    0.7407625963E+01      0.7407625963E+01      0.2454836087E+00      0.1327407843E+01
    0.7422735608E+01      0.7422735608E+01      0.2592565166E+00      0.1348279206E+01
    0.7437318063E+01      0.7437318063E+01      0.2740051157E+00      0.1370257638E+01
    0.7451072735E+01      0.7451072735E+01      0.2901958425E+00      0.1393562356E+01
    0.7463658490E+01      0.7463658490E+01      0.3083612204E+00      0.1418616379E+01
    0.7474896818E+01      0.7474896818E+01      0.3287883365E+00      0.1445628916E+01
    0.7226840241E+01      0.7226840241E+01      0.5003593158E-02      0.1186257550E+01
    0.7227752191E+01      0.7227752191E+01      0.1451975429E-01      0.1187962241E+01
    0.7229288417E+01      0.7229288417E+01      0.2456311180E-01      0.1189993788E+01
    0.7231713972E+01      0.7231713972E+01      0.3503334099E-01      0.1192619365E+01
    0.7234879583E+01      0.7234879583E+01      0.4626410833E-01      0.1196296747E+01
    0.7239085881E+01      0.7239085881E+01      0.5810047390E-01      0.1200274926E+01
    0.7244199670E+01      0.7244199670E+01      0.7075936566E-01      0.1204785742E+01
    0.7250610896E+01      0.7250610896E+01      0.8374997745E-01      0.1210080832E+01
    0.7258271267E+01      0.7258271267E+01      0.9721855210E-01      0.1216315319E+01
    0.7267364338E+01      0.7267364338E+01      0.1110000147E+00      0.1223782717E+01
    0.7277376492E+01      0.7277376492E+01      0.1256528318E+00      0.1232803568E+01
    0.7288173644E+01      0.7288173644E+01      0.1410996162E+00      0.1243400945E+01
    0.7299537147E+01      0.7299537147E+01      0.1571523065E+00      0.1255288731E+01
    0.7311382860E+01      0.7311382860E+01      0.1734679459E+00      0.1268168866E+01
    0.7323757285E+01      0.7323757285E+01      0.1897416661E+00      0.1281983971E+01
    0.7336690432E+01      0.7336690432E+01      0.2057482892E+00      0.1296916447E+01
    0.7350253405E+01      0.7350253405E+01      0.2213121333E+00      0.1313041193E+01
    0.7364452623E+01      0.7364452623E+01      0.2364048989E+00      0.1330358670E+01
    0.7379228530E+01      0.7379228530E+01      0.2511905666E+00      0.1348985182E+01
    0.7394462621E+01      0.7394462621E+01      0.2658936650E+00      0.1368954594E+01
    0.7409798616E+01      0.7409798616E+01      0.2809752433E+00      0.1390180757E+01
    0.7424564364E+01      0.7424564364E+01      0.2970684699E+00      0.1412614441E+01
    0.7438463016E+01      0.7438463016E+01      0.3145957264E+00      0.1436315677E+01
    0.7451140663E+01      0.7451140663E+01      0.3341264092E+00      0.1461720979E+01
    0.7462187072E+01      0.7462187072E+01      0.3561693178E+00      0.1489260744E+01
    0.7218931065E+01      0.7218931065E+01      0.5340614282E-02      0.1219754873E+01
    0.7219781467E+01      0.7219781467E+01      0.1558686328E-01      0.1221508615E+01
    0.7221156944E+01      0.7221156944E+01      0.2645682259E-01      0.1223604706E+01
    0.7223378556E+01      0.7223378556E+01      0.3781966316E-01      0.1226327789E+01
    0.7226294111E+01      0.7226294111E+01      0.5005247126E-01      0.1230170016E+01
    0.7230221831E+01      0.7230221831E+01      0.6296930806E-01      0.1234298235E+01
    0.7235011591E+01      0.7235011591E+01      0.7676711700E-01      0.1239109826E+01
    0.7241039512E+01      0.7241039512E+01      0.9089218021E-01      0.1244906328E+01
    0.7248245645E+01      0.7248245645E+01      0.1054184361E+00      0.1251543015E+01
    0.7256840905E+01      0.7256840905E+01      0.1201402001E+00      0.1259358745E+01
    0.7266351959E+01      0.7266351959E+01      0.1356533531E+00      0.1268656915E+01
    0.7276628850E+01      0.7276628850E+01      0.1520615138E+00      0.1279577877E+01
    0.7287520498E+01      0.7287520498E+01      0.1692539524E+00      0.1292024201E+01
    0.7298960029E+01      0.7298960029E+01      0.1869125500E+00      0.1305584471E+01
    0.7311122383E+01      0.7311122383E+01      0.2045212251E+00      0.1320061903E+01
    0.7324024153E+01      0.7324024153E+01      0.2217806733E+00      0.1335439429E+01
    0.7337716546E+01      0.7337716546E+01      0.2384952309E+00      0.1351847327E+01
    0.7352150070E+01      0.7352150070E+01      0.2546902584E+00      0.1369321401E+01
    0.7367218526E+01      0.7367218526E+01      0.2705820226E+00      0.1387975189E+01
    0.7382801333E+01      0.7382801333E+01      0.2864341648E+00      0.1407996157E+01
    0.7398367024E+01      0.7398367024E+01      0.3028965466E+00      0.1429454784E+01
    0.7413260143E+01      0.7413260143E+01      0.3204315127E+00      0.1452309413E+01
    0.7427181344E+01      0.7427181344E+01      0.3394421114E+00      0.1476501384E+01
    0.7439766517E+01      0.7439766517E+01      0.3605050429E+00      0.1502389557E+01
    0.7450780231E+01      0.7450780231E+01      0.3840664389E+00      0.1530330276E+01
    0.7211328261E+01      0.7211328261E+01      0.5684209964E-02      0.1252288160E+01
    0.7212115130E+01      0.7212115130E+01      0.1667005663E-01      0.1254058488E+01
    0.7213330667E+01      0.7213330667E+01      0.2835650447E-01      0.1256146903E+01
    0.7215349282E+01      0.7215349282E+01      0.4057240292E-01      0.1258893488E+01
    0.7218013029E+01      0.7218013029E+01      0.5374414546E-01      0.1262802583E+01
    0.7221649405E+01      0.7221649405E+01      0.6768687292E-01      0.1267022120E+01
    0.7226115413E+01      0.7226115413E+01      0.8259761902E-01      0.1272122354E+01
    0.7231756793E+01      0.7231756793E+01      0.9795113294E-01      0.1278470464E+01
    0.7238523298E+01      0.7238523298E+01      0.1137279499E+00      0.1285666686E+01
    0.7246626124E+01      0.7246626124E+01      0.1296508840E+00      0.1293984794E+01
    0.7255697710E+01      0.7255697710E+01      0.1461934120E+00      0.1303623489E+01
    0.7265573589E+01      0.7265573589E+01      0.1635628348E+00      0.1314761144E+01
    0.7276149774E+01      0.7276149774E+01      0.1817654604E+00      0.1327451633E+01
    0.7287405949E+01      0.7287405949E+01      0.2005242834E+00      0.1341356960E+01
    0.7299572059E+01      0.7299572059E+01      0.2193151143E+00      0.1356258306E+01
    0.7312648693E+01      0.7312648693E+01      0.2377511027E+00      0.1371924035E+01
    0.7326633339E+01      0.7326633339E+01      0.2556369306E+00      0.1388469224E+01
    0.7341417366E+01      0.7341417366E+01      0.2730094642E+00      0.1405974482E+01
    0.7356836989E+01      0.7356836989E+01      0.2900937213E+00      0.1424548162E+01
    0.7372737301E+01      0.7372737301E+01      0.3071792942E+00      0.1444517697E+01
    0.7388451714E+01      0.7388451714E+01      0.3250800941E+00      0.1466155250E+01
    0.7403385817E+01      0.7403385817E+01      0.3441365993E+00      0.1489441901E+01
    0.7417208625E+01      0.7417208625E+01      0.3647585778E+00      0.1514206502E+01
    0.7429611318E+01      0.7429611318E+01      0.3874344146E+00      0.1540649403E+01
    0.7440405325E+01      0.7440405325E+01      0.4126175923E+00      0.1569093308E+01
    0.7203981137E+01      0.7203981137E+01      0.6068577563E-02      0.1283773799E+01
    0.7204711721E+01      0.7204711721E+01      0.1786498251E-01      0.1285551779E+01
    0.7205786872E+01      0.7205786872E+01      0.3040725930E-01      0.1287620473E+01
    0.7207619600E+01      0.7207619600E+01      0.4348742940E-01      0.1290393559E+01
    0.7210039416E+01      0.7210039416E+01      0.5758771904E-01      0.1294341000E+01
    0.7213387348E+01      0.7213387348E+01      0.7252935547E-01      0.1298641676E+01
    0.7217545703E+01      0.7217545703E+01      0.8851301321E-01      0.1304011981E+01
    0.7222830479E+01      0.7222830479E+01      0.1050761681E+00      0.1310897414E+01
    0.7229197805E+01      0.7229197805E+01      0.1221552602E+00      0.1318710406E+01
    0.7236842179E+01      0.7236842179E+01      0.1394286247E+00      0.1327607533E+01
    0.7245560349E+01      0.7245560349E+01      0.1571346679E+00      0.1337623124E+01
    0.7255201867E+01      0.7255201867E+01      0.1754830864E+00      0.1348903434E+01
    0.7265658319E+01      0.7265658319E+01      0.1945826685E+00      0.1361561080E+01
    0.7276980427E+01      0.7276980427E+01      0.2141988942E+00      0.1375442337E+01
    0.7289305212E+01      0.7289305212E+01      0.2339831096E+00      0.1390330044E+01
    0.7302697848E+01      0.7302697848E+01      0.2534916659E+00      0.1405996007E+01
    0.7317087285E+01      0.7317087285E+01      0.2725754015E+00      0.1422522058E+01
    0.7332306566E+01      0.7332306566E+01      0.2912176589E+00      0.1440017516E+01
    0.7348114248E+01      0.7348114248E+01      0.3096156851E+00      0.1458588249E+01
    0.7364245686E+01      0.7364245686E+01      0.3281374609E+00      0.1478627195E+01
    0.7379953593E+01      0.7379953593E+01      0.3475983883E+00      0.1500497018E+01
    0.7394782439E+01      0.7394782439E+01      0.3683071116E+00      0.1524192645E+01
    0.7408353462E+01      0.7408353462E+01      0.3906715214E+00      0.1549520012E+01
    0.7420381305E+01      0.7420381305E+01      0.4150948573E+00      0.1576557361E+01
    0.7430603270E+01      0.7430603270E+01      0.4420963752E+00      0.1605674932E+01
    0.7197127404E+01      0.7197127404E+01      0.6522947827E-02      0.1314414235E+01
    0.7197795326E+01      0.7197795326E+01      0.1926410579E-01      0.1316195163E+01
    0.7198728015E+01      0.7198728015E+01      0.3276119846E-01      0.1318259588E+01
    0.7200366280E+01      0.7200366280E+01      0.4677758675E-01      0.1321092255E+01
    0.7202524830E+01      0.7202524830E+01      0.6184303643E-01      0.1325078626E+01
    0.7205555675E+01      0.7205555675E+01      0.7778160996E-01      0.1329451995E+01
    0.7209389275E+01      0.7209389275E+01      0.9478844328E-01      0.1335039489E+01
    0.7214319789E+01      0.7214319789E+01      0.1124918903E+00      0.1342347398E+01
    0.7220333439E+01      0.7220333439E+01      0.1308090212E+00      0.1350696475E+01
    0.7227597993E+01      0.7227597993E+01      0.1494242146E+00      0.1360111408E+01
    0.7236078037E+01      0.7236078037E+01      0.1683344284E+00      0.1370435932E+01
    0.7245656299E+01      0.7245656299E+01      0.1876753117E+00      0.1381746819E+01
    0.7256220184E+01      0.7256220184E+01      0.2075805297E+00      0.1394162785E+01
    0.7267864352E+01      0.7267864352E+01      0.2278622995E+00      0.1407726900E+01
    0.7280576597E+01      0.7280576597E+01      0.2484026360E+00      0.1422263749E+01
    0.7294434149E+01      0.7294434149E+01      0.2688421514E+00      0.1437682597E+01
    0.7309276720E+01      0.7309276720E+01      0.2890778600E+00      0.1454039160E+01
    0.7324872393E+01      0.7324872393E+01      0.3090811392E+00      0.1471471438E+01
    0.7340949033E+01      0.7340949033E+01      0.3289869375E+00      0.1490111321E+01
    0.7357099462E+01      0.7357099462E+01      0.3492320226E+00      0.1510383883E+01
    0.7372667952E+01      0.7372667952E+01      0.3704161165E+00      0.1532598191E+01
    0.7387206281E+01      0.7387206281E+01      0.3929835124E+00      0.1556737762E+01
    0.7400323045E+01      0.7400323045E+01      0.4172663342E+00      0.1582612779E+01
    0.7411757035E+01      0.7411757035E+01      0.4436316889E+00      0.1610341434E+01
    0.7421090679E+01      0.7421090679E+01      0.4727521366E+00      0.1640169902E+01
    0.7190703332E+01      0.7190703332E+01      0.7028825690E-02      0.1344044745E+01
    0.7191304725E+01      0.7191304725E+01      0.2081517946E-01      0.1345850950E+01
    0.7192089929E+01      0.7192089929E+01      0.3535988157E-01      0.1347972865E+01
    0.7193508957E+01      0.7193508957E+01      0.5042037927E-01      0.1350922861E+01
    0.7195381228E+01      0.7195381228E+01      0.6653440331E-01      0.1354985504E+01
    0.7198084985E+01      0.7198084985E+01      0.8351027713E-01      0.1359477344E+01
    0.7201589957E+01      0.7201589957E+01      0.1015357354E+00      0.1365239763E+01
    0.7206197293E+01      0.7206197293E+01      0.1203142110E+00      0.1372836392E+01
    0.7211925692E+01      0.7211925692E+01      0.1397741260E+00      0.1381545310E+01
    0.7218958505E+01      0.7218958505E+01      0.1596131785E+00      0.1391299716E+01
    0.7227377770E+01      0.7227377770E+01      0.1796563221E+00      0.1401771654E+01
    0.7237110989E+01      0.7237110989E+01      0.1999432301E+00      0.1413000106E+01
    0.7248039943E+01      0.7248039943E+01      0.2205872693E+00      0.1425063047E+01
    0.7260182342E+01      0.7260182342E+01      0.2415129895E+00      0.1438092405E+01
    0.7273437498E+01      0.7273437498E+01      0.2627100081E+00      0.1452019182E+01
    0.7287822447E+01      0.7287822447E+01      0.2839571937E+00      0.1466976847E+01
    0.7303111058E+01      0.7303111058E+01      0.3052390664E+00      0.1483059001E+01
    0.7319009245E+01      0.7319009245E+01      0.3265851999E+00      0.1500443928E+01
    0.7335162425E+01      0.7335162425E+01      0.3480997323E+00      0.1519300881E+01
    0.7351100148E+01      0.7351100148E+01      0.3702435033E+00      0.1539948057E+01
    0.7366303717E+01      0.7366303717E+01      0.3934055646E+00      0.1562549330E+01
    0.7380324271E+01      0.7380324271E+01      0.4180287132E+00      0.1587160375E+01
    0.7392797894E+01      0.7392797894E+01      0.4444926275E+00      0.1613690925E+01
    0.7403325436E+01      0.7403325436E+01      0.4731513152E+00      0.1642030068E+01
    0.7411457406E+01      0.7411457406E+01      0.5045510581E+00      0.1672428368E+01
    0.7184601337E+01      0.7184601337E+01      0.7575013187E-02      0.1372517044E+01
    0.7185122849E+01      0.7185122849E+01      0.2249149180E-01      0.1374373680E+01
    0.7185747992E+01      0.7185747992E+01      0.3816187924E-01      0.1376618670E+01
    0.7186932292E+01      0.7186932292E+01      0.5435491620E-01      0.1379752312E+01
    0.7188502666E+01      0.7188502666E+01      0.7160445088E-01      0.1383947803E+01
    0.7190865565E+01      0.7190865565E+01      0.8968770266E-01      0.1388585438E+01
    0.7194092942E+01      0.7194092942E+01      0.1087213108E+00      0.1394514843E+01
    0.7198447014E+01      0.7198447014E+01      0.1285270429E+00      0.1402267155E+01
    0.7204037191E+01      0.7204037191E+01      0.1490022755E+00      0.1411154591E+01
    0.7211062024E+01      0.7211062024E+01      0.1698904627E+00      0.1421008116E+01
    0.7219691718E+01      0.7219691718E+01      0.1909154637E+00      0.1431468014E+01
    0.7229808257E+01      0.7229808257E+01      0.2121100989E+00      0.1442475735E+01
    0.7241331411E+01      0.7241331411E+01      0.2334696158E+00      0.1454113653E+01
    0.7254145168E+01      0.7254145168E+01      0.2550296516E+00      0.1466553452E+01
    0.7268086718E+01      0.7268086718E+01      0.2768142908E+00      0.1479885740E+01
    0.7283004368E+01      0.7283004368E+01      0.2988162640E+00      0.1494301079E+01
    0.7298590880E+01      0.7298590880E+01      0.3211219169E+00      0.1510015862E+01
    0.7314519522E+01      0.7314519522E+01      0.3438005845E+00      0.1527334929E+01
    0.7330450961E+01      0.7330450961E+01      0.3670820277E+00      0.1546433237E+01
    0.7345944640E+01      0.7345944640E+01      0.3911960645E+00      0.1567428697E+01
    0.7360576656E+01      0.7360576656E+01      0.4165182860E+00      0.1590488031E+01
    0.7373831428E+01      0.7373831428E+01      0.4435076072E+00      0.1615593738E+01
    0.7385291316E+01      0.7385291316E+01      0.4724224827E+00      0.1642592447E+01
    0.7394649608E+01      0.7394649608E+01      0.5035517605E+00      0.1671575349E+01
    0.7401421980E+01      0.7401421980E+01      0.5372933065E+00      0.1702633106E+01
    0.7178868854E+01      0.7178868854E+01      0.8143561080E-02      0.1399920156E+01
    0.7179291282E+01      0.7179291282E+01      0.2424605660E-01      0.1401853173E+01
    0.7179715657E+01      0.7179715657E+01      0.4111092838E-01      0.1404247178E+01
    0.7180626825E+01      0.7180626825E+01      0.5850212467E-01      0.1407568484E+01
    0.7181901167E+01      0.7181901167E+01      0.7691979518E-01      0.1411927039E+01
    0.7183967538E+01      0.7183967538E+01      0.9613103811E-01      0.1416751710E+01
    0.7186998883E+01      0.7186998883E+01      0.1161833161E+00      0.1422806160E+01
    0.7191256602E+01      0.7191256602E+01      0.1369605492E+00      0.1430626588E+01
    0.7196925761E+01      0.7196925761E+01      0.1583370853E+00      0.1439509026E+01
    0.7204219746E+01      0.7204219746E+01      0.1801065504E+00      0.1449214515E+01
    0.7213287741E+01      0.7213287741E+01      0.2020196114E+00      0.1459408205E+01
    0.7223980659E+01      0.7223980659E+01      0.2240823698E+00      0.1470030654E+01
    0.7236202230E+01      0.7236202230E+01      0.2462108385E+00      0.1481172076E+01
    0.7249733213E+01      0.7249733213E+01      0.2684557824E+00      0.1493036174E+01
    0.7264330219E+01      0.7264330219E+01      0.2908917347E+00      0.1505812491E+01
    0.7279690264E+01      0.7279690264E+01      0.3136503049E+00      0.1519745473E+01
    0.7295384821E+01      0.7295384821E+01      0.3369610770E+00      0.1535226432E+01
    0.7311050780E+01      0.7311050780E+01      0.3610844663E+00      0.1552510878E+01
    0.7326469301E+01      0.7326469301E+01      0.3860416919E+00      0.1571727805E+01
    0.7341301993E+01      0.7341301993E+01      0.4121404187E+00      0.1593044475E+01
    0.7355027416E+01      0.7355027416E+01      0.4397823137E+00      0.1616410602E+01
    0.7367191613E+01      0.7367191613E+01      0.4692763338E+00      0.1641859108E+01
    0.7377445886E+01      0.7377445886E+01      0.5007891014E+00      0.1669452470E+01
    0.7385476568E+01      0.7385476568E+01      0.5344682618E+00      0.1699075246E+01
    0.7390881026E+01      0.7390881026E+01      0.5705101256E+00      0.1730672673E+01
    0.7173460910E+01      0.7173460910E+01      0.8724238987E-02      0.1426298844E+01
    0.7173787289E+01      0.7173787289E+01      0.2604664202E-01      0.1428352261E+01
    0.7174037546E+01      0.7174037546E+01      0.4411700839E-01      0.1430961986E+01
    0.7174713810E+01      0.7174713810E+01      0.6272338445E-01      0.1434511828E+01
    0.7175731350E+01      0.7175731350E+01      0.8233108713E-01      0.1439021125E+01
    0.7177600286E+01      0.7177600286E+01      0.1026687669E+00      0.1444011723E+01
    0.7180571535E+01      0.7180571535E+01      0.1237142039E+00      0.1450121390E+01
    0.7184897508E+01      0.7184897508E+01      0.1454200552E+00      0.1457851373E+01
    0.7190900457E+01      0.7190900457E+01      0.1675548946E+00      0.1466517148E+01
    0.7198720628E+01      0.7198720628E+01      0.1900421767E+00      0.1475821852E+01
    0.7208418766E+01      0.7208418766E+01      0.2126995585E+00      0.1485531422E+01
    0.7219845809E+01      0.7219845809E+01      0.2354666418E+00      0.1495705609E+01
    0.7232806275E+01      0.7232806275E+01      0.2583073083E+00      0.1506358311E+01
    0.7246995204E+01      0.7246995204E+01      0.2812775861E+00      0.1517704471E+01
    0.7262070778E+01      0.7262070778E+01      0.3045137809E+00      0.1529995228E+01
    0.7277594658E+01      0.7277594658E+01      0.3282643585E+00      0.1543606547E+01
    0.7293038718E+01      0.7293038718E+01      0.3529648802E+00      0.1558946777E+01
    0.7308241538E+01      0.7308241538E+01      0.3785733535E+00      0.1576220974E+01
    0.7322938919E+01      0.7322938919E+01      0.4053198400E+00      0.1595584105E+01
    0.7336736122E+01      0.7336736122E+01      0.4334505031E+00      0.1616940366E+01
    0.7349267001E+01      0.7349267001E+01      0.4632934022E+00      0.1640476150E+01
    0.7360138641E+01      0.7360138641E+01      0.4951152900E+00      0.1666255836E+01
    0.7369051928E+01      0.7369051928E+01      0.5290724293E+00      0.1694266941E+01
    0.7375721944E+01      0.7375721944E+01      0.5652361897E+00      0.1724280208E+01
    0.7379840966E+01      0.7379840966E+01      0.6036067584E+00      0.1756116455E+01
    0.7168679198E+01      0.7168679198E+01      0.9316784808E-02      0.1452145835E+01
    0.7168877376E+01      0.7168877376E+01      0.2792451115E-01      0.1454309664E+01
    0.7168927993E+01      0.7168927993E+01      0.4720942948E-01      0.1457080572E+01
    0.7169412888E+01      0.7169412888E+01      0.6699170793E-01      0.1460818634E+01
    0.7170282958E+01      0.7170282958E+01      0.8772475955E-01      0.1465430583E+01
    0.7172033200E+01      0.7172033200E+01      0.1091768472E+00      0.1470418358E+01
    0.7175125978E+01      0.7175125978E+01      0.1311196636E+00      0.1476476633E+01
    0.7179730503E+01      0.7179730503E+01      0.1536330885E+00      0.1483925893E+01
    0.7186287962E+01      0.7186287962E+01      0.1763780998E+00      0.1492148862E+01
    0.7194753670E+01      0.7194753670E+01      0.1994700345E+00      0.1500815910E+01
    0.7205182537E+01      0.7205182537E+01      0.2227141580E+00      0.1509922863E+01
    0.7217343389E+01      0.7217343389E+01      0.2461304510E+00      0.1519582920E+01
    0.7230923818E+01      0.7230923818E+01      0.2697272006E+00      0.1529718950E+01
    0.7245587957E+01      0.7245587957E+01      0.2935636817E+00      0.1540545703E+01
    0.7260919347E+01      0.7260919347E+01      0.3177968661E+00      0.1552505950E+01
    0.7276259756E+01      0.7276259756E+01      0.3429506619E+00      0.1565996687E+01
    0.7291272773E+01      0.7291272773E+01      0.3691466942E+00      0.1581328288E+01
    0.7305730374E+01      0.7305730374E+01      0.3965163771E+00      0.1598599950E+01
    0.7319354340E+01      0.7319354340E+01      0.4251670301E+00      0.1617917811E+01
    0.7331889525E+01      0.7331889525E+01      0.4553061729E+00      0.1639426055E+01
    0.7343038007E+01      0.7343038007E+01      0.4872053675E+00      0.1663109130E+01
    0.7352518386E+01      0.7352518386E+01      0.5211157620E+00      0.1688964298E+01
    0.7360080046E+01      0.7360080046E+01      0.5572029849E+00      0.1716924110E+01
    0.7365465406E+01      0.7365465406E+01      0.5955508395E+00      0.1746771416E+01
    0.7368448467E+01      0.7368448467E+01      0.6361314200E+00      0.1778294829E+01
    0.7164447385E+01      0.7164447385E+01      0.9913623022E-02      0.1477515253E+01
    0.7164533589E+01      0.7164533589E+01      0.2980491664E-01      0.1479791829E+01
    0.7164413713E+01      0.7164413713E+01      0.5031120328E-01      0.1482662484E+01
    0.7164722816E+01      0.7164722816E+01      0.7129019389E-01      0.1486450294E+01
    0.7165564926E+01      0.7165564926E+01      0.9307244024E-01      0.1491008182E+01
    0.7167440512E+01      0.7167440512E+01      0.1154719600E+00      0.1495922761E+01
    0.7170740015E+01      0.7170740015E+01      0.1383189998E+00      0.1501677086E+01
    0.7175837011E+01      0.7175837011E+01      0.1614980796E+00      0.1508629935E+01
    0.7183075827E+01      0.7183075827E+01      0.1847633034E+00      0.1516233791E+01
    0.7192266080E+01      0.7192266080E+01      0.2083643446E+00      0.1524204016E+01
    0.7203355760E+01      0.7203355760E+01      0.2321340841E+00      0.1532653640E+01
    0.7216054637E+01      0.7216054637E+01      0.2561817348E+00      0.1541639345E+01
    0.7230176635E+01      0.7230176635E+01      0.2804717149E+00      0.1551383544E+01
    0.7245215619E+01      0.7245215619E+01      0.3052053500E+00      0.1561854228E+01
    0.7260405016E+01      0.7260405016E+01      0.3308112021E+00      0.1573514500E+01
    0.7275309756E+01      0.7275309756E+01      0.3575739474E+00      0.1587011733E+01
    0.7289602625E+01      0.7289602625E+01      0.3855494461E+00      0.1602254241E+01
    0.7303028089E+01      0.7303028089E+01      0.4148281033E+00      0.1619539798E+01
    0.7315378917E+01      0.7315378917E+01      0.4454958834E+00      0.1639004469E+01
    0.7326500735E+01      0.7326500735E+01      0.4776894145E+00      0.1660634608E+01
    0.7336206798E+01      0.7336206798E+01      0.5115859770E+00      0.1684293712E+01
    0.7344309913E+01      0.7344309913E+01      0.5473933613E+00      0.1709866008E+01
    0.7350593126E+01      0.7350593126E+01      0.5852890836E+00      0.1737264013E+01
    0.7354797964E+01      0.7354797964E+01      0.6254119155E+00      0.1766327367E+01
    0.7356737200E+01      0.7356737200E+01      0.6678581467E+00      0.1796802846E+01
