    0.6481562125E+01      0.6481562125E+01      0.3727333943E+01     -0.2085211029E+00
    0.6424426053E+01      0.6424426053E+01      0.3925450779E+01     -0.2634522479E+00
    0.6363641744E+01      0.6363641744E+01      0.4124276787E+01     -0.3110317947E+00
    0.6300148729E+01      0.6300148729E+01      0.4325876656E+01     -0.3497376378E+00
    0.6233482642E+01      0.6233482642E+01      0.4524027362E+01     -0.3792964587E+00
    0.6165058328E+01      0.6165058328E+01      0.4718773925E+01     -0.4015982720E+00
    0.6093508431E+01      0.6093508431E+01      0.4909241120E+01     -0.4183208326E+00
    0.6018969183E+01      0.6018969183E+01      0.5095152739E+01     -0.4288925316E+00
    0.5940783542E+01      0.5940783542E+01      0.5277307732E+01     -0.4328133503E+00
    0.5859775995E+01      0.5859775995E+01      0.5454360675E+01     -0.4302889442E+00
    0.5776372745E+01      0.5776372745E+01      0.5626689053E+01     -0.4205177620E+00
    0.5693764808E+01      0.5693764808E+01      0.5792118605E+01     -0.4013146117E+00
    0.5608381089E+01      0.5608381089E+01      0.5940559192E+01     -0.3738957552E+00
    0.5532263990E+01      0.5532263990E+01      0.6083040216E+01     -0.3359636182E+00
    0.5454546563E+01      0.5454546563E+01      0.6199181875E+01     -0.2858805521E+00
    0.5390387830E+01      0.5390387830E+01      0.6301806618E+01     -0.2244203037E+00
    0.5329483986E+01      0.5329483986E+01      0.6374118116E+01     -0.1522399902E+00
    0.5280154693E+01      0.5280154693E+01      0.6425537549E+01     -0.7108500277E-01
    0.5242920146E+01      0.5242920146E+01      0.6454024124E+01      0.1468690207E-01
    0.5213045510E+01      0.5213045510E+01      0.6442729463E+01      0.1035052150E+00
    0.5211085718E+01      0.5211085718E+01      0.6408731953E+01      0.1959807140E+00
    0.5230621309E+01      0.5230621309E+01      0.6331983964E+01      0.2817100003E+00
    0.5272898937E+01      0.5272898937E+01      0.6214625202E+01      0.3561098812E+00
    0.5340609813E+01      0.5340609813E+01      0.6055920566E+01      0.4244210188E+00
    0.5429669621E+01      0.5429669621E+01      0.5863108714E+01      0.4597199438E+00
    0.6492972326E+01      0.6492972326E+01      0.3675148506E+01     -0.3512251248E+00
    0.6434868177E+01      0.6434868177E+01      0.3881046330E+01     -0.4088246447E+00
    0.6374039497E+01      0.6374039497E+01      0.4090446412E+01     -0.4579169368E+00
    0.6310020762E+01      0.6310020762E+01      0.4300339608E+01     -0.4938419598E+00
    0.6244476003E+01      0.6244476003E+01      0.4505836705E+01     -0.5189462793E+00
    0.6176340834E+01      0.6176340834E+01      0.4706087622E+01     -0.5364455422E+00
    0.6105057167E+01      0.6105057167E+01      0.4903451049E+01     -0.5475998549E+00
    0.6029979739E+01      0.6029979739E+01      0.5097392905E+01     -0.5518502237E+00
    0.5951060856E+01      0.5951060856E+01      0.5288520930E+01     -0.5493523347E+00
    0.5868146789E+01      0.5868146789E+01      0.5477797948E+01     -0.5397578261E+00
    0.5781669346E+01      0.5781669346E+01      0.5662431649E+01     -0.5204196662E+00
    0.5695000530E+01      0.5695000530E+01      0.5838629245E+01     -0.4912070658E+00
    0.5604985714E+01      0.5604985714E+01      0.6000842751E+01     -0.4500193069E+00
    0.5522288629E+01      0.5522288629E+01      0.6155128829E+01     -0.3943833141E+00
    0.5437621836E+01      0.5437621836E+01      0.6283386825E+01     -0.3244102552E+00
    0.5367320654E+01      0.5367320654E+01      0.6399087951E+01     -0.2414781948E+00
    0.5301406647E+01      0.5301406647E+01      0.6481678230E+01     -0.1477461524E+00
    0.5246930569E+01      0.5246930569E+01      0.6542177641E+01     -0.4313644796E-01
    0.5207516274E+01      0.5207516274E+01      0.6573241163E+01      0.6605714664E-01
    0.5175332527E+01      0.5175332527E+01      0.6560927689E+01      0.1775957121E+00
    0.5173352124E+01      0.5173352124E+01      0.6523825554E+01      0.2914151166E+00
    0.5195026321E+01      0.5195026321E+01      0.6438605921E+01      0.3998962432E+00
    0.5243668245E+01      0.5243668245E+01      0.6305822430E+01      0.4901726622E+00
    0.5323357447E+01      0.5323357447E+01      0.6123243312E+01      0.5709483511E+00
    0.5419683126E+01      0.5419683126E+01      0.5912238535E+01      0.6185708429E+00
    0.6500137504E+01      0.6500137504E+01      0.3624892784E+01     -0.5076112699E+00
    0.6441196534E+01      0.6441196534E+01      0.3846045021E+01     -0.5698700569E+00
    0.6379111382E+01      0.6379111382E+01      0.4070250946E+01     -0.6200189285E+00
    0.6315717648E+01      0.6315717648E+01      0.4291010718E+01     -0.6502866826E+00
    0.6250689965E+01      0.6250689965E+01      0.4502317606E+01     -0.6689040060E+00
    0.6182682605E+01      0.6182682605E+01      0.4708365274E+01     -0.6809640180E+00
    0.6111410742E+01      0.6111410742E+01      0.4909846559E+01     -0.6857389850E+00
    0.6036433010E+01      0.6036433010E+01      0.5106772954E+01     -0.6839368748E+00
    0.5956538544E+01      0.5956538544E+01      0.5300777541E+01     -0.6756541568E+00
    0.5871288185E+01      0.5871288185E+01      0.5491419643E+01     -0.6587469428E+00
    0.5781517395E+01      0.5781517395E+01      0.5678526538E+01     -0.6300407107E+00
    0.5689496376E+01      0.5689496376E+01      0.5859774309E+01     -0.5868261918E+00
    0.5593365850E+01      0.5593365850E+01      0.6030795450E+01     -0.5301808256E+00
    0.5502730621E+01      0.5502730621E+01      0.6196139980E+01     -0.4576472768E+00
    0.5409987060E+01      0.5409987060E+01      0.6339163511E+01     -0.3686438679E+00
    0.5331023509E+01      0.5331023509E+01      0.6470889889E+01     -0.2629515614E+00
    0.5259618566E+01      0.5259618566E+01      0.6568839767E+01     -0.1459219217E+00
    0.5198443662E+01      0.5198443662E+01      0.6642134134E+01     -0.1656477620E-01
    0.5157761626E+01      0.5157761626E+01      0.6692546881E+01      0.1183568224E+00
    0.5122110792E+01      0.5122110792E+01      0.6685289221E+01      0.2557343722E+00
    0.5121059597E+01      0.5121059597E+01      0.6651557780E+01      0.3924908566E+00
    0.5144879403E+01      0.5144879403E+01      0.6564577680E+01      0.5284945797E+00
    0.5204825164E+01      0.5204825164E+01      0.6413878649E+01      0.6324382335E+00
    0.5296207587E+01      0.5296207587E+01      0.6209492472E+01      0.7294151429E+00
    0.5400136566E+01      0.5400136566E+01      0.5979356027E+01      0.7922948884E+00
    0.6502609650E+01      0.6502609650E+01      0.3590078688E+01     -0.6895514565E+00
    0.6440126332E+01      0.6440126332E+01      0.3836823691E+01     -0.7573988713E+00
    0.6374036174E+01      0.6374036174E+01      0.4079282532E+01     -0.7937313691E+00
    0.6309129762E+01      0.6309129762E+01      0.4298636481E+01     -0.8115771791E+00
    0.6243865045E+01      0.6243865045E+01      0.4504680429E+01     -0.8207897504E+00
    0.6176789048E+01      0.6176789048E+01      0.4700563340E+01     -0.8229948573E+00
    0.6106485825E+01      0.6106485825E+01      0.4885338434E+01     -0.8192853299E+00
    0.6032509627E+01      0.6032509627E+01      0.5060880787E+01     -0.8111693505E+00
    0.5952538567E+01      0.5952538567E+01      0.5236155491E+01     -0.7953975416E+00
    0.5866569702E+01      0.5866569702E+01      0.5410691197E+01     -0.7705249725E+00
    0.5774157384E+01      0.5774157384E+01      0.5587387861E+01     -0.7353223799E+00
    0.5676768049E+01      0.5676768049E+01      0.5767059485E+01     -0.6841058207E+00
    0.5573190034E+01      0.5573190034E+01      0.5949371925E+01     -0.6160945238E+00
    0.5472764590E+01      0.5472764590E+01      0.6132105104E+01     -0.5288157635E+00
    0.5370330473E+01      0.5370330473E+01      0.6298907454E+01     -0.4224065867E+00
    0.5280146998E+01      0.5280146998E+01      0.6458355223E+01     -0.2941857647E+00
    0.5200923503E+01      0.5200923503E+01      0.6582133642E+01     -0.1503423766E+00
    0.5136820257E+01      0.5136820257E+01      0.6669358001E+01      0.3938166251E-03
    0.5091996587E+01      0.5091996587E+01      0.6754294242E+01      0.1632097505E+00
    0.5057412566E+01      0.5057412566E+01      0.6758512657E+01      0.3275963341E+00
    0.5056216653E+01      0.5056216653E+01      0.6738208097E+01      0.4878424748E+00
    0.5084427926E+01      0.5084427926E+01      0.6661550227E+01      0.6500289137E+00
    0.5155044044E+01      0.5155044044E+01      0.6510590694E+01      0.7760390892E+00
    0.5257900102E+01      0.5257900102E+01      0.6302178520E+01      0.8900617441E+00
    0.5364499973E+01      0.5364499973E+01      0.6072662401E+01      0.9814436516E+00
    0.6493106560E+01      0.6493106560E+01      0.3600163592E+01     -0.9005145793E+00
    0.6419494718E+01      0.6419494718E+01      0.3856333204E+01     -0.9402083438E+00
    0.6351610663E+01      0.6351610663E+01      0.4071325594E+01     -0.9529615532E+00
    0.6286539139E+01      0.6286539139E+01      0.4251007878E+01     -0.9564968515E+00
    0.6223123423E+01      0.6223123423E+01      0.4403971628E+01     -0.9503682805E+00
    0.6158988700E+01      0.6158988700E+01      0.4533300024E+01     -0.9369899852E+00
    0.6092427929E+01      0.6092427929E+01      0.4646451347E+01     -0.9192925937E+00
    0.6023614814E+01      0.6023614814E+01      0.4754316626E+01     -0.9052434061E+00
    0.5945497190E+01      0.5945497190E+01      0.4871022538E+01     -0.8865347349E+00
    0.5861412070E+01      0.5861412070E+01      0.4993991916E+01     -0.8604799879E+00
    0.5771695086E+01      0.5771695086E+01      0.5127997998E+01     -0.8272931157E+00
    0.5665923282E+01      0.5665923282E+01      0.5288478610E+01     -0.7775386287E+00
    0.5552968809E+01      0.5552968809E+01      0.5468592025E+01     -0.7095544649E+00
    0.5438677778E+01      0.5438677778E+01      0.5661361054E+01     -0.6177235522E+00
    0.5324637028E+01      0.5324637028E+01      0.5864165006E+01     -0.5039345401E+00
    0.5218559291E+01      0.5218559291E+01      0.6070357774E+01     -0.3658904397E+00
    0.5122710599E+01      0.5122710599E+01      0.6279058029E+01     -0.2003431234E+00
    0.5050856775E+01      0.5050856775E+01      0.6458580797E+01     -0.1578624889E-01
    0.5000998877E+01      0.5000998877E+01      0.6573850840E+01      0.1884634893E+00
    0.4980631260E+01      0.4980631260E+01      0.6645828650E+01      0.3780914752E+00
    0.4980293627E+01      0.4980293627E+01      0.6663845712E+01      0.5628313056E+00
    0.5016002582E+01      0.5016002582E+01      0.6605715028E+01      0.7523477101E+00
    0.5098129960E+01      0.5098129960E+01      0.6467424063E+01      0.9049847724E+00
    0.5209041178E+01      0.5209041178E+01      0.6273409485E+01      0.1042000417E+01
    0.5318509056E+01      0.5318509056E+01      0.6062128047E+01      0.1166201754E+01
    0.6453996338E+01      0.6453996338E+01      0.3595966562E+01     -0.1100551915E+01
    0.6385153602E+01      0.6385153602E+01      0.3744703600E+01     -0.1080668270E+01
    0.6341247298E+01      0.6341247298E+01      0.3819785582E+01     -0.1048544706E+01
    0.6296818123E+01      0.6296818123E+01      0.3854167604E+01     -0.1020670056E+01
    0.6246407954E+01      0.6246407954E+01      0.3869348582E+01     -0.9899052990E+00
    0.6191132617E+01      0.6191132617E+01      0.3860537868E+01     -0.9546485785E+00
    0.6126567690E+01      0.6126567690E+01      0.3854754294E+01     -0.9296767089E+00
    0.6055230026E+01      0.6055230026E+01      0.3859594404E+01     -0.9210014757E+00
    0.5975343737E+01      0.5975343737E+01      0.3882884517E+01     -0.9136610252E+00
    0.5876957305E+01      0.5876957305E+01      0.3951321533E+01     -0.9061754784E+00
    0.5770427016E+01      0.5770427016E+01      0.4067330101E+01     -0.9038053243E+00
    0.5645514318E+01      0.5645514318E+01      0.4244491486E+01     -0.8775087059E+00
    0.5525855974E+01      0.5525855974E+01      0.4454219453E+01     -0.8299591797E+00
    0.5403211494E+01      0.5403211494E+01      0.4697426841E+01     -0.7532032116E+00
    0.5280704071E+01      0.5280704071E+01      0.4956510691E+01     -0.6433504216E+00
    0.5166864726E+01      0.5166864726E+01      0.5226334197E+01     -0.5014053815E+00
    0.5057884835E+01      0.5057884835E+01      0.5482584023E+01     -0.3234883169E+00
    0.4972409965E+01      0.4972409965E+01      0.5740912447E+01     -0.1180989833E+00
    0.4899369468E+01      0.4899369468E+01      0.5967891665E+01      0.1102627984E+00
    0.4862604283E+01      0.4862604283E+01      0.6181286470E+01      0.3571931623E+00
    0.4882073442E+01      0.4882073442E+01      0.6282926637E+01      0.5905941322E+00
    0.4933948572E+01      0.4933948572E+01      0.6273359972E+01      0.8152373361E+00
    0.5028945684E+01      0.5028945684E+01      0.6200992977E+01      0.9969768875E+00
    0.5144542904E+01      0.5144542904E+01      0.6079779236E+01      0.1165516730E+01
    0.5259182587E+01      0.5259182587E+01      0.5928375868E+01      0.1328443074E+01
    0.6449827780E+01      0.6449827780E+01      0.3235199637E+01     -0.1182929734E+01
    0.6405015244E+01      0.6405015244E+01      0.3203312100E+01     -0.1076646047E+01
    0.6356487602E+01      0.6356487602E+01      0.3123786911E+01     -0.9891962288E+00
    0.6316790729E+01      0.6316790729E+01      0.2987384469E+01     -0.9176345358E+00
    0.6256423902E+01      0.6256423902E+01      0.2848219327E+01     -0.8777609804E+00
    0.6192487685E+01      0.6192487685E+01      0.2741630905E+01     -0.8806067624E+00
    0.6127147028E+01      0.6127147028E+01      0.2702778065E+01     -0.8961745062E+00
    0.6044350653E+01      0.6044350653E+01      0.2732816388E+01     -0.9131886752E+00
    0.5956218742E+01      0.5956218742E+01      0.2807375207E+01     -0.9465099557E+00
    0.5859448252E+01      0.5859448252E+01      0.2948576113E+01     -0.9949773296E+00
    0.5756378735E+01      0.5756378735E+01      0.3161208734E+01     -0.1060805822E+01
    0.5629781833E+01      0.5629781833E+01      0.3452557726E+01     -0.1080649755E+01
    0.5505186621E+01      0.5505186621E+01      0.3770744571E+01     -0.1052419525E+01
    0.5373763445E+01      0.5373763445E+01      0.4111040876E+01     -0.9790455317E+00
    0.5242170413E+01      0.5242170413E+01      0.4444245907E+01     -0.8591483978E+00
    0.5121262851E+01      0.5121262851E+01      0.4771306223E+01     -0.6936512243E+00
    0.5000283726E+01      0.5000283726E+01      0.5047194116E+01     -0.4845918631E+00
    0.4906609149E+01      0.4906609149E+01      0.5291420461E+01     -0.2444089354E+00
    0.4825638035E+01      0.4825638035E+01      0.5460445348E+01      0.1284094876E-01
    0.4776742296E+01      0.4776742296E+01      0.5601563902E+01      0.2794416575E+00
    0.4792757390E+01      0.4792757390E+01      0.5729924631E+01      0.5434526310E+00
    0.4848496933E+01      0.4848496933E+01      0.5749007582E+01      0.7921334817E+00
    0.4942116819E+01      0.4942116819E+01      0.5722778501E+01      0.1007941622E+01
    0.5063736763E+01      0.5063736763E+01      0.5657932031E+01      0.1222832772E+01
    0.5190131804E+01      0.5190131804E+01      0.5576738852E+01      0.1431861206E+01
    0.6411080092E+01      0.6411080092E+01      0.2694956912E+01     -0.1068074267E+01
    0.6386671844E+01      0.6386671844E+01      0.2453542241E+01     -0.8502345274E+00
    0.6351736565E+01      0.6351736565E+01      0.2159841932E+01     -0.7544337589E+00
    0.6305645672E+01      0.6305645672E+01      0.1945527771E+01     -0.7327814035E+00
    0.6249306444E+01      0.6249306444E+01      0.1853485734E+01     -0.7659813057E+00
    0.6184296745E+01      0.6184296745E+01      0.1846303261E+01     -0.8269127424E+00
    0.6107568690E+01      0.6107568690E+01      0.1886251445E+01     -0.9029628416E+00
    0.6034295262E+01      0.6034295262E+01      0.1990221718E+01     -0.9972528510E+00
    0.5950261682E+01      0.5950261682E+01      0.2182740163E+01     -0.1104286900E+01
    0.5859448160E+01      0.5859448160E+01      0.2440592623E+01     -0.1214461735E+01
    0.5757346617E+01      0.5757346617E+01      0.2753983765E+01     -0.1340587162E+01
    0.5630282608E+01      0.5630282608E+01      0.3121245538E+01     -0.1392101626E+01
    0.5490998136E+01      0.5490998136E+01      0.3505900270E+01     -0.1363935956E+01
    0.5343536513E+01      0.5343536513E+01      0.3898328002E+01     -0.1280213873E+01
    0.5192798635E+01      0.5192798635E+01      0.4282957133E+01     -0.1131461530E+01
    0.5050780116E+01      0.5050780116E+01      0.4651420150E+01     -0.9125491507E+00
    0.4910645468E+01      0.4910645468E+01      0.4947115973E+01     -0.6429147477E+00
    0.4814093402E+01      0.4814093402E+01      0.5202447533E+01     -0.3409516586E+00
    0.4737877308E+01      0.4737877308E+01      0.5344319598E+01     -0.2971662163E-01
    0.4712895454E+01      0.4712895454E+01      0.5401485961E+01      0.2641651835E+00
    0.4736759265E+01      0.4736759265E+01      0.5376482458E+01      0.5530504223E+00
    0.4797917095E+01      0.4797917095E+01      0.5313484030E+01      0.8122772882E+00
    0.4889910257E+01      0.4889910257E+01      0.5229447902E+01      0.1038442638E+01
    0.4999690062E+01      0.4999690062E+01      0.5153401864E+01      0.1252965694E+01
    0.5120713932E+01      0.5120713932E+01      0.5097326360E+01      0.1463758134E+01
    0.6394600894E+01      0.6394600894E+01      0.1867095541E+01     -0.6779550750E+00
    0.6380082319E+01      0.6380082319E+01      0.1432904389E+01     -0.5063798456E+00
    0.6341175430E+01      0.6341175430E+01      0.1241979353E+01     -0.5463952561E+00
    0.6281747129E+01      0.6281747129E+01      0.1201165195E+01     -0.6327954666E+00
    0.6219681556E+01      0.6219681556E+01      0.1214330318E+01     -0.7464344997E+00
    0.6155996474E+01      0.6155996474E+01      0.1290374621E+01     -0.8811484885E+00
    0.6094110420E+01      0.6094110420E+01      0.1439526445E+01     -0.1034262815E+01
    0.6027412980E+01      0.6027412980E+01      0.1650857762E+01     -0.1201503703E+01
    0.5945960607E+01      0.5945960607E+01      0.1911627002E+01     -0.1366666673E+01
    0.5850581248E+01      0.5850581248E+01      0.2206871026E+01     -0.1508912371E+01
    0.5736060913E+01      0.5736060913E+01      0.2536328040E+01     -0.1659603869E+01
    0.5604107346E+01      0.5604107346E+01      0.2892567362E+01     -0.1722643390E+01
    0.5446855673E+01      0.5446855673E+01      0.3284781010E+01     -0.1689924779E+01
    0.5281375439E+01      0.5281375439E+01      0.3687380170E+01     -0.1593679217E+01
    0.5114419562E+01      0.5114419562E+01      0.4093575179E+01     -0.1417514009E+01
    0.4947027708E+01      0.4947027708E+01      0.4474266522E+01     -0.1151333588E+01
    0.4799603284E+01      0.4799603284E+01      0.4819634750E+01     -0.8256981445E+00
    0.4683084492E+01      0.4683084492E+01      0.5089971917E+01     -0.4447345143E+00
    0.4612230086E+01      0.4612230086E+01      0.5264449000E+01     -0.4523229326E-01
    0.4588644136E+01      0.4588644136E+01      0.5315099839E+01      0.3365145714E+00
    0.4621536770E+01      0.4621536770E+01      0.5251999193E+01      0.6768609489E+00
    0.4704560328E+01      0.4704560328E+01      0.5097360990E+01      0.9612566146E+00
    0.4825223532E+01      0.4825223532E+01      0.4889847431E+01      0.1158001318E+01
    0.4949636349E+01      0.4949636349E+01      0.4728431620E+01      0.1334431705E+01
    0.5078669493E+01      0.5078669493E+01      0.4615347606E+01      0.1515787559E+01
    0.6257530529E+01      0.6257530529E+01      0.6810628274E+00     -0.3030863883E+00
    0.6303269576E+01      0.6303269576E+01      0.5111836995E+00     -0.3033239751E+00
    0.6253573706E+01      0.6253573706E+01      0.5761715211E+00     -0.5223202854E+00
    0.6220791639E+01      0.6220791639E+01      0.6852845559E+00     -0.7046524525E+00
    0.6180464408E+01      0.6180464408E+01      0.8502356041E+00     -0.8762604359E+00
    0.6133530856E+01      0.6133530856E+01      0.1044382171E+01     -0.1060794620E+01
    0.6071197369E+01      0.6071197369E+01      0.1255121585E+01     -0.1244905641E+01
    0.6001721573E+01      0.6001721573E+01      0.1462752841E+01     -0.1431554408E+01
    0.5920858967E+01      0.5920858967E+01      0.1675082135E+01     -0.1612232262E+01
    0.5823869882E+01      0.5823869882E+01      0.1910208297E+01     -0.1779772327E+01
    0.5701692454E+01      0.5701692454E+01      0.2180840533E+01     -0.1952520723E+01
    0.5563801751E+01      0.5563801751E+01      0.2478971482E+01     -0.2032909788E+01
    0.5391626878E+01      0.5391626878E+01      0.2831814989E+01     -0.2010308444E+01
    0.5212322198E+01      0.5212322198E+01      0.3200272424E+01     -0.1916484757E+01
    0.5024215894E+01      0.5024215894E+01      0.3588443403E+01     -0.1722390260E+01
    0.4831609601E+01      0.4831609601E+01      0.3970534180E+01     -0.1424672904E+01
    0.4664889827E+01      0.4664889827E+01      0.4350498856E+01     -0.1039096328E+01
    0.4530323065E+01      0.4530323065E+01      0.4657788677E+01     -0.5820750057E+00
    0.4449927281E+01      0.4449927281E+01      0.4864228571E+01     -0.7647759137E-01
    0.4454714883E+01      0.4454714883E+01      0.4962713027E+01      0.3721444386E+00
    0.4504326926E+01      0.4504326926E+01      0.4914939096E+01      0.7759930951E+00
    0.4611148321E+01      0.4611148321E+01      0.4764924392E+01      0.1131860248E+01
    0.4751462199E+01      0.4751462199E+01      0.4537206284E+01      0.1351926283E+01
    0.4899394963E+01      0.4899394963E+01      0.4296656885E+01      0.1478401076E+01
    0.5042330808E+01      0.5042330808E+01      0.4126006119E+01      0.1606902940E+01
    0.0000000000E+00      0.2000000000E+02      0.0000000000E+00      0.0000000000E+00
    0.6214304503E+01      0.6214304503E+01      0.2168583947E+00     -0.4966749407E+00
    0.6216526951E+01      0.6216526951E+01      0.4022622290E+00     -0.6841114565E+00
    0.6189538171E+01      0.6189538171E+01      0.5997469242E+00     -0.8718128948E+00
    0.6150955262E+01      0.6150955262E+01      0.7477895667E+00     -0.1054131279E+01
    0.6100495654E+01      0.6100495654E+01      0.8762552045E+00     -0.1237827530E+01
    0.6039784082E+01      0.6039784082E+01      0.9968558852E+00     -0.1424241507E+01
    0.5968557486E+01      0.5968557486E+01      0.1124096537E+01     -0.1618804768E+01
    0.5884001576E+01      0.5884001576E+01      0.1271298200E+01     -0.1812425489E+01
    0.5782282799E+01      0.5782282799E+01      0.1448808280E+01     -0.2006054365E+01
    0.5653977287E+01      0.5653977287E+01      0.1660742910E+01     -0.2199210434E+01
    0.5505847432E+01      0.5505847432E+01      0.1904017424E+01     -0.2307079531E+01
    0.5323610624E+01      0.5323610624E+01      0.2200940260E+01     -0.2308607441E+01
    0.5125510088E+01      0.5125510088E+01      0.2522844352E+01     -0.2222076677E+01
    0.4920401110E+01      0.4920401110E+01      0.2860233870E+01     -0.2018511428E+01
    0.4713845620E+01      0.4713845620E+01      0.3186835631E+01     -0.1705324256E+01
    0.4534822636E+01      0.4534822636E+01      0.3526633528E+01     -0.1278156477E+01
    0.4382775834E+01      0.4382775834E+01      0.3824305208E+01     -0.7715845272E+00
    0.4295390194E+01      0.4295390194E+01      0.4084249994E+01     -0.1913198126E+00
    0.4308042919E+01      0.4308042919E+01      0.4264938236E+01      0.3620824745E+00
    0.4384844245E+01      0.4384844245E+01      0.4243642694E+01      0.8387537787E+00
    0.4513326996E+01      0.4513326996E+01      0.4158928356E+01      0.1251075311E+01
    0.4683183841E+01      0.4683183841E+01      0.3984939609E+01      0.1535546530E+01
    0.4858965412E+01      0.4858965412E+01      0.3774933102E+01      0.1646110060E+01
    0.5019204102E+01      0.5019204102E+01      0.3588150665E+01      0.1719843946E+01
    0.0000000000E+00      0.2000000000E+02      0.0000000000E+00      0.0000000000E+00
    0.6173913080E+01      0.6173913080E+01      0.1534668854E+00     -0.7737729708E+00
    0.6165847933E+01      0.6165847933E+01      0.2797921515E+00     -0.8638874944E+00
    0.6136627076E+01      0.6136627076E+01      0.4157549592E+00     -0.1017498919E+01
    0.6097810465E+01      0.6097810465E+01      0.5228385842E+00     -0.1182806268E+01
    0.6048950782E+01      0.6048950782E+01      0.6147311504E+00     -0.1361158099E+01
    0.5990557062E+01      0.5990557062E+01      0.6998311422E+00     -0.1547149798E+01
    0.5922362944E+01      0.5922362944E+01      0.7870060403E+00     -0.1752231783E+01
    0.5839118094E+01      0.5839118094E+01      0.8858291132E+00     -0.1964264350E+01
    0.5737244728E+01      0.5737244728E+01      0.1001721504E+01     -0.2182959899E+01
    0.5609999208E+01      0.5609999208E+01      0.1136641199E+01     -0.2390671130E+01
    0.5458367822E+01      0.5458367822E+01      0.1293980297E+01     -0.2521654934E+01
    0.5275153186E+01      0.5275153186E+01      0.1489371789E+01     -0.2545841734E+01
    0.5062892286E+01      0.5062892286E+01      0.1718522163E+01     -0.2465205805E+01
    0.4841749012E+01      0.4841749012E+01      0.1953484011E+01     -0.2256891601E+01
    0.4622838672E+01      0.4622838672E+01      0.2194516646E+01     -0.1935641665E+01
    0.4421441983E+01      0.4421441983E+01      0.2448846350E+01     -0.1505329827E+01
    0.4261492337E+01      0.4261492337E+01      0.2717916209E+01     -0.9939891674E+00
    0.4168927903E+01      0.4168927903E+01      0.2996146568E+01     -0.3659742344E+00
    0.4191186763E+01      0.4191186763E+01      0.3223617611E+01      0.3086972970E+00
    0.4280396504E+01      0.4280396504E+01      0.3261914437E+01      0.8350705687E+00
    0.4440329753E+01      0.4440329753E+01      0.3225226092E+01      0.1309098018E+01
    0.4641102956E+01      0.4641102956E+01      0.3150105127E+01      0.1662340630E+01
    0.4839900801E+01      0.4839900801E+01      0.3057463365E+01      0.1797447379E+01
    0.5020916474E+01      0.5020916474E+01      0.2949635303E+01      0.1838276486E+01
    0.0000000000E+00      0.2000000000E+02      0.0000000000E+00      0.0000000000E+00
    0.6107367523E+01      0.6107367523E+01      0.9345834218E-01     -0.9552281677E+00
    0.6098982474E+01      0.6098982474E+01      0.1788603078E+00     -0.9997716115E+00
    0.6073629685E+01      0.6073629685E+01      0.2723167095E+00     -0.1138255204E+01
    0.6037710929E+01      0.6037710929E+01      0.3411099533E+00     -0.1287228527E+01
    0.5993213234E+01      0.5993213234E+01      0.3898665713E+00     -0.1457303879E+01
    0.5938895426E+01      0.5938895426E+01      0.4294632228E+00     -0.1640109645E+01
    0.5871751907E+01      0.5871751907E+01      0.4663931192E+00     -0.1848517972E+01
    0.5787456021E+01      0.5787456021E+01      0.5062009817E+00     -0.2070242007E+01
    0.5684287300E+01      0.5684287300E+01      0.5463027495E+00     -0.2303651258E+01
    0.5556921388E+01      0.5556921388E+01      0.5889180684E+00     -0.2522189884E+01
    0.5402484226E+01      0.5402484226E+01      0.6436280283E+00     -0.2674684495E+01
    0.5218229757E+01      0.5218229757E+01      0.7215822698E+00     -0.2722533881E+01
    0.5002656565E+01      0.5002656565E+01      0.8248414642E+00     -0.2651267794E+01
    0.4777859948E+01      0.4777859948E+01      0.9301860313E+00     -0.2434476953E+01
    0.4558422662E+01      0.4558422662E+01      0.1047978409E+01     -0.2114405297E+01
    0.4354390139E+01      0.4354390139E+01      0.1183154111E+01     -0.1684535444E+01
    0.4195610499E+01      0.4195610499E+01      0.1351922010E+01     -0.1190769673E+01
    0.4096908692E+01      0.4096908692E+01      0.1563134610E+01     -0.5521713431E+00
    0.4121149479E+01      0.4121149479E+01      0.1833133809E+01      0.1895666859E+00
    0.4225565325E+01      0.4225565325E+01      0.1996523057E+01      0.7860739304E+00
    0.4394826269E+01      0.4394826269E+01      0.2073081283E+01      0.1294705465E+01
    0.4600926536E+01      0.4600926536E+01      0.2114249763E+01      0.1660717517E+01
    0.4818287698E+01      0.4818287698E+01      0.2147771926E+01      0.1833162963E+01
    0.5018502779E+01      0.5018502779E+01      0.2164275384E+01      0.1890254981E+01
    0.0000000000E+00      0.2000000000E+02      0.0000000000E+00      0.0000000000E+00
    0.6040156949E+01      0.6040156949E+01      0.5066389140E-01     -0.1082728978E+01
    0.6031602999E+01      0.6031602999E+01      0.9483805607E-01     -0.1103491904E+01
    0.6007826818E+01      0.6007826818E+01      0.1466586081E+00     -0.1228657618E+01
    0.5974199687E+01      0.5974199687E+01      0.1768562271E+00     -0.1357750211E+01
    0.5932159197E+01      0.5932159197E+01      0.1862162838E+00     -0.1518304860E+01
    0.5883335086E+01      0.5883335086E+01      0.1816170910E+00     -0.1695123058E+01
    0.5827537780E+01      0.5827537780E+01      0.1656880689E+00     -0.1893334174E+01
    0.5753869317E+01      0.5753869317E+01      0.1462943493E+00     -0.2104913881E+01
    0.5662988160E+01      0.5662988160E+01      0.1141158575E+00     -0.2328526847E+01
    0.5547304272E+01      0.5547304272E+01      0.7120546562E-01     -0.2541058632E+01
    0.5398279880E+01      0.5398279880E+01      0.2749235256E-01     -0.2702327910E+01
    0.5216217634E+01      0.5216217634E+01     -0.6111379142E-02     -0.2762832958E+01
    0.5007999240E+01      0.5007999240E+01     -0.2623089075E-01     -0.2694987348E+01
    0.4787556254E+01      0.4787556254E+01     -0.3587530571E-01     -0.2475217149E+01
    0.4574557762E+01      0.4574557762E+01     -0.3170932028E-01     -0.2169456049E+01
    0.4381302233E+01      0.4381302233E+01     -0.1201013208E-01     -0.1745716376E+01
    0.4230019571E+01      0.4230019571E+01      0.3433432304E-01     -0.1285145624E+01
    0.4142621245E+01      0.4142621245E+01      0.1544615553E+00     -0.6781641033E+00
    0.4150783725E+01      0.4150783725E+01      0.4196427933E+00      0.5200748005E-01
    0.4254854853E+01      0.4254854853E+01      0.6375679554E+00      0.6913087124E+00
    0.4427201744E+01      0.4427201744E+01      0.8211330265E+00      0.1208976940E+01
    0.4634291675E+01      0.4634291675E+01      0.9967102058E+00      0.1566336947E+01
    0.4849026795E+01      0.4849026795E+01      0.1172151505E+01      0.1751061303E+01
    0.5045418400E+01      0.5045418400E+01      0.1311506608E+01      0.1829795493E+01
    0.0000000000E+00      0.2000000000E+02      0.0000000000E+00      0.0000000000E+00
    0.5969113932E+01      0.5969113932E+01      0.1772045307E-01     -0.1164789297E+01
    0.5962190795E+01      0.5962190795E+01      0.2500550026E-01     -0.1174526884E+01
    0.5943320076E+01      0.5943320076E+01      0.3660575968E-01     -0.1283998377E+01
    0.5917893529E+01      0.5917893529E+01      0.3275029590E-01     -0.1390612067E+01
    0.5889188522E+01      0.5889188522E+01      0.1200421338E-01     -0.1528184294E+01
    0.5848949481E+01      0.5848949481E+01     -0.2409644002E-01     -0.1688000953E+01
    0.5796365652E+01      0.5796365652E+01     -0.8137795678E-01     -0.1869383949E+01
    0.5725967189E+01      0.5725967189E+01     -0.1552556931E+00     -0.2066143023E+01
    0.5639093517E+01      0.5639093517E+01     -0.2533159500E+00     -0.2272432912E+01
    0.5530634065E+01      0.5530634065E+01     -0.3753456558E+00     -0.2465927413E+01
    0.5398733463E+01      0.5398733463E+01     -0.5176039493E+00     -0.2621460926E+01
    0.5235286526E+01      0.5235286526E+01     -0.6589039884E+00     -0.2699638323E+01
    0.5048099518E+01      0.5048099518E+01     -0.7887642346E+00     -0.2652367368E+01
    0.4846724487E+01      0.4846724487E+01     -0.9001965732E+00     -0.2460362783E+01
    0.4652778877E+01      0.4652778877E+01     -0.9859000561E+00     -0.2173761208E+01
    0.4475389433E+01      0.4475389433E+01     -0.1054628322E+01     -0.1761805224E+01
    0.4334869139E+01      0.4334869139E+01     -0.1104174802E+01     -0.1319704751E+01
    0.4272799831E+01      0.4272799831E+01     -0.1067936582E+01     -0.7629155986E+00
    0.4284599188E+01      0.4284599188E+01     -0.8985941626E+00     -0.1292360431E+00
    0.4390136849E+01      0.4390136849E+01     -0.6726873219E+00      0.4753675670E+00
    0.4548316796E+01      0.4548316796E+01     -0.3820135071E+00      0.9753495814E+00
    0.4736563912E+01      0.4736563912E+01     -0.7350267521E-01      0.1333192465E+01
    0.4936505146E+01      0.4936505146E+01      0.2222500256E+00      0.1547367634E+01
    0.5119096867E+01      0.5119096867E+01      0.4620668392E+00      0.1671510252E+01
    0.0000000000E+00      0.2000000000E+02      0.0000000000E+00      0.0000000000E+00
    0.5925363044E+01      0.5925363044E+01     -0.5678002815E-02     -0.1178207341E+01
    0.5919065510E+01      0.5919065510E+01     -0.1948625016E-01     -0.1184014632E+01
    0.5901768524E+01      0.5901768524E+01     -0.3449603995E-01     -0.1283655742E+01
    0.5878358360E+01      0.5878358360E+01     -0.6930644386E-01     -0.1372742517E+01
    0.5849285083E+01      0.5849285083E+01     -0.1260161652E+00     -0.1495595714E+01
    0.5809817201E+01      0.5809817201E+01     -0.2021640872E+00     -0.1632675968E+01
    0.5760133033E+01      0.5760133033E+01     -0.2991463512E+00     -0.1794017716E+01
    0.5695488419E+01      0.5695488419E+01     -0.4165864880E+00     -0.1971033791E+01
    0.5616970825E+01      0.5616970825E+01     -0.5644670011E+00     -0.2153702733E+01
    0.5519746536E+01      0.5519746536E+01     -0.7421880039E+00     -0.2320206258E+01
    0.5398941437E+01      0.5398941437E+01     -0.9482462133E+00     -0.2449151412E+01
    0.5252851764E+01      0.5252851764E+01     -0.1171185504E+01     -0.2522206296E+01
    0.5085676258E+01      0.5085676258E+01     -0.1389049329E+01     -0.2491488857E+01
    0.4902719123E+01      0.4902719123E+01     -0.1589127036E+01     -0.2328713369E+01
    0.4732529967E+01      0.4732529967E+01     -0.1749930053E+01     -0.2063788187E+01
    0.4583816548E+01      0.4583816548E+01     -0.1869368677E+01     -0.1697131536E+01
    0.4466037599E+01      0.4466037599E+01     -0.1948084081E+01     -0.1279458719E+01
    0.4431354251E+01      0.4431354251E+01     -0.1903044949E+01     -0.7808504806E+00
    0.4452009609E+01      0.4452009609E+01     -0.1749627605E+01     -0.2415193995E+00
    0.4547364885E+01      0.4547364885E+01     -0.1527414344E+01      0.2838216026E+00
    0.4683240515E+01      0.4683240515E+01     -0.1228908249E+01      0.7383550420E+00
    0.4848467652E+01      0.4848467652E+01     -0.9004924781E+00      0.1088036542E+01
    0.5029252128E+01      0.5029252128E+01     -0.5826755641E+00      0.1333736416E+01
    0.5199466892E+01      0.5199466892E+01     -0.3126404055E+00      0.1504564639E+01
    0.0000000000E+00      0.2000000000E+02      0.0000000000E+00      0.0000000000E+00
    0.5884055494E+01      0.5884055494E+01     -0.2308294289E-01     -0.1155036849E+01
    0.5877072622E+01      0.5877072622E+01     -0.5898713031E-01     -0.1160896152E+01
    0.5860680897E+01      0.5860680897E+01     -0.1034828965E+00     -0.1249907653E+01
    0.5839606355E+01      0.5839606355E+01     -0.1681332266E+00     -0.1319145231E+01
    0.5812949442E+01      0.5812949442E+01     -0.2527748802E+00     -0.1424204864E+01
    0.5777805205E+01      0.5777805205E+01     -0.3555699037E+00     -0.1539581264E+01
    0.5732260974E+01      0.5732260974E+01     -0.4781931071E+00     -0.1678806600E+01
    0.5673655415E+01      0.5673655415E+01     -0.6258299772E+00     -0.1828217283E+01
    0.5604082174E+01      0.5604082174E+01     -0.8092997884E+00     -0.1978112339E+01
    0.5519527378E+01      0.5519527378E+01     -0.1026135855E+01     -0.2114812834E+01
    0.5418189786E+01      0.5418189786E+01     -0.1274591617E+01     -0.2227772344E+01
    0.5296170598E+01      0.5296170598E+01     -0.1545723895E+01     -0.2288211333E+01
    0.5155446340E+01      0.5155446340E+01     -0.1817963353E+01     -0.2277320091E+01
    0.4998230601E+01      0.4998230601E+01     -0.2075668927E+01     -0.2151325037E+01
    0.4855610303E+01      0.4855610303E+01     -0.2286138333E+01     -0.1923234705E+01
    0.4726337255E+01      0.4726337255E+01     -0.2449267727E+01     -0.1607792822E+01
    0.4625751222E+01      0.4625751222E+01     -0.2553919968E+01     -0.1222081194E+01
    0.4607960909E+01      0.4607960909E+01     -0.2514377965E+01     -0.7912209209E+00
    0.4629995420E+01      0.4629995420E+01     -0.2378258162E+01     -0.3262786214E+00
    0.4712173010E+01      0.4712173010E+01     -0.2169594741E+01      0.1207972863E+00
    0.4831382863E+01      0.4831382863E+01     -0.1899846074E+01      0.5273282101E+00
    0.4975115232E+01      0.4975115232E+01     -0.1596978803E+01      0.8595378152E+00
    0.5134679692E+01      0.5134679692E+01     -0.1299427325E+01      0.1125581437E+01
    0.5294928422E+01      0.5294928422E+01     -0.1019668709E+01      0.1328159910E+01
    0.0000000000E+00      0.2000000000E+02      0.0000000000E+00      0.0000000000E+00
    0.5848199584E+01      0.5848199584E+01     -0.3828343529E-01     -0.1099024767E+01
    0.5840976004E+01      0.5840976004E+01     -0.9381898293E-01     -0.1106009374E+01
    0.5827238964E+01      0.5827238964E+01     -0.1647083263E+00     -0.1178970812E+01
    0.5808734593E+01      0.5808734593E+01     -0.2527097837E+00     -0.1231674330E+01
    0.5785204713E+01      0.5785204713E+01     -0.3581540288E+00     -0.1319932379E+01
    0.5753675569E+01      0.5753675569E+01     -0.4795871236E+00     -0.1415555051E+01
    0.5712711260E+01      0.5712711260E+01     -0.6212834250E+00     -0.1530422129E+01
    0.5660567075E+01      0.5660567075E+01     -0.7877689190E+00     -0.1649581843E+01
    0.5598976026E+01      0.5598976026E+01     -0.9880839074E+00     -0.1764661069E+01
    0.5523651793E+01      0.5523651793E+01     -0.1221740002E+01     -0.1871042141E+01
    0.5435765401E+01      0.5435765401E+01     -0.1490342432E+01     -0.1956994543E+01
    0.5333091914E+01      0.5333091914E+01     -0.1780899579E+01     -0.2003146107E+01
    0.5216672344E+01      0.5216672344E+01     -0.2079369579E+01     -0.1998013840E+01
    0.5084162144E+01      0.5084162144E+01     -0.2372311847E+01     -0.1898371137E+01
    0.4970308380E+01      0.4970308380E+01     -0.2618716638E+01     -0.1707826820E+01
    0.4863462067E+01      0.4863462067E+01     -0.2823736494E+01     -0.1450041259E+01
    0.4785410814E+01      0.4785410814E+01     -0.2955285948E+01     -0.1120519673E+01
    0.4785049520E+01      0.4785049520E+01     -0.2942445179E+01     -0.7584959169E+00
    0.4806883366E+01      0.4806883366E+01     -0.2849203636E+01     -0.3752372279E+00
    0.4878225023E+01      0.4878225023E+01     -0.2693225771E+01      0.1032156095E-01
    0.4978281796E+01      0.4978281796E+01     -0.2451067311E+01      0.3670979177E+00
    0.5106408070E+01      0.5106408070E+01     -0.2173755243E+01      0.6756354708E+00
    0.5248750245E+01      0.5248750245E+01     -0.1884656856E+01      0.9415462122E+00
    0.5397399745E+01      0.5397399745E+01     -0.1599617459E+01      0.1156846061E+01
    0.0000000000E+00      0.2000000000E+02      0.0000000000E+00      0.0000000000E+00
    0.5820523219E+01      0.5820523219E+01     -0.5112978970E-01     -0.1011860442E+01
    0.5812977290E+01      0.5812977290E+01     -0.1236756415E+00     -0.1019838300E+01
    0.5802731133E+01      0.5802731133E+01     -0.2168594093E+00     -0.1074936416E+01
    0.5786077343E+01      0.5786077343E+01     -0.3211262865E+00     -0.1115687545E+01
    0.5765753748E+01      0.5765753748E+01     -0.4417294497E+00     -0.1188622880E+01
    0.5737383271E+01      0.5737383271E+01     -0.5765842949E+00     -0.1265366053E+01
    0.5701318980E+01      0.5701318980E+01     -0.7322569160E+00     -0.1355277948E+01
    0.5655513063E+01      0.5655513063E+01     -0.9103373583E+00     -0.1446326267E+01
    0.5602366357E+01      0.5602366357E+01     -0.1118085709E+01     -0.1535202593E+01
    0.5536403232E+01      0.5536403232E+01     -0.1354294147E+01     -0.1614771488E+01
    0.5461226644E+01      0.5461226644E+01     -0.1622380667E+01     -0.1676179611E+01
    0.5374864081E+01      0.5374864081E+01     -0.1909852552E+01     -0.1707700262E+01
    0.5278370116E+01      0.5278370116E+01     -0.2207616593E+01     -0.1694657215E+01
    0.5168992833E+01      0.5168992833E+01     -0.2503874601E+01     -0.1614029061E+01
    0.5079057789E+01      0.5079057789E+01     -0.2756990886E+01     -0.1456045920E+01
    0.4992831554E+01      0.4992831554E+01     -0.2977530326E+01     -0.1247203870E+01
    0.4937408506E+01      0.4937408506E+01     -0.3123529043E+01     -0.9752974178E+00
    0.4942627215E+01      0.4942627215E+01     -0.3156462103E+01     -0.6753421801E+00
    0.4983009615E+01      0.4983009615E+01     -0.3120884761E+01     -0.3565744013E+00
    0.5036714368E+01      0.5036714368E+01     -0.2995582536E+01     -0.4077435793E-01
    0.5127154506E+01      0.5127154506E+01     -0.2810448102E+01      0.2567177449E+00
    0.5239929786E+01      0.5239929786E+01     -0.2572462316E+01      0.5310576748E+00
    0.5364994284E+01      0.5364994284E+01     -0.2294946155E+01      0.7766415904E+00
    0.5503410268E+01      0.5503410268E+01     -0.2004621724E+01      0.9810666707E+00
    0.0000000000E+00      0.2000000000E+02      0.0000000000E+00      0.0000000000E+00
    0.5801288855E+01      0.5801288855E+01     -0.6170135225E-01     -0.8974586356E+00
    0.5793504420E+01      0.5793504420E+01     -0.1488395514E+00     -0.9053625648E+00
    0.5786359964E+01      0.5786359964E+01     -0.2588299009E+00     -0.9440677837E+00
    0.5770869702E+01      0.5770869702E+01     -0.3739890224E+00     -0.9766800484E+00
    0.5753170008E+01      0.5753170008E+01     -0.5052351478E+00     -0.1035413140E+01
    0.5727651766E+01      0.5727651766E+01     -0.6490186696E+00     -0.1094547796E+01
    0.5696296595E+01      0.5696296595E+01     -0.8127904149E+00     -0.1162364149E+01
    0.5654834836E+01      0.5654834836E+01     -0.9951757215E+00     -0.1229164506E+01
    0.5606465180E+01      0.5606465180E+01     -0.1203570267E+01     -0.1294095841E+01
    0.5549114370E+01      0.5549114370E+01     -0.1434968565E+01     -0.1349328433E+01
    0.5485894739E+01      0.5485894739E+01     -0.1691170084E+01     -0.1388805284E+01
    0.5414882383E+01      0.5414882383E+01     -0.1964273692E+01     -0.1405229449E+01
    0.5337064829E+01      0.5337064829E+01     -0.2250317119E+01     -0.1384600740E+01
    0.5245652343E+01      0.5245652343E+01     -0.2534890624E+01     -0.1324050632E+01
    0.5172701683E+01      0.5172701683E+01     -0.2779141940E+01     -0.1200176531E+01
    0.5102330008E+01      0.5102330008E+01     -0.2990106069E+01     -0.1036306752E+01
    0.5063210794E+01      0.5063210794E+01     -0.3123318779E+01     -0.8159787399E+00
    0.5073175054E+01      0.5073175054E+01     -0.3162963260E+01     -0.5732563478E+00
    0.5119327062E+01      0.5119327062E+01     -0.3140494224E+01     -0.3163488617E+00
    0.5171507580E+01      0.5171507580E+01     -0.3031144521E+01     -0.5712201532E-01
    0.5258321711E+01      0.5258321711E+01     -0.2875093109E+01      0.1893302259E+00
    0.5361570210E+01      0.5361570210E+01     -0.2662421900E+01      0.4197677920E+00
    0.5474323517E+01      0.5474323517E+01     -0.2402136601E+01      0.6282334321E+00
    0.5602783329E+01      0.5602783329E+01     -0.2121419560E+01      0.8069267477E+00
    0.0000000000E+00      0.2000000000E+02      0.0000000000E+00      0.0000000000E+00
    0.5789579248E+01      0.5789579248E+01     -0.7024056421E-01     -0.7605985180E+00
    0.5781724491E+01      0.5781724491E+01     -0.1698295658E+00     -0.7670151492E+00
    0.5776657452E+01      0.5776657452E+01     -0.2913122836E+00     -0.7925292353E+00
    0.5761887909E+01      0.5761887909E+01     -0.4141625728E+00     -0.8195178635E+00
    0.5746029718E+01      0.5746029718E+01     -0.5530955781E+00     -0.8651798168E+00
    0.5722834332E+01      0.5722834332E+01     -0.7031927749E+00     -0.9090076054E+00
    0.5695283834E+01      0.5695283834E+01     -0.8719641031E+00     -0.9589659402E+00
    0.5657461796E+01      0.5657461796E+01     -0.1054573039E+01     -0.1008352961E+01
    0.5614256145E+01      0.5614256145E+01     -0.1258091138E+01     -0.1053252436E+01
    0.5563490342E+01      0.5563490342E+01     -0.1476723916E+01     -0.1088710891E+01
    0.5509014034E+01      0.5509014034E+01     -0.1712263638E+01     -0.1110788462E+01
    0.5447211879E+01      0.5447211879E+01     -0.1956161253E+01     -0.1117038813E+01
    0.5383730571E+01      0.5383730571E+01     -0.2209540911E+01     -0.1089307114E+01
    0.5310054787E+01      0.5310054787E+01     -0.2461681483E+01     -0.1038464165E+01
    0.5251945431E+01      0.5251945431E+01     -0.2684388258E+01     -0.9415612385E+00
    0.5194019547E+01      0.5194019547E+01     -0.2885191437E+01     -0.8192169561E+00
    0.5166893831E+01      0.5166893831E+01     -0.3012051030E+01     -0.6489719014E+00
    0.5179704791E+01      0.5179704791E+01     -0.3059445659E+01     -0.4620769844E+00
    0.5229215666E+01      0.5229215666E+01     -0.3051935401E+01     -0.2591689102E+00
    0.5281814076E+01      0.5281814076E+01     -0.2955687648E+01     -0.5627124034E-01
    0.5362815653E+01      0.5362815653E+01     -0.2812380086E+01      0.1411331716E+00
    0.5460131176E+01      0.5460131176E+01     -0.2613551659E+01      0.3248272056E+00
    0.5564770263E+01      0.5564770263E+01     -0.2363337473E+01      0.4929247497E+00
    0.5685338299E+01      0.5685338299E+01     -0.2089059570E+01      0.6389802250E+00
    0.0000000000E+00      0.2000000000E+02      0.0000000000E+00      0.0000000000E+00
    0.5783564759E+01      0.5783564759E+01     -0.7705127860E-01     -0.6062265998E+00
    0.5775497640E+01      0.5775497640E+01     -0.1857377606E+00     -0.6107173299E+00
    0.5771337578E+01      0.5771337578E+01     -0.3147012235E+00     -0.6269152225E+00
    0.5757029674E+01      0.5757029674E+01     -0.4424501875E+00     -0.6489522723E+00
    0.5742510961E+01      0.5742510961E+01     -0.5865920738E+00     -0.6829462344E+00
    0.5720826033E+01      0.5720826033E+01     -0.7410737133E+00     -0.7141715390E+00
    0.5695497414E+01      0.5695497414E+01     -0.9134415324E+00     -0.7497525114E+00
    0.5660007563E+01      0.5660007563E+01     -0.1095451274E+01     -0.7845535051E+00
    0.5620361408E+01      0.5620361408E+01     -0.1293397877E+01     -0.8153671750E+00
    0.5574829715E+01      0.5574829715E+01     -0.1502589402E+01     -0.8379662265E+00
    0.5526803720E+01      0.5526803720E+01     -0.1723959196E+01     -0.8498283596E+00
    0.5472138185E+01      0.5472138185E+01     -0.1949025688E+01     -0.8497190243E+00
    0.5416395465E+01      0.5416395465E+01     -0.2177503434E+01     -0.8227935723E+00
    0.5352891634E+01      0.5352891634E+01     -0.2402450789E+01     -0.7816745928E+00
    0.5305224537E+01      0.5305224537E+01     -0.2596567817E+01     -0.7051569419E+00
    0.5256800412E+01      0.5256800412E+01     -0.2772271722E+01     -0.6172828091E+00
    0.5243236116E+01      0.5243236116E+01     -0.2872944717E+01     -0.4870539195E+00
    0.5260849829E+01      0.5260849829E+01     -0.2915712187E+01     -0.3498791059E+00
    0.5310090026E+01      0.5310090026E+01     -0.2905768994E+01     -0.1956855654E+00
    0.5364591869E+01      0.5364591869E+01     -0.2819241368E+01     -0.4729299942E-01
    0.5440701088E+01      0.5440701088E+01     -0.2683172299E+01      0.1011748744E+00
    0.5534532839E+01      0.5534532839E+01     -0.2500393964E+01      0.2383783692E+00
    0.5632299107E+01      0.5632299107E+01     -0.2264851337E+01      0.3643860753E+00
    0.5745496026E+01      0.5745496026E+01     -0.2004937417E+01      0.4745393799E+00
    0.0000000000E+00      0.2000000000E+02      0.0000000000E+00      0.0000000000E+00
    0.5780847953E+01      0.5780847953E+01     -0.8193952746E-01     -0.4396796426E+00
    0.5772442009E+01      0.5772442009E+01     -0.1968058457E+00     -0.4424220370E+00
    0.5768263678E+01      0.5768263678E+01     -0.3304046187E+00     -0.4527660881E+00
    0.5754047593E+01      0.5754047593E+01     -0.4611429652E+00     -0.4693263269E+00
    0.5740430678E+01      0.5740430678E+01     -0.6084515987E+00     -0.4925724946E+00
    0.5719749048E+01      0.5719749048E+01     -0.7652425327E+00     -0.5132505596E+00
    0.5696628859E+01      0.5696628859E+01     -0.9400339944E+00     -0.5368082690E+00
    0.5663330929E+01      0.5663330929E+01     -0.1121219951E+01     -0.5596083990E+00
    0.5626525940E+01      0.5626525940E+01     -0.1314749873E+01     -0.5787817684E+00
    0.5585193006E+01      0.5585193006E+01     -0.1516723226E+01     -0.5914236664E+00
    0.5541689866E+01      0.5541689866E+01     -0.1727871191E+01     -0.5971834345E+00
    0.5492238277E+01      0.5492238277E+01     -0.1938726776E+01     -0.5942465871E+00
    0.5441865535E+01      0.5441865535E+01     -0.2149410536E+01     -0.5724022015E+00
    0.5386154303E+01      0.5386154303E+01     -0.2354342136E+01     -0.5413790739E+00
    0.5345823209E+01      0.5345823209E+01     -0.2526198028E+01     -0.4842419013E+00
    0.5304908454E+01      0.5304908454E+01     -0.2678930352E+01     -0.4250946582E+00
    0.5299678302E+01      0.5299678302E+01     -0.2758175191E+01     -0.3324844164E+00
    0.5320430406E+01      0.5320430406E+01     -0.2792874388E+01     -0.2399418218E+00
    0.5367174087E+01      0.5367174087E+01     -0.2771646872E+01     -0.1322954711E+00
    0.5422445125E+01      0.5422445125E+01     -0.2688514634E+01     -0.3350604506E-01
    0.5496569780E+01      0.5496569780E+01     -0.2555466304E+01      0.7012255744E-01
    0.5588297120E+01      0.5588297120E+01     -0.2381607008E+01      0.1646410478E+00
    0.5682184378E+01      0.5682184378E+01     -0.2159425756E+01      0.2516077437E+00
    0.5790592636E+01      0.5790592636E+01     -0.1915811600E+01      0.3276734046E+00
    0.0000000000E+00      0.2000000000E+02      0.0000000000E+00      0.0000000000E+00
    0.5779495575E+01      0.5779495575E+01     -0.8474073701E-01     -0.2662449401E+00
    0.5770752885E+01      0.5770752885E+01     -0.2029095075E+00     -0.2676177609E+00
    0.5766245303E+01      0.5766245303E+01     -0.3390671559E+00     -0.2738689882E+00
    0.5751833809E+01      0.5751833809E+01     -0.4719090072E+00     -0.2842554719E+00
    0.5738687099E+01      0.5738687099E+01     -0.6207699685E+00     -0.2975468221E+00
    0.5718557515E+01      0.5718557515E+01     -0.7779870304E+00     -0.3090209276E+00
    0.5697041910E+01      0.5697041910E+01     -0.9522111856E+00     -0.3221757200E+00
    0.5665327668E+01      0.5665327668E+01     -0.1130804061E+01     -0.3352971884E+00
    0.5630213179E+01      0.5630213179E+01     -0.1320470386E+01     -0.3457659546E+00
    0.5591252025E+01      0.5591252025E+01     -0.1517504095E+01     -0.3518781206E+00
    0.5550211287E+01      0.5550211287E+01     -0.1721547010E+01     -0.3544689152E+00
    0.5503709102E+01      0.5503709102E+01     -0.1924134591E+01     -0.3523504649E+00
    0.5455746877E+01      0.5455746877E+01     -0.2125150805E+01     -0.3392516929E+00
    0.5404071015E+01      0.5404071015E+01     -0.2319886649E+01     -0.3215467664E+00
    0.5366953454E+01      0.5366953454E+01     -0.2482277420E+01     -0.2874041228E+00
    0.5332182360E+01      0.5332182360E+01     -0.2621584781E+01     -0.2527652240E+00
    0.5331120924E+01      0.5331120924E+01     -0.2690679131E+01     -0.1973170210E+00
    0.5355210984E+01      0.5355210984E+01     -0.2720336657E+01     -0.1430619120E+00
    0.5400728179E+01      0.5400728179E+01     -0.2690432647E+01     -0.7889162785E-01
    0.5459791647E+01      0.5459791647E+01     -0.2609144703E+01     -0.1975305484E-01
    0.5531109767E+01      0.5531109767E+01     -0.2475048443E+01      0.4099589171E-01
    0.5622189165E+01      0.5622189165E+01     -0.2307733307E+01      0.9745249351E-01
    0.5713347652E+01      0.5713347652E+01     -0.2093619295E+01      0.1485773284E+00
    0.5818802184E+01      0.5818802184E+01     -0.1860092642E+01      0.1929879845E+00
    0.0000000000E+00      0.2000000000E+02      0.0000000000E+00      0.0000000000E+00
    0.5778836420E+01      0.5778836420E+01     -0.8640403317E-01     -0.8930918720E-01
    0.5769909096E+01      0.5769909096E+01     -0.2063692260E+00     -0.8970870791E-01
    0.5765120888E+01      0.5765120888E+01     -0.3441999654E+00     -0.9188170396E-01
    0.5750578540E+01      0.5750578540E+01     -0.4789051671E+00     -0.9542839384E-01
    0.5737786624E+01      0.5737786624E+01     -0.6289681575E+00     -0.9960283511E-01
    0.5718036934E+01      0.5718036934E+01     -0.7863060816E+00     -0.1031658797E+00
    0.5697641938E+01      0.5697641938E+01     -0.9595941696E+00     -0.1070766369E+00
    0.5666947011E+01      0.5666947011E+01     -0.1135872821E+01     -0.1110619135E+00
    0.5632617764E+01      0.5632617764E+01     -0.1321866472E+01     -0.1141362249E+00
    0.5594699551E+01      0.5594699551E+01     -0.1513888174E+01     -0.1157042216E+00
    0.5555189056E+01      0.5555189056E+01     -0.1712187609E+01     -0.1161227331E+00
    0.5510870416E+01      0.5510870416E+01     -0.1908462660E+01     -0.1147879462E+00
    0.5464591876E+01      0.5464591876E+01     -0.2102204892E+01     -0.1099666556E+00
    0.5416435962E+01      0.5416435962E+01     -0.2289062158E+01     -0.1032889757E+00
    0.5381932529E+01      0.5381932529E+01     -0.2444945337E+01     -0.9144735062E-01
    0.5350993522E+01      0.5350993522E+01     -0.2576820708E+01     -0.7927846579E-01
    0.5351740084E+01      0.5351740084E+01     -0.2643072100E+01     -0.6055513644E-01
    0.5376981490E+01      0.5376981490E+01     -0.2670302305E+01     -0.4261077754E-01
    0.5421597812E+01      0.5421597812E+01     -0.2638941153E+01     -0.2173383018E-01
    0.5481814345E+01      0.5481814345E+01     -0.2561936336E+01     -0.2151734968E-02
    0.5550048226E+01      0.5550048226E+01     -0.2431245933E+01      0.1719344307E-01
    0.5639789335E+01      0.5639789335E+01     -0.2268906664E+01      0.3574773599E-01
    0.5729409379E+01      0.5729409379E+01     -0.2058574082E+01      0.5238370726E-01
    0.5833690170E+01      0.5833690170E+01     -0.1829300070E+01      0.6678133940E-01
