    0.8320687441E+01      0.8320687441E+01      0.8692668262E-01     -0.1522922294E+00
    0.8327002649E+01      0.8327002649E+01      0.2569734409E+00     -0.1588752181E+00
    0.8338651837E+01      0.8338651837E+01      0.4251419409E+00     -0.1694527436E+00
    0.8354109926E+01      0.8354109926E+01      0.5894030900E+00     -0.1845147548E+00
    0.8370921039E+01      0.8370921039E+01      0.7476666152E+00     -0.2032752876E+00
    0.8386383961E+01      0.8386383961E+01      0.8964219843E+00     -0.2246131874E+00
    0.8399778571E+01      0.8399778571E+01      0.1034058888E+01     -0.2477138416E+00
    0.8410720429E+01      0.8410720429E+01      0.1159491671E+01     -0.2716203127E+00
    0.8420152221E+01      0.8420152221E+01      0.1272225982E+01     -0.2944232994E+00
    0.8428003160E+01      0.8428003160E+01      0.1371429874E+01     -0.3169113662E+00
    0.8434637906E+01      0.8434637906E+01      0.1456565387E+01     -0.3341030636E+00
    0.8439773627E+01      0.8439773627E+01      0.1527630733E+01     -0.3477919591E+00
    0.8445391508E+01      0.8445391508E+01      0.1584558771E+01     -0.3545951223E+00
    0.8450791121E+01      0.8450791121E+01      0.1626324703E+01     -0.3556646565E+00
    0.8459398174E+01      0.8459398174E+01      0.1654629132E+01     -0.3487150635E+00
    0.8474830515E+01      0.8474830515E+01      0.1668601002E+01     -0.3347619800E+00
    0.8496938639E+01      0.8496938639E+01      0.1668592804E+01     -0.3110787089E+00
    0.8537749561E+01      0.8537749561E+01      0.1649970545E+01     -0.2705106362E+00
    0.8578070465E+01      0.8578070465E+01      0.1629596908E+01     -0.2254762478E+00
    0.8605317994E+01      0.8605317994E+01      0.1620203854E+01     -0.1853541218E+00
    0.8622807737E+01      0.8622807737E+01      0.1622899690E+01     -0.1505934138E+00
    0.8626998027E+01      0.8626998027E+01      0.1633742905E+01     -0.1227414891E+00
    0.8623680894E+01      0.8623680894E+01      0.1651162540E+01     -0.1001264683E+00
    0.8609879223E+01      0.8609879223E+01      0.1679312652E+01     -0.8539500663E-01
    0.8586552533E+01      0.8586552533E+01      0.1717863852E+01     -0.7767805264E-01
    0.8349520722E+01      0.8349520722E+01      0.8442861919E-01     -0.1706122358E+00
    0.8356035934E+01      0.8356035934E+01      0.2493435912E+00     -0.1771252092E+00
    0.8368005107E+01      0.8368005107E+01      0.4126971061E+00     -0.1872581404E+00
    0.8383851739E+01      0.8383851739E+01      0.5729044018E+00     -0.2015533577E+00
    0.8401049190E+01      0.8401049190E+01      0.7283544303E+00     -0.2188742365E+00
    0.8416280846E+01      0.8416280846E+01      0.8748148761E+00     -0.2383764451E+00
    0.8428229649E+01      0.8428229649E+01      0.1010896916E+01     -0.2595186723E+00
    0.8436506925E+01      0.8436506925E+01      0.1135610300E+01     -0.2813246236E+00
    0.8441281498E+01      0.8441281498E+01      0.1248981784E+01     -0.3028752854E+00
    0.8442982058E+01      0.8442982058E+01      0.1350461230E+01     -0.3242789110E+00
    0.8441916639E+01      0.8441916639E+01      0.1439758255E+01     -0.3413344677E+00
    0.8438293875E+01      0.8438293875E+01      0.1516381953E+01     -0.3554377825E+00
    0.8433434058E+01      0.8433434058E+01      0.1580028922E+01     -0.3653424662E+00
    0.8428396083E+01      0.8428396083E+01      0.1628558615E+01     -0.3699340271E+00
    0.8427187346E+01      0.8427187346E+01      0.1663593660E+01     -0.3649823981E+00
    0.8431976686E+01      0.8431976686E+01      0.1686813178E+01     -0.3536938731E+00
    0.8443875119E+01      0.8443875119E+01      0.1696060785E+01     -0.3343078396E+00
    0.8464641779E+01      0.8464641779E+01      0.1692427642E+01     -0.3058861457E+00
    0.8502052811E+01      0.8502052811E+01      0.1674355338E+01     -0.2625840778E+00
    0.8536209979E+01      0.8536209979E+01      0.1659152896E+01     -0.2186474751E+00
    0.8560094666E+01      0.8560094666E+01      0.1653776041E+01     -0.1799173190E+00
    0.8573203464E+01      0.8573203464E+01      0.1659463472E+01     -0.1487262782E+00
    0.8575543801E+01      0.8575543801E+01      0.1672002625E+01     -0.1242726287E+00
    0.8570100132E+01      0.8570100132E+01      0.1692043680E+01     -0.1061696912E+00
    0.8554476458E+01      0.8554476458E+01      0.1723088053E+01     -0.9642833689E-01
    0.8380533165E+01      0.8380533165E+01      0.8193918325E-01     -0.1882485602E+00
    0.8386780170E+01      0.8386780170E+01      0.2420321045E+00     -0.1944152292E+00
    0.8398240982E+01      0.8398240982E+01      0.4010468099E+00     -0.2037528352E+00
    0.8413505290E+01      0.8413505290E+01      0.5577678409E+00     -0.2166223309E+00
    0.8430117471E+01      0.8430117471E+01      0.7107619503E+00     -0.2320242864E+00
    0.8444247536E+01      0.8444247536E+01      0.8553861885E+00     -0.2493069414E+00
    0.8454389145E+01      0.8454389145E+01      0.9900689853E+00     -0.2679474654E+00
    0.8459603166E+01      0.8459603166E+01      0.1113987080E+01     -0.2872833952E+00
    0.8460991189E+01      0.8460991189E+01      0.1227227496E+01     -0.3066319230E+00
    0.8459043564E+01      0.8459043564E+01      0.1330216804E+01     -0.3254191900E+00
    0.8452364979E+01      0.8452364979E+01      0.1421601079E+01     -0.3415295191E+00
    0.8441733052E+01      0.8441733052E+01      0.1501147600E+01     -0.3564596383E+00
    0.8428398258E+01      0.8428398258E+01      0.1569080215E+01     -0.3668494460E+00
    0.8413452508E+01      0.8413452508E+01      0.1625929984E+01     -0.3743340858E+00
    0.8400209856E+01      0.8400209856E+01      0.1668933163E+01     -0.3748761639E+00
    0.8393757389E+01      0.8393757389E+01      0.1699116389E+01     -0.3691784379E+00
    0.8394199973E+01      0.8394199973E+01      0.1717312327E+01     -0.3554303769E+00
    0.8404132299E+01      0.8404132299E+01      0.1723878125E+01     -0.3338139274E+00
    0.8425148688E+01      0.8425148688E+01      0.1718849626E+01     -0.3025728412E+00
    0.8460508766E+01      0.8460508766E+01      0.1701977693E+01     -0.2582268549E+00
    0.8491407576E+01      0.8491407576E+01      0.1689806042E+01     -0.2167490686E+00
    0.8513016366E+01      0.8513016366E+01      0.1686802178E+01     -0.1806397697E+00
    0.8523440613E+01      0.8523440613E+01      0.1694491213E+01     -0.1536720336E+00
    0.8524941447E+01      0.8524941447E+01      0.1708777845E+01     -0.1324638419E+00
    0.8518003743E+01      0.8518003743E+01      0.1730907450E+01     -0.1189450770E+00
    0.8413008660E+01      0.8413008660E+01      0.7960225700E-01     -0.2047222193E+00
    0.8418574898E+01      0.8418574898E+01      0.2354354699E+00     -0.2102973484E+00
    0.8428763906E+01      0.8428763906E+01      0.3907347069E+00     -0.2183851533E+00
    0.8442551081E+01      0.8442551081E+01      0.5444275850E+00     -0.2294232662E+00
    0.8457773413E+01      0.8457773413E+01      0.6953231435E+00     -0.2425788858E+00
    0.8470049113E+01      0.8470049113E+01      0.8384103323E+00     -0.2573431059E+00
    0.8477697617E+01      0.8477697617E+01      0.9716797313E+00     -0.2733097390E+00
    0.8480389425E+01      0.8480389425E+01      0.1094438932E+01     -0.2897352728E+00
    0.8479408880E+01      0.8479408880E+01      0.1208259263E+01     -0.3058216966E+00
    0.8472426473E+01      0.8472426473E+01      0.1313044228E+01     -0.3220004557E+00
    0.8460100386E+01      0.8460100386E+01      0.1406513656E+01     -0.3368966732E+00
    0.8443662883E+01      0.8443662883E+01      0.1488501904E+01     -0.3512959513E+00
    0.8424542797E+01      0.8424542797E+01      0.1558974697E+01     -0.3628957164E+00
    0.8403664169E+01      0.8403664169E+01      0.1618683197E+01     -0.3722656136E+00
    0.8382681597E+01      0.8382681597E+01      0.1667441736E+01     -0.3768220921E+00
    0.8364419290E+01      0.8364419290E+01      0.1705691844E+01     -0.3770424391E+00
    0.8353324247E+01      0.8353324247E+01      0.1730910937E+01     -0.3707653886E+00
    0.8351843555E+01      0.8351843555E+01      0.1746314508E+01     -0.3565511374E+00
    0.8360950446E+01      0.8360950446E+01      0.1751562525E+01     -0.3345701874E+00
    0.8381860277E+01      0.8381860277E+01      0.1745902519E+01     -0.3028704119E+00
    0.8415583248E+01      0.8415583248E+01      0.1729680828E+01     -0.2600786077E+00
    0.8444653926E+01      0.8444653926E+01      0.1719134380E+01     -0.2208493823E+00
    0.8464997046E+01      0.8464997046E+01      0.1718503649E+01     -0.1880118198E+00
    0.8473971442E+01      0.8473971442E+01      0.1727391399E+01     -0.1642604339E+00
    0.8474621728E+01      0.8474621728E+01      0.1742774973E+01     -0.1469464819E+00
    0.8445918288E+01      0.8445918288E+01      0.7754785286E-01     -0.2193140556E+00
    0.8450517403E+01      0.8450517403E+01      0.2298558602E+00     -0.2240592138E+00
    0.8458956145E+01      0.8458956145E+01      0.3820342233E+00     -0.2306251308E+00
    0.8470693405E+01      0.8470693405E+01      0.5331869322E+00     -0.2396565301E+00
    0.8483783155E+01      0.8483783155E+01      0.6823601656E+00     -0.2504123092E+00
    0.8493517336E+01      0.8493517336E+01      0.8238635244E+00     -0.2624014235E+00
    0.8498239812E+01      0.8498239812E+01      0.9555365085E+00     -0.2757115060E+00
    0.8498873164E+01      0.8498873164E+01      0.1078170035E+01     -0.2886958052E+00
    0.8494273464E+01      0.8494273464E+01      0.1193514902E+01     -0.3020147974E+00
    0.8483615966E+01      0.8483615966E+01      0.1298532402E+01     -0.3155073042E+00
    0.8467430634E+01      0.8467430634E+01      0.1392476899E+01     -0.3289121439E+00
    0.8446713434E+01      0.8446713434E+01      0.1475594535E+01     -0.3426460255E+00
    0.8422845814E+01      0.8422845814E+01      0.1547997622E+01     -0.3545826459E+00
    0.8396807217E+01      0.8396807217E+01      0.1610096779E+01     -0.3655870346E+00
    0.8370272688E+01      0.8370272688E+01      0.1661899702E+01     -0.3734825249E+00
    0.8344987504E+01      0.8344987504E+01      0.1704346689E+01     -0.3781162504E+00
    0.8323364759E+01      0.8323364759E+01      0.1737633565E+01     -0.3779206100E+00
    0.8310461427E+01      0.8310461427E+01      0.1759933177E+01     -0.3722594845E+00
    0.8307900366E+01      0.8307900366E+01      0.1773268091E+01     -0.3591677061E+00
    0.8316263130E+01      0.8316263130E+01      0.1777797493E+01     -0.3384967316E+00
    0.8336426706E+01      0.8336426706E+01      0.1771990554E+01     -0.3085972762E+00
    0.8368940647E+01      0.8368940647E+01      0.1756668421E+01     -0.2684714783E+00
    0.8397418266E+01      0.8397418266E+01      0.1747370952E+01     -0.2314409164E+00
    0.8416840497E+01      0.8416840497E+01      0.1747888859E+01     -0.2020759872E+00
    0.8425083376E+01      0.8425083376E+01      0.1757317616E+01     -0.1816785909E+00
    0.8478306741E+01      0.8478306741E+01      0.7585929189E-01     -0.2311708840E+00
    0.8481840110E+01      0.8481840110E+01      0.2254051700E+00     -0.2351499033E+00
    0.8488219493E+01      0.8488219493E+01      0.3751056519E+00     -0.2402509077E+00
    0.8497747191E+01      0.8497747191E+01      0.5242979019E+00     -0.2471894917E+00
    0.8507959847E+01      0.8507959847E+01      0.6717750518E+00     -0.2551665915E+00
    0.8514512927E+01      0.8514512927E+01      0.8112373962E+00     -0.2646918271E+00
    0.8516679434E+01      0.8516679434E+01      0.9421735395E+00     -0.2748610373E+00
    0.8514386630E+01      0.8514386630E+01      0.1066356884E+01     -0.2850466546E+00
    0.8506787546E+01      0.8506787546E+01      0.1181603353E+01     -0.2956577931E+00
    0.8493221260E+01      0.8493221260E+01      0.1286138430E+01     -0.3068807712E+00
    0.8474258236E+01      0.8474258236E+01      0.1379776030E+01     -0.3186822858E+00
    0.8450586086E+01      0.8450586086E+01      0.1463060760E+01     -0.3313410022E+00
    0.8423241922E+01      0.8423241922E+01      0.1536199329E+01     -0.3433612426E+00
    0.8393265729E+01      0.8393265729E+01      0.1599775548E+01     -0.3551421414E+00
    0.8362146530E+01      0.8362146530E+01      0.1654163735E+01     -0.3653797478E+00
    0.8331363919E+01      0.8331363919E+01      0.1698889052E+01     -0.3738117419E+00
    0.8303830212E+01      0.8303830212E+01      0.1735911099E+01     -0.3784870457E+00
    0.8281047632E+01      0.8281047632E+01      0.1765415792E+01     -0.3793146526E+00
    0.8267516616E+01      0.8267516616E+01      0.1785504061E+01     -0.3753327390E+00
    0.8264075613E+01      0.8264075613E+01      0.1797075100E+01     -0.3644992806E+00
    0.8271489987E+01      0.8271489987E+01      0.1801320745E+01     -0.3463233726E+00
    0.8290071574E+01      0.8290071574E+01      0.1796131784E+01     -0.3195526226E+00
    0.8320763572E+01      0.8320763572E+01      0.1782456753E+01     -0.2827130636E+00
    0.8348134965E+01      0.8348134965E+01      0.1774424377E+01     -0.2478706007E+00
    0.8366540803E+01      0.8366540803E+01      0.1775924628E+01     -0.2212640954E+00
    0.8509386732E+01      0.8509386732E+01      0.7457056472E-01     -0.2401805691E+00
    0.8511833886E+01      0.8511833886E+01      0.2221588812E+00     -0.2434100974E+00
    0.8516198729E+01      0.8516198729E+01      0.3699895427E+00     -0.2470728237E+00
    0.8523177327E+01      0.8523177327E+01      0.5176866333E+00     -0.2515692682E+00
    0.8530291561E+01      0.8530291561E+01      0.6629063521E+00     -0.2570716768E+00
    0.8533451286E+01      0.8533451286E+01      0.8011520094E+00     -0.2639400419E+00
    0.8532667060E+01      0.8532667060E+01      0.9329924992E+00     -0.2715804528E+00
    0.8527904923E+01      0.8527904923E+01      0.1057418075E+01     -0.2790178826E+00
    0.8517624486E+01      0.8517624486E+01      0.1171909565E+01     -0.2874919653E+00
    0.8501616871E+01      0.8501616871E+01      0.1275573965E+01     -0.2967505363E+00
    0.8480510449E+01      0.8480510449E+01      0.1368539915E+01     -0.3070251502E+00
    0.8454750084E+01      0.8454750084E+01      0.1451310260E+01     -0.3183841947E+00
    0.8425016903E+01      0.8425016903E+01      0.1524302274E+01     -0.3301130020E+00
    0.8392329586E+01      0.8392329586E+01      0.1588210505E+01     -0.3417317834E+00
    0.8357920707E+01      0.8357920707E+01      0.1643802485E+01     -0.3536293851E+00
    0.8323052297E+01      0.8323052297E+01      0.1690706458E+01     -0.3646196422E+00
    0.8290572235E+01      0.8290572235E+01      0.1729920433E+01     -0.3734024075E+00
    0.8262420983E+01      0.8262420983E+01      0.1762139061E+01     -0.3794701706E+00
    0.8239962302E+01      0.8239962302E+01      0.1788677739E+01     -0.3821114120E+00
    0.8225840875E+01      0.8225840875E+01      0.1806998633E+01     -0.3804096108E+00
    0.8221217658E+01      0.8221217658E+01      0.1817260736E+01     -0.3726906670E+00
    0.8226895382E+01      0.8226895382E+01      0.1821845367E+01     -0.3579030421E+00
    0.8242443189E+01      0.8242443189E+01      0.1818188208E+01     -0.3351817550E+00
    0.8270274137E+01      0.8270274137E+01      0.1807102076E+01     -0.3027573994E+00
    0.8296594467E+01      0.8296594467E+01      0.1799191751E+01     -0.2700834104E+00
    0.8538636588E+01      0.8538636588E+01      0.7367978339E-01     -0.2463075421E+00
    0.8539993918E+01      0.8539993918E+01      0.2200667808E+00     -0.2487822516E+00
    0.8542448646E+01      0.8542448646E+01      0.3664547737E+00     -0.2508026566E+00
    0.8547166248E+01      0.8547166248E+01      0.5128044360E+00     -0.2528852054E+00
    0.8550389596E+01      0.8550389596E+01      0.6563900524E+00     -0.2561991424E+00
    0.8550236627E+01      0.8550236627E+01      0.7945616080E+00     -0.2609919385E+00
    0.8547305019E+01      0.8547305019E+01      0.9269371683E+00     -0.2658143727E+00
    0.8539985860E+01      0.8539985860E+01      0.1050606023E+01     -0.2711820105E+00
    0.8527224100E+01      0.8527224100E+01      0.1164021006E+01     -0.2778879401E+00
    0.8509147287E+01      0.8509147287E+01      0.1266655571E+01     -0.2855252356E+00
    0.8486245574E+01      0.8486245574E+01      0.1358670314E+01     -0.2944445494E+00
    0.8458917067E+01      0.8458917067E+01      0.1440534882E+01     -0.3045219613E+00
    0.8427599384E+01      0.8427599384E+01      0.1512801664E+01     -0.3154832696E+00
    0.8393194668E+01      0.8393194668E+01      0.1576242788E+01     -0.3270024097E+00
    0.8356580879E+01      0.8356580879E+01      0.1631757420E+01     -0.3390562040E+00
    0.8319190935E+01      0.8319190935E+01      0.1679813202E+01     -0.3517768609E+00
    0.8282954037E+01      0.8282954037E+01      0.1720776664E+01     -0.3633677171E+00
    0.8250077482E+01      0.8250077482E+01      0.1754779013E+01     -0.3738424360E+00
    0.8223143734E+01      0.8223143734E+01      0.1783427430E+01     -0.3813751772E+00
    0.8201302816E+01      0.8201302816E+01      0.1806920094E+01     -0.3857838622E+00
    0.8185963111E+01      0.8185963111E+01      0.1823881969E+01     -0.3869224016E+00
    0.8179396177E+01      0.8179396177E+01      0.1833672419E+01     -0.3828986108E+00
    0.8182284771E+01      0.8182284771E+01      0.1839230273E+01     -0.3722320483E+00
    0.8194003542E+01      0.8194003542E+01      0.1837727519E+01     -0.3543513277E+00
    0.8217354103E+01      0.8217354103E+01      0.1829833945E+01     -0.3278436142E+00
    0.8565838808E+01      0.8565838808E+01      0.7315290993E-01     -0.2495751933E+00
    0.8566085193E+01      0.8566085193E+01      0.2189235554E+00     -0.2513049498E+00
    0.8567273680E+01      0.8567273680E+01      0.3643109450E+00     -0.2512306157E+00
    0.8568723714E+01      0.8568723714E+01      0.5099444023E+00     -0.2514783335E+00
    0.8568298245E+01      0.8568298245E+01      0.6527031235E+00     -0.2532611361E+00
    0.8566008810E+01      0.8566008810E+01      0.7912590742E+00     -0.2554701417E+00
    0.8560738099E+01      0.8560738099E+01      0.9228770675E+00     -0.2581335506E+00
    0.8550983118E+01      0.8550983118E+01      0.1045438393E+01     -0.2618834666E+00
    0.8536063125E+01      0.8536063125E+01      0.1157680115E+01     -0.2670980676E+00
    0.8516123487E+01      0.8516123487E+01      0.1259131677E+01     -0.2734311568E+00
    0.8491640133E+01      0.8491640133E+01      0.1350006901E+01     -0.2811922419E+00
    0.8462955353E+01      0.8462955353E+01      0.1430720451E+01     -0.2901659206E+00
    0.8430481514E+01      0.8430481514E+01      0.1501917740E+01     -0.3002089733E+00
    0.8394926571E+01      0.8394926571E+01      0.1564445427E+01     -0.3113089419E+00
    0.8357229388E+01      0.8357229388E+01      0.1619243269E+01     -0.3231988652E+00
    0.8318364774E+01      0.8318364774E+01      0.1667160580E+01     -0.3360929103E+00
    0.8279907998E+01      0.8279907998E+01      0.1708575133E+01     -0.3496380072E+00
    0.8243551495E+01      0.8243551495E+01      0.1744195714E+01     -0.3629958405E+00
    0.8212166693E+01      0.8212166693E+01      0.1774938964E+01     -0.3745464146E+00
    0.8186082513E+01      0.8186082513E+01      0.1799823111E+01     -0.3836508217E+00
    0.8164740526E+01      0.8164740526E+01      0.1820118302E+01     -0.3898768712E+00
    0.8148210187E+01      0.8148210187E+01      0.1836246759E+01     -0.3936063628E+00
    0.8139292412E+01      0.8139292412E+01      0.1846731649E+01     -0.3934242329E+00
    0.8138339600E+01      0.8138339600E+01      0.1852477451E+01     -0.3879696634E+00
    0.8145531060E+01      0.8145531060E+01      0.1853325864E+01     -0.3762316271E+00
    0.8591003234E+01      0.8591003234E+01      0.7279842113E-01     -0.2502371635E+00
    0.8590364339E+01      0.8590364339E+01      0.2184095395E+00     -0.2502486948E+00
    0.8589194247E+01      0.8589194247E+01      0.3641070683E+00     -0.2488085707E+00
    0.8587653211E+01      0.8587653211E+01      0.5093303223E+00     -0.2479525532E+00
    0.8585006263E+01      0.8585006263E+01      0.6520099092E+00     -0.2477113886E+00
    0.8580662549E+01      0.8580662549E+01      0.7897958004E+00     -0.2478827609E+00
    0.8573184909E+01      0.8573184909E+01      0.9203664417E+00     -0.2489362106E+00
    0.8561304751E+01      0.8561304751E+01      0.1041688622E+01     -0.2513644717E+00
    0.8544454602E+01      0.8544454602E+01      0.1152608020E+01     -0.2553211735E+00
    0.8522843683E+01      0.8522843683E+01      0.1252753678E+01     -0.2605798111E+00
    0.8496884028E+01      0.8496884028E+01      0.1342353950E+01     -0.2673719073E+00
    0.8466928480E+01      0.8466928480E+01      0.1421784610E+01     -0.2754093820E+00
    0.8433453694E+01      0.8433453694E+01      0.1491757793E+01     -0.2846055099E+00
    0.8397212779E+01      0.8397212779E+01      0.1553097592E+01     -0.2950771310E+00
    0.8358879015E+01      0.8358879015E+01      0.1606724842E+01     -0.3067722087E+00
    0.8319547430E+01      0.8319547430E+01      0.1653679283E+01     -0.3197079411E+00
    0.8279900559E+01      0.8279900559E+01      0.1694801956E+01     -0.3333551021E+00
    0.8241513025E+01      0.8241513025E+01      0.1730886932E+01     -0.3477824045E+00
    0.8206993432E+01      0.8206993432E+01      0.1763133002E+01     -0.3621339990E+00
    0.8176226385E+01      0.8176226385E+01      0.1790123011E+01     -0.3750718916E+00
    0.8150361643E+01      0.8150361643E+01      0.1811790108E+01     -0.3858028790E+00
    0.8129665369E+01      0.8129665369E+01      0.1829492544E+01     -0.3938127775E+00
    0.8113122297E+01      0.8113122297E+01      0.1844264940E+01     -0.3996085091E+00
    0.8101485212E+01      0.8101485212E+01      0.1854833909E+01     -0.4033710801E+00
    0.8096694129E+01      0.8096694129E+01      0.1860271617E+01     -0.4036727609E+00
    0.8612856857E+01      0.8612856857E+01      0.7293287050E-01     -0.2469882540E+00
    0.8610879481E+01      0.8610879481E+01      0.2196156398E+00     -0.2462137328E+00
    0.8608212445E+01      0.8608212445E+01      0.3657321732E+00     -0.2439762775E+00
    0.8604779902E+01      0.8604779902E+01      0.5107962005E+00     -0.2418469671E+00
    0.8600438479E+01      0.8600438479E+01      0.6528837773E+00     -0.2399303845E+00
    0.8594289772E+01      0.8594289772E+01      0.7898034215E+00     -0.2386518647E+00
    0.8584919617E+01      0.8584919617E+01      0.9191887762E+00     -0.2384572860E+00
    0.8571185344E+01      0.8571185344E+01      0.1039116341E+01     -0.2397967604E+00
    0.8552639288E+01      0.8552639288E+01      0.1148571423E+01     -0.2426821448E+00
    0.8529494379E+01      0.8529494379E+01      0.1247299802E+01     -0.2470603385E+00
    0.8502121443E+01      0.8502121443E+01      0.1335524622E+01     -0.2529948427E+00
    0.8470951646E+01      0.8470951646E+01      0.1413605999E+01     -0.2602419012E+00
    0.8436568727E+01      0.8436568727E+01      0.1482233552E+01     -0.2687673182E+00
    0.8399768084E+01      0.8399768084E+01      0.1542226817E+01     -0.2786678457E+00
    0.8360998132E+01      0.8360998132E+01      0.1594514122E+01     -0.2899166748E+00
    0.8321390411E+01      0.8321390411E+01      0.1640210967E+01     -0.3025542804E+00
    0.8281502355E+01      0.8281502355E+01      0.1680303565E+01     -0.3162633757E+00
    0.8242492044E+01      0.8242492044E+01      0.1716014920E+01     -0.3307238431E+00
    0.8205967686E+01      0.8205967686E+01      0.1748677227E+01     -0.3453720087E+00
    0.8171941168E+01      0.8171941168E+01      0.1776962100E+01     -0.3605026349E+00
    0.8141631979E+01      0.8141631979E+01      0.1800651610E+01     -0.3747991059E+00
    0.8116377573E+01      0.8116377573E+01      0.1820107906E+01     -0.3872054415E+00
    0.8096236346E+01      0.8096236346E+01      0.1835580191E+01     -0.3972665119E+00
    0.8079884950E+01      0.8079884950E+01      0.1847719102E+01     -0.4054398021E+00
    0.8066814201E+01      0.8066814201E+01      0.1857045338E+01     -0.4125605567E+00
    0.8630767553E+01      0.8630767553E+01      0.7347218748E-01     -0.2406692079E+00
    0.8628314730E+01      0.8628314730E+01      0.2215118116E+00     -0.2392793985E+00
    0.8624733186E+01      0.8624733186E+01      0.3683471305E+00     -0.2365340688E+00
    0.8620219549E+01      0.8620219549E+01      0.5134373490E+00     -0.2333722260E+00
    0.8614635663E+01      0.8614635663E+01      0.6550310995E+00     -0.2303306441E+00
    0.8607026892E+01      0.8607026892E+01      0.7909942011E+00     -0.2279859273E+00
    0.8596075773E+01      0.8596075773E+01      0.9190620684E+00     -0.2268338099E+00
    0.8580765359E+01      0.8580765359E+01      0.1037487015E+01     -0.2273040590E+00
    0.8560734332E+01      0.8560734332E+01      0.1145406396E+01     -0.2293090147E+00
    0.8536175482E+01      0.8536175482E+01      0.1242628271E+01     -0.2329369315E+00
    0.8507496037E+01      0.8507496037E+01      0.1329378853E+01     -0.2381394938E+00
    0.8475209824E+01      0.8475209824E+01      0.1405996694E+01     -0.2447422730E+00
    0.8439939050E+01      0.8439939050E+01      0.1473186462E+01     -0.2527166513E+00
    0.8402506746E+01      0.8402506746E+01      0.1531816839E+01     -0.2620734714E+00
    0.8363204740E+01      0.8363204740E+01      0.1582790773E+01     -0.2727086073E+00
    0.8323265684E+01      0.8323265684E+01      0.1627340891E+01     -0.2847046728E+00
    0.8283188469E+01      0.8283188469E+01      0.1666507102E+01     -0.2978045976E+00
    0.8243964966E+01      0.8243964966E+01      0.1701499957E+01     -0.3118418569E+00
    0.8206881913E+01      0.8206881913E+01      0.1733541174E+01     -0.3265515605E+00
    0.8171466891E+01      0.8171466891E+01      0.1761773696E+01     -0.3418371391E+00
    0.8138528167E+01      0.8138528167E+01      0.1786201907E+01     -0.3577081044E+00
    0.8109548575E+01      0.8109548575E+01      0.1807210848E+01     -0.3733733006E+00
    0.8084781471E+01      0.8084781471E+01      0.1824414290E+01     -0.3875007927E+00
    0.8064167433E+01      0.8064167433E+01      0.1837234285E+01     -0.4001555641E+00
    0.8047937918E+01      0.8047937918E+01      0.1846476538E+01     -0.4111161494E+00
    0.8645507986E+01      0.8645507986E+01      0.7424529312E-01     -0.2315692776E+00
    0.8642914171E+01      0.8642914171E+01      0.2238483119E+00     -0.2298528919E+00
    0.8638994040E+01      0.8638994040E+01      0.3716049052E+00     -0.2266965416E+00
    0.8633980856E+01      0.8633980856E+01      0.5169680005E+00     -0.2228742725E+00
    0.8627637256E+01      0.8627637256E+01      0.6581522853E+00     -0.2191225861E+00
    0.8618958515E+01      0.8618958515E+01      0.7931212041E+00     -0.2160426993E+00
    0.8606729003E+01      0.8606729003E+01      0.9197918383E+00     -0.2141662527E+00
    0.8590107378E+01      0.8590107378E+01      0.1036670596E+01     -0.2139904234E+00
    0.8568774305E+01      0.8568774305E+01      0.1142991401E+01     -0.2152952169E+00
    0.8542951706E+01      0.8542951706E+01      0.1238626609E+01     -0.2182874351E+00
    0.8513068923E+01      0.8513068923E+01      0.1323788721E+01     -0.2228368778E+00
    0.8479688307E+01      0.8479688307E+01      0.1398876629E+01     -0.2288460413E+00
    0.8443467023E+01      0.8443467023E+01      0.1464673167E+01     -0.2362566161E+00
    0.8405235789E+01      0.8405235789E+01      0.1522066705E+01     -0.2450620403E+00
    0.8365289098E+01      0.8365289098E+01      0.1571748345E+01     -0.2551279735E+00
    0.8325138769E+01      0.8325138769E+01      0.1615143645E+01     -0.2664405447E+00
    0.8285146525E+01      0.8285146525E+01      0.1653232404E+01     -0.2788672418E+00
    0.8246118553E+01      0.8246118553E+01      0.1687271108E+01     -0.2922363057E+00
    0.8208945975E+01      0.8208945975E+01      0.1718361793E+01     -0.3065336566E+00
    0.8173095840E+01      0.8173095840E+01      0.1745820980E+01     -0.3217735027E+00
    0.8139125763E+01      0.8139125763E+01      0.1770081248E+01     -0.3375789664E+00
    0.8107823480E+01      0.8107823480E+01      0.1791597299E+01     -0.3537216688E+00
    0.8079731773E+01      0.8079731773E+01      0.1809723647E+01     -0.3703252941E+00
    0.8054990084E+01      0.8054990084E+01      0.1823754252E+01     -0.3865426313E+00
    0.8034388270E+01      0.8034388270E+01      0.1834009631E+01     -0.4016207050E+00
    0.8657356361E+01      0.8657356361E+01      0.7514375359E-01     -0.2200771430E+00
    0.8654938964E+01      0.8654938964E+01      0.2263693949E+00     -0.2181627464E+00
    0.8651192753E+01      0.8651192753E+01      0.3752249851E+00     -0.2148002553E+00
    0.8646174227E+01      0.8646174227E+01      0.5209946364E+00     -0.2106192555E+00
    0.8639493957E+01      0.8639493957E+01      0.6618485936E+00     -0.2064863045E+00
    0.8630113727E+01      0.8630113727E+01      0.7958519055E+00     -0.2029361504E+00
    0.8616923955E+01      0.8616923955E+01      0.9211437936E+00     -0.2005727454E+00
    0.8599198126E+01      0.8599198126E+01      0.1036440973E+01     -0.1999120006E+00
    0.8576742900E+01      0.8576742900E+01      0.1141118771E+01     -0.2006916974E+00
    0.8549777536E+01      0.8549777536E+01      0.1235106349E+01     -0.2031027291E+00
    0.8518763298E+01      0.8518763298E+01      0.1318637666E+01     -0.2070548121E+00
    0.8484312012E+01      0.8484312012E+01      0.1392209138E+01     -0.2124837104E+00
    0.8447138433E+01      0.8447138433E+01      0.1456640067E+01     -0.2193598250E+00
    0.8408077621E+01      0.8408077621E+01      0.1512809217E+01     -0.2276736198E+00
    0.8367467962E+01      0.8367467962E+01      0.1561235304E+01     -0.2371897862E+00
    0.8327002964E+01      0.8327002964E+01      0.1603604871E+01     -0.2478054334E+00
    0.8286997004E+01      0.8286997004E+01      0.1640777614E+01     -0.2594186050E+00
    0.8248118621E+01      0.8248118621E+01      0.1673918056E+01     -0.2718597838E+00
    0.8210987143E+01      0.8210987143E+01      0.1704049024E+01     -0.2852343494E+00
    0.8174982807E+01      0.8174982807E+01      0.1730673474E+01     -0.2997687312E+00
    0.8140638256E+01      0.8140638256E+01      0.1754220003E+01     -0.3151568711E+00
    0.8108722029E+01      0.8108722029E+01      0.1775144152E+01     -0.3312230871E+00
    0.8079039337E+01      0.8079039337E+01      0.1792995637E+01     -0.3478964005E+00
    0.8051828336E+01      0.8051828336E+01      0.1807280903E+01     -0.3655544067E+00
    0.8028020022E+01      0.8028020022E+01      0.1818012771E+01     -0.3835515670E+00
    0.8666533402E+01      0.8666533402E+01      0.7607074651E-01     -0.2064126622E+00
    0.8664653477E+01      0.8664653477E+01      0.2288262666E+00     -0.2044523123E+00
    0.8661507069E+01      0.8661507069E+01      0.3788400970E+00     -0.2011108370E+00
    0.8656907196E+01      0.8656907196E+01      0.5251062861E+00     -0.1968283228E+00
    0.8650265128E+01      0.8650265128E+01      0.6657190038E+00     -0.1925719250E+00
    0.8640511072E+01      0.8640511072E+01      0.7988427992E+00     -0.1887830643E+00
    0.8626625645E+01      0.8626625645E+01      0.9228112558E+00     -0.1861502423E+00
    0.8607995648E+01      0.8607995648E+01      0.1036554635E+01     -0.1851297624E+00
    0.8584562406E+01      0.8584562406E+01      0.1139587885E+01     -0.1855247684E+00
    0.8556560544E+01      0.8556560544E+01      0.1231928089E+01     -0.1873957397E+00
    0.8524491845E+01      0.8524491845E+01      0.1313855569E+01     -0.1907897049E+00
    0.8489033600E+01      0.8489033600E+01      0.1385947006E+01     -0.1957009015E+00
    0.8450954896E+01      0.8450954896E+01      0.1449031199E+01     -0.2020636457E+00
    0.8411012040E+01      0.8411012040E+01      0.1503982345E+01     -0.2098387881E+00
    0.8369707226E+01      0.8369707226E+01      0.1551275899E+01     -0.2187938561E+00
    0.8328820791E+01      0.8328820791E+01      0.1592761186E+01     -0.2286729310E+00
    0.8288660633E+01      0.8288660633E+01      0.1629140041E+01     -0.2394770531E+00
    0.8249906304E+01      0.8249906304E+01      0.1661469408E+01     -0.2509669911E+00
    0.8212936076E+01      0.8212936076E+01      0.1690576111E+01     -0.2632739715E+00
    0.8177153860E+01      0.8177153860E+01      0.1716196686E+01     -0.2767752114E+00
    0.8142910823E+01      0.8142910823E+01      0.1738863800E+01     -0.2913481022E+00
    0.8110800995E+01      0.8110800995E+01      0.1759023947E+01     -0.3068669532E+00
    0.8080546262E+01      0.8080546262E+01      0.1775964628E+01     -0.3232855158E+00
    0.8052423265E+01      0.8052423265E+01      0.1789726026E+01     -0.3406898493E+00
    0.8026835187E+01      0.8026835187E+01      0.1800309843E+01     -0.3588646974E+00
    0.8673391231E+01      0.8673391231E+01      0.7704488044E-01     -0.1908661087E+00
    0.8672304284E+01      0.8672304284E+01      0.2312723328E+00     -0.1890210511E+00
    0.8670108613E+01      0.8670108613E+01      0.3825093473E+00     -0.1858943729E+00
    0.8666287756E+01      0.8666287756E+01      0.5293664393E+00     -0.1817063610E+00
    0.8660003015E+01      0.8660003015E+01      0.6698479874E+00     -0.1775192296E+00
    0.8650136684E+01      0.8650136684E+01      0.8021959753E+00     -0.1736918606E+00
    0.8635774072E+01      0.8635774072E+01      0.9249313328E+00     -0.1709804367E+00
    0.8616422647E+01      0.8616422647E+01      0.1037195447E+01     -0.1697095425E+00
    0.8592137867E+01      0.8592137867E+01      0.1138630255E+01     -0.1698066876E+00
    0.8563206669E+01      0.8563206669E+01      0.1229353428E+01     -0.1711877023E+00
    0.8530163794E+01      0.8530163794E+01      0.1309701406E+01     -0.1740551989E+00
    0.8493749418E+01      0.8493749418E+01      0.1380323764E+01     -0.1784494939E+00
    0.8454780640E+01      0.8454780640E+01      0.1442047932E+01     -0.1842727100E+00
    0.8413948419E+01      0.8413948419E+01      0.1495774494E+01     -0.1914980737E+00
    0.8371971910E+01      0.8371971910E+01      0.1542013607E+01     -0.1998375367E+00
    0.8330629380E+01      0.8330629380E+01      0.1582700592E+01     -0.2089767563E+00
    0.8290230725E+01      0.8290230725E+01      0.1618377531E+01     -0.2189677261E+00
    0.8251483546E+01      0.8251483546E+01      0.1650022556E+01     -0.2295382886E+00
    0.8214581515E+01      0.8214581515E+01      0.1678190966E+01     -0.2407716101E+00
    0.8179077534E+01      0.8179077534E+01      0.1702801626E+01     -0.2530731913E+00
    0.8145229407E+01      0.8145229407E+01      0.1724482516E+01     -0.2663897566E+00
    0.8113236887E+01      0.8113236887E+01      0.1743558741E+01     -0.2807801316E+00
    0.8082903635E+01      0.8082903635E+01      0.1759534071E+01     -0.2965465769E+00
    0.8054338723E+01      0.8054338723E+01      0.1772146801E+01     -0.3132905674E+00
    0.8028464554E+01      0.8028464554E+01      0.1781909915E+01     -0.3312824111E+00
    0.8678333759E+01      0.8678333759E+01      0.7800231119E-01     -0.1738517790E+00
    0.8678167909E+01      0.8678167909E+01      0.2335815930E+00     -0.1721619542E+00
    0.8677183424E+01      0.8677183424E+01      0.3860321065E+00     -0.1693596949E+00
    0.8674435753E+01      0.8674435753E+01      0.5335153398E+00     -0.1654084934E+00
    0.8668748760E+01      0.8668748760E+01      0.6739341032E+00     -0.1614391648E+00
    0.8658963618E+01      0.8658963618E+01      0.8055749391E+00     -0.1577438707E+00
    0.8644292580E+01      0.8644292580E+01      0.9271761246E+00     -0.1551244653E+00
    0.8624375069E+01      0.8624375069E+01      0.1038067946E+01     -0.1537000035E+00
    0.8599360065E+01      0.8599360065E+01      0.1138009360E+01     -0.1535532844E+00
    0.8569592175E+01      0.8569592175E+01      0.1227201196E+01     -0.1545083719E+00
    0.8535651921E+01      0.8535651921E+01      0.1306057225E+01     -0.1569020957E+00
    0.8498340637E+01      0.8498340637E+01      0.1375286085E+01     -0.1607984940E+00
    0.8458514527E+01      0.8458514527E+01      0.1435708840E+01     -0.1660631431E+00
    0.8416824233E+01      0.8416824233E+01      0.1488216051E+01     -0.1726656310E+00
    0.8374251264E+01      0.8374251264E+01      0.1533462719E+01     -0.1803182881E+00
    0.8332469423E+01      0.8332469423E+01      0.1573382335E+01     -0.1887028227E+00
    0.8291786994E+01      0.8291786994E+01      0.1608434774E+01     -0.1978417759E+00
    0.8252930209E+01      0.8252930209E+01      0.1639516363E+01     -0.2074862590E+00
    0.8215960738E+01      0.8215960738E+01      0.1666897839E+01     -0.2176860298E+00
    0.8180639246E+01      0.8180639246E+01      0.1690608721E+01     -0.2287822270E+00
    0.8147266353E+01      0.8147266353E+01      0.1711325324E+01     -0.2407458767E+00
    0.8115662173E+01      0.8115662173E+01      0.1729151287E+01     -0.2536872980E+00
    0.8085620037E+01      0.8085620037E+01      0.1743922051E+01     -0.2681539877E+00
    0.8057208879E+01      0.8057208879E+01      0.1755413609E+01     -0.2839444109E+00
    0.8031063680E+01      0.8031063680E+01      0.1764070657E+01     -0.3007896863E+00
    0.8681775111E+01      0.8681775111E+01      0.7886725962E-01     -0.1557123874E+00
    0.8682533206E+01      0.8682533206E+01      0.2357393478E+00     -0.1541603906E+00
    0.8682894070E+01      0.8682894070E+01      0.3892974114E+00     -0.1516970467E+00
    0.8681414430E+01      0.8681414430E+01      0.5374193353E+00     -0.1480814775E+00
    0.8676504960E+01      0.8676504960E+01      0.6778551406E+00     -0.1444475511E+00
    0.8666943547E+01      0.8666943547E+01      0.8088846647E+00     -0.1410316535E+00
    0.8652094939E+01      0.8652094939E+01      0.9294719991E+00     -0.1386164476E+00
    0.8631750454E+01      0.8631750454E+01      0.1039110071E+01     -0.1371083556E+00
    0.8606119744E+01      0.8606119744E+01      0.1137667006E+01     -0.1367562862E+00
    0.8575608626E+01      0.8575608626E+01      0.1225422051E+01     -0.1373747362E+00
    0.8540847425E+01      0.8540847425E+01      0.1302877525E+01     -0.1393636775E+00
    0.8502691652E+01      0.8502691652E+01      0.1370785674E+01     -0.1427854757E+00
    0.8462048548E+01      0.8462048548E+01      0.1429977333E+01     -0.1474808880E+00
    0.8419570254E+01      0.8419570254E+01      0.1481344478E+01     -0.1533852447E+00
    0.8376470387E+01      0.8376470387E+01      0.1525688388E+01     -0.1602759309E+00
    0.8334279924E+01      0.8334279924E+01      0.1564912459E+01     -0.1678399319E+00
    0.8293307473E+01      0.8293307473E+01      0.1599385362E+01     -0.1760651461E+00
    0.8254300075E+01      0.8254300075E+01      0.1629955744E+01     -0.1847622239E+00
    0.8217185408E+01      0.8217185408E+01      0.1656673490E+01     -0.1939500879E+00
    0.8181913674E+01      0.8181913674E+01      0.1679637522E+01     -0.2038648668E+00
    0.8148903228E+01      0.8148903228E+01      0.1699516785E+01     -0.2144920884E+00
    0.8117733311E+01      0.8117733311E+01      0.1716163124E+01     -0.2259634727E+00
    0.8088158422E+01      0.8088158422E+01      0.1729555774E+01     -0.2387412863E+00
    0.8060432478E+01      0.8060432478E+01      0.1739989911E+01     -0.2530499641E+00
    0.8034225298E+01      0.8034225298E+01      0.1746960696E+01     -0.2682782303E+00
    0.8684012917E+01      0.8684012917E+01      0.7968599019E-01     -0.1366381914E+00
    0.8685778411E+01      0.8685778411E+01      0.2376908919E+00     -0.1352402927E+00
    0.8687486820E+01      0.8687486820E+01      0.3923481118E+00     -0.1331369531E+00
    0.8687253014E+01      0.8687253014E+01      0.5408912817E+00     -0.1298852090E+00
    0.8683247244E+01      0.8683247244E+01      0.6814200835E+00     -0.1266631708E+00
    0.8674022202E+01      0.8674022202E+01      0.8119419398E+00     -0.1236476475E+00
    0.8659097831E+01      0.8659097831E+01      0.9316543860E+00     -0.1214881943E+00
    0.8638439822E+01      0.8638439822E+01      0.1040195086E+01     -0.1199516380E+00
    0.8612304743E+01      0.8612304743E+01      0.1137544537E+01     -0.1194464078E+00
    0.8581142709E+01      0.8581142709E+01      0.1224033777E+01     -0.1198280971E+00
    0.8545636148E+01      0.8545636148E+01      0.1300231612E+01     -0.1214735462E+00
    0.8506701328E+01      0.8506701328E+01      0.1366933770E+01     -0.1244400214E+00
    0.8465302219E+01      0.8465302219E+01      0.1424980848E+01     -0.1285420027E+00
    0.8422111809E+01      0.8422111809E+01      0.1475262497E+01     -0.1336998148E+00
    0.8378546178E+01      0.8378546178E+01      0.1518808161E+01     -0.1397761484E+00
    0.8336003895E+01      0.8336003895E+01      0.1557389602E+01     -0.1464592189E+00
    0.8294770027E+01      0.8294770027E+01      0.1591324280E+01     -0.1536905552E+00
    0.8255594566E+01      0.8255594566E+01      0.1621413931E+01     -0.1613836447E+00
    0.8218327851E+01      0.8218327851E+01      0.1647561159E+01     -0.1695349387E+00
    0.8183036753E+01      0.8183036753E+01      0.1669898010E+01     -0.1782609611E+00
    0.8150223910E+01      0.8150223910E+01      0.1689053371E+01     -0.1875786603E+00
    0.8119401038E+01      0.8119401038E+01      0.1704706014E+01     -0.1976382101E+00
    0.8090266542E+01      0.8090266542E+01      0.1716784222E+01     -0.2087150306E+00
    0.8063329979E+01      0.8063329979E+01      0.1726020548E+01     -0.2210850016E+00
    0.8037739444E+01      0.8037739444E+01      0.1731671113E+01     -0.2346217963E+00
    0.8685382525E+01      0.8685382525E+01      0.8043112963E-01     -0.1167887721E+00
    0.8688095959E+01      0.8688095959E+01      0.2393762420E+00     -0.1155995466E+00
    0.8691184905E+01      0.8691184905E+01      0.3951331732E+00     -0.1138226135E+00
    0.8692064922E+01      0.8692064922E+01      0.5439232225E+00     -0.1109933910E+00
    0.8688929470E+01      0.8688929470E+01      0.6844659236E+00     -0.1082165289E+00
    0.8680136072E+01      0.8680136072E+01      0.8146049318E+00     -0.1056677750E+00
    0.8665229489E+01      0.8665229489E+01      0.9335922816E+00     -0.1037818393E+00
    0.8644359042E+01      0.8644359042E+01      0.1041207919E+01     -0.1022818340E+00
    0.8617823347E+01      0.8617823347E+01      0.1137562304E+01     -0.1017015084E+00
    0.8586097732E+01      0.8586097732E+01      0.1222993247E+01     -0.1019355431E+00
    0.8549930086E+01      0.8549930086E+01      0.1298111594E+01     -0.1032845847E+00
    0.8510290938E+01      0.8510290938E+01      0.1363749013E+01     -0.1057943376E+00
    0.8468210174E+01      0.8468210174E+01      0.1420774886E+01     -0.1092823626E+00
    0.8424379974E+01      0.8424379974E+01      0.1470100645E+01     -0.1136634014E+00
    0.8380385199E+01      0.8380385199E+01      0.1512937425E+01     -0.1188858463E+00
    0.8337555718E+01      0.8337555718E+01      0.1550973015E+01     -0.1246383815E+00
    0.8296103001E+01      0.8296103001E+01      0.1584418789E+01     -0.1308036232E+00
    0.8256768030E+01      0.8256768030E+01      0.1614039322E+01     -0.1374172218E+00
    0.8219392916E+01      0.8219392916E+01      0.1639683435E+01     -0.1444682333E+00
    0.8184083887E+01      0.8184083887E+01      0.1661468014E+01     -0.1519581513E+00
    0.8151351312E+01      0.8151351312E+01      0.1679959072E+01     -0.1599567840E+00
    0.8120750973E+01      0.8120750973E+01      0.1694781611E+01     -0.1686387599E+00
    0.8091989908E+01      0.8091989908E+01      0.1705810294E+01     -0.1780971555E+00
    0.8065537091E+01      0.8065537091E+01      0.1713790208E+01     -0.1884604038E+00
    0.8040907491E+01      0.8040907491E+01      0.1718435385E+01     -0.2000927119E+00
    0.8686151136E+01      0.8686151136E+01      0.8105575317E-01     -0.9634117731E-01
    0.8689687404E+01      0.8689687404E+01      0.2407941178E+00     -0.9535996909E-01
    0.8694115767E+01      0.8694115767E+01      0.3975677591E+00     -0.9388254938E-01
    0.8695913220E+01      0.8695913220E+01      0.5464791069E+00     -0.9156939280E-01
    0.8693579009E+01      0.8693579009E+01      0.6869741680E+00     -0.8922474675E-01
    0.8685239138E+01      0.8685239138E+01      0.8168334134E+00     -0.8716892174E-01
    0.8670422989E+01      0.8670422989E+01      0.9352349236E+00     -0.8556205851E-01
    0.8649434267E+01      0.8649434267E+01      0.1042119188E+01     -0.8418815522E-01
    0.8622590436E+01      0.8622590436E+01      0.1137686458E+01     -0.8361678536E-01
    0.8590393062E+01      0.8590393062E+01      0.1222255756E+01     -0.8376000213E-01
    0.8553655494E+01      0.8553655494E+01      0.1296456285E+01     -0.8483420863E-01
    0.8513397366E+01      0.8513397366E+01      0.1361172747E+01     -0.8688168149E-01
    0.8470719151E+01      0.8470719151E+01      0.1417314505E+01     -0.8974341449E-01
    0.8426322777E+01      0.8426322777E+01      0.1465830056E+01     -0.9333822121E-01
    0.8381928458E+01      0.8381928458E+01      0.1508058251E+01     -0.9767801798E-01
    0.8338878411E+01      0.8338878411E+01      0.1545676443E+01     -0.1024525467E+00
    0.8297242887E+01      0.8297242887E+01      0.1578714190E+01     -0.1075032739E+00
    0.8257757764E+01      0.8257757764E+01      0.1607908386E+01     -0.1129720903E+00
    0.8220335748E+01      0.8220335748E+01      0.1633144104E+01     -0.1188469496E+00
    0.8185042366E+01      0.8185042366E+01      0.1654467990E+01     -0.1250339410E+00
    0.8152340123E+01      0.8152340123E+01      0.1672352087E+01     -0.1316696646E+00
    0.8121883015E+01      0.8121883015E+01      0.1686471008E+01     -0.1389420506E+00
    0.8093438905E+01      0.8093438905E+01      0.1696727276E+01     -0.1468129339E+00
    0.8067249102E+01      0.8067249102E+01      0.1703546880E+01     -0.1552757362E+00
    0.8043135963E+01      0.8043135963E+01      0.1707358833E+01     -0.1647629439E+00
    0.8686574277E+01      0.8686574277E+01      0.8157308709E-01     -0.7542017715E-01
    0.8690739052E+01      0.8690739052E+01      0.2419909359E+00     -0.7463759112E-01
    0.8696315771E+01      0.8696315771E+01      0.3994839921E+00     -0.7349196729E-01
    0.8698894158E+01      0.8698894158E+01      0.5486411416E+00     -0.7170103453E-01
    0.8697209595E+01      0.8697209595E+01      0.6889630939E+00     -0.6979029078E-01
    0.8689305054E+01      0.8689305054E+01      0.8186196159E+00     -0.6823298540E-01
    0.8674632524E+01      0.8674632524E+01      0.9365608327E+00     -0.6690939444E-01
    0.8653600605E+01      0.8653600605E+01      0.1042883580E+01     -0.6575630069E-01
    0.8626526574E+01      0.8626526574E+01      0.1137821851E+01     -0.6526414617E-01
    0.8593946476E+01      0.8593946476E+01      0.1221690421E+01     -0.6535031728E-01
    0.8556739137E+01      0.8556739137E+01      0.1295141808E+01     -0.6616554269E-01
    0.8515961502E+01      0.8515961502E+01      0.1359109359E+01     -0.6775404992E-01
    0.8472778192E+01      0.8472778192E+01      0.1414538074E+01     -0.6998706855E-01
    0.8427895406E+01      0.8427895406E+01      0.1462396335E+01     -0.7279508814E-01
    0.8383155069E+01      0.8383155069E+01      0.1504151114E+01     -0.7622242873E-01
    0.8339944945E+01      0.8339944945E+01      0.1541484684E+01     -0.7997637238E-01
    0.8298157522E+01      0.8298157522E+01      0.1574211597E+01     -0.8389130191E-01
    0.8258530099E+01      0.8258530099E+01      0.1603048501E+01     -0.8817138455E-01
    0.8221106075E+01      0.8221106075E+01      0.1627989992E+01     -0.9280188604E-01
    0.8185868655E+01      0.8185868655E+01      0.1648957533E+01     -0.9763466492E-01
    0.8153181194E+01      0.8153181194E+01      0.1666314922E+01     -0.1028439039E+00
    0.8122836125E+01      0.8122836125E+01      0.1679858983E+01     -0.1086264207E+00
    0.8094681564E+01      0.8094681564E+01      0.1689525703E+01     -0.1148592409E+00
    0.8068606059E+01      0.8068606059E+01      0.1695508523E+01     -0.1214832601E+00
    0.8044586136E+01      0.8044586136E+01      0.1698429146E+01     -0.1288411796E+00
    0.8686809082E+01      0.8686809082E+01      0.8198606085E-01     -0.5412879995E-01
    0.8691453284E+01      0.8691453284E+01      0.2429434301E+00     -0.5356258644E-01
    0.8697829926E+01      0.8697829926E+01      0.4009019250E+00     -0.5274876545E-01
    0.8701067202E+01      0.8701067202E+01      0.5503465003E+00     -0.5146798714E-01
    0.8699857564E+01      0.8699857564E+01      0.6904618523E+00     -0.5004235875E-01
    0.8692326307E+01      0.8692326307E+01      0.8199601694E+00     -0.4895119184E-01
    0.8677827064E+01      0.8677827064E+01      0.9375784062E+00     -0.4793661901E-01
    0.8656792791E+01      0.8656792791E+01      0.1043492173E+01     -0.4707755931E-01
    0.8629555161E+01      0.8629555161E+01      0.1137947255E+01     -0.4670877474E-01
    0.8596687396E+01      0.8596687396E+01      0.1221269729E+01     -0.4675865460E-01
    0.8559121763E+01      0.8559121763E+01      0.1294144418E+01     -0.4733181977E-01
    0.8517938747E+01      0.8517938747E+01      0.1357538544E+01     -0.4846883634E-01
    0.8474355539E+01      0.8474355539E+01      0.1412418909E+01     -0.5007374737E-01
    0.8429078839E+01      0.8429078839E+01      0.1459769929E+01     -0.5209422483E-01
    0.8384060685E+01      0.8384060685E+01      0.1501170219E+01     -0.5457804534E-01
    0.8340747652E+01      0.8340747652E+01      0.1538328270E+01     -0.5728052284E-01
    0.8298838881E+01      0.8298838881E+01      0.1570833246E+01     -0.6006153895E-01
    0.8259078067E+01      0.8259078067E+01      0.1599397331E+01     -0.6313000631E-01
    0.8221679790E+01      0.8221679790E+01      0.1624150879E+01     -0.6646874712E-01
    0.8186514916E+01      0.8186514916E+01      0.1644878683E+01     -0.6991768127E-01
    0.8153837651E+01      0.8153837651E+01      0.1661824763E+01     -0.7365457040E-01
    0.8123601056E+01      0.8123601056E+01      0.1674942715E+01     -0.7785304195E-01
    0.8095659399E+01      0.8095659399E+01      0.1684218721E+01     -0.8236028053E-01
    0.8069682571E+01      0.8069682571E+01      0.1689636523E+01     -0.8715214879E-01
    0.8045622243E+01      0.8045622243E+01      0.1691801873E+01     -0.9241235056E-01
    0.8686964238E+01      0.8686964238E+01      0.8226464921E-01     -0.3260222172E-01
    0.8691888497E+01      0.8691888497E+01      0.2436010689E+00     -0.3226183748E-01
    0.8698792920E+01      0.8698792920E+01      0.4018978557E+00     -0.3177774977E-01
    0.8702472684E+01      0.8702472684E+01      0.5515318424E+00     -0.3100550864E-01
    0.8701596710E+01      0.8701596710E+01      0.6914948707E+00     -0.3011479437E-01
    0.8694347362E+01      0.8694347362E+01      0.8208851398E+00     -0.2946905311E-01
    0.8679999633E+01      0.8679999633E+01      0.9382874766E+00     -0.2881630447E-01
    0.8658979736E+01      0.8658979736E+01      0.1043936692E+01     -0.2829222398E-01
    0.8631635680E+01      0.8631635680E+01      0.1138058849E+01     -0.2806324972E-01
    0.8598574578E+01      0.8598574578E+01      0.1221004468E+01     -0.2808577149E-01
    0.8560764384E+01      0.8560764384E+01      0.1293486818E+01     -0.2842445167E-01
    0.8519297852E+01      0.8519297852E+01      0.1356491276E+01     -0.2910738120E-01
    0.8475430838E+01      0.8475430838E+01      0.1410993908E+01     -0.3007636270E-01
    0.8429869667E+01      0.8429869667E+01      0.1457989914E+01     -0.3129806401E-01
    0.8384658509E+01      0.8384658509E+01      0.1499149812E+01     -0.3280648172E-01
    0.8341288423E+01      0.8341288423E+01      0.1536205941E+01     -0.3443563715E-01
    0.8299291168E+01      0.8299291168E+01      0.1568559422E+01     -0.3609547248E-01
    0.8259424158E+01      0.8259424158E+01      0.1596925946E+01     -0.3794152138E-01
    0.8222054666E+01      0.8222054666E+01      0.1621568470E+01     -0.3995703906E-01
    0.8186957563E+01      0.8186957563E+01      0.1642147768E+01     -0.4202006569E-01
    0.8154288925E+01      0.8154288925E+01      0.1658806256E+01     -0.4426273502E-01
    0.8124136196E+01      0.8124136196E+01      0.1671655982E+01     -0.4680718651E-01
    0.8096348985E+01      0.8096348985E+01      0.1680691141E+01     -0.4952902498E-01
    0.8070457155E+01      0.8070457155E+01      0.1685773454E+01     -0.5243989426E-01
    0.8046331254E+01      0.8046331254E+01      0.1687421887E+01     -0.5560334950E-01
    0.8687085635E+01      0.8687085635E+01      0.8243302635E-01     -0.1082656769E-01
    0.8692143497E+01      0.8692143497E+01      0.2440132061E+00     -0.1069362222E-01
    0.8699338406E+01      0.8699338406E+01      0.4025244215E+00     -0.1049849097E-01
    0.8703262620E+01      0.8703262620E+01      0.5522585339E+00     -0.1021209218E-01
    0.8702588401E+01      0.8702588401E+01      0.6921116777E+00     -0.9876333739E-02
    0.8695509389E+01      0.8695509389E+01      0.8214233625E+00     -0.9643201235E-02
    0.8681269183E+01      0.8681269183E+01      0.9386760455E+00     -0.9400322977E-02
    0.8660260279E+01      0.8660260279E+01      0.1044168521E+01     -0.9228385218E-02
    0.8632852969E+01      0.8632852969E+01      0.1138079188E+01     -0.9164058034E-02
    0.8599679567E+01      0.8599679567E+01      0.1220796179E+01     -0.9188458915E-02
    0.8561724124E+01      0.8561724124E+01      0.1293049498E+01     -0.9326308236E-02
    0.8520085425E+01      0.8520085425E+01      0.1355825201E+01     -0.9583657531E-02
    0.8476045913E+01      0.8476045913E+01      0.1410104522E+01     -0.9935423022E-02
    0.8430312937E+01      0.8430312937E+01      0.1456885954E+01     -0.1036954658E-01
    0.8384991164E+01      0.8384991164E+01      0.1497904101E+01     -0.1088909093E-01
    0.8341592343E+01      0.8341592343E+01      0.1534898771E+01     -0.1143797370E-01
    0.8299540421E+01      0.8299540421E+01      0.1567149620E+01     -0.1200133218E-01
    0.8259604113E+01      0.8259604113E+01      0.1595380140E+01     -0.1262825526E-01
    0.8222255300E+01      0.8222255300E+01      0.1619942998E+01     -0.1329864842E-01
    0.8187202936E+01      0.8187202936E+01      0.1640416500E+01     -0.1398133728E-01
    0.8154537244E+01      0.8154537244E+01      0.1656880644E+01     -0.1472931323E-01
    0.8124440164E+01      0.8124440164E+01      0.1669556015E+01     -0.1557009193E-01
    0.8096745929E+01      0.8096745929E+01      0.1678431987E+01     -0.1646399922E-01
    0.8070902021E+01      0.8070902021E+01      0.1683304726E+01     -0.1743407248E-01
    0.8046738717E+01      0.8046738717E+01      0.1684654324E+01     -0.1848681012E-01
