    0.7449651258E+01      0.7449651258E+01      0.2400755904E-01      0.6140360229E+00
    0.7448052712E+01      0.7448052712E+01      0.7266537473E-01      0.6119249427E+00
    0.7445025791E+01      0.7445025791E+01      0.1190523942E+00      0.6095359576E+00
    0.7439541315E+01      0.7439541315E+01      0.1624563189E+00      0.6053784306E+00
    0.7431251471E+01      0.7431251471E+01      0.2015543183E+00      0.6025740612E+00
    0.7418862809E+01      0.7418862809E+01      0.2365077171E+00      0.5954070768E+00
    0.7401412461E+01      0.7401412461E+01      0.2661159950E+00      0.5850350471E+00
    0.7378448147E+01      0.7378448147E+01      0.2898135170E+00      0.5717209452E+00
    0.7350183367E+01      0.7350183367E+01      0.3076974438E+00      0.5559935913E+00
    0.7317408955E+01      0.7317408955E+01      0.3207546846E+00      0.5377759819E+00
    0.7283645591E+01      0.7283645591E+01      0.3305602729E+00      0.5182170375E+00
    0.7252854038E+01      0.7252854038E+01      0.3427900599E+00      0.4991487403E+00
    0.7228230700E+01      0.7228230700E+01      0.3614038876E+00      0.4817478388E+00
    0.7212594888E+01      0.7212594888E+01      0.3896097260E+00      0.4676289073E+00
    0.7206046844E+01      0.7206046844E+01      0.4297948570E+00      0.4565781633E+00
    0.7207799685E+01      0.7207799685E+01      0.4775292926E+00      0.4482352931E+00
    0.7213933501E+01      0.7213933501E+01      0.5307417701E+00      0.4409641506E+00
    0.7223969339E+01      0.7223969339E+01      0.5902183122E+00      0.4350458679E+00
    0.7237599834E+01      0.7237599834E+01      0.6557184344E+00      0.4311413197E+00
    0.7254754074E+01      0.7254754074E+01      0.7267189940E+00      0.4287903598E+00
    0.7275775751E+01      0.7275775751E+01      0.8019437527E+00      0.4267157708E+00
    0.7301226710E+01      0.7301226710E+01      0.8798672290E+00      0.4236056197E+00
    0.7331568080E+01      0.7331568080E+01      0.9591944517E+00      0.4195019945E+00
    0.7367146694E+01      0.7367146694E+01      0.1038606344E+01      0.4141754920E+00
    0.7407171160E+01      0.7407171160E+01      0.1117673983E+01      0.4068436353E+00
    0.7411759482E+01      0.7411759482E+01      0.2340659805E-01      0.6015877192E+00
    0.7409740423E+01      0.7409740423E+01      0.7109961248E-01      0.5991387174E+00
    0.7405973067E+01      0.7405973067E+01      0.1162014346E+00      0.5962507171E+00
    0.7399414557E+01      0.7399414557E+01      0.1579547302E+00      0.5920980243E+00
    0.7389626476E+01      0.7389626476E+01      0.1948931793E+00      0.5875060949E+00
    0.7375424142E+01      0.7375424142E+01      0.2269794261E+00      0.5786204004E+00
    0.7355999166E+01      0.7355999166E+01      0.2532919198E+00      0.5665440312E+00
    0.7330991124E+01      0.7330991124E+01      0.2736755939E+00      0.5512685846E+00
    0.7300881107E+01      0.7300881107E+01      0.2887265625E+00      0.5333825795E+00
    0.7266999025E+01      0.7266999025E+01      0.2995280206E+00      0.5130436873E+00
    0.7233877251E+01      0.7233877251E+01      0.3095230119E+00      0.4920927173E+00
    0.7204918400E+01      0.7204918400E+01      0.3236108607E+00      0.4720903292E+00
    0.7183564112E+01      0.7183564112E+01      0.3457391364E+00      0.4547720798E+00
    0.7171921534E+01      0.7171921534E+01      0.3781497296E+00      0.4411460619E+00
    0.7169429069E+01      0.7169429069E+01      0.4218282507E+00      0.4307514808E+00
    0.7173451083E+01      0.7173451083E+01      0.4703874834E+00      0.4223674076E+00
    0.7181681098E+01      0.7181681098E+01      0.5247049079E+00      0.4149061944E+00
    0.7193621763E+01      0.7193621763E+01      0.5852069928E+00      0.4087559412E+00
    0.7209180973E+01      0.7209180973E+01      0.6517184376E+00      0.4044712063E+00
    0.7228544298E+01      0.7228544298E+01      0.7234903514E+00      0.4017460331E+00
    0.7252004827E+01      0.7252004827E+01      0.7990847891E+00      0.3994898716E+00
    0.7280104516E+01      0.7280104516E+01      0.8767890831E+00      0.3956937650E+00
    0.7313513134E+01      0.7313513134E+01      0.9548204945E+00      0.3903644580E+00
    0.7351852210E+01      0.7351852210E+01      0.1032489502E+01      0.3835327060E+00
    0.7394453994E+01      0.7394453994E+01      0.1109411417E+01      0.3746241487E+00
    0.7373880299E+01      0.7373880299E+01      0.2270737623E-01      0.5889582781E+00
    0.7371338293E+01      0.7371338293E+01      0.6923799621E-01      0.5861204183E+00
    0.7366589060E+01      0.7366589060E+01      0.1127285675E+00      0.5826165178E+00
    0.7358609026E+01      0.7358609026E+01      0.1524679626E+00      0.5780874123E+00
    0.7346907760E+01      0.7346907760E+01      0.1869100730E+00      0.5716155199E+00
    0.7330509387E+01      0.7330509387E+01      0.2157885098E+00      0.5608677124E+00
    0.7308821810E+01      0.7308821810E+01      0.2385180944E+00      0.5468952594E+00
    0.7281752705E+01      0.7281752705E+01      0.2552934413E+00      0.5295171041E+00
    0.7249759002E+01      0.7249759002E+01      0.2673762885E+00      0.5093108734E+00
    0.7215772965E+01      0.7215772965E+01      0.2762948942E+00      0.4872120433E+00
    0.7183751175E+01      0.7183751175E+01      0.2871493913E+00      0.4650573979E+00
    0.7157547137E+01      0.7157547137E+01      0.3040231281E+00      0.4449259252E+00
    0.7140326364E+01      0.7140326364E+01      0.3302200170E+00      0.4283049220E+00
    0.7132583994E+01      0.7132583994E+01      0.3677109255E+00      0.4154071482E+00
    0.7133756986E+01      0.7133756986E+01      0.4129220621E+00      0.4057158060E+00
    0.7139785932E+01      0.7139785932E+01      0.4628752609E+00      0.3972983160E+00
    0.7150110737E+01      0.7150110737E+01      0.5183430021E+00      0.3900010049E+00
    0.7164214144E+01      0.7164214144E+01      0.5799225246E+00      0.3839923636E+00
    0.7181964375E+01      0.7181964375E+01      0.6474355585E+00      0.3796603848E+00
    0.7203665879E+01      0.7203665879E+01      0.7198616016E+00      0.3767353026E+00
    0.7229591631E+01      0.7229591631E+01      0.7955920974E+00      0.3743712135E+00
    0.7260389042E+01      0.7260389042E+01      0.8725783799E+00      0.3699977369E+00
    0.7296404506E+01      0.7296404506E+01      0.9490977314E+00      0.3637798140E+00
    0.7337144881E+01      0.7337144881E+01      0.1024789973E+01      0.3556711661E+00
    0.7382008057E+01      0.7382008057E+01      0.1099350833E+01      0.3454269300E+00
    0.7335982545E+01      0.7335982545E+01      0.2179548170E-01      0.5760672187E+00
    0.7332715256E+01      0.7332715256E+01      0.6683438748E-01      0.5728654044E+00
    0.7326649843E+01      0.7326649843E+01      0.1082710387E+00      0.5686097472E+00
    0.7316800915E+01      0.7316800915E+01      0.1455843108E+00      0.5632533115E+00
    0.7302700832E+01      0.7302700832E+01      0.1772386913E+00      0.5547387610E+00
    0.7283714989E+01      0.7283714989E+01      0.2028117737E+00      0.5419457357E+00
    0.7259494170E+01      0.7259494170E+01      0.2220088706E+00      0.5258176115E+00
    0.7230269793E+01      0.7230269793E+01      0.2354834743E+00      0.5061974264E+00
    0.7196873579E+01      0.7196873579E+01      0.2445323106E+00      0.4837741065E+00
    0.7163630104E+01      0.7163630104E+01      0.2526970372E+00      0.4603731997E+00
    0.7133848674E+01      0.7133848674E+01      0.2651522847E+00      0.4376581452E+00
    0.7111364680E+01      0.7111364680E+01      0.2857269662E+00      0.4181233275E+00
    0.7098646514E+01      0.7098646514E+01      0.3164039925E+00      0.4026010580E+00
    0.7095074533E+01      0.7095074533E+01      0.3581396298E+00      0.3907725619E+00
    0.7098909718E+01      0.7098909718E+01      0.4043612770E+00      0.3814649373E+00
    0.7106987890E+01      0.7106987890E+01      0.4557066292E+00      0.3733575608E+00
    0.7119599994E+01      0.7119599994E+01      0.5125898254E+00      0.3665150815E+00
    0.7136096378E+01      0.7136096378E+01      0.5752400697E+00      0.3611446592E+00
    0.7156310465E+01      0.7156310465E+01      0.6436046724E+00      0.3570933134E+00
    0.7180394356E+01      0.7180394356E+01      0.7163187594E+00      0.3541407850E+00
    0.7208621500E+01      0.7208621500E+01      0.7917326367E+00      0.3515630774E+00
    0.7241917705E+01      0.7241917705E+01      0.8675072277E+00      0.3468268925E+00
    0.7280083611E+01      0.7280083611E+01      0.9423703151E+00      0.3399459820E+00
    0.7322849888E+01      0.7322849888E+01      0.1015868751E+01      0.3308709758E+00
    0.7369672436E+01      0.7369672436E+01      0.1087930271E+01      0.3195494402E+00
    0.7297902655E+01      0.7297902655E+01      0.2045241701E-01      0.5629873110E+00
    0.7293647669E+01      0.7293647669E+01      0.6337204401E-01      0.5593154779E+00
    0.7285897421E+01      0.7285897421E+01      0.1021565509E+00      0.5540294898E+00
    0.7273720453E+01      0.7273720453E+01      0.1365997910E+00      0.5472621010E+00
    0.7256799956E+01      0.7256799956E+01      0.1652207848E+00      0.5363939588E+00
    0.7234846024E+01      0.7234846024E+01      0.1875685938E+00      0.5212842077E+00
    0.7207991659E+01      0.7207991659E+01      0.2034095560E+00      0.5028223502E+00
    0.7176323148E+01      0.7176323148E+01      0.2138777522E+00      0.4808178833E+00
    0.7142629639E+01      0.7142629639E+01      0.2205285693E+00      0.4567974195E+00
    0.7110951218E+01      0.7110951218E+01      0.2291096539E+00      0.4326078188E+00
    0.7084720643E+01      0.7084720643E+01      0.2441649789E+00      0.4104544633E+00
    0.7067043966E+01      0.7067043966E+01      0.2690010583E+00      0.3922982376E+00
    0.7058817243E+01      0.7058817243E+01      0.3047767522E+00      0.3780656460E+00
    0.7059170805E+01      0.7059170805E+01      0.3486167257E+00      0.3673707116E+00
    0.7065079512E+01      0.7065079512E+01      0.3961521355E+00      0.3584069372E+00
    0.7075624682E+01      0.7075624682E+01      0.4490075499E+00      0.3510502313E+00
    0.7090646208E+01      0.7090646208E+01      0.5074005036E+00      0.3451441520E+00
    0.7109742621E+01      0.7109742621E+01      0.5713113872E+00      0.3406452488E+00
    0.7132391533E+01      0.7132391533E+01      0.6402216569E+00      0.3371620630E+00
    0.7158699215E+01      0.7158699215E+01      0.7128773661E+00      0.3341985881E+00
    0.7189022787E+01      0.7189022787E+01      0.7874329626E+00      0.3312752574E+00
    0.7224327618E+01      0.7224327618E+01      0.8617162139E+00      0.3263452299E+00
    0.7264276923E+01      0.7264276923E+01      0.9347946346E+00      0.3190687301E+00
    0.7308760552E+01      0.7308760552E+01      0.1006042952E+01      0.3093763718E+00
    0.7357223788E+01      0.7357223788E+01      0.1075553875E+01      0.2972454738E+00
    0.7259176350E+01      0.7259176350E+01      0.1861360220E-01      0.5498590482E+00
    0.7253646389E+01      0.7253646389E+01      0.5866013160E-01      0.5454360851E+00
    0.7243815051E+01      0.7243815051E+01      0.9409098566E-01      0.5387659801E+00
    0.7228857174E+01      0.7228857174E+01      0.1251117498E+00      0.5300006436E+00
    0.7208776138E+01      0.7208776138E+01      0.1503406348E+00      0.5164186059E+00
    0.7183575910E+01      0.7183575910E+01      0.1693865342E+00      0.4987287110E+00
    0.7153885859E+01      0.7153885859E+01      0.1822204911E+00      0.4777546758E+00
    0.7120222514E+01      0.7120222514E+01      0.1896269334E+00      0.4534703179E+00
    0.7087335791E+01      0.7087335791E+01      0.1957326031E+00      0.4285278078E+00
    0.7058466090E+01      0.7058466090E+01      0.2061103109E+00      0.4045519797E+00
    0.7037033862E+01      0.7037033862E+01      0.2249821063E+00      0.3839870384E+00
    0.7024880328E+01      0.7024880328E+01      0.2544337766E+00      0.3677867509E+00
    0.7021306149E+01      0.7021306149E+01      0.2945741922E+00      0.3553684107E+00
    0.7024678471E+01      0.7024678471E+01      0.3392945366E+00      0.3454769918E+00
    0.7032870143E+01      0.7032870143E+01      0.3885856785E+00      0.3372782401E+00
    0.7046085339E+01      0.7046085339E+01      0.4433228304E+00      0.3309354920E+00
    0.7063755777E+01      0.7063755777E+01      0.5033317857E+00      0.3263038772E+00
    0.7085339799E+01      0.7085339799E+01      0.5683426773E+00      0.3228938800E+00
    0.7110202974E+01      0.7110202974E+01      0.6376179788E+00      0.3199534213E+00
    0.7138368551E+01      0.7138368551E+01      0.7097214316E+00      0.3170752858E+00
    0.7170521295E+01      0.7170521295E+01      0.7830506582E+00      0.3137136135E+00
    0.7207314507E+01      0.7207314507E+01      0.8556945697E+00      0.3086357031E+00
    0.7248744330E+01      0.7248744330E+01      0.9268706784E+00      0.3011923267E+00
    0.7294753910E+01      0.7294753910E+01      0.9958021673E+00      0.2911071282E+00
    0.7344792730E+01      0.7344792730E+01      0.1062616267E+01      0.2783984172E+00
    0.7219323593E+01      0.7219323593E+01      0.1633555448E-01      0.5362388824E+00
    0.7212258340E+01      0.7212258340E+01      0.5276856605E-01      0.5307558373E+00
    0.7199986247E+01      0.7199986247E+01      0.8413128450E-01      0.5223542866E+00
    0.7181909038E+01      0.7181909038E+01      0.1111806887E+00      0.5110898463E+00
    0.7158382670E+01      0.7158382670E+01      0.1327082130E+00      0.4944498889E+00
    0.7129947604E+01      0.7129947604E+01      0.1482618581E+00      0.4740522679E+00
    0.7097133772E+01      0.7097133772E+01      0.1582280684E+00      0.4503493616E+00
    0.7062768919E+01      0.7062768919E+01      0.1636083979E+00      0.4244289903E+00
    0.7031735771E+01      0.7031735771E+01      0.1708227584E+00      0.3993019208E+00
    0.7007190431E+01      0.7007190431E+01      0.1846137938E+00      0.3769170426E+00
    0.6991495111E+01      0.6991495111E+01      0.2082021142E+00      0.3587244505E+00
    0.6984773555E+01      0.6984773555E+01      0.2428997625E+00      0.3448521196E+00
    0.6985576681E+01      0.6985576681E+01      0.2848153120E+00      0.3340963863E+00
    0.6991452569E+01      0.6991452569E+01      0.3309282039E+00      0.3252435394E+00
    0.7002710624E+01      0.7002710624E+01      0.3821675017E+00      0.3183815731E+00
    0.7018772112E+01      0.7018772112E+01      0.4387468805E+00      0.3135411702E+00
    0.7039038756E+01      0.7039038756E+01      0.5004080739E+00      0.3102352613E+00
    0.7062789923E+01      0.7062789923E+01      0.5662486041E+00      0.3078912199E+00
    0.7089465418E+01      0.7089465418E+01      0.6354233526E+00      0.3055390756E+00
    0.7119119985E+01      0.7119119985E+01      0.7066608756E+00      0.3027214236E+00
    0.7152727729E+01      0.7152727729E+01      0.7783857783E+00      0.2989462900E+00
    0.7190780463E+01      0.7190780463E+01      0.8492598420E+00      0.2936800705E+00
    0.7233557152E+01      0.7233557152E+01      0.9183609747E+00      0.2860810556E+00
    0.7281105241E+01      0.7281105241E+01      0.9848242825E+00      0.2756034382E+00
    0.7332877536E+01      0.7332877536E+01      0.1048672936E+01      0.2621745850E+00
    0.7177491954E+01      0.7177491954E+01      0.1353783244E-01      0.5215805017E+00
    0.7168645897E+01      0.7168645897E+01      0.4546802752E-01      0.5148483467E+00
    0.7153676097E+01      0.7153676097E+01      0.7198253530E-01      0.5044783182E+00
    0.7132337047E+01      0.7132337047E+01      0.9458155994E-01      0.4903786424E+00
    0.7105230243E+01      0.7105230243E+01      0.1121387794E+00      0.4704164123E+00
    0.7073535458E+01      0.7073535458E+01      0.1244340516E+00      0.4471871205E+00
    0.7038284925E+01      0.7038284925E+01      0.1313154038E+00      0.4208437092E+00
    0.7004766985E+01      0.7004766985E+01      0.1370355778E+00      0.3941229551E+00
    0.6976931228E+01      0.6976931228E+01      0.1471508446E+00      0.3700541194E+00
    0.6958014490E+01      0.6958014490E+01      0.1656586310E+00      0.3503231846E+00
    0.6948519555E+01      0.6948519555E+01      0.1947568019E+00      0.3351961551E+00
    0.6947335844E+01      0.6947335844E+01      0.2329558964E+00      0.3240821464E+00
    0.6951545823E+01      0.6951545823E+01      0.2757995485E+00      0.3149754227E+00
    0.6960669096E+01      0.6960669096E+01      0.3241078582E+00      0.3077165082E+00
    0.6975015267E+01      0.6975015267E+01      0.3775435523E+00      0.3025014908E+00
    0.6993927846E+01      0.6993927846E+01      0.4359512807E+00      0.2991439981E+00
    0.7016449796E+01      0.7016449796E+01      0.4986862714E+00      0.2972015771E+00
    0.7041896822E+01      0.7041896822E+01      0.5649443378E+00      0.2957307784E+00
    0.7069896783E+01      0.7069896783E+01      0.6336337756E+00      0.2939569039E+00
    0.7100924050E+01      0.7100924050E+01      0.7036178875E+00      0.2912450111E+00
    0.7135889369E+01      0.7135889369E+01      0.7735838600E+00      0.2871785837E+00
    0.7175276187E+01      0.7175276187E+01      0.8425217587E+00      0.2815473003E+00
    0.7219543190E+01      0.7219543190E+01      0.9093408227E+00      0.2734871384E+00
    0.7268785397E+01      0.7268785397E+01      0.9731128296E+00      0.2622966581E+00
    0.7322473995E+01      0.7322473995E+01      0.1033837753E+01      0.2477583859E+00
    0.7132739924E+01      0.7132739924E+01      0.1014622711E-01      0.5049690188E+00
    0.7121965151E+01      0.7121965151E+01      0.3654445705E-01      0.4968346616E+00
    0.7104351152E+01      0.7104351152E+01      0.5744833180E-01      0.4844205193E+00
    0.7079729304E+01      0.7079729304E+01      0.7524588050E-01      0.4673376989E+00
    0.7049298972E+01      0.7049298972E+01      0.8856487859E-01      0.4440680429E+00
    0.7014347946E+01      0.7014347946E+01      0.9769660137E-01      0.4178992177E+00
    0.6978483089E+01      0.6978483089E+01      0.1030088032E+00      0.3896851894E+00
    0.6947153134E+01      0.6947153134E+01      0.1109650074E+00      0.3634628387E+00
    0.6924183417E+01      0.6924183417E+01      0.1260574353E+00      0.3416974742E+00
    0.6911404008E+01      0.6911404008E+01      0.1502944140E+00      0.3250950949E+00
    0.6908046239E+01      0.6908046239E+01      0.1848574520E+00      0.3135113969E+00
    0.6911364299E+01      0.6911364299E+01      0.2242034134E+00      0.3047877749E+00
    0.6919312507E+01      0.6919312507E+01      0.2689962707E+00      0.2978424546E+00
    0.6932285175E+01      0.6932285175E+01      0.3193172792E+00      0.2929224134E+00
    0.6950033402E+01      0.6950033402E+01      0.3744874852E+00      0.2898429781E+00
    0.6971417034E+01      0.6971417034E+01      0.4341898860E+00      0.2880722278E+00
    0.6995556184E+01      0.6995556184E+01      0.4977416215E+00      0.2870126521E+00
    0.7022157209E+01      0.7022157209E+01      0.5639393182E+00      0.2861978413E+00
    0.7051109134E+01      0.7051109134E+01      0.6320823700E+00      0.2847528029E+00
    0.7083498692E+01      0.7083498692E+01      0.7006588285E+00      0.2818286014E+00
    0.7119957248E+01      0.7119957248E+01      0.7685727424E+00      0.2773462103E+00
    0.7160958175E+01      0.7160958175E+01      0.8351466355E+00      0.2709324658E+00
    0.7206971094E+01      0.7206971094E+01      0.8992558607E+00      0.2618515628E+00
    0.7258173289E+01      0.7258173289E+01      0.9599730355E+00      0.2494654367E+00
    0.7314057845E+01      0.7314057845E+01      0.1017200560E+01      0.2336140443E+00
    0.7083727735E+01      0.7083727735E+01      0.6128436550E-02      0.4854655783E+00
    0.7071038408E+01      0.7071038408E+01      0.2584416357E-01      0.4758986102E+00
    0.7051183823E+01      0.7051183823E+01      0.4059124424E-01      0.4615896803E+00
    0.7023467346E+01      0.7023467346E+01      0.5298576838E-01      0.4415479598E+00
    0.6990081645E+01      0.6990081645E+01      0.6230257277E-01      0.4151926889E+00
    0.6953445321E+01      0.6953445321E+01      0.6815478637E-01      0.3866099020E+00
    0.6918881244E+01      0.6918881244E+01      0.7477915083E-01      0.3580888359E+00
    0.6891737049E+01      0.6891737049E+01      0.8721794022E-01      0.3338516133E+00
    0.6874908111E+01      0.6874908111E+01      0.1081774636E+00      0.3153900411E+00
    0.6867903411E+01      0.6867903411E+01      0.1395296832E+00      0.3022282157E+00
    0.6870292320E+01      0.6870292320E+01      0.1762031874E+00      0.2941324084E+00
    0.6877611021E+01      0.6877611021E+01      0.2175345835E+00      0.2880462655E+00
    0.6889765120E+01      0.6889765120E+01      0.2645373607E+00      0.2838634465E+00
    0.6906380025E+01      0.6906380025E+01      0.3169616292E+00      0.2812620552E+00
    0.6926986376E+01      0.6926986376E+01      0.3736302371E+00      0.2800946498E+00
    0.6950531672E+01      0.6950531672E+01      0.4338619509E+00      0.2797818358E+00
    0.6976117282E+01      0.6976117282E+01      0.4972594318E+00      0.2796561867E+00
    0.7003721403E+01      0.7003721403E+01      0.5630761804E+00      0.2793111032E+00
    0.7033884170E+01      0.7033884170E+01      0.6302742549E+00      0.2779006675E+00
    0.7068003524E+01      0.7068003524E+01      0.6970782154E+00      0.2746210066E+00
    0.7106318413E+01      0.7106318413E+01      0.7627399940E+00      0.2693216890E+00
    0.7149234962E+01      0.7149234962E+01      0.8265790375E+00      0.2616300310E+00
    0.7197267269E+01      0.7197267269E+01      0.8876074164E+00      0.2509533944E+00
    0.7250569269E+01      0.7250569269E+01      0.9449952165E+00      0.2368976693E+00
    0.7308600125E+01      0.7308600125E+01      0.9988168943E+00      0.2193676942E+00
    0.7028991869E+01      0.7028991869E+01      0.1672242467E-02      0.4616190927E+00
    0.7015081736E+01      0.7015081736E+01      0.1332932522E-01      0.4509433802E+00
    0.6993195078E+01      0.6993195078E+01      0.2177689587E-01      0.4348135542E+00
    0.6963094411E+01      0.6963094411E+01      0.2801531275E-01      0.4122525022E+00
    0.6927805255E+01      0.6927805255E+01      0.3329655932E-01      0.3834589548E+00
    0.6892200373E+01      0.6892200373E+01      0.3804345770E-01      0.3542193640E+00
    0.6861593647E+01      0.6861593647E+01      0.4827998840E-01      0.3278373703E+00
    0.6840160296E+01      0.6840160296E+01      0.6708905245E-01      0.3067859961E+00
    0.6829364960E+01      0.6829364960E+01      0.9500593002E-01      0.2917155472E+00
    0.6828283868E+01      0.6828283868E+01      0.1314313629E+00      0.2824467283E+00
    0.6834587445E+01      0.6834587445E+01      0.1704047280E+00      0.2770813579E+00
    0.6846490051E+01      0.6846490051E+01      0.2141140813E+00      0.2743549280E+00
    0.6863226059E+01      0.6863226059E+01      0.2629781448E+00      0.2736174331E+00
    0.6883504999E+01      0.6883504999E+01      0.3165307635E+00      0.2737582810E+00
    0.6906349182E+01      0.6906349182E+01      0.3739580728E+00      0.2741454481E+00
    0.6931375939E+01      0.6931375939E+01      0.4342528351E+00      0.2747514801E+00
    0.6958060694E+01      0.6958060694E+01      0.4972378662E+00      0.2748514429E+00
    0.6986710886E+01      0.6986710886E+01      0.5622238813E+00      0.2742984213E+00
    0.7018570716E+01      0.7018570716E+01      0.6278686379E+00      0.2721838602E+00
    0.7054635677E+01      0.7054635677E+01      0.6925499719E+00      0.2679495943E+00
    0.7095073322E+01      0.7095073322E+01      0.7557844632E+00      0.2611758609E+00
    0.7140357216E+01      0.7140357216E+01      0.8166769719E+00      0.2516490353E+00
    0.7190806639E+01      0.7190806639E+01      0.8744510951E+00      0.2391309227E+00
    0.7246436745E+01      0.7246436745E+01      0.9285979710E+00      0.2234218051E+00
    0.7306615036E+01      0.7306615036E+01      0.9793183051E+00      0.2045021719E+00
    0.6966726658E+01      0.6966726658E+01     -0.2899110546E-02      0.4320106765E+00
    0.6953107862E+01      0.6953107862E+01     -0.6799811086E-03      0.4211270370E+00
    0.6928922718E+01      0.6928922718E+01      0.6410213622E-03      0.4028266983E+00
    0.6897664451E+01      0.6897664451E+01      0.1188798725E-02      0.3785823155E+00
    0.6863742229E+01      0.6863742229E+01      0.3183621906E-02      0.3494132047E+00
    0.6832105326E+01      0.6832105326E+01      0.1010001058E-01      0.3223771939E+00
    0.6808079732E+01      0.6808079732E+01      0.2581243107E-01      0.3000393690E+00
    0.6793791095E+01      0.6793791095E+01      0.5115190180E-01      0.2834318698E+00
    0.6788580386E+01      0.6788580386E+01      0.8621398516E-01      0.2722983651E+00
    0.6792212590E+01      0.6792212590E+01      0.1250659837E+00      0.2661183677E+00
    0.6801964312E+01      0.6801964312E+01      0.1675481095E+00      0.2634071604E+00
    0.6817773717E+01      0.6817773717E+01      0.2141889025E+00      0.2635782887E+00
    0.6838099645E+01      0.6838099645E+01      0.2645093491E+00      0.2656097111E+00
    0.6861312643E+01      0.6861312643E+01      0.3183084845E+00      0.2680097121E+00
    0.6886339700E+01      0.6886339700E+01      0.3751423369E+00      0.2699921817E+00
    0.6913033159E+01      0.6913033159E+01      0.4346721475E+00      0.2711772520E+00
    0.6941518554E+01      0.6941518554E+01      0.4964771976E+00      0.2715306083E+00
    0.6972008428E+01      0.6972008428E+01      0.5602858786E+00      0.2703624389E+00
    0.7006177399E+01      0.7006177399E+01      0.6240845510E+00      0.2669091903E+00
    0.7044572946E+01      0.7044572946E+01      0.6864264765E+00      0.2607868789E+00
    0.7087528880E+01      0.7087528880E+01      0.7468751968E+00      0.2518662967E+00
    0.7135248972E+01      0.7135248972E+01      0.8047930637E+00      0.2402177744E+00
    0.7187906154E+01      0.7187906154E+01      0.8595278679E+00      0.2259374311E+00
    0.7245462398E+01      0.7245462398E+01      0.9106400296E+00      0.2091354495E+00
    0.7307547725E+01      0.7307547725E+01      0.9581748146E+00      0.1895772692E+00
    0.6896177333E+01      0.6896177333E+01     -0.8298190872E-02      0.3950983181E+00
    0.6882733552E+01      0.6882733552E+01     -0.1640016196E-01      0.3843699651E+00
    0.6857407563E+01      0.6857407563E+01     -0.2258933799E-01      0.3643224121E+00
    0.6827820468E+01      0.6827820468E+01     -0.2663587180E-01      0.3402246956E+00
    0.6799109800E+01      0.6799109800E+01     -0.2418536547E-01      0.3140264282E+00
    0.6775262119E+01      0.6775262119E+01     -0.1292473491E-01      0.2925002752E+00
    0.6759543703E+01      0.6759543703E+01      0.8935377788E-02      0.2759519192E+00
    0.6752367297E+01      0.6752367297E+01      0.4082072245E-01      0.2645828216E+00
    0.6752932634E+01      0.6752932634E+01      0.7950748126E-01      0.2574588535E+00
    0.6760030484E+01      0.6760030484E+01      0.1214155311E+00      0.2542147848E+00
    0.6773452556E+01      0.6773452556E+01      0.1673848606E+00      0.2541949891E+00
    0.6792153460E+01      0.6792153460E+01      0.2162059659E+00      0.2566734405E+00
    0.6814792338E+01      0.6814792338E+01      0.2674856615E+00      0.2603445277E+00
    0.6840223306E+01      0.6840223306E+01      0.3210100327E+00      0.2643029282E+00
    0.6867664130E+01      0.6867664130E+01      0.3769888800E+00      0.2675708969E+00
    0.6896736379E+01      0.6896736379E+01      0.4353586267E+00      0.2692770143E+00
    0.6927464471E+01      0.6927464471E+01      0.4958341073E+00      0.2689891042E+00
    0.6960575730E+01      0.6960575730E+01      0.5573964163E+00      0.2662887857E+00
    0.6997750639E+01      0.6997750639E+01      0.6181638073E+00      0.2607367052E+00
    0.7038999305E+01      0.7038999305E+01      0.6774525720E+00      0.2522865542E+00
    0.7084317696E+01      0.7084317696E+01      0.7350719048E+00      0.2411853135E+00
    0.7133747386E+01      0.7133747386E+01      0.7905409696E+00      0.2279217454E+00
    0.7187831342E+01      0.7187831342E+01      0.8430100665E+00      0.2124363325E+00
    0.7247360225E+01      0.7247360225E+01      0.8914762221E+00      0.1940746662E+00
    0.7312896238E+01      0.7312896238E+01      0.9353200455E+00      0.1718858158E+00
    0.6814886264E+01      0.6814886264E+01     -0.1343487587E-01      0.3488832640E+00
    0.6802336816E+01      0.6802336816E+01     -0.3190435454E-01      0.3383951448E+00
    0.6778656469E+01      0.6778656469E+01     -0.4604748419E-01      0.3187236161E+00
    0.6756290081E+01      0.6756290081E+01     -0.5106235718E-01      0.2986798225E+00
    0.6736686634E+01      0.6736686634E+01     -0.4554561827E-01      0.2799849264E+00
    0.6722848990E+01      0.6722848990E+01     -0.2883559719E-01      0.2660404603E+00
    0.6715996616E+01      0.6715996616E+01     -0.1164093342E-02      0.2561360618E+00
    0.6715821304E+01      0.6715821304E+01      0.3464778093E-01      0.2501762533E+00
    0.6721346566E+01      0.6721346566E+01      0.7553066786E-01      0.2473265297E+00
    0.6732671764E+01      0.6732671764E+01      0.1210830183E+00      0.2473004226E+00
    0.6748982957E+01      0.6748982957E+01      0.1694317260E+00      0.2496456572E+00
    0.6769729624E+01      0.6769729624E+01      0.2198699134E+00      0.2536854505E+00
    0.6794024629E+01      0.6794024629E+01      0.2719956646E+00      0.2582441574E+00
    0.6821339025E+01      0.6821339025E+01      0.3254785576E+00      0.2627540163E+00
    0.6851011349E+01      0.6851011349E+01      0.3803828121E+00      0.2660083478E+00
    0.6882786527E+01      0.6882786527E+01      0.4366507836E+00      0.2671220785E+00
    0.6916675386E+01      0.6916675386E+01      0.4942265922E+00      0.2655204450E+00
    0.6953322516E+01      0.6953322516E+01      0.5526180352E+00      0.2606179720E+00
    0.6993771914E+01      0.6993771914E+01      0.6102110696E+00      0.2526635981E+00
    0.7037490072E+01      0.7037490072E+01      0.6669067715E+00      0.2424514655E+00
    0.7084477361E+01      0.7084477361E+01      0.7223468522E+00      0.2301569940E+00
    0.7135642174E+01      0.7135642174E+01      0.7755093301E+00      0.2149948443E+00
    0.7192452957E+01      0.7192452957E+01      0.8249623682E+00      0.1964334308E+00
    0.7256201471E+01      0.7256201471E+01      0.8692930004E+00      0.1740757220E+00
    0.7326936308E+01      0.7326936308E+01      0.9081780181E+00      0.1474733480E+00
    0.6721115526E+01      0.6721115526E+01     -0.1764923723E-01      0.2907594701E+00
    0.6711207275E+01      0.6711207275E+01     -0.4559738710E-01      0.2820085455E+00
    0.6695565180E+01      0.6695565180E+01     -0.6455197638E-01      0.2672587157E+00
    0.6686416892E+01      0.6686416892E+01     -0.6797271186E-01      0.2582331537E+00
    0.6678190606E+01      0.6678190606E+01     -0.5800773288E-01      0.2489295098E+00
    0.6675005199E+01      0.6675005199E+01     -0.3631875366E-01      0.2433078896E+00
    0.6676586902E+01      0.6676586902E+01     -0.5571063120E-02      0.2403964380E+00
    0.6683033752E+01      0.6683033752E+01      0.3244281026E-01      0.2399472815E+00
    0.6693841046E+01      0.6693841046E+01      0.7609398979E-01      0.2412798797E+00
    0.6708678145E+01      0.6708678145E+01      0.1234972292E+00      0.2441159382E+00
    0.6727475673E+01      0.6727475673E+01      0.1731703400E+00      0.2483557298E+00
    0.6749759382E+01      0.6749759382E+01      0.2246815593E+00      0.2528955733E+00
    0.6775572677E+01      0.6775572677E+01      0.2768166540E+00      0.2575929081E+00
    0.6804725129E+01      0.6804725129E+01      0.3293393724E+00      0.2614994674E+00
    0.6836982078E+01      0.6836982078E+01      0.3823008089E+00      0.2637812633E+00
    0.6872110029E+01      0.6872110029E+01      0.4359271995E+00      0.2634024934E+00
    0.6909963923E+01      0.6909963923E+01      0.4903180279E+00      0.2596952293E+00
    0.6950452525E+01      0.6950452525E+01      0.5452870205E+00      0.2524712049E+00
    0.6993491768E+01      0.6993491768E+01      0.6002869201E+00      0.2431516093E+00
    0.7039342708E+01      0.7039342708E+01      0.6547414628E+00      0.2312640003E+00
    0.7089187541E+01      0.7089187541E+01      0.7074452514E+00      0.2160718745E+00
    0.7144374200E+01      0.7144374200E+01      0.7570040548E+00      0.1969647098E+00
    0.7206077710E+01      0.7206077710E+01      0.8021991443E+00      0.1735109075E+00
    0.7275071006E+01      0.7275071006E+01      0.8421017248E+00      0.1460071932E+00
    0.7351144152E+01      0.7351144152E+01      0.8768209486E+00      0.1147399073E+00
    0.6613891905E+01      0.6613891905E+01     -0.1821636682E-01      0.2192927801E+00
    0.6613315546E+01      0.6613315546E+01     -0.5393824080E-01      0.2168552555E+00
    0.6612053435E+01      0.6612053435E+01     -0.7141712524E-01      0.2144727270E+00
    0.6619454059E+01      0.6619454059E+01     -0.7351606706E-01      0.2202347786E+00
    0.6623661144E+01      0.6623661144E+01     -0.6027684184E-01      0.2211605506E+00
    0.6630731335E+01      0.6630731335E+01     -0.3661469137E-01      0.2240794894E+00
    0.6640639229E+01      0.6640639229E+01     -0.3903568178E-02      0.2281363821E+00
    0.6653344453E+01      0.6653344453E+01      0.3562701565E-01      0.2328836107E+00
    0.6668721741E+01      0.6668721741E+01      0.8009905116E-01      0.2379216661E+00
    0.6686836153E+01      0.6686836153E+01      0.1280347968E+00      0.2431936605E+00
    0.6707752132E+01      0.6707752132E+01      0.1783736981E+00      0.2482291759E+00
    0.6731815004E+01      0.6731815004E+01      0.2296265177E+00      0.2529335560E+00
    0.6759608534E+01      0.6759608534E+01      0.2809500736E+00      0.2570169079E+00
    0.6791291138E+01      0.6791291138E+01      0.3318182771E+00      0.2596310476E+00
    0.6826805507E+01      0.6826805507E+01      0.3825311415E+00      0.2598163173E+00
    0.6865831784E+01      0.6865831784E+01      0.4332656906E+00      0.2569641249E+00
    0.6907604151E+01      0.6907604151E+01      0.4844510219E+00      0.2510360648E+00
    0.6951061395E+01      0.6951061395E+01      0.5365125080E+00      0.2426550466E+00
    0.6997003348E+01      0.6997003348E+01      0.5887600686E+00      0.2308618489E+00
    0.7047076775E+01      0.7047076775E+01      0.6395983587E+00      0.2151985080E+00
    0.7102151882E+01      0.7102151882E+01      0.6879163823E+00      0.1951808612E+00
    0.7163171663E+01      0.7163171663E+01      0.7328255504E+00      0.1704527450E+00
    0.7230737225E+01      0.7230737225E+01      0.7735734663E+00      0.1412837609E+00
    0.7304282504E+01      0.7304282504E+01      0.8101154741E+00      0.1090638475E+00
    0.7380484604E+01      0.7380484604E+01      0.8441280224E+00      0.7758083083E-01
    0.6500061724E+01      0.6500061724E+01     -0.1269521156E-01      0.1390011474E+00
    0.6515242865E+01      0.6515242865E+01     -0.4758929697E-01      0.1509018307E+00
    0.6532434242E+01      0.6532434242E+01     -0.6532941852E-01      0.1649637113E+00
    0.6555031426E+01      0.6555031426E+01     -0.6620449830E-01      0.1839088373E+00
    0.6571658359E+01      0.6571658359E+01     -0.5304994303E-01      0.1956739748E+00
    0.6588720342E+01      0.6588720342E+01     -0.2883616060E-01      0.2071538618E+00
    0.6606373295E+01      0.6606373295E+01      0.3861056959E-02      0.2178280951E+00
    0.6624922059E+01      0.6624922059E+01      0.4303629659E-01      0.2274882701E+00
    0.6644847810E+01      0.6644847810E+01      0.8691646936E-01      0.2359572110E+00
    0.6666488570E+01      0.6666488570E+01      0.1341319860E+00      0.2430028146E+00
    0.6690158803E+01      0.6690158803E+01      0.1834296225E+00      0.2486095201E+00
    0.6716653254E+01      0.6716653254E+01      0.2336455029E+00      0.2529847635E+00
    0.6747272135E+01      0.6747272135E+01      0.2834412854E+00      0.2557004806E+00
    0.6782384772E+01      0.6782384772E+01      0.3321567255E+00      0.2559275387E+00
    0.6821703911E+01      0.6821703911E+01      0.3801668357E+00      0.2532200288E+00
    0.6864131793E+01      0.6864131793E+01      0.4282139896E+00      0.2481454827E+00
    0.6908822557E+01      0.6908822557E+01      0.4767292802E+00      0.2405661469E+00
    0.6956181891E+01      0.6956181891E+01      0.5255530164E+00      0.2287917465E+00
    0.7007671332E+01      0.7007671332E+01      0.5733357557E+00      0.2122515751E+00
    0.7064142478E+01      0.7064142478E+01      0.6190282725E+00      0.1906680607E+00
    0.7126219559E+01      0.7126219559E+01      0.6620795089E+00      0.1643128933E+00
    0.7193595066E+01      0.7193595066E+01      0.7024642626E+00      0.1333572602E+00
    0.7263428166E+01      0.7263428166E+01      0.7414330184E+00      0.1015871884E+00
    0.7334079237E+01      0.7334079237E+01      0.7796924870E+00      0.7256849650E-01
    0.7405826598E+01      0.7405826598E+01      0.8163942607E+00      0.4674739533E-01
    0.6402639954E+01      0.6402639954E+01     -0.4223097075E-02      0.7406250674E-01
    0.6424746333E+01      0.6424746333E+01     -0.2697424812E-01      0.9203951923E-01
    0.6455008004E+01      0.6455008004E+01     -0.4381009406E-01      0.1174348489E+00
    0.6490698564E+01      0.6490698564E+01     -0.4761490912E-01      0.1477888389E+00
    0.6520199150E+01      0.6520199150E+01     -0.3566469420E-01      0.1709130683E+00
    0.6546892619E+01      0.6546892619E+01     -0.1340127637E-01      0.1909648817E+00
    0.6571924320E+01      0.6571924320E+01      0.1736058436E-01      0.2080681770E+00
    0.6596568823E+01      0.6596568823E+01      0.5460671406E-01      0.2224561603E+00
    0.6621639797E+01      0.6621639797E+01      0.9635737791E-01      0.2342282684E+00
    0.6647730863E+01      0.6647730863E+01      0.1411076296E+00      0.2432521184E+00
    0.6675423361E+01      0.6675423361E+01      0.1880797959E+00      0.2495110521E+00
    0.6705469332E+01      0.6705469332E+01      0.2362632931E+00      0.2528985983E+00
    0.6739880308E+01      0.6739880308E+01      0.2837265519E+00      0.2528177730E+00
    0.6778934039E+01      0.6778934039E+01      0.3297140519E+00      0.2497650410E+00
    0.6821380407E+01      0.6821380407E+01      0.3752815376E+00      0.2449465121E+00
    0.6866982074E+01      0.6866982074E+01      0.4207396664E+00      0.2369230056E+00
    0.6916442895E+01      0.6916442895E+01      0.4656283723E+00      0.2244715799E+00
    0.6970374769E+01      0.6970374769E+01      0.5092597070E+00      0.2067452478E+00
    0.7029387513E+01      0.7029387513E+01      0.5511327900E+00      0.1833361652E+00
    0.7093733368E+01      0.7093733368E+01      0.5910011177E+00      0.1544112907E+00
    0.7161084074E+01      0.7161084074E+01      0.6301916310E+00      0.1226590082E+00
    0.7227358972E+01      0.7227358972E+01      0.6713347467E+00      0.9318661948E-01
    0.7292325755E+01      0.7292325755E+01      0.7131434955E+00      0.6687360454E-01
    0.7357717811E+01      0.7357717811E+01      0.7546741281E+00      0.4354405931E-01
    0.7424410749E+01      0.7424410749E+01      0.7941983390E+00      0.2316880172E-01
    0.6326907512E+01      0.6326907512E+01      0.2858982896E-02      0.2804142644E-01
    0.6345618438E+01      0.6345618438E+01     -0.2728363787E-02      0.4408940719E-01
    0.6380361407E+01      0.6380361407E+01     -0.1059173923E-01      0.7258122099E-01
    0.6424821932E+01      0.6424821932E+01     -0.1666920370E-01      0.1104129735E+00
    0.6467480478E+01      0.6467480478E+01     -0.9187668188E-02      0.1454202515E+00
    0.6503534671E+01      0.6503534671E+01      0.8896624938E-02      0.1736718533E+00
    0.6536728819E+01      0.6536728819E+01      0.3629371231E-01      0.1970264490E+00
    0.6568084002E+01      0.6568084002E+01      0.7024610232E-01      0.2160367130E+00
    0.6598915572E+01      0.6598915572E+01      0.1087017222E+00      0.2309514683E+00
    0.6630238127E+01      0.6630238127E+01      0.1502390071E+00      0.2413894232E+00
    0.6663103344E+01      0.6663103344E+01      0.1934287152E+00      0.2473906156E+00
    0.6698634749E+01      0.6698634749E+01      0.2373136714E+00      0.2491259466E+00
    0.6738135868E+01      0.6738135868E+01      0.2808059531E+00      0.2466265174E+00
    0.6780803147E+01      0.6780803147E+01      0.3238941693E+00      0.2413593170E+00
    0.6827487027E+01      0.6827487027E+01      0.3663253705E+00      0.2318656418E+00
    0.6878957982E+01      0.6878957982E+01      0.4074117304E+00      0.2177381428E+00
    0.6935411964E+01      0.6935411964E+01      0.4469581190E+00      0.1982064625E+00
    0.6997038640E+01      0.6997038640E+01      0.4848639471E+00      0.1731502376E+00
    0.7063269680E+01      0.7063269680E+01      0.5215092964E+00      0.1426748796E+00
    0.7129780942E+01      0.7129780942E+01      0.5598310735E+00      0.1117697634E+00
    0.7193531538E+01      0.7193531538E+01      0.6014028643E+00      0.8432560749E-01
    0.7254830863E+01      0.7254830863E+01      0.6453051823E+00      0.6070954132E-01
    0.7314815890E+01      0.7314815890E+01      0.6900972899E+00      0.4041411959E-01
    0.7375334018E+01      0.7375334018E+01      0.7345979220E+00      0.2269672808E-01
    0.7437489338E+01      0.7437489338E+01      0.7768918330E+00      0.7367992144E-02
    0.6269169197E+01      0.6269169197E+01      0.9195908635E-02     -0.1284063927E-02
    0.6283898388E+01      0.6283898388E+01      0.1849608381E-01      0.1077622519E-01
    0.6313923090E+01      0.6313923090E+01      0.2353386574E-01      0.3526389625E-01
    0.6357552270E+01      0.6357552270E+01      0.2424783299E-01      0.7119035142E-01
    0.6409689834E+01      0.6409689834E+01      0.2610963604E-01      0.1154596136E+00
    0.6456931167E+01      0.6456931167E+01      0.3922352923E-01      0.1525270345E+00
    0.6499238244E+01      0.6499238244E+01      0.6098108704E-01      0.1826458448E+00
    0.6538626234E+01      0.6538626234E+01      0.8959866613E-01      0.2062567470E+00
    0.6576836838E+01      0.6576836838E+01      0.1228118434E+00      0.2237224377E+00
    0.6615247718E+01      0.6615247718E+01      0.1591970637E+00      0.2351576893E+00
    0.6654772920E+01      0.6654772920E+01      0.1975123995E+00      0.2406718595E+00
    0.6696818407E+01      0.6696818407E+01      0.2365989137E+00      0.2403334012E+00
    0.6741568410E+01      0.6741568410E+01      0.2758467164E+00      0.2356909065E+00
    0.6790270059E+01      0.6790270059E+01      0.3145898264E+00      0.2255200136E+00
    0.6843763547E+01      0.6843763547E+01      0.3517381687E+00      0.2097637163E+00
    0.6902524100E+01      0.6902524100E+01      0.3872658832E+00      0.1883165096E+00
    0.6966479200E+01      0.6966479200E+01      0.4213288317E+00      0.1613204469E+00
    0.7033571969E+01      0.7033571969E+01      0.4552863284E+00      0.1304888792E+00
    0.7098641951E+01      0.7098641951E+01      0.4927368207E+00      0.1013077039E+00
    0.7160358518E+01      0.7160358518E+01      0.5338186516E+00      0.7561522966E-01
    0.7218774031E+01      0.7218774031E+01      0.5783711741E+00      0.5354368873E-01
    0.7274771305E+01      0.7274771305E+01      0.6252730865E+00      0.3522416500E-01
    0.7329869799E+01      0.7329869799E+01      0.6729648756E+00      0.2020986926E-01
    0.7386106520E+01      0.7386106520E+01      0.7198195459E+00      0.7485705226E-02
    0.7444730693E+01      0.7444730693E+01      0.7637583903E+00     -0.3319909305E-02
    0.6226740955E+01      0.6226740955E+01      0.1347731340E-01     -0.1716298577E-01
    0.6237797947E+01      0.6237797947E+01      0.3368381601E-01     -0.8404445496E-02
    0.6261219643E+01      0.6261219643E+01      0.5110450772E-01      0.1005648928E-01
    0.6298197582E+01      0.6298197582E+01      0.6331592856E-01      0.3904268922E-01
    0.6348021173E+01      0.6348021173E+01      0.7009321680E-01      0.7876307510E-01
    0.6404788588E+01      0.6404788588E+01      0.7655954148E-01      0.1238430457E+00
    0.6458251078E+01      0.6458251078E+01      0.9122805716E-01      0.1610683770E+00
    0.6507665237E+01      0.6507665237E+01      0.1124452158E+00      0.1893559646E+00
    0.6554972221E+01      0.6554972221E+01      0.1386518310E+00      0.2094729781E+00
    0.6602013483E+01      0.6602013483E+01      0.1681951982E+00      0.2219422853E+00
    0.6649773568E+01      0.6649773568E+01      0.1999616299E+00      0.2269033263E+00
    0.6699500922E+01      0.6699500922E+01      0.2329442946E+00      0.2249798454E+00
    0.6751879463E+01      0.6751879463E+01      0.2663576892E+00      0.2160629325E+00
    0.6808599820E+01      0.6808599820E+01      0.2989620270E+00      0.2002358009E+00
    0.6870317694E+01      0.6870317694E+01      0.3301231297E+00      0.1778857508E+00
    0.6936870319E+01      0.6936870319E+01      0.3601271463E+00      0.1492461841E+00
    0.7004131870E+01      0.7004131870E+01      0.3921100411E+00      0.1189164134E+00
    0.7067923550E+01      0.7067923550E+01      0.4285206698E+00      0.9161385635E-01
    0.7127983140E+01      0.7127983140E+01      0.4691362598E+00      0.6790674265E-01
    0.7184369385E+01      0.7184369385E+01      0.5136819640E+00      0.4768921780E-01
    0.7237694536E+01      0.7237694536E+01      0.5614602368E+00      0.3104538111E-01
    0.7289038893E+01      0.7289038893E+01      0.6112528473E+00      0.1783099181E-01
    0.7340093514E+01      0.7340093514E+01      0.6616215212E+00      0.7449306171E-02
    0.7392801735E+01      0.7392801735E+01      0.7105167139E+00     -0.1041381076E-02
    0.7448530117E+01      0.7448530117E+01      0.7558289200E+00     -0.8054866427E-02
    0.6194948558E+01      0.6194948558E+01      0.1678004461E-01     -0.2369861818E-01
    0.6204058205E+01      0.6204058205E+01      0.4466675156E-01     -0.1692834508E-01
    0.6222929365E+01      0.6222929365E+01      0.7087196244E-01     -0.3198523084E-02
    0.6252682948E+01      0.6252682948E+01      0.9348202937E-01      0.1826486563E-01
    0.6294979505E+01      0.6294979505E+01      0.1099239250E+00      0.4809056754E-01
    0.6349884365E+01      0.6349884365E+01      0.1194495735E+00      0.8603549083E-01
    0.6412431839E+01      0.6412431839E+01      0.1264494781E+00      0.1279461634E+00
    0.6473477284E+01      0.6473477284E+01      0.1390129527E+00      0.1622150927E+00
    0.6532163409E+01      0.6532163409E+01      0.1563240181E+00      0.1852431933E+00
    0.6589717727E+01      0.6589717727E+01      0.1773681180E+00      0.1988525181E+00
    0.6647572379E+01      0.6647572379E+01      0.2010710773E+00      0.2033716461E+00
    0.6707079258E+01      0.6707079258E+01      0.2262487021E+00      0.1988941923E+00
    0.6769771722E+01      0.6769771722E+01      0.2517683562E+00      0.1854309474E+00
    0.6836842162E+01      0.6836842162E+01      0.2765373326E+00      0.1633066835E+00
    0.6906954308E+01      0.6906954308E+01      0.3016389817E+00      0.1350022346E+00
    0.6974483005E+01      0.6974483005E+01      0.3315069416E+00      0.1070676085E+00
    0.7037408412E+01      0.7037408412E+01      0.3664424870E+00      0.8203504838E-01
    0.7095930428E+01      0.7095930428E+01      0.4063632893E+00      0.6025371728E-01
    0.7150345129E+01      0.7150345129E+01      0.4508045620E+00      0.4181436062E-01
    0.7201245889E+01      0.7201245889E+01      0.4989856376E+00      0.2661588263E-01
    0.7249639984E+01      0.7249639984E+01      0.5498132968E+00      0.1455238872E-01
    0.7296879575E+01      0.7296879575E+01      0.6019868778E+00      0.5519803588E-02
    0.7344848913E+01      0.7344848913E+01      0.6543493884E+00     -0.1154094322E-02
    0.7395026656E+01      0.7395026656E+01      0.7044223690E+00     -0.6078141693E-02
    0.7449099846E+01      0.7449099846E+01      0.7502876365E+00     -0.9868970465E-02
    0.6171074857E+01      0.6171074857E+01      0.1948886337E-01     -0.2455341272E-01
    0.6179289289E+01      0.6179289289E+01      0.5333623740E-01     -0.1903667313E-01
    0.6195630394E+01      0.6195630394E+01      0.8543183251E-01     -0.8377181594E-02
    0.6220989037E+01      0.6220989037E+01      0.1144848227E+00      0.6970387971E-02
    0.6256906365E+01      0.6256906365E+01      0.1384196469E+00      0.2727848147E-01
    0.6305062938E+01      0.6305062938E+01      0.1552270280E+00      0.5290539155E-01
    0.6365778614E+01      0.6365778614E+01      0.1643283147E+00      0.8437721218E-01
    0.6435758021E+01      0.6435758021E+01      0.1691867667E+00      0.1189245146E+00
    0.6507123140E+01      0.6507123140E+01      0.1762231646E+00      0.1468298034E+00
    0.6577276671E+01      0.6577276671E+01      0.1871234512E+00      0.1627171069E+00
    0.6647950169E+01      0.6647950169E+01      0.2007646333E+00      0.1667846684E+00
    0.6720675621E+01      0.6720675621E+01      0.2156871784E+00      0.1589369508E+00
    0.6796180357E+01      0.6796180357E+01      0.2313152634E+00      0.1405838458E+00
    0.6871439835E+01      0.6871439835E+01      0.2504686006E+00      0.1168355667E+00
    0.6941309260E+01      0.6941309260E+01      0.2760868745E+00      0.9316744177E-01
    0.7005211408E+01      0.7005211408E+01      0.3080556744E+00      0.7146767042E-01
    0.7063760810E+01      0.7063760810E+01      0.3458954085E+00      0.5272359832E-01
    0.7117597767E+01      0.7117597767E+01      0.3889711636E+00      0.3704526642E-01
    0.7167402524E+01      0.7167402524E+01      0.4365296538E+00      0.2425212345E-01
    0.7213989669E+01      0.7213989669E+01      0.4876385644E+00      0.1410972884E-01
    0.7258476869E+01      0.7258476869E+01      0.5411749199E+00      0.6121612612E-02
    0.7302197006E+01      0.7302197006E+01      0.5957690225E+00      0.5346921411E-04
    0.7347555302E+01      0.7347555302E+01      0.6494462809E+00     -0.4246575752E-02
    0.7395917921E+01      0.7395917921E+01      0.7000111275E+00     -0.6772275495E-02
    0.7448056670E+01      0.7448056670E+01      0.7469731329E+00     -0.8763841363E-02
    0.6154312086E+01      0.6154312086E+01      0.2148553158E-01     -0.1952060042E-01
    0.6161642399E+01      0.6161642399E+01      0.5995897411E-01     -0.1600801783E-01
    0.6176839427E+01      0.6176839427E+01      0.9604654517E-01     -0.8888058222E-02
    0.6200102234E+01      0.6200102234E+01      0.1285588253E+00      0.1125355965E-02
    0.6233263760E+01      0.6233263760E+01      0.1560534063E+00      0.1323077281E-01
    0.6277052823E+01      0.6277052823E+01      0.1773349821E+00      0.2866525742E-01
    0.6333087749E+01      0.6333087749E+01      0.1911530557E+00      0.4784598642E-01
    0.6401826636E+01      0.6401826636E+01      0.1970297290E+00      0.7013737061E-01
    0.6480609205E+01      0.6480609205E+01      0.1977274888E+00      0.9313107245E-01
    0.6564424406E+01      0.6564424406E+01      0.1976335713E+00      0.1093110398E+00
    0.6651045193E+01      0.6651045193E+01      0.1986372909E+00      0.1126029953E+00
    0.6738637046E+01      0.6738637046E+01      0.2019082992E+00      0.1041131915E+00
    0.6822855338E+01      0.6822855338E+01      0.2118036129E+00      0.8856315913E-01
    0.6898878698E+01      0.6898878698E+01      0.2303168223E+00      0.7142208344E-01
    0.6966561257E+01      0.6966561257E+01      0.2572392881E+00      0.5521412688E-01
    0.7027021022E+01      0.7027021022E+01      0.2915489731E+00      0.4104121157E-01
    0.7081571349E+01      0.7081571349E+01      0.3321015586E+00      0.2901592569E-01
    0.7131346480E+01      0.7131346480E+01      0.3779495044E+00      0.1913860862E-01
    0.7177267979E+01      0.7177267979E+01      0.4281781420E+00      0.1123920752E-01
    0.7220430433E+01      0.7220430433E+01      0.4815866400E+00      0.5147469464E-02
    0.7262312670E+01      0.7262312670E+01      0.5365597492E+00      0.5994652637E-03
    0.7304644361E+01      0.7304644361E+01      0.5918965501E+00     -0.2286498256E-02
    0.7348630836E+01      0.7348630836E+01      0.6460623581E+00     -0.3847352012E-02
    0.7395111396E+01      0.7395111396E+01      0.6981681911E+00     -0.4970522713E-02
    0.7445961705E+01      0.7445961705E+01      0.7459922275E+00     -0.5616571453E-02
    0.6146264891E+01      0.6146264891E+01      0.2249008210E-01     -0.8374620634E-02
    0.6152799405E+01      0.6152799405E+01      0.6345946790E-01     -0.7376191951E-02
    0.6166838370E+01      0.6166838370E+01      0.1017289371E+00     -0.5251760571E-02
    0.6189271650E+01      0.6189271650E+01      0.1360434637E+00     -0.1914524107E-02
    0.6219820327E+01      0.6219820327E+01      0.1660071855E+00      0.1539195369E-02
    0.6260172307E+01      0.6260172307E+01      0.1906028614E+00      0.5983662598E-02
    0.6312362946E+01      0.6312362946E+01      0.2079406903E+00      0.1160687383E-01
    0.6378709138E+01      0.6378709138E+01      0.2159011412E+00      0.1846032251E-01
    0.6459206929E+01      0.6459206929E+01      0.2147364081E+00      0.2662859590E-01
    0.6553671944E+01      0.6553671944E+01      0.2063432737E+00      0.3452800504E-01
    0.6654210556E+01      0.6654210556E+01      0.1958372298E+00      0.3881927598E-01
    0.6750950847E+01      0.6750950847E+01      0.1932123759E+00      0.3773873572E-01
    0.6838653712E+01      0.6838653712E+01      0.2013356585E+00      0.3284738268E-01
    0.6914677542E+01      0.6914677542E+01      0.2191467800E+00      0.2690124172E-01
    0.6981188875E+01      0.6981188875E+01      0.2464462549E+00      0.2118967106E-01
    0.7039967858E+01      0.7039967858E+01      0.2817401785E+00      0.1610290493E-01
    0.7092533957E+01      0.7092533957E+01      0.3235407585E+00      0.1168582740E-01
    0.7140253204E+01      0.7140253204E+01      0.3707281528E+00      0.7977089724E-02
    0.7184160161E+01      0.7184160161E+01      0.4222814368E+00      0.4941880045E-02
    0.7225407935E+01      0.7225407935E+01      0.4769725495E+00      0.2537606570E-02
    0.7265429049E+01      0.7265429049E+01      0.5333195055E+00      0.6956756448E-03
    0.7305778144E+01      0.7305778144E+01      0.5901586855E+00     -0.6127581782E-03
    0.7348221440E+01      0.7348221440E+01      0.6454394527E+00     -0.1479795383E-02
    0.7394222796E+01      0.7394222796E+01      0.6974573927E+00     -0.1853027620E-02
    0.7444836312E+01      0.7444836312E+01      0.7451407445E+00     -0.2138714391E-02
