    0.7498952681E+01      0.7498952681E+01     -0.1545320994E-01     -0.2070101876E-01
    0.7491865488E+01      0.7491865488E+01     -0.4260694443E-01     -0.2038088338E-01
    0.7478494709E+01      0.7478494709E+01     -0.7060135739E-01     -0.2012222112E-01
    0.7459528155E+01      0.7459528155E+01     -0.9978648305E-01     -0.1949963467E-01
    0.7436394090E+01      0.7436394090E+01     -0.1307312840E+00     -0.1824002044E-01
    0.7410223648E+01      0.7410223648E+01     -0.1636160937E+00     -0.1603221573E-01
    0.7383061619E+01      0.7383061619E+01     -0.1993159344E+00     -0.1303622167E-01
    0.7357318077E+01      0.7357318077E+01     -0.2353529414E+00     -0.9563426936E-02
    0.7335954122E+01      0.7335954122E+01     -0.2695735387E+00     -0.5852902893E-02
    0.7320284953E+01      0.7320284953E+01     -0.3014394445E+00     -0.2566543695E-02
    0.7309838241E+01      0.7309838241E+01     -0.3312012758E+00      0.3002122013E-03
    0.7304066929E+01      0.7304066929E+01     -0.3591305337E+00      0.3315250806E-02
    0.7302653422E+01      0.7302653422E+01     -0.3850123417E+00      0.5921440672E-02
    0.7305109443E+01      0.7305109443E+01     -0.4102657569E+00      0.8115570230E-02
    0.7312352272E+01      0.7312352272E+01     -0.4329499092E+00      0.9939631970E-02
    0.7323510094E+01      0.7323510094E+01     -0.4529592058E+00      0.1142947326E-01
    0.7337443283E+01      0.7337443283E+01     -0.4709796523E+00      0.1268060480E-01
    0.7353566880E+01      0.7353566880E+01     -0.4874256201E+00      0.1368701150E-01
    0.7371619269E+01      0.7371619269E+01     -0.5026095610E+00      0.1436579665E-01
    0.7391121419E+01      0.7391121419E+01     -0.5170410169E+00      0.1486058974E-01
    0.7411378501E+01      0.7411378501E+01     -0.5313977437E+00      0.1527742067E-01
    0.7431545039E+01      0.7431545039E+01     -0.5451893919E+00      0.1559861215E-01
    0.7450638979E+01      0.7450638979E+01     -0.5580562094E+00      0.1588950542E-01
    0.7467991665E+01      0.7467991665E+01     -0.5695443294E+00      0.1621646339E-01
    0.7483126111E+01      0.7483126111E+01     -0.5791611802E+00      0.1662212283E-01
    0.7488833626E+01      0.7488833626E+01     -0.1504293025E-01     -0.5646292457E-01
    0.7482686324E+01      0.7482686324E+01     -0.4199357284E-01     -0.5594159168E-01
    0.7471034193E+01      0.7471034193E+01     -0.6974001017E-01     -0.5588619755E-01
    0.7454592760E+01      0.7454592760E+01     -0.9869137702E-01     -0.5519377209E-01
    0.7434637948E+01      0.7434637948E+01     -0.1291377086E+00     -0.5320069394E-01
    0.7412562303E+01      0.7412562303E+01     -0.1607954515E+00     -0.4939588504E-01
    0.7389601512E+01      0.7389601512E+01     -0.1939410992E+00     -0.4313817537E-01
    0.7367000103E+01      0.7367000103E+01     -0.2280253856E+00     -0.3458571582E-01
    0.7346687600E+01      0.7346687600E+01     -0.2619307376E+00     -0.2421102446E-01
    0.7330062416E+01      0.7330062416E+01     -0.2942230513E+00     -0.1389064383E-01
    0.7318551863E+01      0.7318551863E+01     -0.3245491584E+00     -0.4416191527E-02
    0.7311927921E+01      0.7311927921E+01     -0.3527760963E+00      0.4983412434E-02
    0.7309404786E+01      0.7309404786E+01     -0.3793185748E+00      0.1369078989E-01
    0.7310580589E+01      0.7310580589E+01     -0.4049681743E+00      0.2114988954E-01
    0.7316241130E+01      0.7316241130E+01     -0.4285412320E+00      0.2752686168E-01
    0.7326065869E+01      0.7326065869E+01     -0.4492473097E+00      0.3276870574E-01
    0.7338888196E+01      0.7338888196E+01     -0.4677511908E+00      0.3717931937E-01
    0.7353930487E+01      0.7353930487E+01     -0.4846419129E+00      0.4086654638E-01
    0.7370787431E+01      0.7370787431E+01     -0.5003835945E+00      0.4370968122E-01
    0.7389208217E+01      0.7389208217E+01     -0.5154877980E+00      0.4583856882E-01
    0.7408677171E+01      0.7408677171E+01     -0.5302758653E+00      0.4746445746E-01
    0.7428266214E+01      0.7428266214E+01     -0.5442784763E+00      0.4874352778E-01
    0.7447028916E+01      0.7447028916E+01     -0.5571140560E+00      0.4982718019E-01
    0.7464225891E+01      0.7464225891E+01     -0.5685005222E+00      0.5091188871E-01
    0.7479361545E+01      0.7479361545E+01     -0.5779573126E+00      0.5214119944E-01
    0.7470360130E+01      0.7470360130E+01     -0.1464372401E-01     -0.9188687137E-01
    0.7465918628E+01      0.7465918628E+01     -0.4171915990E-01     -0.9071417493E-01
    0.7457372463E+01      0.7457372463E+01     -0.6904957826E-01     -0.8984538615E-01
    0.7445368772E+01      0.7445368772E+01     -0.9687973588E-01     -0.8788539488E-01
    0.7431024590E+01      0.7431024590E+01     -0.1254437921E+00     -0.8441126042E-01
    0.7415132910E+01      0.7415132910E+01     -0.1546119300E+00     -0.7854760504E-01
    0.7398324325E+01      0.7398324325E+01     -0.1844223562E+00     -0.6971186201E-01
    0.7381039835E+01      0.7381039835E+01     -0.2157546620E+00     -0.5761170485E-01
    0.7363611288E+01      0.7363611288E+01     -0.2486864581E+00     -0.4294681491E-01
    0.7346808405E+01      0.7346808405E+01     -0.2821020914E+00     -0.2647669766E-01
    0.7334121466E+01      0.7334121466E+01     -0.3132283950E+00     -0.1045261487E-01
    0.7326565521E+01      0.7326565521E+01     -0.3416782902E+00      0.4743592252E-02
    0.7322560219E+01      0.7322560219E+01     -0.3689228395E+00      0.1935382963E-01
    0.7321570391E+01      0.7321570391E+01     -0.3948988411E+00      0.3235883764E-01
    0.7324312571E+01      0.7324312571E+01     -0.4198523061E+00      0.4363515810E-01
    0.7331369672E+01      0.7331369672E+01     -0.4420515226E+00      0.5304987118E-01
    0.7341867226E+01      0.7341867226E+01     -0.4617670111E+00      0.6086114003E-01
    0.7354797111E+01      0.7354797111E+01     -0.4798096250E+00      0.6733492776E-01
    0.7369599808E+01      0.7369599808E+01     -0.4967685599E+00      0.7252540830E-01
    0.7386273296E+01      0.7386273296E+01     -0.5130096680E+00      0.7640933202E-01
    0.7404383852E+01      0.7404383852E+01     -0.5285992640E+00      0.7929792127E-01
    0.7423064716E+01      0.7423064716E+01     -0.5430131089E+00      0.8155974507E-01
    0.7441361235E+01      0.7441361235E+01     -0.5557870122E+00      0.8351534704E-01
    0.7458355708E+01      0.7458355708E+01     -0.5669766060E+00      0.8543961666E-01
    0.7473493838E+01      0.7473493838E+01     -0.5761689073E+00      0.8756904371E-01
    0.7446118208E+01      0.7446118208E+01     -0.1387853118E-01     -0.1251049584E+00
    0.7444024681E+01      0.7444024681E+01     -0.4056604649E-01     -0.1230288314E+00
    0.7439818586E+01      0.7439818586E+01     -0.6702096707E-01     -0.1205724259E+00
    0.7433677881E+01      0.7433677881E+01     -0.9335110804E-01     -0.1164087301E+00
    0.7426068305E+01      0.7426068305E+01     -0.1198809814E+00     -0.1108320261E+00
    0.7417203067E+01      0.7417203067E+01     -0.1464773115E+00     -0.1026413186E+00
    0.7407234600E+01      0.7407234600E+01     -0.1734540581E+00     -0.9207124530E-01
    0.7396345007E+01      0.7396345007E+01     -0.2014784132E+00     -0.7817493732E-01
    0.7384441643E+01      0.7384441643E+01     -0.2310628916E+00     -0.6180164597E-01
    0.7371817492E+01      0.7371817492E+01     -0.2624503273E+00     -0.4253968157E-01
    0.7358221377E+01      0.7358221377E+01     -0.2953574852E+00     -0.2015946340E-01
    0.7347355695E+01      0.7347355695E+01     -0.3260639001E+00      0.1845525641E-02
    0.7341121581E+01      0.7341121581E+01     -0.3539394761E+00      0.2177609566E-01
    0.7337389987E+01      0.7337389987E+01     -0.3809307296E+00      0.4064814859E-01
    0.7336609185E+01      0.7336609185E+01     -0.4065681076E+00      0.5719114201E-01
    0.7339556555E+01      0.7339556555E+01     -0.4308831613E+00      0.7121895995E-01
    0.7346416468E+01      0.7346416468E+01     -0.4525865421E+00      0.8286715405E-01
    0.7356237709E+01      0.7356237709E+01     -0.4722838600E+00      0.9246307997E-01
    0.7368272376E+01      0.7368272376E+01     -0.4907403232E+00      0.1003641759E+00
    0.7382455205E+01      0.7382455205E+01     -0.5083060486E+00      0.1065526240E+00
    0.7398448283E+01      0.7398448283E+01     -0.5248432721E+00      0.1113994997E+00
    0.7415358235E+01      0.7415358235E+01     -0.5401123165E+00      0.1153165703E+00
    0.7432461400E+01      0.7432461400E+01     -0.5533595816E+00      0.1186907757E+00
    0.7448883852E+01      0.7448883852E+01     -0.5645515716E+00      0.1218020642E+00
    0.7463851527E+01      0.7463851527E+01     -0.5735824522E+00      0.1250008246E+00
    0.7422544867E+01      0.7422544867E+01     -0.1245976606E-01     -0.1519909946E+00
    0.7422535045E+01      0.7422535045E+01     -0.3741087805E-01     -0.1493680211E+00
    0.7422151813E+01      0.7422151813E+01     -0.6225629442E-01     -0.1454257846E+00
    0.7421421165E+01      0.7421421165E+01     -0.8695456747E-01     -0.1388072829E+00
    0.7420199203E+01      0.7420199203E+01     -0.1114016731E+00     -0.1308166418E+00
    0.7418054555E+01      0.7418054555E+01     -0.1357256383E+00     -0.1208126748E+00
    0.7414964651E+01      0.7414964651E+01     -0.1604341857E+00     -0.1083741669E+00
    0.7410499146E+01      0.7410499146E+01     -0.1856591669E+00     -0.9296202705E-01
    0.7404516425E+01      0.7404516425E+01     -0.2120792492E+00     -0.7500575629E-01
    0.7396697564E+01      0.7396697564E+01     -0.2403021275E+00     -0.5486032519E-01
    0.7387167475E+01      0.7387167475E+01     -0.2705115064E+00     -0.3223582149E-01
    0.7375557051E+01      0.7375557051E+01     -0.3024511969E+00     -0.6374974375E-02
    0.7364136471E+01      0.7364136471E+01     -0.3340056479E+00      0.2038205758E-01
    0.7357124582E+01      0.7357124582E+01     -0.3622909326E+00      0.4462845812E-01
    0.7352248864E+01      0.7352248864E+01     -0.3896958973E+00      0.6710119537E-01
    0.7350692666E+01      0.7350692666E+01     -0.4152989546E+00      0.8622628326E-01
    0.7352801612E+01      0.7352801612E+01     -0.4397282713E+00      0.1020904077E+00
    0.7358624146E+01      0.7358624146E+01     -0.4618329019E+00      0.1152515110E+00
    0.7367264236E+01      0.7367264236E+01     -0.4822430960E+00      0.1261488578E+00
    0.7378401375E+01      0.7378401375E+01     -0.5014568074E+00      0.1351732956E+00
    0.7391776858E+01      0.7391776858E+01     -0.5192953866E+00      0.1423351804E+00
    0.7406676517E+01      0.7406676517E+01     -0.5354516671E+00      0.1482661339E+00
    0.7422130557E+01      0.7422130557E+01     -0.5495398629E+00      0.1534896824E+00
    0.7437591189E+01      0.7437591189E+01     -0.5609195922E+00      0.1582033607E+00
    0.7452111557E+01      0.7452111557E+01     -0.5699009425E+00      0.1627256417E+00
    0.7400977884E+01      0.7400977884E+01     -0.1057356466E-01     -0.1705775336E+00
    0.7403140605E+01      0.7403140605E+01     -0.3308397088E-01     -0.1670150006E+00
    0.7406331454E+01      0.7406331454E+01     -0.5565479197E-01     -0.1611559652E+00
    0.7409928979E+01      0.7409928979E+01     -0.7804798205E-01     -0.1528457288E+00
    0.7413672328E+01      0.7413672328E+01     -0.1003148233E+00     -0.1434138712E+00
    0.7416933037E+01      0.7416933037E+01     -0.1228141941E+00     -0.1319842395E+00
    0.7419696452E+01      0.7419696452E+01     -0.1455068298E+00     -0.1185508608E+00
    0.7421153675E+01      0.7421153675E+01     -0.1689536413E+00     -0.1024154191E+00
    0.7420385294E+01      0.7420385294E+01     -0.1931427729E+00     -0.8381969634E-01
    0.7417484670E+01      0.7417484670E+01     -0.2181356805E+00     -0.6277205357E-01
    0.7412157166E+01      0.7412157166E+01     -0.2450876582E+00     -0.3952700259E-01
    0.7404105957E+01      0.7404105957E+01     -0.2741553432E+00     -0.1430984232E-01
    0.7393015532E+01      0.7393015532E+01     -0.3055636569E+00      0.1368111204E-01
    0.7380309720E+01      0.7380309720E+01     -0.3380985070E+00      0.4366635165E-01
    0.7371076117E+01      0.7371076117E+01     -0.3679443420E+00      0.7183336161E-01
    0.7364028426E+01      0.7364028426E+01     -0.3966233546E+00      0.9722376493E-01
    0.7361249285E+01      0.7361249285E+01     -0.4230059830E+00      0.1179994162E+00
    0.7362407688E+01      0.7362407688E+01     -0.4476842969E+00      0.1351772477E+00
    0.7367090696E+01      0.7367090696E+01     -0.4705036100E+00      0.1495857234E+00
    0.7374584996E+01      0.7374584996E+01     -0.4916596963E+00      0.1619445210E+00
    0.7384791796E+01      0.7384791796E+01     -0.5111535388E+00      0.1721739575E+00
    0.7397107526E+01      0.7397107526E+01     -0.5285479695E+00      0.1806632414E+00
    0.7410634299E+01      0.7410634299E+01     -0.5435174263E+00      0.1880765510E+00
    0.7424487596E+01      0.7424487596E+01     -0.5557283569E+00      0.1949499256E+00
    0.7438038906E+01      0.7438038906E+01     -0.5649590751E+00      0.2012148950E+00
    0.7387935425E+01      0.7387935425E+01     -0.8855963871E-02     -0.1736360045E+00
    0.7390636847E+01      0.7390636847E+01     -0.2805688210E-01     -0.1704902837E+00
    0.7394923977E+01      0.7394923977E+01     -0.4711521183E-01     -0.1652495511E+00
    0.7400785751E+01      0.7400785751E+01     -0.6659886151E-01     -0.1570754984E+00
    0.7407917369E+01      0.7407917369E+01     -0.8703743183E-01     -0.1474315722E+00
    0.7415027144E+01      0.7415027144E+01     -0.1075787658E+00     -0.1353002079E+00
    0.7421753497E+01      0.7421753497E+01     -0.1288111300E+00     -0.1216191365E+00
    0.7427287061E+01      0.7427287061E+01     -0.1505825785E+00     -0.1060812628E+00
    0.7430818083E+01      0.7430818083E+01     -0.1727354507E+00     -0.8805651835E-01
    0.7432136553E+01      0.7432136553E+01     -0.1964477654E+00     -0.6697622873E-01
    0.7430474360E+01      0.7430474360E+01     -0.2208348259E+00     -0.4367399448E-01
    0.7425869541E+01      0.7425869541E+01     -0.2467703093E+00     -0.1820158047E-01
    0.7418050849E+01      0.7418050849E+01     -0.2751974725E+00      0.9187467450E-02
    0.7406637536E+01      0.7406637536E+01     -0.3064524412E+00      0.3914352597E-01
    0.7392784727E+01      0.7392784727E+01     -0.3397853466E+00      0.7107596996E-01
    0.7380736160E+01      0.7380736160E+01     -0.3720191164E+00      0.1025597627E+00
    0.7371493500E+01      0.7371493500E+01     -0.4023911991E+00      0.1300807525E+00
    0.7367651757E+01      0.7367651757E+01     -0.4296373036E+00      0.1521583374E+00
    0.7368014201E+01      0.7368014201E+01     -0.4546816442E+00      0.1706301883E+00
    0.7371394115E+01      0.7371394115E+01     -0.4782599753E+00      0.1867772319E+00
    0.7377882074E+01      0.7377882074E+01     -0.4998494460E+00      0.2007073986E+00
    0.7386961668E+01      0.7386961668E+01     -0.5190160936E+00      0.2126013380E+00
    0.7397918323E+01      0.7397918323E+01     -0.5353953280E+00      0.2227452688E+00
    0.7409913222E+01      0.7409913222E+01     -0.5486480260E+00      0.2317606352E+00
    0.7422032661E+01      0.7422032661E+01     -0.5583888215E+00      0.2400748883E+00
    0.7374953093E+01      0.7374953093E+01     -0.7733882229E-02     -0.1665465875E+00
    0.7378503150E+01      0.7378503150E+01     -0.2525666037E-01     -0.1638542151E+00
    0.7384071482E+01      0.7384071482E+01     -0.4262465404E-01     -0.1591633113E+00
    0.7391746221E+01      0.7391746221E+01     -0.6007867378E-01     -0.1519131933E+00
    0.7400802645E+01      0.7400802645E+01     -0.7763609638E-01     -0.1422308755E+00
    0.7410453235E+01      0.7410453235E+01     -0.9495596962E-01     -0.1302813095E+00
    0.7420107140E+01      0.7420107140E+01     -0.1126756444E+00     -0.1171467136E+00
    0.7429096255E+01      0.7429096255E+01     -0.1313708775E+00     -0.1014930109E+00
    0.7436405451E+01      0.7436405451E+01     -0.1515805555E+00     -0.8411181750E-01
    0.7440999644E+01      0.7440999644E+01     -0.1732181991E+00     -0.6489931242E-01
    0.7442603406E+01      0.7442603406E+01     -0.1968689063E+00     -0.4340846607E-01
    0.7440805080E+01      0.7440805080E+01     -0.2207672634E+00     -0.1904213612E-01
    0.7435982786E+01      0.7435982786E+01     -0.2462819064E+00      0.7792178976E-02
    0.7427641532E+01      0.7427641532E+01     -0.2744533975E+00      0.3699185531E-01
    0.7415498760E+01      0.7415498760E+01     -0.3060612008E+00      0.6868332246E-01
    0.7400421347E+01      0.7400421347E+01     -0.3403834166E+00      0.1023697224E+00
    0.7385575217E+01      0.7385575217E+01     -0.3752701612E+00      0.1364317022E+00
    0.7374778162E+01      0.7374778162E+01     -0.4071826472E+00      0.1656709984E+00
    0.7370018114E+01      0.7370018114E+01     -0.4353027258E+00      0.1892966665E+00
    0.7369457175E+01      0.7369457175E+01     -0.4608711204E+00      0.2095281890E+00
    0.7371636375E+01      0.7371636375E+01     -0.4849661190E+00      0.2276822631E+00
    0.7376873074E+01      0.7376873074E+01     -0.5062869135E+00      0.2435421048E+00
    0.7384393813E+01      0.7384393813E+01     -0.5243971649E+00      0.2573715108E+00
    0.7393368840E+01      0.7393368840E+01     -0.5389697448E+00      0.2694786271E+00
    0.7403225982E+01      0.7403225982E+01     -0.5498086691E+00      0.2803633401E+00
    0.7363545576E+01      0.7363545576E+01     -0.6564240356E-02     -0.1494280380E+00
    0.7367222851E+01      0.7367222851E+01     -0.2184572353E-01     -0.1471868786E+00
    0.7373048874E+01      0.7373048874E+01     -0.3718082536E-01     -0.1430274300E+00
    0.7381349648E+01      0.7381349648E+01     -0.5306008651E-01     -0.1361430883E+00
    0.7391531713E+01      0.7391531713E+01     -0.6909100383E-01     -0.1275005657E+00
    0.7402632246E+01      0.7402632246E+01     -0.8466526030E-01     -0.1169624808E+00
    0.7413809689E+01      0.7413809689E+01     -0.1001706365E+00     -0.1045102042E+00
    0.7424473530E+01      0.7424473530E+01     -0.1162971628E+00     -0.9019504815E-01
    0.7433882599E+01      0.7433882599E+01     -0.1335463134E+00     -0.7450233676E-01
    0.7441475283E+01      0.7441475283E+01     -0.1520397606E+00     -0.5632627937E-01
    0.7446464707E+01      0.7446464707E+01     -0.1722009679E+00     -0.3565358793E-01
    0.7448433875E+01      0.7448433875E+01     -0.1949823613E+00     -0.1294579288E-01
    0.7446927923E+01      0.7446927923E+01     -0.2187635726E+00      0.1160206627E-01
    0.7441920715E+01      0.7441920715E+01     -0.2442624677E+00      0.3861976592E-01
    0.7432833858E+01      0.7432833858E+01     -0.2728941417E+00      0.6866339507E-01
    0.7419609419E+01      0.7419609419E+01     -0.3049856007E+00      0.1017476704E+00
    0.7403198297E+01      0.7403198297E+01     -0.3406627961E+00      0.1373174526E+00
    0.7386308593E+01      0.7386308593E+01     -0.3775840318E+00      0.1734024129E+00
    0.7374322774E+01      0.7374322774E+01     -0.4109118546E+00      0.2046717270E+00
    0.7368545646E+01      0.7368545646E+01     -0.4400012650E+00      0.2298169772E+00
    0.7366795787E+01      0.7366795787E+01     -0.4660099198E+00      0.2523505713E+00
    0.7367704366E+01      0.7367704366E+01     -0.4896778578E+00      0.2723841443E+00
    0.7371343692E+01      0.7371343692E+01     -0.5097900990E+00      0.2901473993E+00
    0.7376962586E+01      0.7376962586E+01     -0.5259173700E+00      0.3059194047E+00
    0.7383789817E+01      0.7383789817E+01     -0.5381051209E+00      0.3201195981E+00
    0.7354665466E+01      0.7354665466E+01     -0.5670902022E-02     -0.1227064082E+00
    0.7358128978E+01      0.7358128978E+01     -0.1904470918E-01     -0.1209540446E+00
    0.7363599469E+01      0.7363599469E+01     -0.3240081319E-01     -0.1174812802E+00
    0.7371587968E+01      0.7371587968E+01     -0.4641205341E-01     -0.1116347323E+00
    0.7381397830E+01      0.7381397830E+01     -0.6065087641E-01     -0.1039937214E+00
    0.7392395399E+01      0.7392395399E+01     -0.7495429041E-01     -0.9469724147E-01
    0.7404007810E+01      0.7404007810E+01     -0.8946330000E-01     -0.8388569196E-01
    0.7415486128E+01      0.7415486128E+01     -0.1038013164E+00     -0.7115613705E-01
    0.7426428656E+01      0.7426428656E+01     -0.1185290191E+00     -0.5675172685E-01
    0.7436006426E+01      0.7436006426E+01     -0.1342221670E+00     -0.4040196669E-01
    0.7443233001E+01      0.7443233001E+01     -0.1514586195E+00     -0.2219853470E-01
    0.7447477998E+01      0.7447477998E+01     -0.1706368888E+00     -0.1667825569E-02
    0.7449031884E+01      0.7449031884E+01     -0.1925683644E+00      0.2157714805E-01
    0.7447438691E+01      0.7447438691E+01     -0.2158648249E+00      0.4714495452E-01
    0.7442855658E+01      0.7442855658E+01     -0.2414335754E+00      0.7448875199E-01
    0.7433755546E+01      0.7433755546E+01     -0.2704616563E+00      0.1046578154E+00
    0.7419816463E+01      0.7419816463E+01     -0.3033777327E+00      0.1384625712E+00
    0.7402158936E+01      0.7402158936E+01     -0.3406434195E+00      0.1756861370E+00
    0.7383894141E+01      0.7383894141E+01     -0.3793357482E+00      0.2138379617E+00
    0.7370824325E+01      0.7370824325E+01     -0.4138690058E+00      0.2469492441E+00
    0.7363633257E+01      0.7363633257E+01     -0.4435508669E+00      0.2738256023E+00
    0.7360439177E+01      0.7360439177E+01     -0.4693862549E+00      0.2983807242E+00
    0.7359971796E+01      0.7359971796E+01     -0.4914785547E+00      0.3199557843E+00
    0.7361770822E+01      0.7361770822E+01     -0.5096476548E+00      0.3392838200E+00
    0.7365383642E+01      0.7365383642E+01     -0.5233714401E+00      0.3566569269E+00
    0.7348257994E+01      0.7348257994E+01     -0.4996164331E-02     -0.8859939282E-01
    0.7351265357E+01      0.7351265357E+01     -0.1676652168E-01     -0.8728109529E-01
    0.7355918415E+01      0.7355918415E+01     -0.2834963195E-01     -0.8460145480E-01
    0.7362960250E+01      0.7362960250E+01     -0.4068867911E-01     -0.7996757057E-01
    0.7371638509E+01      0.7371638509E+01     -0.5318443253E-01     -0.7366897400E-01
    0.7381650640E+01      0.7381650640E+01     -0.6597531337E-01     -0.6567847703E-01
    0.7392676268E+01      0.7392676268E+01     -0.7919832882E-01     -0.5590422899E-01
    0.7404057104E+01      0.7404057104E+01     -0.9237272261E-01     -0.4452029479E-01
    0.7415183432E+01      0.7415183432E+01     -0.1056033006E+00     -0.3160274913E-01
    0.7425384952E+01      0.7425384952E+01     -0.1194401849E+00     -0.1713306381E-01
    0.7434133504E+01      0.7434133504E+01     -0.1342110938E+00     -0.1040099668E-02
    0.7440924151E+01      0.7440924151E+01     -0.1503899496E+00      0.1719463790E-01
    0.7444929889E+01      0.7444929889E+01     -0.1686506137E+00      0.3757474358E-01
    0.7446034307E+01      0.7446034307E+01     -0.1898527486E+00      0.6041326168E-01
    0.7444183073E+01      0.7444183073E+01     -0.2126498413E+00      0.8597153179E-01
    0.7439535233E+01      0.7439535233E+01     -0.2382180342E+00      0.1139604111E+00
    0.7430948400E+01      0.7430948400E+01     -0.2674566798E+00      0.1444475212E+00
    0.7417410714E+01      0.7417410714E+01     -0.3015332125E+00      0.1789009356E+00
    0.7398972541E+01      0.7398972541E+01     -0.3404456277E+00      0.2172827467E+00
    0.7379403795E+01      0.7379403795E+01     -0.3805553624E+00      0.2572045723E+00
    0.7364688525E+01      0.7364688525E+01     -0.4156884054E+00      0.2918080268E+00
    0.7355886769E+01      0.7355886769E+01     -0.4451328287E+00      0.3204162469E+00
    0.7350878531E+01      0.7350878531E+01     -0.4698196881E+00      0.3465063383E+00
    0.7348865731E+01      0.7348865731E+01     -0.4898742030E+00      0.3692832341E+00
    0.7348844497E+01      0.7348844497E+01     -0.5055120753E+00      0.3896359563E+00
    0.7343160764E+01      0.7343160764E+01     -0.4498090477E-02     -0.4958184306E-01
    0.7345690147E+01      0.7345690147E+01     -0.1497786573E-01     -0.4853457395E-01
    0.7349609395E+01      0.7349609395E+01     -0.2509271757E-01     -0.4646282430E-01
    0.7355606522E+01      0.7355606522E+01     -0.3587290962E-01     -0.4289232160E-01
    0.7362976915E+01      0.7362976915E+01     -0.4672493546E-01     -0.3781207689E-01
    0.7371724724E+01      0.7371724724E+01     -0.5799356058E-01     -0.3109066775E-01
    0.7381398245E+01      0.7381398245E+01     -0.6956218527E-01     -0.2252733008E-01
    0.7391646660E+01      0.7391646660E+01     -0.8146419279E-01     -0.1233182913E-01
    0.7402064304E+01      0.7402064304E+01     -0.9348695783E-01     -0.6708348247E-03
    0.7412204026E+01      0.7412204026E+01     -0.1059301987E+00      0.1237943972E-01
    0.7421522261E+01      0.7421522261E+01     -0.1191407677E+00      0.2682074880E-01
    0.7429411410E+01      0.7429411410E+01     -0.1333706782E+00      0.4283568486E-01
    0.7435420964E+01      0.7435420964E+01     -0.1490283532E+00      0.6064297213E-01
    0.7439275980E+01      0.7439275980E+01     -0.1666093159E+00      0.8061940157E-01
    0.7440723026E+01      0.7440723026E+01     -0.1870065335E+00      0.1029507256E+00
    0.7439270605E+01      0.7439270605E+01     -0.2094513992E+00      0.1280638920E+00
    0.7435031221E+01      0.7435031221E+01     -0.2352646613E+00      0.1561459189E+00
    0.7426900584E+01      0.7426900584E+01     -0.2655185621E+00      0.1871254976E+00
    0.7413679084E+01      0.7413679084E+01     -0.3005712922E+00      0.2219544557E+00
    0.7394442268E+01      0.7394442268E+01     -0.3400256944E+00      0.2613138128E+00
    0.7373147144E+01      0.7373147144E+01     -0.3808564478E+00      0.3027521467E+00
    0.7356196496E+01      0.7356196496E+01     -0.4158180485E+00      0.3385948532E+00
    0.7345420350E+01      0.7345420350E+01     -0.4441383006E+00      0.3685750366E+00
    0.7338420624E+01      0.7338420624E+01     -0.4669222489E+00      0.3956915096E+00
    0.7334511284E+01      0.7334511284E+01     -0.4846100010E+00      0.4192863430E+00
    0.7338262676E+01      0.7338262676E+01     -0.4102595762E-02     -0.7214138186E-02
    0.7340422204E+01      0.7340422204E+01     -0.1354853848E-01     -0.6283180829E-02
    0.7343808389E+01      0.7343808389E+01     -0.2252599123E-01     -0.4553255274E-02
    0.7348881189E+01      0.7348881189E+01     -0.3192066021E-01     -0.1691958591E-02
    0.7355050577E+01      0.7355050577E+01     -0.4123108952E-01      0.2580725187E-02
    0.7362523936E+01      0.7362523936E+01     -0.5096763096E-01      0.8223429396E-02
    0.7370853562E+01      0.7370853562E+01     -0.6091242232E-01      0.1545707184E-01
    0.7379892337E+01      0.7379892337E+01     -0.7133318548E-01      0.2423433675E-01
    0.7389207497E+01      0.7389207497E+01     -0.8214624530E-01      0.3443345885E-01
    0.7398515036E+01      0.7398515036E+01     -0.9330694971E-01      0.4610010570E-01
    0.7407473377E+01      0.7407473377E+01     -0.1051326588E+00      0.5909963176E-01
    0.7415739018E+01      0.7415739018E+01     -0.1177977925E+00      0.7344053571E-01
    0.7423017971E+01      0.7423017971E+01     -0.1316273998E+00      0.8927635215E-01
    0.7428887087E+01      0.7428887087E+01     -0.1469961585E+00      0.1067335262E+00
    0.7432914654E+01      0.7432914654E+01     -0.1643539932E+00      0.1260971356E+00
    0.7434944907E+01      0.7434944907E+01     -0.1846352119E+00      0.1478771204E+00
    0.7434203365E+01      0.7434203365E+01     -0.2077567327E+00      0.1725628898E+00
    0.7430685179E+01      0.7430685179E+01     -0.2341715812E+00      0.2008009765E+00
    0.7422748823E+01      0.7422748823E+01     -0.2648242204E+00      0.2316944483E+00
    0.7409059852E+01      0.7409059852E+01     -0.2998349311E+00      0.2669695422E+00
    0.7388330706E+01      0.7388330706E+01     -0.3388422901E+00      0.3072203051E+00
    0.7364708266E+01      0.7364708266E+01     -0.3793770771E+00      0.3498714945E+00
    0.7345220013E+01      0.7345220013E+01     -0.4135231809E+00      0.3867793025E+00
    0.7332173326E+01      0.7332173326E+01     -0.4400275318E+00      0.4177034442E+00
    0.7323033613E+01      0.7323033613E+01     -0.4602778145E+00      0.4456766422E+00
    0.7332175522E+01      0.7332175522E+01     -0.3758111698E-02      0.3887351098E-01
    0.7334052188E+01      0.7334052188E+01     -0.1231293514E-01      0.3970830596E-01
    0.7337068852E+01      0.7337068852E+01     -0.2035801829E-01      0.4117934774E-01
    0.7341441263E+01      0.7341441263E+01     -0.2856613312E-01      0.4348792580E-01
    0.7346827347E+01      0.7346827347E+01     -0.3662123366E-01      0.4697401236E-01
    0.7353347945E+01      0.7353347945E+01     -0.4501065624E-01      0.5152038761E-01
    0.7360589071E+01      0.7360589071E+01     -0.5354270532E-01      0.5745895100E-01
    0.7368533380E+01      0.7368533380E+01     -0.6253637474E-01      0.6480334093E-01
    0.7376883527E+01      0.7376883527E+01     -0.7194874408E-01      0.7345490415E-01
    0.7385469705E+01      0.7385469705E+01     -0.8181831244E-01      0.8337099954E-01
    0.7393997086E+01      0.7393997086E+01     -0.9226602154E-01      0.9465179342E-01
    0.7402238363E+01      0.7402238363E+01     -0.1036454623E+00      0.1072736050E+00
    0.7409920127E+01      0.7409920127E+01     -0.1160773821E+00      0.1214335583E+00
    0.7416873272E+01      0.7416873272E+01     -0.1298135124E+00      0.1370661471E+00
    0.7422917301E+01      0.7422917301E+01     -0.1453375431E+00      0.1542027327E+00
    0.7427401278E+01      0.7427401278E+01     -0.1630188591E+00      0.1730657467E+00
    0.7430181006E+01      0.7430181006E+01     -0.1837462836E+00      0.1946640265E+00
    0.7430028267E+01      0.7430028267E+01     -0.2074131566E+00      0.2191100888E+00
    0.7426739875E+01      0.7426739875E+01     -0.2338540067E+00      0.2468408814E+00
    0.7418177690E+01      0.7418177690E+01     -0.2639661790E+00      0.2779331474E+00
    0.7403088416E+01      0.7403088416E+01     -0.2978712328E+00      0.3137928803E+00
    0.7380118620E+01      0.7380118620E+01     -0.3358406112E+00      0.3547996982E+00
    0.7353763749E+01      0.7353763749E+01     -0.3752771787E+00      0.3985080705E+00
    0.7331454529E+01      0.7331454529E+01     -0.4079574397E+00      0.4362981687E+00
    0.7315838542E+01      0.7315838542E+01     -0.4318952622E+00      0.4682261967E+00
    0.7323398184E+01      0.7323398184E+01     -0.3435101732E-02      0.8960536031E-01
    0.7325096204E+01      0.7325096204E+01     -0.1121816750E-01      0.9029318934E-01
    0.7327932366E+01      0.7327932366E+01     -0.1853833294E-01      0.9142847387E-01
    0.7331926400E+01      0.7331926400E+01     -0.2584032316E-01      0.9313213636E-01
    0.7336939327E+01      0.7336939327E+01     -0.3297749539E-01      0.9571453998E-01
    0.7342939974E+01      0.7342939974E+01     -0.4028747322E-01      0.9907884651E-01
    0.7349588330E+01      0.7349588330E+01     -0.4763564652E-01      0.1035562192E+00
    0.7356920263E+01      0.7356920263E+01     -0.5530725363E-01      0.1091753486E+00
    0.7364664149E+01      0.7364664149E+01     -0.6327612748E-01      0.1160416098E+00
    0.7372762996E+01      0.7372762996E+01     -0.7178234820E-01      0.1242531977E+00
    0.7381108594E+01      0.7381108594E+01     -0.8101326497E-01      0.1337190185E+00
    0.7389492706E+01      0.7389492706E+01     -0.9100496617E-01      0.1444421346E+00
    0.7397644964E+01      0.7397644964E+01     -0.1021093473E+00      0.1566223529E+00
    0.7405318208E+01      0.7405318208E+01     -0.1146121908E+00      0.1703304272E+00
    0.7412318251E+01      0.7412318251E+01     -0.1287231481E+00      0.1856454493E+00
    0.7418745526E+01      0.7418745526E+01     -0.1447946264E+00      0.2026569997E+00
    0.7423712672E+01      0.7423712672E+01     -0.1628633751E+00      0.2214898930E+00
    0.7426827130E+01      0.7426827130E+01     -0.1837483105E+00      0.2428713957E+00
    0.7426638979E+01      0.7426638979E+01     -0.2073734192E+00      0.2670296783E+00
    0.7422562199E+01      0.7422562199E+01     -0.2329019115E+00      0.2945501038E+00
    0.7412387050E+01      0.7412387050E+01     -0.2615563546E+00      0.3260334859E+00
    0.7395172082E+01      0.7395172082E+01     -0.2939174608E+00      0.3625564904E+00
    0.7369468162E+01      0.7369468162E+01     -0.3303869682E+00      0.4043597927E+00
    0.7339873317E+01      0.7339873317E+01     -0.3680612698E+00      0.4492199496E+00
    0.7314382658E+01      0.7314382658E+01     -0.3984747273E+00      0.4878946014E+00
    0.7312631432E+01      0.7312631432E+01     -0.3279143281E-02      0.1436125178E+00
    0.7314151216E+01      0.7314151216E+01     -0.1063630747E-01      0.1441271711E+00
    0.7316738374E+01      0.7316738374E+01     -0.1750933563E-01      0.1449096947E+00
    0.7320418561E+01      0.7320418561E+01     -0.2415427036E-01      0.1461086260E+00
    0.7325160227E+01      0.7325160227E+01     -0.3061794744E-01      0.1479315132E+00
    0.7330799637E+01      0.7330799637E+01     -0.3701568059E-01      0.1503270185E+00
    0.7337174446E+01      0.7337174446E+01     -0.4336627722E-01      0.1534855761E+00
    0.7344222446E+01      0.7344222446E+01     -0.4983268343E-01      0.1574569713E+00
    0.7351853876E+01      0.7351853876E+01     -0.5650801029E-01      0.1623961543E+00
    0.7359962565E+01      0.7359962565E+01     -0.6363367618E-01      0.1686103417E+00
    0.7368441238E+01      0.7368441238E+01     -0.7143108689E-01      0.1762610215E+00
    0.7377155662E+01      0.7377155662E+01     -0.8017814147E-01      0.1851310954E+00
    0.7385912249E+01      0.7385912249E+01     -0.9000457435E-01      0.1952632911E+00
    0.7394414013E+01      0.7394414013E+01     -0.1012116255E+00      0.2069579928E+00
    0.7402527213E+01      0.7402527213E+01     -0.1140573213E+00      0.2203150713E+00
    0.7410000473E+01      0.7410000473E+01     -0.1286641809E+00      0.2353906703E+00
    0.7416818410E+01      0.7416818410E+01     -0.1450059769E+00      0.2522824305E+00
    0.7421799737E+01      0.7421799737E+01     -0.1629959642E+00      0.2709764594E+00
    0.7424490536E+01      0.7424490536E+01     -0.1836721990E+00      0.2922936290E+00
    0.7423179763E+01      0.7423179763E+01     -0.2061431066E+00      0.3166144604E+00
    0.7417323778E+01      0.7417323778E+01     -0.2299856120E+00      0.3442726152E+00
    0.7404806387E+01      0.7404806387E+01     -0.2567961588E+00      0.3763729201E+00
    0.7384888695E+01      0.7384888695E+01     -0.2874148737E+00      0.4136359640E+00
    0.7355783805E+01      0.7355783805E+01     -0.3218561082E+00      0.4566977767E+00
    0.7322509883E+01      0.7322509883E+01     -0.3572061954E+00      0.5029490780E+00
    0.7301199451E+01      0.7301199451E+01     -0.3184852715E-02      0.1986413376E+00
    0.7302518753E+01      0.7302518753E+01     -0.1023499704E-01      0.1989981337E+00
    0.7304793493E+01      0.7304793493E+01     -0.1678512272E-01      0.1994954155E+00
    0.7308137613E+01      0.7308137613E+01     -0.2306234095E-01      0.2002794155E+00
    0.7312476867E+01      0.7312476867E+01     -0.2905458648E-01      0.2016597518E+00
    0.7317730495E+01      0.7317730495E+01     -0.3484135156E-01      0.2034519532E+00
    0.7323822979E+01      0.7323822979E+01     -0.4046664533E-01      0.2057482068E+00
    0.7330702325E+01      0.7330702325E+01     -0.4599253928E-01      0.2085426045E+00
    0.7338301780E+01      0.7338301780E+01     -0.5163240171E-01      0.2120012072E+00
    0.7346569961E+01      0.7346569961E+01     -0.5754800469E-01      0.2165231986E+00
    0.7355472186E+01      0.7355472186E+01     -0.6406505809E-01      0.2222800534E+00
    0.7364846944E+01      0.7364846944E+01     -0.7140952002E-01      0.2291333227E+00
    0.7374383874E+01      0.7374383874E+01     -0.7983202915E-01      0.2373646789E+00
    0.7383884193E+01      0.7383884193E+01     -0.8967469624E-01      0.2471069579E+00
    0.7393096903E+01      0.7393096903E+01     -0.1011882299E+00      0.2584065787E+00
    0.7401854669E+01      0.7401854669E+01     -0.1143889946E+00      0.2714952459E+00
    0.7409793360E+01      0.7409793360E+01     -0.1290813207E+00      0.2863379211E+00
    0.7416534337E+01      0.7416534337E+01     -0.1450858795E+00      0.3031523058E+00
    0.7420709511E+01      0.7420709511E+01     -0.1624296964E+00      0.3221110000E+00
    0.7422039352E+01      0.7422039352E+01     -0.1823497099E+00      0.3434994446E+00
    0.7418702924E+01      0.7418702924E+01     -0.2024401566E+00      0.3681531354E+00
    0.7410419867E+01      0.7410419867E+01     -0.2242853728E+00      0.3963727839E+00
    0.7394960846E+01      0.7394960846E+01     -0.2490600055E+00      0.4293411628E+00
    0.7371579862E+01      0.7371579862E+01     -0.2775382175E+00      0.4678711667E+00
    0.7338428055E+01      0.7338428055E+01     -0.3095217808E+00      0.5128321304E+00
    0.7288238083E+01      0.7288238083E+01     -0.3143148687E-02      0.2549845334E+00
    0.7289447765E+01      0.7289447765E+01     -0.1004132308E-01      0.2551574122E+00
    0.7291624479E+01      0.7291624479E+01     -0.1641172410E-01      0.2551894753E+00
    0.7294896276E+01      0.7294896276E+01     -0.2240749009E-01      0.2553304849E+00
    0.7299153912E+01      0.7299153912E+01     -0.2798343551E-01      0.2561011708E+00
    0.7304320697E+01      0.7304320697E+01     -0.3326587830E-01      0.2572272820E+00
    0.7310367510E+01      0.7310367510E+01     -0.3828503258E-01      0.2588030254E+00
    0.7317248874E+01      0.7317248874E+01     -0.4315247264E-01      0.2607412905E+00
    0.7324862868E+01      0.7324862868E+01     -0.4801888285E-01      0.2632884172E+00
    0.7333233078E+01      0.7333233078E+01     -0.5309879645E-01      0.2666438402E+00
    0.7342386995E+01      0.7342386995E+01     -0.5861950178E-01      0.2710589062E+00
    0.7352199672E+01      0.7352199672E+01     -0.6481694086E-01      0.2764111766E+00
    0.7362580145E+01      0.7362580145E+01     -0.7196545915E-01      0.2828223025E+00
    0.7373225597E+01      0.7373225597E+01     -0.8028123242E-01      0.2905322883E+00
    0.7383790111E+01      0.7383790111E+01     -0.9013709457E-01      0.2997882589E+00
    0.7393872882E+01      0.7393872882E+01     -0.1017513370E+00      0.3108406751E+00
    0.7403060284E+01      0.7403060284E+01     -0.1148525826E+00      0.3237532631E+00
    0.7410823106E+01      0.7410823106E+01     -0.1289813249E+00      0.3385850113E+00
    0.7416605445E+01      0.7416605445E+01     -0.1438874920E+00      0.3556174117E+00
    0.7419450874E+01      0.7419450874E+01     -0.1603948579E+00      0.3748106974E+00
    0.7418216775E+01      0.7418216775E+01     -0.1778361082E+00      0.3968622609E+00
    0.7412624469E+01      0.7412624469E+01     -0.1956149678E+00      0.4221441900E+00
    0.7401229514E+01      0.7401229514E+01     -0.2152268152E+00      0.4513973600E+00
    0.7382156972E+01      0.7382156972E+01     -0.2376302524E+00      0.4857941122E+00
    0.7354526450E+01      0.7354526450E+01     -0.2635843279E+00      0.5263897497E+00
    0.7274519461E+01      0.7274519461E+01     -0.3116454183E-02      0.3114527155E+00
    0.7275586504E+01      0.7275586504E+01     -0.9953551095E-02      0.3116239788E+00
    0.7277535962E+01      0.7277535962E+01     -0.1628550476E-01      0.3114466013E+00
    0.7280575459E+01      0.7280575459E+01     -0.2220666167E-01      0.3111998667E+00
    0.7284707462E+01      0.7284707462E+01     -0.2759398774E-01      0.3115289874E+00
    0.7289917725E+01      0.7289917725E+01     -0.3251623234E-01      0.3120513030E+00
    0.7296199801E+01      0.7296199801E+01     -0.3703438646E-01      0.3128230830E+00
    0.7303483728E+01      0.7303483728E+01     -0.4124418109E-01      0.3138842199E+00
    0.7311497345E+01      0.7311497345E+01     -0.4536097392E-01      0.3155985058E+00
    0.7320272288E+01      0.7320272288E+01     -0.4969583694E-01      0.3181042017E+00
    0.7329732894E+01      0.7329732894E+01     -0.5440768976E-01      0.3215386820E+00
    0.7339869442E+01      0.7339869442E+01     -0.5969884454E-01      0.3257489592E+00
    0.7350692241E+01      0.7350692241E+01     -0.6583192504E-01      0.3309198987E+00
    0.7362126442E+01      0.7362126442E+01     -0.7299612022E-01      0.3371112981E+00
    0.7373916948E+01      0.7373916948E+01     -0.8131418942E-01      0.3444810280E+00
    0.7385490920E+01      0.7385490920E+01     -0.9096669996E-01      0.3534064846E+00
    0.7396108958E+01      0.7396108958E+01     -0.1021757105E+00      0.3642952561E+00
    0.7405067495E+01      0.7405067495E+01     -0.1143906709E+00      0.3773054480E+00
    0.7411888154E+01      0.7411888154E+01     -0.1271706527E+00      0.3925868161E+00
    0.7415804504E+01      0.7415804504E+01     -0.1403981345E+00      0.4101110156E+00
    0.7416447113E+01      0.7416447113E+01     -0.1555679328E+00      0.4296857935E+00
    0.7412629150E+01      0.7412629150E+01     -0.1697949133E+00      0.4528865417E+00
    0.7404150535E+01      0.7404150535E+01     -0.1852074473E+00      0.4793145876E+00
    0.7388975370E+01      0.7388975370E+01     -0.2022545471E+00      0.5102320614E+00
    0.7365600497E+01      0.7365600497E+01     -0.2220368249E+00      0.5468037201E+00
    0.7260636783E+01      0.7260636783E+01     -0.3073335696E-02      0.3665554057E+00
    0.7261658782E+01      0.7261658782E+01     -0.9832437648E-02      0.3668932035E+00
    0.7263501378E+01      0.7263501378E+01     -0.1608395986E-01      0.3667372096E+00
    0.7266370545E+01      0.7266370545E+01     -0.2197915220E-01      0.3664042284E+00
    0.7270321771E+01      0.7270321771E+01     -0.2735804338E-01      0.3665856650E+00
    0.7275379240E+01      0.7275379240E+01     -0.3215106565E-01      0.3668888280E+00
    0.7281612372E+01      0.7281612372E+01     -0.3637997897E-01      0.3673479128E+00
    0.7289012951E+01      0.7289012951E+01     -0.4016024563E-01      0.3680362059E+00
    0.7297499472E+01      0.7297499472E+01     -0.4370386523E-01      0.3691636156E+00
    0.7306901870E+01      0.7306901870E+01     -0.4736731568E-01      0.3708298104E+00
    0.7317005450E+01      0.7317005450E+01     -0.5127139062E-01      0.3732941191E+00
    0.7327705808E+01      0.7327705808E+01     -0.5569474305E-01      0.3765532651E+00
    0.7339038911E+01      0.7339038911E+01     -0.6089149585E-01      0.3807246729E+00
    0.7350985205E+01      0.7350985205E+01     -0.6702648600E-01      0.3858335031E+00
    0.7363559878E+01      0.7363559878E+01     -0.7424261285E-01      0.3918788028E+00
    0.7376274467E+01      0.7376274467E+01     -0.8223843302E-01      0.3991164385E+00
    0.7388300105E+01      0.7388300105E+01     -0.9121448205E-01      0.4080197553E+00
    0.7398659544E+01      0.7398659544E+01     -0.1012303555E+00      0.4191658195E+00
    0.7406487628E+01      0.7406487628E+01     -0.1117407939E+00      0.4327563588E+00
    0.7411546538E+01      0.7411546538E+01     -0.1225176679E+00      0.4487201649E+00
    0.7413434361E+01      0.7413434361E+01     -0.1346466982E+00      0.4666702414E+00
    0.7411101612E+01      0.7411101612E+01     -0.1463296332E+00      0.4878491540E+00
    0.7404532951E+01      0.7404532951E+01     -0.1581613037E+00      0.5123970398E+00
    0.7392274578E+01      0.7392274578E+01     -0.1706869003E+00      0.5405924648E+00
    0.7372943487E+01      0.7372943487E+01     -0.1849751610E+00      0.5736537534E+00
    0.7246757164E+01      0.7246757164E+01     -0.3053761040E-02      0.4199114997E+00
    0.7247794925E+01      0.7247794925E+01     -0.9737637788E-02      0.4205043391E+00
    0.7249647751E+01      0.7249647751E+01     -0.1585013522E-01      0.4205962194E+00
    0.7252471587E+01      0.7252471587E+01     -0.2162778926E-01      0.4204551862E+00
    0.7256321455E+01      0.7256321455E+01     -0.2696958659E-01      0.4206378084E+00
    0.7261271159E+01      0.7261271159E+01     -0.3174099706E-01      0.4208340996E+00
    0.7267436017E+01      0.7267436017E+01     -0.3585673265E-01      0.4211711670E+00
    0.7274849603E+01      0.7274849603E+01     -0.3937119361E-01      0.4218463131E+00
    0.7283450994E+01      0.7283450994E+01     -0.4257947835E-01      0.4229761959E+00
    0.7293108737E+01      0.7293108737E+01     -0.4577559051E-01      0.4244532283E+00
    0.7303698938E+01      0.7303698938E+01     -0.4909980963E-01      0.4263286160E+00
    0.7315081364E+01      0.7315081364E+01     -0.5275788223E-01      0.4287335046E+00
    0.7327080613E+01      0.7327080613E+01     -0.5702777153E-01      0.4319783181E+00
    0.7339681196E+01      0.7339681196E+01     -0.6213672435E-01      0.4361461393E+00
    0.7352854221E+01      0.7352854221E+01     -0.6827360177E-01      0.4412278308E+00
    0.7366318254E+01      0.7366318254E+01     -0.7505164444E-01      0.4473056542E+00
    0.7379412773E+01      0.7379412773E+01     -0.8213188681E-01      0.4547790141E+00
    0.7391100649E+01      0.7391100649E+01     -0.8963462463E-01      0.4640899707E+00
    0.7400336582E+01      0.7400336582E+01     -0.9761628141E-01      0.4759690012E+00
    0.7406493528E+01      0.7406493528E+01     -0.1059932004E+00      0.4904301207E+00
    0.7409312038E+01      0.7409312038E+01     -0.1150251134E+00      0.5071773706E+00
    0.7408239570E+01      0.7408239570E+01     -0.1245987790E+00      0.5268529532E+00
    0.7403025865E+01      0.7403025865E+01     -0.1332384068E+00      0.5497021825E+00
    0.7392850057E+01      0.7392850057E+01     -0.1419942724E+00      0.5760747031E+00
    0.7376614133E+01      0.7376614133E+01     -0.1516077151E+00      0.6063400737E+00
    0.7233147163E+01      0.7233147163E+01     -0.2996609483E-02      0.4717021166E+00
    0.7234207312E+01      0.7234207312E+01     -0.9555603887E-02      0.4724743705E+00
    0.7236086598E+01      0.7236086598E+01     -0.1553514105E-01      0.4728376831E+00
    0.7238919124E+01      0.7238919124E+01     -0.2115988185E-01      0.4730395679E+00
    0.7242748968E+01      0.7242748968E+01     -0.2635705273E-01      0.4734400127E+00
    0.7247656453E+01      0.7247656453E+01     -0.3103024709E-01      0.4737066290E+00
    0.7253772835E+01      0.7253772835E+01     -0.3508547962E-01      0.4740335219E+00
    0.7261156024E+01      0.7261156024E+01     -0.3855929333E-01      0.4748249233E+00
    0.7269795344E+01      0.7269795344E+01     -0.4165008924E-01      0.4761454902E+00
    0.7279602449E+01      0.7279602449E+01     -0.4452427087E-01      0.4777283890E+00
    0.7290419234E+01      0.7290419234E+01     -0.4731839896E-01      0.4794707133E+00
    0.7302105710E+01      0.7302105710E+01     -0.5033004758E-01      0.4815997878E+00
    0.7314588380E+01      0.7314588380E+01     -0.5384830249E-01      0.4843749157E+00
    0.7327792987E+01      0.7327792987E+01     -0.5809308878E-01      0.4878166979E+00
    0.7341593253E+01      0.7341593253E+01     -0.6317016867E-01      0.4921886128E+00
    0.7355625417E+01      0.7355625417E+01     -0.6885361770E-01      0.4974839387E+00
    0.7369329334E+01      0.7369329334E+01     -0.7448051773E-01      0.5040350077E+00
    0.7382094971E+01      0.7382094971E+01     -0.7987948316E-01      0.5120079075E+00
    0.7392765050E+01      0.7392765050E+01     -0.8518625681E-01      0.5221347793E+00
    0.7400241683E+01      0.7400241683E+01     -0.9062833620E-01      0.5350932863E+00
    0.7404111874E+01      0.7404111874E+01     -0.9658621852E-01      0.5509746531E+00
    0.7404051413E+01      0.7404051413E+01     -0.1041412965E+00      0.5691338183E+00
    0.7400062145E+01      0.7400062145E+01     -0.1096453792E+00      0.5909670908E+00
    0.7391414458E+01      0.7391414458E+01     -0.1152829964E+00      0.6155621640E+00
    0.7377366996E+01      0.7377366996E+01     -0.1209514174E+00      0.6440099749E+00
    0.7219964683E+01      0.7219964683E+01     -0.2881940579E-02      0.5220055344E+00
    0.7221018945E+01      0.7221018945E+01     -0.9210755361E-02      0.5228945037E+00
    0.7222888758E+01      0.7222888758E+01     -0.1501278625E-01      0.5234570668E+00
    0.7225712087E+01      0.7225712087E+01     -0.2047370096E-01      0.5239718880E+00
    0.7229531595E+01      0.7229531595E+01     -0.2551379343E-01      0.5246763598E+00
    0.7234428123E+01      0.7234428123E+01     -0.3007798746E-01      0.5251874463E+00
    0.7240525909E+01      0.7240525909E+01     -0.3407639433E-01      0.5257300662E+00
    0.7247891303E+01      0.7247891303E+01     -0.3749605448E-01      0.5268303498E+00
    0.7256514267E+01      0.7256514267E+01     -0.4047541110E-01      0.5284403292E+00
    0.7266339922E+01      0.7266339922E+01     -0.4316856570E-01      0.5301917090E+00
    0.7277275994E+01      0.7277275994E+01     -0.4569426976E-01      0.5320043518E+00
    0.7289182535E+01      0.7289182535E+01     -0.4814926357E-01      0.5341265955E+00
    0.7301951908E+01      0.7301951908E+01     -0.5087397933E-01      0.5368649815E+00
    0.7315476038E+01      0.7315476038E+01     -0.5427951077E-01      0.5402249179E+00
    0.7329693403E+01      0.7329693403E+01     -0.5861057442E-01      0.5442705327E+00
    0.7344193157E+01      0.7344193157E+01     -0.6332170247E-01      0.5491538569E+00
    0.7358214330E+01      0.7358214330E+01     -0.6777030155E-01      0.5552432813E+00
    0.7371502450E+01      0.7371502450E+01     -0.7148235817E-01      0.5624820780E+00
    0.7383223163E+01      0.7383223163E+01     -0.7439319281E-01      0.5714067838E+00
    0.7392194944E+01      0.7392194944E+01     -0.7693223790E-01      0.5828969182E+00
    0.7397478611E+01      0.7397478611E+01     -0.7954954044E-01      0.5973194312E+00
    0.7398832648E+01      0.7398832648E+01     -0.8411437461E-01      0.6143275955E+00
    0.7395729178E+01      0.7395729178E+01     -0.8720082368E-01      0.6350893689E+00
    0.7388405480E+01      0.7388405480E+01     -0.8973567333E-01      0.6587405176E+00
    0.7376051842E+01      0.7376051842E+01     -0.9219151155E-01      0.6853045704E+00
    0.7207381829E+01      0.7207381829E+01     -0.2725245862E-02      0.5709712945E+00
    0.7208393979E+01      0.7208393979E+01     -0.8723022205E-02      0.5719387234E+00
    0.7210202919E+01      0.7210202919E+01     -0.1426222999E-01      0.5726372704E+00
    0.7212964418E+01      0.7212964418E+01     -0.1951019945E-01      0.5733889379E+00
    0.7216720255E+01      0.7216720255E+01     -0.2436953790E-01      0.5743934318E+00
    0.7221554115E+01      0.7221554115E+01     -0.2879439919E-01      0.5752198880E+00
    0.7227595233E+01      0.7227595233E+01     -0.3270414271E-01      0.5760910299E+00
    0.7234904768E+01      0.7234904768E+01     -0.3605161313E-01      0.5776050565E+00
    0.7243494269E+01      0.7243494269E+01     -0.3889899412E-01      0.5796208475E+00
    0.7253287993E+01      0.7253287993E+01     -0.4138164490E-01      0.5816962136E+00
    0.7264232557E+01      0.7264232557E+01     -0.4364878919E-01      0.5837277348E+00
    0.7276257447E+01      0.7276257447E+01     -0.4579415638E-01      0.5859716467E+00
    0.7289228425E+01      0.7289228425E+01     -0.4798034567E-01      0.5888187295E+00
    0.7303038574E+01      0.7303038574E+01     -0.5059487431E-01      0.5923683662E+00
    0.7317544288E+01      0.7317544288E+01     -0.5402254781E-01      0.5966852993E+00
    0.7332096680E+01      0.7332096680E+01     -0.5787227355E-01      0.6017271044E+00
    0.7346126227E+01      0.7346126227E+01     -0.6137083565E-01      0.6078354302E+00
    0.7359473996E+01      0.7359473996E+01     -0.6381832280E-01      0.6149343466E+00
    0.7371650385E+01      0.7371650385E+01     -0.6487843693E-01      0.6232767753E+00
    0.7381764983E+01      0.7381764983E+01     -0.6480421403E-01      0.6336670864E+00
    0.7388729466E+01      0.7388729466E+01     -0.6436912210E-01      0.6467453355E+00
    0.7391850017E+01      0.7391850017E+01     -0.6490453311E-01      0.6621097770E+00
    0.7390119617E+01      0.7390119617E+01     -0.6559764896E-01      0.6816700676E+00
    0.7383942077E+01      0.7383942077E+01     -0.6510831048E-01      0.7043785623E+00
    0.7373292846E+01      0.7373292846E+01     -0.6455946281E-01      0.7297310467E+00
    0.7195380620E+01      0.7195380620E+01     -0.2544678812E-02      0.6186286263E+00
    0.7196330658E+01      0.7196330658E+01     -0.8148199861E-02      0.6196565267E+00
    0.7198045970E+01      0.7198045970E+01     -0.1334408727E-01      0.6204637296E+00
    0.7200694645E+01      0.7200694645E+01     -0.1830406103E-01      0.6214027190E+00
    0.7204324718E+01      0.7204324718E+01     -0.2291818430E-01      0.6226819847E+00
    0.7209027165E+01      0.7209027165E+01     -0.2713610884E-01      0.6238392703E+00
    0.7214931034E+01      0.7214931034E+01     -0.3089446142E-01      0.6250927632E+00
    0.7222119840E+01      0.7222119840E+01     -0.3413715991E-01      0.6270457395E+00
    0.7230614063E+01      0.7230614063E+01     -0.3686655670E-01      0.6294928700E+00
    0.7240349245E+01      0.7240349245E+01     -0.3912579808E-01      0.6320378475E+00
    0.7251242422E+01      0.7251242422E+01     -0.4107756041E-01      0.6344714982E+00
    0.7263279865E+01      0.7263279865E+01     -0.4290933723E-01      0.6370312457E+00
    0.7276361344E+01      0.7276361344E+01     -0.4474297296E-01      0.6401078162E+00
    0.7290384939E+01      0.7290384939E+01     -0.4681630734E-01      0.6439586748E+00
    0.7305120550E+01      0.7305120550E+01     -0.4946894594E-01      0.6486687716E+00
    0.7319795065E+01      0.7319795065E+01     -0.5213078148E-01      0.6542703106E+00
    0.7333535990E+01      0.7333535990E+01     -0.5462164311E-01      0.6608991020E+00
    0.7346464870E+01      0.7346464870E+01     -0.5613611296E-01      0.6684169473E+00
    0.7358834109E+01      0.7358834109E+01     -0.5586366549E-01      0.6767042100E+00
    0.7369219623E+01      0.7369219623E+01     -0.5396799733E-01      0.6867562002E+00
    0.7377115230E+01      0.7377115230E+01     -0.5070076220E-01      0.6989499047E+00
    0.7382103209E+01      0.7382103209E+01     -0.4690732157E-01      0.7132477155E+00
    0.7382414526E+01      0.7382414526E+01     -0.4547430041E-01      0.7306248727E+00
    0.7377786907E+01      0.7377786907E+01     -0.4145817696E-01      0.7523197326E+00
    0.7368874956E+01      0.7368874956E+01     -0.3783772780E-01      0.7763855447E+00
