    0.6886606650E+01      0.6886606650E+01      0.4008832210E+01     -0.5782313170E+00
    0.6810875031E+01      0.6810875031E+01      0.4256286243E+01     -0.5584580612E+00
    0.6734191712E+01      0.6734191712E+01      0.4495853826E+01     -0.5286973672E+00
    0.6657246175E+01      0.6657246175E+01      0.4725604547E+01     -0.4908208275E+00
    0.6579882779E+01      0.6579882779E+01      0.4945364708E+01     -0.4472165874E+00
    0.6502538397E+01      0.6502538397E+01      0.5156004005E+01     -0.3994495078E+00
    0.6424377128E+01      0.6424377128E+01      0.5357331328E+01     -0.3487442354E+00
    0.6348510193E+01      0.6348510193E+01      0.5551057275E+01     -0.2948291991E+00
    0.6270777344E+01      0.6270777344E+01      0.5732462955E+01     -0.2375350434E+00
    0.6200157327E+01      0.6200157327E+01      0.5907209813E+01     -0.1747823378E+00
    0.6130735858E+01      0.6130735858E+01      0.6062702137E+01     -0.1056444891E+00
    0.6070133269E+01      0.6070133269E+01      0.6197815981E+01     -0.2938964168E-01
    0.6025664089E+01      0.6025664089E+01      0.6314391412E+01      0.5485158755E-01
    0.5988044182E+01      0.5988044182E+01      0.6392960331E+01      0.1464651625E+00
    0.5975222838E+01      0.5975222838E+01      0.6446076970E+01      0.2426475111E+00
    0.5969304064E+01      0.5969304064E+01      0.6458660444E+01      0.3419158906E+00
    0.5995403931E+01      0.5995403931E+01      0.6416298749E+01      0.4417654576E+00
    0.6041206465E+01      0.6041206465E+01      0.6336077342E+01      0.5299421956E+00
    0.6098534483E+01      0.6098534483E+01      0.6226143876E+01      0.6209813810E+00
    0.6158545690E+01      0.6158545690E+01      0.6098524946E+01      0.7015612389E+00
    0.6219037691E+01      0.6219037691E+01      0.5957154416E+01      0.7607356409E+00
    0.6279386402E+01      0.6279386402E+01      0.5803741517E+01      0.8124000394E+00
    0.6340558420E+01      0.6340558420E+01      0.5640803867E+01      0.8413716947E+00
    0.6399877469E+01      0.6399877469E+01      0.5474498201E+01      0.8408512282E+00
    0.6455740664E+01      0.6455740664E+01      0.5307955547E+01      0.8303395388E+00
    0.6846961969E+01      0.6846961969E+01      0.4030878379E+01     -0.7518506175E+00
    0.6768646478E+01      0.6768646478E+01      0.4292699483E+01     -0.7208986190E+00
    0.6690292598E+01      0.6690292598E+01      0.4543333478E+01     -0.6767439196E+00
    0.6612811925E+01      0.6612811925E+01      0.4781755020E+01     -0.6237560809E+00
    0.6535478366E+01      0.6535478366E+01      0.5007945480E+01     -0.5651636109E+00
    0.6459098259E+01      0.6459098259E+01      0.5225485648E+01     -0.5032914973E+00
    0.6382834853E+01      0.6382834853E+01      0.5431181578E+01     -0.4387660430E+00
    0.6308166249E+01      0.6308166249E+01      0.5626758306E+01     -0.3724672850E+00
    0.6231000804E+01      0.6231000804E+01      0.5813741892E+01     -0.3027248983E+00
    0.6159032624E+01      0.6159032624E+01      0.5993743904E+01     -0.2270325674E+00
    0.6087119851E+01      0.6087119851E+01      0.6155723838E+01     -0.1438982268E+00
    0.6024069273E+01      0.6024069273E+01      0.6300497015E+01     -0.5170384559E-01
    0.5974953943E+01      0.5974953943E+01      0.6423725612E+01      0.5088048426E-01
    0.5935847757E+01      0.5935847757E+01      0.6508074727E+01      0.1622124091E+00
    0.5921483243E+01      0.5921483243E+01      0.6565378352E+01      0.2812435014E+00
    0.5914928548E+01      0.5914928548E+01      0.6576858475E+01      0.4044993215E+00
    0.5941665698E+01      0.5941665698E+01      0.6531728100E+01      0.5311976326E+00
    0.5989157834E+01      0.5989157834E+01      0.6444807971E+01      0.6460075759E+00
    0.6048124391E+01      0.6048124391E+01      0.6326021899E+01      0.7631864508E+00
    0.6113976356E+01      0.6113976356E+01      0.6182633286E+01      0.8634453746E+00
    0.6180811959E+01      0.6180811959E+01      0.6023722932E+01      0.9380662016E+00
    0.6249330752E+01      0.6249330752E+01      0.5848992270E+01      0.1002556001E+01
    0.6319982704E+01      0.6319982704E+01      0.5664685566E+01      0.1036482834E+01
    0.6386460716E+01      0.6386460716E+01      0.5477778741E+01      0.1035497000E+01
    0.6449474545E+01      0.6449474545E+01      0.5292494565E+01      0.1021905468E+01
    0.6799604962E+01      0.6799604962E+01      0.4064649392E+01     -0.9438454042E+00
    0.6717111225E+01      0.6717111225E+01      0.4348676279E+01     -0.8997039181E+00
    0.6634465698E+01      0.6634465698E+01      0.4620001761E+01     -0.8407018088E+00
    0.6556025584E+01      0.6556025584E+01      0.4881912483E+01     -0.7710075794E+00
    0.6478794049E+01      0.6478794049E+01      0.5123433377E+01     -0.6928310996E+00
    0.6405506886E+01      0.6405506886E+01      0.5338954970E+01     -0.6119007157E+00
    0.6334285162E+01      0.6334285162E+01      0.5536642944E+01     -0.5311531855E+00
    0.6262944656E+01      0.6262944656E+01      0.5722236075E+01     -0.4552027069E+00
    0.6184878014E+01      0.6184878014E+01      0.5911923831E+01     -0.3746238043E+00
    0.6110114721E+01      0.6110114721E+01      0.6096033075E+01     -0.2869193549E+00
    0.6035194317E+01      0.6035194317E+01      0.6266756716E+01     -0.1909740301E+00
    0.5967295068E+01      0.5967295068E+01      0.6423040514E+01     -0.8226103378E-01
    0.5913427746E+01      0.5913427746E+01      0.6556117361E+01      0.3873550214E-01
    0.5870438804E+01      0.5870438804E+01      0.6651631849E+01      0.1709155226E+00
    0.5851608143E+01      0.5851608143E+01      0.6717266165E+01      0.3164500672E+00
    0.5844825755E+01      0.5844825755E+01      0.6729556978E+01      0.4665925590E+00
    0.5871107580E+01      0.5871107580E+01      0.6684024508E+01      0.6225941228E+00
    0.5921124311E+01      0.5921124311E+01      0.6589683107E+01      0.7674054564E+00
    0.5983421690E+01      0.5983421690E+01      0.6458741365E+01      0.9148955530E+00
    0.6057339280E+01      0.6057339280E+01      0.6294240905E+01      0.1038300953E+01
    0.6132853634E+01      0.6132853634E+01      0.6111210706E+01      0.1128940019E+01
    0.6212787272E+01      0.6212787272E+01      0.5908572313E+01      0.1209320445E+01
    0.6294738483E+01      0.6294738483E+01      0.5694629896E+01      0.1246185133E+01
    0.6370329551E+01      0.6370329551E+01      0.5481691312E+01      0.1243730516E+01
    0.6441728593E+01      0.6441728593E+01      0.5273487902E+01      0.1225291508E+01
    0.6739122894E+01      0.6739122894E+01      0.4127474946E+01     -0.1164282752E+01
    0.6650460668E+01      0.6650460668E+01      0.4459317372E+01     -0.1107403236E+01
    0.6565930901E+01      0.6565930901E+01      0.4762810282E+01     -0.1024583878E+01
    0.6486199546E+01      0.6486199546E+01      0.5019490754E+01     -0.9235227096E+00
    0.6413002800E+01      0.6413002800E+01      0.5232773423E+01     -0.8144851959E+00
    0.6345751291E+01      0.6345751291E+01      0.5420327490E+01     -0.7127407734E+00
    0.6278464945E+01      0.6278464945E+01      0.5598069196E+01     -0.6196028385E+00
    0.6210989578E+01      0.6210989578E+01      0.5771760085E+01     -0.5366525571E+00
    0.6131322141E+01      0.6131322141E+01      0.5959271528E+01     -0.4480144732E+00
    0.6053324542E+01      0.6053324542E+01      0.6145009836E+01     -0.3521932206E+00
    0.5975820903E+01      0.5975820903E+01      0.6327145516E+01     -0.2467759257E+00
    0.5899212678E+01      0.5899212678E+01      0.6494697255E+01     -0.1236986201E+00
    0.5837996977E+01      0.5837996977E+01      0.6649104795E+01      0.1691035438E-01
    0.5786959384E+01      0.5786959384E+01      0.6761589850E+01      0.1722108252E+00
    0.5760890616E+01      0.5760890616E+01      0.6842110104E+01      0.3449753725E+00
    0.5755674870E+01      0.5755674870E+01      0.6875169519E+01      0.5238634588E+00
    0.5779793262E+01      0.5779793262E+01      0.6838646217E+01      0.7109858269E+00
    0.5831501634E+01      0.5831501634E+01      0.6747705348E+01      0.8924499255E+00
    0.5898702029E+01      0.5898702029E+01      0.6612656113E+01      0.1076193745E+01
    0.5981088876E+01      0.5981088876E+01      0.6429922114E+01      0.1233116965E+01
    0.6072236201E+01      0.6072236201E+01      0.6217231232E+01      0.1338657348E+01
    0.6164342309E+01      0.6164342309E+01      0.5981469902E+01      0.1440929867E+01
    0.6262781878E+01      0.6262781878E+01      0.5731154849E+01      0.1478963852E+01
    0.6349397441E+01      0.6349397441E+01      0.5485219070E+01      0.1472567828E+01
    0.6430460091E+01      0.6430460091E+01      0.5248698778E+01      0.1447049848E+01
    0.6669370299E+01      0.6669370299E+01      0.4257681680E+01     -0.1437206851E+01
    0.6566244432E+01      0.6566244432E+01      0.4606331525E+01     -0.1332792479E+01
    0.6480266418E+01      0.6480266418E+01      0.4868210348E+01     -0.1195930912E+01
    0.6406203728E+01      0.6406203728E+01      0.5074112872E+01     -0.1049156844E+01
    0.6345009701E+01      0.6345009701E+01      0.5244912327E+01     -0.9097594326E+00
    0.6287048681E+01      0.6287048681E+01      0.5397583130E+01     -0.7935969574E+00
    0.6228528612E+01      0.6228528612E+01      0.5548749679E+01     -0.6925956735E+00
    0.6162094199E+01      0.6162094199E+01      0.5711135973E+01     -0.6092125109E+00
    0.6077180406E+01      0.6077180406E+01      0.5898294377E+01     -0.5226023130E+00
    0.5995692042E+01      0.5995692042E+01      0.6086632055E+01     -0.4270812040E+00
    0.5908560817E+01      0.5908560817E+01      0.6286206635E+01     -0.3133067398E+00
    0.5822139799E+01      0.5822139799E+01      0.6473383857E+01     -0.1795676509E+00
    0.5746477480E+01      0.5746477480E+01      0.6655424635E+01     -0.1957259055E-01
    0.5690740325E+01      0.5690740325E+01      0.6800626710E+01      0.1582681590E+00
    0.5652432412E+01      0.5652432412E+01      0.6892087656E+01      0.3574057680E+00
    0.5647852806E+01      0.5647852806E+01      0.6954845148E+01      0.5670664184E+00
    0.5667585123E+01      0.5667585123E+01      0.6934427474E+01      0.7890502029E+00
    0.5720872070E+01      0.5720872070E+01      0.6856573174E+01      0.1009908798E+01
    0.5795345575E+01      0.5795345575E+01      0.6730466131E+01      0.1230492823E+01
    0.5888975905E+01      0.5888975905E+01      0.6552584149E+01      0.1431083390E+01
    0.5996077446E+01      0.5996077446E+01      0.6330890199E+01      0.1558503582E+01
    0.6103471805E+01      0.6103471805E+01      0.6079715977E+01      0.1692004610E+01
    0.6220000598E+01      0.6220000598E+01      0.5794576740E+01      0.1741203807E+01
    0.6324714129E+01      0.6324714129E+01      0.5503484341E+01      0.1729373783E+01
    0.6417199880E+01      0.6417199880E+01      0.5226927343E+01      0.1692324183E+01
    0.6545048045E+01      0.6545048045E+01      0.4381642082E+01     -0.1706001530E+01
    0.6435101783E+01      0.6435101783E+01      0.4639301573E+01     -0.1515435102E+01
    0.6368449107E+01      0.6368449107E+01      0.4795680063E+01     -0.1323999759E+01
    0.6316123378E+01      0.6316123378E+01      0.4901562688E+01     -0.1138882664E+01
    0.6272136412E+01      0.6272136412E+01      0.4991032881E+01     -0.9819857725E+00
    0.6225212504E+01      0.6225212504E+01      0.5085834886E+01     -0.8581987561E+00
    0.6168147286E+01      0.6168147286E+01      0.5199006098E+01     -0.7605469332E+00
    0.6107851223E+01      0.6107851223E+01      0.5324341442E+01     -0.6787228463E+00
    0.6026260148E+01      0.6026260148E+01      0.5489780479E+01     -0.5986898551E+00
    0.5940905793E+01      0.5940905793E+01      0.5671811684E+01     -0.5057376263E+00
    0.5840792259E+01      0.5840792259E+01      0.5880381871E+01     -0.3924658425E+00
    0.5743420573E+01      0.5743420573E+01      0.6094493557E+01     -0.2566794849E+00
    0.5648392850E+01      0.5648392850E+01      0.6307875857E+01     -0.8824914151E-01
    0.5578602722E+01      0.5578602722E+01      0.6518078218E+01      0.1116614629E+00
    0.5519103329E+01      0.5519103329E+01      0.6669785844E+01      0.3429637646E+00
    0.5520036217E+01      0.5520036217E+01      0.6774451271E+01      0.5910479483E+00
    0.5542279827E+01      0.5542279827E+01      0.6788654446E+01      0.8448053634E+00
    0.5593965393E+01      0.5593965393E+01      0.6748318326E+01      0.1104355264E+01
    0.5677968033E+01      0.5677968033E+01      0.6647786080E+01      0.1363399276E+01
    0.5786081787E+01      0.5786081787E+01      0.6487859209E+01      0.1607547914E+01
    0.5910560549E+01      0.5910560549E+01      0.6279771612E+01      0.1768883391E+01
    0.6033973174E+01      0.6033973174E+01      0.6041149185E+01      0.1933551259E+01
    0.6157233791E+01      0.6157233791E+01      0.5766657595E+01      0.2028391377E+01
    0.6283704762E+01      0.6283704762E+01      0.5470404574E+01      0.2016878067E+01
    0.6392704285E+01      0.6392704285E+01      0.5171673523E+01      0.1968323345E+01
    0.6400301694E+01      0.6400301694E+01      0.4236257231E+01     -0.1871236012E+01
    0.6361048235E+01      0.6361048235E+01      0.4230138974E+01     -0.1563291308E+01
    0.6323653820E+01      0.6323653820E+01      0.4218093054E+01     -0.1324334913E+01
    0.6276547124E+01      0.6276547124E+01      0.4208202577E+01     -0.1116159003E+01
    0.6244000195E+01      0.6244000195E+01      0.4188250028E+01     -0.9582890931E+00
    0.6205346178E+01      0.6205346178E+01      0.4199581648E+01     -0.8338431764E+00
    0.6156880955E+01      0.6156880955E+01      0.4242222898E+01     -0.7551077554E+00
    0.6086041220E+01      0.6086041220E+01      0.4339694789E+01     -0.7000727326E+00
    0.5994712489E+01      0.5994712489E+01      0.4496838954E+01     -0.6551490383E+00
    0.5891831317E+01      0.5891831317E+01      0.4701539124E+01     -0.5916283689E+00
    0.5778530098E+01      0.5778530098E+01      0.4949334775E+01     -0.5003325273E+00
    0.5669186170E+01      0.5669186170E+01      0.5219875717E+01     -0.3776066605E+00
    0.5558220675E+01      0.5558220675E+01      0.5492195764E+01     -0.2086104372E+00
    0.5472727349E+01      0.5472727349E+01      0.5773467235E+01      0.3868170603E-02
    0.5395451865E+01      0.5395451865E+01      0.5994172302E+01      0.2563969124E+00
    0.5365973888E+01      0.5365973888E+01      0.6204299559E+01      0.5425531381E+00
    0.5386935623E+01      0.5386935623E+01      0.6347961140E+01      0.8432543041E+00
    0.5443622623E+01      0.5443622623E+01      0.6353052667E+01      0.1146489353E+01
    0.5547223706E+01      0.5547223706E+01      0.6300620058E+01      0.1451219659E+01
    0.5675125315E+01      0.5675125315E+01      0.6201331214E+01      0.1741433152E+01
    0.5815229461E+01      0.5815229461E+01      0.6053287813E+01      0.1942896534E+01
    0.5956878534E+01      0.5956878534E+01      0.5868101791E+01      0.2142865918E+01
    0.6092535034E+01      0.6092535034E+01      0.5634292282E+01      0.2290653113E+01
    0.6240073750E+01      0.6240073750E+01      0.5353059702E+01      0.2294359005E+01
    0.6370327765E+01      0.6370327765E+01      0.5059229483E+01      0.2248219782E+01
    0.6281634658E+01      0.6281634658E+01      0.3519771575E+01     -0.1774322992E+01
    0.6310558738E+01      0.6310558738E+01      0.3201889318E+01     -0.1379738221E+01
    0.6284750133E+01      0.6284750133E+01      0.2936520287E+01     -0.1124897258E+01
    0.6253519218E+01      0.6253519218E+01      0.2733399774E+01     -0.9542417286E+00
    0.6228858593E+01      0.6228858593E+01      0.2664493366E+01     -0.8714114737E+00
    0.6178301001E+01      0.6178301001E+01      0.2724345386E+01     -0.7990529806E+00
    0.6118979776E+01      0.6118979776E+01      0.2854969060E+01     -0.7831902404E+00
    0.6053832391E+01      0.6053832391E+01      0.3060753048E+01     -0.7994829353E+00
    0.5963942026E+01      0.5963942026E+01      0.3368162668E+01     -0.8367188647E+00
    0.5849151956E+01      0.5849151956E+01      0.3753397669E+01     -0.8174865963E+00
    0.5725284282E+01      0.5725284282E+01      0.4168977435E+01     -0.7481277807E+00
    0.5605423177E+01      0.5605423177E+01      0.4590109254E+01     -0.6123037733E+00
    0.5477308331E+01      0.5477308331E+01      0.4964905506E+01     -0.4135246095E+00
    0.5379009220E+01      0.5379009220E+01      0.5306848970E+01     -0.1601348647E+00
    0.5289264866E+01      0.5289264866E+01      0.5549035875E+01      0.1365605599E+00
    0.5244735321E+01      0.5244735321E+01      0.5720314311E+01      0.4638631954E+00
    0.5259101679E+01      0.5259101679E+01      0.5819432445E+01      0.8248419995E+00
    0.5316585869E+01      0.5316585869E+01      0.5809298775E+01      0.1158128162E+01
    0.5418914357E+01      0.5418914357E+01      0.5770914483E+01      0.1470342289E+01
    0.5546477538E+01      0.5546477538E+01      0.5717404409E+01      0.1788282035E+01
    0.5700566470E+01      0.5700566470E+01      0.5621656352E+01      0.2041687616E+01
    0.5866908600E+01      0.5866908600E+01      0.5494073131E+01      0.2287961771E+01
    0.6024342894E+01      0.6024342894E+01      0.5327127505E+01      0.2503916821E+01
    0.6189767436E+01      0.6189767436E+01      0.5101130170E+01      0.2553109747E+01
    0.6343550921E+01      0.6343550921E+01      0.4845264588E+01      0.2517421430E+01
    0.6218981652E+01      0.6218981652E+01      0.2045984525E+01     -0.1040184275E+01
    0.6312687053E+01      0.6312687053E+01      0.1335445985E+01     -0.1019329336E+01
    0.6262987509E+01      0.6262987509E+01      0.1260715750E+01     -0.9203820297E+00
    0.6220131604E+01      0.6220131604E+01      0.1294160153E+01     -0.8546246621E+00
    0.6181302725E+01      0.6181302725E+01      0.1403406936E+01     -0.8922341620E+00
    0.6154679173E+01      0.6154679173E+01      0.1615802460E+01     -0.9361853324E+00
    0.6108407275E+01      0.6108407275E+01      0.1947572798E+01     -0.1006019141E+01
    0.6048347755E+01      0.6048347755E+01      0.2354772088E+01     -0.1091208705E+01
    0.5962325627E+01      0.5962325627E+01      0.2827390945E+01     -0.1203190870E+01
    0.5837938632E+01      0.5837938632E+01      0.3344157989E+01     -0.1200301396E+01
    0.5695376101E+01      0.5695376101E+01      0.3863648016E+01     -0.1128996303E+01
    0.5544486393E+01      0.5544486393E+01      0.4372821000E+01     -0.9620481739E+00
    0.5385451956E+01      0.5385451956E+01      0.4832935304E+01     -0.7034195006E+00
    0.5254282243E+01      0.5254282243E+01      0.5232450907E+01     -0.3641116364E+00
    0.5146479230E+01      0.5146479230E+01      0.5507051507E+01      0.2571583601E-01
    0.5109062025E+01      0.5109062025E+01      0.5654096464E+01      0.4280117628E+00
    0.5116448852E+01      0.5116448852E+01      0.5660018399E+01      0.8578879228E+00
    0.5200026744E+01      0.5200026744E+01      0.5550595930E+01      0.1227274827E+01
    0.5324494336E+01      0.5324494336E+01      0.5396433707E+01      0.1540624156E+01
    0.5464094043E+01      0.5464094043E+01      0.5257792561E+01      0.1856385553E+01
    0.5617545897E+01      0.5617545897E+01      0.5133602842E+01      0.2128705803E+01
    0.5785767365E+01      0.5785767365E+01      0.5007570583E+01      0.2380894272E+01
    0.5956785636E+01      0.5956785636E+01      0.4874825474E+01      0.2638654886E+01
    0.6135926051E+01      0.6135926051E+01      0.4701137743E+01      0.2749619147E+01
    0.6312545901E+01      0.6312545901E+01      0.4500048058E+01      0.2737102472E+01
    0.5907487432E+01      0.5907487432E+01     -0.4154699151E-01     -0.3651936466E+00
    0.6170406518E+01      0.6170406518E+01      0.1199944524E-01     -0.9875661992E+00
    0.6171642974E+01      0.6171642974E+01      0.2426244309E+00     -0.1028984661E+01
    0.6185057559E+01      0.6185057559E+01      0.5403171142E+00     -0.1049657416E+01
    0.6181162939E+01      0.6181162939E+01      0.8780740336E+00     -0.1124853071E+01
    0.6163931467E+01      0.6163931467E+01      0.1252101797E+01     -0.1240835185E+01
    0.6117059537E+01      0.6117059537E+01      0.1667399895E+01     -0.1373487726E+01
    0.6043631548E+01      0.6043631548E+01      0.2115838097E+01     -0.1504215776E+01
    0.5934221879E+01      0.5934221879E+01      0.2595166176E+01     -0.1632771526E+01
    0.5799248171E+01      0.5799248171E+01      0.3081675870E+01     -0.1623075709E+01
    0.5627763527E+01      0.5627763527E+01      0.3590083266E+01     -0.1530688015E+01
    0.5445636502E+01      0.5445636502E+01      0.4097026484E+01     -0.1330161655E+01
    0.5248976462E+01      0.5248976462E+01      0.4573780135E+01     -0.1008731907E+01
    0.5091093336E+01      0.5091093336E+01      0.5006264629E+01     -0.5905365677E+00
    0.4956040676E+01      0.4956040676E+01      0.5303970355E+01     -0.8625469529E-01
    0.4928612770E+01      0.4928612770E+01      0.5458271031E+01      0.4312791934E+00
    0.4939196673E+01      0.4939196673E+01      0.5449871492E+01      0.9537696519E+00
    0.5042382224E+01      0.5042382224E+01      0.5284496381E+01      0.1411290095E+01
    0.5196017855E+01      0.5196017855E+01      0.5034063542E+01      0.1740970864E+01
    0.5362626147E+01      0.5362626147E+01      0.4786466545E+01      0.2011475414E+01
    0.5537850746E+01      0.5537850746E+01      0.4600782397E+01      0.2247406361E+01
    0.5720436442E+01      0.5720436442E+01      0.4451843493E+01      0.2483145297E+01
    0.5907726028E+01      0.5907726028E+01      0.4328146663E+01      0.2743219464E+01
    0.6101182775E+01      0.6101182775E+01      0.4189764687E+01      0.2894572290E+01
    0.6287938958E+01      0.6287938958E+01      0.4039679429E+01      0.2898792026E+01
    0.0000000000E+00      0.2000000000E+02      0.0000000000E+00      0.0000000000E+00
    0.6209725894E+01      0.6209725894E+01      0.1672069114E+00     -0.1184312058E+01
    0.6211362304E+01      0.6211362304E+01      0.3523408430E+00     -0.1237284553E+01
    0.6201270390E+01      0.6201270390E+01      0.5809502819E+00     -0.1304289463E+01
    0.6186825539E+01      0.6186825539E+01      0.8371962576E+00     -0.1409788246E+01
    0.6151501492E+01      0.6151501492E+01      0.1129389263E+01     -0.1548659199E+01
    0.6100751497E+01      0.6100751497E+01      0.1436919769E+01     -0.1700138098E+01
    0.6017902163E+01      0.6017902163E+01      0.1775684978E+01     -0.1854067925E+01
    0.5896762098E+01      0.5896762098E+01      0.2135100430E+01     -0.1993723388E+01
    0.5749577317E+01      0.5749577317E+01      0.2515786750E+01     -0.1997447858E+01
    0.5548559491E+01      0.5548559491E+01      0.2955962960E+01     -0.1909711494E+01
    0.5332823675E+01      0.5332823675E+01      0.3411751996E+01     -0.1694107557E+01
    0.5100029491E+01      0.5100029491E+01      0.3843741896E+01     -0.1335326669E+01
    0.4920391505E+01      0.4920391505E+01      0.4282714823E+01     -0.8423364519E+00
    0.4748249010E+01      0.4748249010E+01      0.4555984677E+01     -0.2491511365E+00
    0.4718255706E+01      0.4718255706E+01      0.4807666408E+01      0.3944641888E+00
    0.4752682376E+01      0.4752682376E+01      0.4842993794E+01      0.1019172685E+01
    0.4879589290E+01      0.4879589290E+01      0.4718929791E+01      0.1562237095E+01
    0.5071065250E+01      0.5071065250E+01      0.4478938088E+01      0.1954669261E+01
    0.5275820392E+01      0.5275820392E+01      0.4208674821E+01      0.2197265708E+01
    0.5474100081E+01      0.5474100081E+01      0.3989572411E+01      0.2388708560E+01
    0.5672428800E+01      0.5672428800E+01      0.3828865512E+01      0.2591254199E+01
    0.5873276679E+01      0.5873276679E+01      0.3708035610E+01      0.2836156410E+01
    0.6077287687E+01      0.6077287687E+01      0.3597831638E+01      0.2991486597E+01
    0.6273300479E+01      0.6273300479E+01      0.3491520213E+01      0.3008126236E+01
    0.0000000000E+00      0.2000000000E+02      0.0000000000E+00      0.0000000000E+00
    0.6206553374E+01      0.6206553374E+01      0.1100147911E+00     -0.1360973313E+01
    0.6208468842E+01      0.6208468842E+01      0.2390568610E+00     -0.1379620091E+01
    0.6194066888E+01      0.6194066888E+01      0.4086538072E+00     -0.1477953847E+01
    0.6176078847E+01      0.6176078847E+01      0.5910529753E+00     -0.1605768808E+01
    0.6135612964E+01      0.6135612964E+01      0.7982370755E+00     -0.1768373827E+01
    0.6079166160E+01      0.6079166160E+01      0.1012385325E+01     -0.1935656357E+01
    0.5986380075E+01      0.5986380075E+01      0.1250398018E+01     -0.2112429051E+01
    0.5854982134E+01      0.5854982134E+01      0.1504846085E+01     -0.2259966170E+01
    0.5686462707E+01      0.5686462707E+01      0.1796047047E+01     -0.2311421068E+01
    0.5463060189E+01      0.5463060189E+01      0.2144612540E+01     -0.2250009384E+01
    0.5220625562E+01      0.5220625562E+01      0.2505946879E+01     -0.2032052865E+01
    0.4964293623E+01      0.4964293623E+01      0.2839914771E+01     -0.1647296608E+01
    0.4756847374E+01      0.4756847374E+01      0.3178797784E+01     -0.1089751644E+01
    0.4581402145E+01      0.4581402145E+01      0.3427783519E+01     -0.4376034067E+00
    0.4531704080E+01      0.4531704080E+01      0.3703435358E+01      0.3169277915E+00
    0.4589592542E+01      0.4589592542E+01      0.3789159924E+01      0.1030140932E+01
    0.4759224256E+01      0.4759224256E+01      0.3714654090E+01      0.1676723915E+01
    0.4988122723E+01      0.4988122723E+01      0.3580751078E+01      0.2155957099E+01
    0.5223307393E+01      0.5223307393E+01      0.3426649947E+01      0.2401066885E+01
    0.5441804675E+01      0.5441804675E+01      0.3264798451E+01      0.2544884666E+01
    0.5650365070E+01      0.5650365070E+01      0.3121628159E+01      0.2703796764E+01
    0.5861906375E+01      0.5861906375E+01      0.3009170820E+01      0.2924558310E+01
    0.6079586451E+01      0.6079586451E+01      0.2938564041E+01      0.3066583612E+01
    0.6278907599E+01      0.6278907599E+01      0.2884072867E+01      0.3078716091E+01
    0.0000000000E+00      0.2000000000E+02      0.0000000000E+00      0.0000000000E+00
    0.6203730422E+01      0.6203730422E+01      0.6717671438E-01     -0.1463855340E+01
    0.6203335209E+01      0.6203335209E+01      0.1500891688E+00     -0.1471004475E+01
    0.6184907201E+01      0.6184907201E+01      0.2640468516E+00     -0.1593964385E+01
    0.6161662707E+01      0.6161662707E+01      0.3756181581E+00     -0.1734256931E+01
    0.6118923907E+01      0.6118923907E+01      0.4946163290E+00     -0.1907716604E+01
    0.6055921542E+01      0.6055921542E+01      0.6122102087E+00     -0.2087171989E+01
    0.5959636359E+01      0.5959636359E+01      0.7345627438E+00     -0.2275595103E+01
    0.5825732836E+01      0.5825732836E+01      0.8607046876E+00     -0.2430661649E+01
    0.5646607488E+01      0.5646607488E+01      0.1006960173E+01     -0.2523597868E+01
    0.5415731463E+01      0.5415731463E+01      0.1185025311E+01     -0.2483238575E+01
    0.5151713815E+01      0.5151713815E+01      0.1380049636E+01     -0.2262428368E+01
    0.4882511817E+01      0.4882511817E+01      0.1559248675E+01     -0.1863045431E+01
    0.4639329608E+01      0.4639329608E+01      0.1739546735E+01     -0.1295341720E+01
    0.4464148714E+01      0.4464148714E+01      0.1926891148E+01     -0.6279928971E+00
    0.4397979056E+01      0.4397979056E+01      0.2191405117E+01      0.1940855401E+00
    0.4487966788E+01      0.4487966788E+01      0.2340113513E+01      0.9951145765E+00
    0.4668226998E+01      0.4668226998E+01      0.2392930805E+01      0.1685547246E+01
    0.4910460773E+01      0.4910460773E+01      0.2397991428E+01      0.2186108073E+01
    0.5170477822E+01      0.5170477822E+01      0.2392731403E+01      0.2464401273E+01
    0.5423309917E+01      0.5423309917E+01      0.2364476286E+01      0.2636131448E+01
    0.5656965285E+01      0.5656965285E+01      0.2311017853E+01      0.2799975613E+01
    0.5875202508E+01      0.5875202508E+01      0.2259742713E+01      0.2985370524E+01
    0.6091704167E+01      0.6091704167E+01      0.2252002373E+01      0.3090160906E+01
    0.6287312657E+01      0.6287312657E+01      0.2257877852E+01      0.3097810090E+01
    0.0000000000E+00      0.2000000000E+02      0.0000000000E+00      0.0000000000E+00
    0.6208717783E+01      0.6208717783E+01      0.3102217677E-01     -0.1506587509E+01
    0.6206061295E+01      0.6206061295E+01      0.6800776346E-01     -0.1510619822E+01
    0.6189901782E+01      0.6189901782E+01      0.1194386022E+00     -0.1641677181E+01
    0.6166549439E+01      0.6166549439E+01      0.1623194229E+00     -0.1780737109E+01
    0.6128459781E+01      0.6128459781E+01      0.1982200640E+00     -0.1952312196E+01
    0.6069479005E+01      0.6069479005E+01      0.2230171783E+00     -0.2129881681E+01
    0.5980298015E+01      0.5980298015E+01      0.2348514258E+00     -0.2315117551E+01
    0.5851085866E+01      0.5851085866E+01      0.2360160751E+00     -0.2474035736E+01
    0.5674484224E+01      0.5674484224E+01      0.2345538543E+00     -0.2580918550E+01
    0.5448855314E+01      0.5448855314E+01      0.2408700552E+00     -0.2554031035E+01
    0.5182370458E+01      0.5182370458E+01      0.2662771531E+00     -0.2324057585E+01
    0.4917499048E+01      0.4917499048E+01      0.2901856576E+00     -0.1921166097E+01
    0.4678166781E+01      0.4678166781E+01      0.3203679397E+00     -0.1343682579E+01
    0.4504906040E+01      0.4504906040E+01      0.3918457297E+00     -0.7007010824E+00
    0.4420213133E+01      0.4420213133E+01      0.5785480578E+00      0.1555844217E+00
    0.4499168068E+01      0.4499168068E+01      0.7729358741E+00      0.9608671242E+00
    0.4672829977E+01      0.4672829977E+01      0.9505087986E+00      0.1655628477E+01
    0.4912468915E+01      0.4912468915E+01      0.1115251861E+01      0.2140857384E+01
    0.5171912214E+01      0.5171912214E+01      0.1265420638E+01      0.2436068754E+01
    0.5427654296E+01      0.5427654296E+01      0.1366118749E+01      0.2643544017E+01
    0.5668224443E+01      0.5668224443E+01      0.1415106226E+01      0.2824469624E+01
    0.5904256471E+01      0.5904256471E+01      0.1460539930E+01      0.2975178333E+01
    0.6127011331E+01      0.6127011331E+01      0.1526400215E+01      0.3046103354E+01
    0.6323554329E+01      0.6323554329E+01      0.1607480171E+01      0.3039681976E+01
    0.0000000000E+00      0.2000000000E+02      0.0000000000E+00      0.0000000000E+00
    0.6229098714E+01      0.6229098714E+01     -0.1600354381E-03     -0.1493689493E+01
    0.6224400274E+01      0.6224400274E+01     -0.4210488392E-02     -0.1500695928E+01
    0.6208934565E+01      0.6208934565E+01     -0.5316019403E-02     -0.1628651652E+01
    0.6183902432E+01      0.6183902432E+01     -0.2066445704E-01     -0.1755677450E+01
    0.6144546384E+01      0.6144546384E+01     -0.5583565921E-01     -0.1909790272E+01
    0.6083867815E+01      0.6083867815E+01     -0.1116376071E+00     -0.2069009945E+01
    0.5997732280E+01      0.5997732280E+01     -0.1958258608E+00     -0.2234083552E+01
    0.5879899671E+01      0.5879899671E+01     -0.3103654596E+00     -0.2377042191E+01
    0.5723143926E+01      0.5723143926E+01     -0.4530750146E+00     -0.2477730622E+01
    0.5523422598E+01      0.5523422598E+01     -0.6052397613E+00     -0.2477286800E+01
    0.5283602492E+01      0.5283602492E+01     -0.7397755843E+00     -0.2284029653E+01
    0.5047109266E+01      0.5047109266E+01     -0.8443354809E+00     -0.1915407512E+01
    0.4814191822E+01      0.4814191822E+01     -0.9413563253E+00     -0.1352753503E+01
    0.4650660654E+01      0.4650660654E+01     -0.9943437371E+00     -0.7457287751E+00
    0.4601668023E+01      0.4601668023E+01     -0.8664456013E+00     -0.8628449890E-03
    0.4675400184E+01      0.4675400184E+01     -0.6578092353E+00      0.7467472133E+00
    0.4831940221E+01      0.4831940221E+01     -0.3868593823E+00      0.1406422909E+01
    0.5050649632E+01      0.5050649632E+01     -0.1120520771E+00      0.1890524274E+01
    0.5286732542E+01      0.5286732542E+01      0.1436653038E+00      0.2239198443E+01
    0.5526439879E+01      0.5526439879E+01      0.3538506475E+00      0.2504741276E+01
    0.5753131591E+01      0.5753131591E+01      0.5089488146E+00      0.2715269705E+01
    0.5979363586E+01      0.5979363586E+01      0.6631458514E+00      0.2870543587E+01
    0.6187686702E+01      0.6187686702E+01      0.8243124582E+00      0.2930056858E+01
    0.6372092392E+01      0.6372092392E+01      0.9906304474E+00      0.2921567012E+01
    0.0000000000E+00      0.2000000000E+02      0.0000000000E+00      0.0000000000E+00
    0.6235030257E+01      0.6235030257E+01     -0.2546415298E-01     -0.1437503625E+01
    0.6229328947E+01      0.6229328947E+01     -0.6332755338E-01     -0.1446975552E+01
    0.6215019386E+01      0.6215019386E+01     -0.1115341533E+00     -0.1564475882E+01
    0.6190487297E+01      0.6190487297E+01     -0.1810516032E+00     -0.1669538210E+01
    0.6153782440E+01      0.6153782440E+01     -0.2780275272E+00     -0.1799539679E+01
    0.6096068122E+01      0.6096068122E+01     -0.3989863731E+00     -0.1934330073E+01
    0.6016308678E+01      0.6016308678E+01     -0.5538307139E+00     -0.2070618813E+01
    0.5908103525E+01      0.5908103525E+01     -0.7443572938E+00     -0.2183688612E+01
    0.5768207764E+01      0.5768207764E+01     -0.9749064898E+00     -0.2254562701E+01
    0.5596551128E+01      0.5596551128E+01     -0.1238501934E+01     -0.2248190357E+01
    0.5387756217E+01      0.5387756217E+01     -0.1500049282E+01     -0.2087428985E+01
    0.5183386823E+01      0.5183386823E+01     -0.1728912007E+01     -0.1761919707E+01
    0.4989267852E+01      0.4989267852E+01     -0.1914835315E+01     -0.1291797300E+01
    0.4853437677E+01      0.4853437677E+01     -0.2010550034E+01     -0.7310687977E+00
    0.4824874509E+01      0.4824874509E+01     -0.1910554280E+01     -0.9482945959E-01
    0.4888479394E+01      0.4888479394E+01     -0.1713472569E+01      0.5799182940E+00
    0.5019218361E+01      0.5019218361E+01     -0.1427941438E+01      0.1177300134E+01
    0.5207183210E+01      0.5207183210E+01     -0.1132459075E+01      0.1665961259E+01
    0.5413763921E+01      0.5413763921E+01     -0.8457565246E+00      0.2049519688E+01
    0.5630079435E+01      0.5630079435E+01     -0.5847478203E+00      0.2344662363E+01
    0.5847736442E+01      0.5847736442E+01     -0.3328985747E+00      0.2559442440E+01
    0.6062699275E+01      0.6062699275E+01     -0.7232768767E-01      0.2698941554E+01
    0.6257153790E+01      0.6257153790E+01      0.1861235187E+00      0.2747090455E+01
    0.6430242412E+01      0.6430242412E+01      0.4464522913E+00      0.2727603043E+01
    0.0000000000E+00      0.2000000000E+02      0.0000000000E+00      0.0000000000E+00
    0.6245539392E+01      0.6245539392E+01     -0.4614144836E-01     -0.1351514857E+01
    0.6238491468E+01      0.6238491468E+01     -0.1124382991E+00     -0.1361444631E+01
    0.6226061100E+01      0.6226061100E+01     -0.2005942206E+00     -0.1460455833E+01
    0.6202427948E+01      0.6202427948E+01     -0.3112895613E+00     -0.1539585597E+01
    0.6168836369E+01      0.6168836369E+01     -0.4519054934E+00     -0.1643162279E+01
    0.6116660354E+01      0.6116660354E+01     -0.6189227492E+00     -0.1751456110E+01
    0.6046720516E+01      0.6046720516E+01     -0.8225464425E+00     -0.1858347215E+01
    0.5952351859E+01      0.5952351859E+01     -0.1061554217E+01     -0.1941718853E+01
    0.5835623930E+01      0.5835623930E+01     -0.1341443840E+01     -0.1986308359E+01
    0.5692669389E+01      0.5692669389E+01     -0.1652923034E+01     -0.1961425409E+01
    0.5523357104E+01      0.5523357104E+01     -0.1976315394E+01     -0.1827948024E+01
    0.5361414725E+01      0.5361414725E+01     -0.2267603180E+01     -0.1556635577E+01
    0.5194166304E+01      0.5194166304E+01     -0.2523633816E+01     -0.1171181863E+01
    0.5083075657E+01      0.5083075657E+01     -0.2671459609E+01     -0.6819950211E+00
    0.5074154301E+01      0.5074154301E+01     -0.2635357204E+01     -0.1549954344E+00
    0.5126965524E+01      0.5126965524E+01     -0.2504342178E+01      0.4291052140E+00
    0.5234259369E+01      0.5234259369E+01     -0.2255531831E+01      0.9520797871E+00
    0.5397605059E+01      0.5397605059E+01     -0.1961027187E+01      0.1421226311E+01
    0.5582600843E+01      0.5582600843E+01     -0.1631206926E+01      0.1802278940E+01
    0.5782911816E+01      0.5782911816E+01     -0.1302475494E+01      0.2095029828E+01
    0.5979675358E+01      0.5979675358E+01     -0.9680797077E+00      0.2309857969E+01
    0.6169751276E+01      0.6169751276E+01     -0.6270261285E+00      0.2438313089E+01
    0.6340769089E+01      0.6340769089E+01     -0.2889381408E+00      0.2483032086E+01
    0.6494633872E+01      0.6494633872E+01      0.5663871790E-01      0.2448731332E+01
    0.0000000000E+00      0.2000000000E+02      0.0000000000E+00      0.0000000000E+00
    0.6255153662E+01      0.6255153662E+01     -0.6375182499E-01     -0.1236434559E+01
    0.6246818529E+01      0.6246818529E+01     -0.1536743308E+00     -0.1245697737E+01
    0.6236295210E+01      0.6236295210E+01     -0.2728568931E+00     -0.1320466097E+01
    0.6213790418E+01      0.6213790418E+01     -0.4106244702E+00     -0.1375676224E+01
    0.6183486496E+01      0.6183486496E+01     -0.5771625988E+00     -0.1454424895E+01
    0.6136433785E+01      0.6136433785E+01     -0.7697606585E+00     -0.1534130051E+01
    0.6074825820E+01      0.6074825820E+01     -0.9990412005E+00     -0.1610546940E+01
    0.5992578476E+01      0.5992578476E+01     -0.1260208404E+01     -0.1665708433E+01
    0.5895193211E+01      0.5895193211E+01     -0.1557328170E+01     -0.1690337784E+01
    0.5779131011E+01      0.5779131011E+01     -0.1877396685E+01     -0.1652957874E+01
    0.5642775325E+01      0.5642775325E+01     -0.2208802656E+01     -0.1531959362E+01
    0.5519699259E+01      0.5519699259E+01     -0.2512214177E+01     -0.1299324544E+01
    0.5383454689E+01      0.5383454689E+01     -0.2792690703E+01     -0.9878316389E+00
    0.5304928730E+01      0.5304928730E+01     -0.2963863519E+01     -0.5769338486E+00
    0.5320072822E+01      0.5320072822E+01     -0.2986748623E+01     -0.1284442277E+00
    0.5365629496E+01      0.5365629496E+01     -0.2882527443E+01      0.3464503375E+00
    0.5464374878E+01      0.5464374878E+01     -0.2700546354E+01      0.7817427622E+00
    0.5594612375E+01      0.5594612375E+01     -0.2424737139E+01      0.1197995406E+01
    0.5757779073E+01      0.5757779073E+01     -0.2099029879E+01      0.1543699696E+01
    0.5931099848E+01      0.5931099848E+01     -0.1735602557E+01      0.1815882309E+01
    0.6104327471E+01      0.6104327471E+01     -0.1346252989E+01      0.2009840066E+01
    0.6270114572E+01      0.6270114572E+01     -0.9449781026E+00      0.2119409909E+01
    0.6421533195E+01      0.6421533195E+01     -0.5424812928E+00      0.2154399523E+01
    0.6560202584E+01      0.6560202584E+01     -0.1334893206E+00      0.2109707841E+01
    0.0000000000E+00      0.2000000000E+02      0.0000000000E+00      0.0000000000E+00
    0.6266020162E+01      0.6266020162E+01     -0.7766462457E-01     -0.1100743347E+01
    0.6256730669E+01      0.6256730669E+01     -0.1872793851E+00     -0.1108393218E+01
    0.6248278797E+01      0.6248278797E+01     -0.3295452845E+00     -0.1158208782E+01
    0.6227007559E+01      0.6227007559E+01     -0.4839357566E+00     -0.1195526385E+01
    0.6199512825E+01      0.6199512825E+01     -0.6638176334E+00     -0.1252290043E+01
    0.6158246964E+01      0.6158246964E+01     -0.8671515725E+00     -0.1305562111E+01
    0.6106868127E+01      0.6106868127E+01     -0.1103541708E+01     -0.1354397601E+01
    0.6038170529E+01      0.6038170529E+01     -0.1363403468E+01     -0.1384831287E+01
    0.5957066613E+01      0.5957066613E+01     -0.1652265242E+01     -0.1388964201E+01
    0.5867070006E+01      0.5867070006E+01     -0.1965357141E+01     -0.1338524798E+01
    0.5757167908E+01      0.5757167908E+01     -0.2279636261E+01     -0.1234583765E+01
    0.5661675167E+01      0.5661675167E+01     -0.2564292168E+01     -0.1044273467E+01
    0.5547323861E+01      0.5547323861E+01     -0.2825471140E+01     -0.8011458197E+00
    0.5496416302E+01      0.5496416302E+01     -0.2968075114E+01     -0.4637353769E+00
    0.5523556105E+01      0.5523556105E+01     -0.2993770972E+01     -0.9424251931E-01
    0.5569398076E+01      0.5569398076E+01     -0.2896904816E+01      0.2866968432E+00
    0.5667515684E+01      0.5667515684E+01     -0.2741580001E+01      0.6538858531E+00
    0.5777159359E+01      0.5777159359E+01     -0.2479086199E+01      0.9971210433E+00
    0.5921321324E+01      0.5921321324E+01     -0.2171271056E+01      0.1289660988E+01
    0.6071755825E+01      0.6071755825E+01     -0.1810699303E+01      0.1522419995E+01
    0.6221821492E+01      0.6221821492E+01     -0.1417085771E+01      0.1685019447E+01
    0.6364583002E+01      0.6364583002E+01     -0.1011457910E+01      0.1773335534E+01
    0.6496049166E+01      0.6496049166E+01     -0.6022127352E+00      0.1797417448E+01
    0.6612583907E+01      0.6612583907E+01     -0.2039885549E+00      0.1755076434E+01
    0.0000000000E+00      0.2000000000E+02      0.0000000000E+00      0.0000000000E+00
    0.6276408877E+01      0.6276408877E+01     -0.8844527141E-01     -0.9488879635E+00
    0.6266567097E+01      0.6266567097E+01     -0.2140324044E+00     -0.9536833484E+00
    0.6259736062E+01      0.6259736062E+01     -0.3711578736E+00     -0.9822484669E+00
    0.6239030663E+01      0.6239030663E+01     -0.5340322695E+00     -0.1008133398E+01
    0.6214129630E+01      0.6214129630E+01     -0.7188116793E+00     -0.1047011661E+01
    0.6178175201E+01      0.6178175201E+01     -0.9212938180E+00     -0.1078978666E+01
    0.6134355303E+01      0.6134355303E+01     -0.1150059954E+01     -0.1106371060E+01
    0.6075076443E+01      0.6075076443E+01     -0.1394162735E+01     -0.1120361977E+01
    0.6005511975E+01      0.6005511975E+01     -0.1660338445E+01     -0.1109605240E+01
    0.5928776009E+01      0.5928776009E+01     -0.1937088026E+01     -0.1060177994E+01
    0.5842519400E+01      0.5842519400E+01     -0.2215901945E+01     -0.9694806275E+00
    0.5771078372E+01      0.5771078372E+01     -0.2469140464E+01     -0.8139824988E+00
    0.5680649029E+01      0.5680649029E+01     -0.2706334600E+01     -0.6248877693E+00
    0.5654009613E+01      0.5654009613E+01     -0.2827929688E+01     -0.3543939179E+00
    0.5686858802E+01      0.5686858802E+01     -0.2860826018E+01     -0.6181241453E-01
    0.5733888237E+01      0.5733888237E+01     -0.2781002179E+01      0.2375385837E+00
    0.5824716992E+01      0.5824716992E+01     -0.2641654961E+01      0.5328519274E+00
    0.5920031223E+01      0.5920031223E+01     -0.2394466285E+01      0.8013637303E+00
    0.6047525155E+01      0.6047525155E+01     -0.2102160463E+01      0.1038355744E+01
    0.6178024036E+01      0.6178024036E+01     -0.1754252261E+01      0.1225033705E+01
    0.6306827299E+01      0.6306827299E+01     -0.1377765253E+01      0.1355116577E+01
    0.6429246826E+01      0.6429246826E+01     -0.9946468876E+00      0.1427419235E+01
    0.6546405230E+01      0.6546405230E+01     -0.6115957410E+00      0.1450291416E+01
    0.6647783172E+01      0.6647783172E+01     -0.2469918157E+00      0.1422597725E+01
    0.0000000000E+00      0.2000000000E+02      0.0000000000E+00      0.0000000000E+00
    0.6285503753E+01      0.6285503753E+01     -0.9647388968E-01     -0.7860176113E+00
    0.6275430271E+01      0.6275430271E+01     -0.2334382574E+00     -0.7878086914E+00
    0.6269945203E+01      0.6269945203E+01     -0.4001637076E+00     -0.8001387220E+00
    0.6249869195E+01      0.6249869195E+01     -0.5673609199E+00     -0.8192220538E+00
    0.6226477133E+01      0.6226477133E+01     -0.7528360139E+00     -0.8450972563E+00
    0.6192605887E+01      0.6192605887E+01     -0.9496218459E+00     -0.8642865233E+00
    0.6155177829E+01      0.6155177829E+01     -0.1169521023E+01     -0.8762920772E+00
    0.6103212283E+01      0.6103212283E+01     -0.1398151271E+01     -0.8794207343E+00
    0.6043606025E+01      0.6043606025E+01     -0.1639181369E+01     -0.8595500939E+00
    0.5975823614E+01      0.5975823614E+01     -0.1881482945E+01     -0.8159685502E+00
    0.5906365960E+01      0.5906365960E+01     -0.2120474929E+01     -0.7375711380E+00
    0.5848631096E+01      0.5848631096E+01     -0.2334218119E+01     -0.6139624498E+00
    0.5780966274E+01      0.5780966274E+01     -0.2531915303E+01     -0.4648339582E+00
    0.5773425948E+01      0.5773425948E+01     -0.2621663432E+01     -0.2531023215E+00
    0.5810978426E+01      0.5810978426E+01     -0.2650745159E+01     -0.2988054522E-01
    0.5855846456E+01      0.5855846456E+01     -0.2574234066E+01      0.1960181504E+00
    0.5940290461E+01      0.5940290461E+01     -0.2446945639E+01      0.4204460114E+00
    0.6028303888E+01      0.6028303888E+01     -0.2227748650E+01      0.6198876263E+00
    0.6139210844E+01      0.6139210844E+01     -0.1960761156E+01      0.8000559575E+00
    0.6255123186E+01      0.6255123186E+01     -0.1647320801E+01      0.9433135648E+00
    0.6368656623E+01      0.6368656623E+01     -0.1307400995E+01      0.1046375627E+01
    0.6477675769E+01      0.6477675769E+01     -0.9605856396E+00      0.1108925387E+01
    0.6582854286E+01      0.6582854286E+01     -0.6113232972E+00      0.1134236598E+01
    0.6673863878E+01      0.6673863878E+01     -0.2786244803E+00      0.1120253534E+01
    0.0000000000E+00      0.2000000000E+02      0.0000000000E+00      0.0000000000E+00
    0.6291977713E+01      0.6291977713E+01     -0.1023235654E+00     -0.6156049101E+00
    0.6282221847E+01      0.6282221847E+01     -0.2470797719E+00     -0.6151421453E+00
    0.6277866335E+01      0.6277866335E+01     -0.4184312768E+00     -0.6183147658E+00
    0.6257787070E+01      0.6257787070E+01     -0.5864473371E+00     -0.6331782606E+00
    0.6235885958E+01      0.6235885958E+01     -0.7727222930E+00     -0.6491422980E+00
    0.6202419960E+01      0.6202419960E+01     -0.9636091688E+00     -0.6616040303E+00
    0.6167899363E+01      0.6167899363E+01     -0.1173352155E+01     -0.6654442204E+00
    0.6121574155E+01      0.6121574155E+01     -0.1386868706E+01     -0.6623602731E+00
    0.6069946844E+01      0.6069946844E+01     -0.1608691422E+01     -0.6400276981E+00
    0.6008142214E+01      0.6008142214E+01     -0.1828610248E+01     -0.6051990925E+00
    0.5951338705E+01      0.5951338705E+01     -0.2034698173E+01     -0.5417237799E+00
    0.5898223503E+01      0.5898223503E+01     -0.2220922599E+01     -0.4512505924E+00
    0.5849034579E+01      0.5849034579E+01     -0.2379032456E+01     -0.3369512543E+00
    0.5850319301E+01      0.5850319301E+01     -0.2444015340E+01     -0.1803455194E+00
    0.5895122647E+01      0.5895122647E+01     -0.2459203236E+01     -0.1268636771E-01
    0.5938111091E+01      0.5938111091E+01     -0.2376311603E+01      0.1484322675E+00
    0.6018148459E+01      0.6018148459E+01     -0.2252514137E+01      0.3157408291E+00
    0.6104419984E+01      0.6104419984E+01     -0.2055763214E+01      0.4591705515E+00
    0.6204759138E+01      0.6204759138E+01     -0.1813493324E+01      0.5908011337E+00
    0.6312024095E+01      0.6312024095E+01     -0.1536534553E+01      0.6972837063E+00
    0.6415464117E+01      0.6415464117E+01     -0.1235016099E+01      0.7754647811E+00
    0.6514993824E+01      0.6514993824E+01     -0.9239706612E+00      0.8257720612E+00
    0.6609759774E+01      0.6609759774E+01     -0.6082201713E+00      0.8494517004E+00
    0.6692881137E+01      0.6692881137E+01     -0.3029355720E+00      0.8439296205E+00
    0.0000000000E+00      0.2000000000E+02      0.0000000000E+00      0.0000000000E+00
    0.6295138255E+01      0.6295138255E+01     -0.1054219983E+00     -0.4408411163E+00
    0.6286198202E+01      0.6286198202E+01     -0.2545301620E+00     -0.4389895424E+00
    0.6283597361E+01      0.6283597361E+01     -0.4289995212E+00     -0.4387415877E+00
    0.6264424705E+01      0.6264424705E+01     -0.5987072132E+00     -0.4485715620E+00
    0.6243870462E+01      0.6243870462E+01     -0.7854606643E+00     -0.4571074458E+00
    0.6210780913E+01      0.6210780913E+01     -0.9720098591E+00     -0.4661336652E+00
    0.6177002739E+01      0.6177002739E+01     -0.1173207630E+01     -0.4663781571E+00
    0.6133069874E+01      0.6133069874E+01     -0.1374606101E+01     -0.4629837163E+00
    0.6087203293E+01      0.6087203293E+01     -0.1582302466E+01     -0.4422929367E+00
    0.6031474035E+01      0.6031474035E+01     -0.1786475328E+01     -0.4152772914E+00
    0.5985103826E+01      0.5985103826E+01     -0.1968936905E+01     -0.3665808662E+00
    0.5936330069E+01      0.5936330069E+01     -0.2134396057E+01     -0.3046437793E+00
    0.5901592340E+01      0.5901592340E+01     -0.2260145835E+01     -0.2223444123E+00
    0.5907156578E+01      0.5907156578E+01     -0.2310485436E+01     -0.1174362194E+00
    0.5954349064E+01      0.5954349064E+01     -0.2316712371E+01     -0.1269205385E-02
    0.5997225094E+01      0.5997225094E+01     -0.2237611971E+01      0.1058881247E+00
    0.6071343241E+01      0.6071343241E+01     -0.2114865103E+01      0.2211569275E+00
    0.6157502953E+01      0.6157502953E+01     -0.1936952885E+01      0.3186684934E+00
    0.6249242261E+01      0.6249242261E+01     -0.1711076016E+01      0.4076168809E+00
    0.6350706321E+01      0.6350706321E+01     -0.1458523450E+01      0.4812585091E+00
    0.6447614785E+01      0.6447614785E+01     -0.1181292774E+01      0.5356367530E+00
    0.6541198957E+01      0.6541198957E+01     -0.8928011333E+00      0.5720086436E+00
    0.6628990558E+01      0.6628990558E+01     -0.5999086002E+00      0.5906436652E+00
    0.6706418876E+01      0.6706418876E+01     -0.3134235353E+00      0.5887631479E+00
    0.0000000000E+00      0.2000000000E+02      0.0000000000E+00      0.0000000000E+00
    0.6295833112E+01      0.6295833112E+01     -0.1059762706E+00     -0.2647018336E+00
    0.6287778422E+01      0.6287778422E+01     -0.2557370279E+00     -0.2627547427E+00
    0.6286429234E+01      0.6286429234E+01     -0.4310673446E+00     -0.2620368358E+00
    0.6268405668E+01      0.6268405668E+01     -0.6022638639E+00     -0.2670894916E+00
    0.6249143597E+01      0.6249143597E+01     -0.7888204202E+00     -0.2703728899E+00
    0.6217617671E+01      0.6217617671E+01     -0.9729448572E+00     -0.2757607726E+00
    0.6183220572E+01      0.6183220572E+01     -0.1166654395E+01     -0.2754593934E+00
    0.6140130256E+01      0.6140130256E+01     -0.1359742314E+01     -0.2740504181E+00
    0.6096532484E+01      0.6096532484E+01     -0.1557477276E+01     -0.2603165472E+00
    0.6043851465E+01      0.6043851465E+01     -0.1752924951E+01     -0.2440371441E+00
    0.6004157553E+01      0.6004157553E+01     -0.1923116594E+01     -0.2136403484E+00
    0.5956569518E+01      0.5956569518E+01     -0.2078689329E+01     -0.1790886484E+00
    0.5931317373E+01      0.5931317373E+01     -0.2187068634E+01     -0.1291984274E+00
    0.5940293014E+01      0.5940293014E+01     -0.2230285131E+01     -0.6815429440E-01
    0.5987779524E+01      0.5987779524E+01     -0.2226429772E+01      0.1093681712E-02
    0.6032325625E+01      0.6032325625E+01     -0.2145749902E+01      0.6215112300E-01
    0.6103479927E+01      0.6103479927E+01     -0.2023987098E+01      0.1312073490E+00
    0.6189008057E+01      0.6189008057E+01     -0.1856129581E+01      0.1880642176E+00
    0.6275799661E+01      0.6275799661E+01     -0.1641311757E+01      0.2391954770E+00
    0.6373449437E+01      0.6373449437E+01     -0.1403836189E+01      0.2819935725E+00
    0.6466556447E+01      0.6466556447E+01     -0.1141876124E+01      0.3135749047E+00
    0.6556396266E+01      0.6556396266E+01     -0.8684336215E+00      0.3350675404E+00
    0.6639564245E+01      0.6639564245E+01     -0.5914262007E+00      0.3463660677E+00
    0.6713715293E+01      0.6713715293E+01     -0.3178749636E+00      0.3460914568E+00
    0.0000000000E+00      0.2000000000E+02      0.0000000000E+00      0.0000000000E+00
    0.6295739128E+01      0.6295739128E+01     -0.1058373885E+00     -0.8823562194E-01
    0.6288084093E+01      0.6288084093E+01     -0.2551783992E+00     -0.8743749021E-01
    0.6287263112E+01      0.6287263112E+01     -0.4305334049E+00     -0.8715799364E-01
    0.6269642007E+01      0.6269642007E+01     -0.6023423655E+00     -0.8866111324E-01
    0.6251060957E+01      0.6251060957E+01     -0.7885675472E+00     -0.8930952170E-01
    0.6220943299E+01      0.6220943299E+01     -0.9717052320E+00     -0.9074570373E-01
    0.6186781098E+01      0.6186781098E+01     -0.1161466522E+01     -0.9024310677E-01
    0.6144922102E+01      0.6144922102E+01     -0.1349290573E+01     -0.8940971994E-01
    0.6101977403E+01      0.6101977403E+01     -0.1539861204E+01     -0.8458513259E-01
    0.6051576283E+01      0.6051576283E+01     -0.1728981041E+01     -0.7848812444E-01
    0.6015672793E+01      0.6015672793E+01     -0.1891242809E+01     -0.6755565927E-01
    0.5970018318E+01      0.5970018318E+01     -0.2040110477E+01     -0.5565521174E-01
    0.5950812180E+01      0.5950812180E+01     -0.2137101352E+01     -0.3777312628E-01
    0.5961706220E+01      0.5961706220E+01     -0.2176291872E+01     -0.1781453779E-01
    0.6005758363E+01      0.6005758363E+01     -0.2169917272E+01      0.3760615908E-02
    0.6052281785E+01      0.6052281785E+01     -0.2097424594E+01      0.2407573673E-01
    0.6119894384E+01      0.6119894384E+01     -0.1976350312E+01      0.4663970789E-01
    0.6205295539E+01      0.6205295539E+01     -0.1813680515E+01      0.6530164634E-01
    0.6289909686E+01      0.6289909686E+01     -0.1603526950E+01      0.8174583374E-01
    0.6386063895E+01      0.6386063895E+01     -0.1371700225E+01      0.9553769166E-01
    0.6477780062E+01      0.6477780062E+01     -0.1115617273E+01      0.1056537333E+00
    0.6566027990E+01      0.6566027990E+01     -0.8485349079E+00      0.1124246723E+00
    0.6647136777E+01      0.6647136777E+01     -0.5786584235E+00      0.1158163436E+00
    0.6719629209E+01      0.6719629209E+01     -0.3112621071E+00      0.1155598778E+00
