    0.5751139432E+01      0.5751139432E+01      0.5977209709E+01      0.2172508225E+01
    0.5357429170E+01      0.5357429170E+01      0.6290150986E+01      0.1222997090E+01
    0.5152617544E+01      0.5152617544E+01      0.6598952993E+01      0.2645519605E+00
    0.5152471728E+01      0.5152471728E+01      0.6689521549E+01     -0.7667523579E+00
    0.5250250185E+01      0.5250250185E+01      0.6606269120E+01     -0.1632758511E+01
    0.5347541950E+01      0.5347541950E+01      0.6496020689E+01     -0.2344087258E+01
    0.5465277314E+01      0.5465277314E+01      0.6255725258E+01     -0.2996780493E+01
    0.5664470934E+01      0.5664470934E+01      0.5771692144E+01     -0.3371937801E+01
    0.5887090693E+01      0.5887090693E+01      0.5232030646E+01     -0.3385721663E+01
    0.6054789706E+01      0.6054789706E+01      0.4730762598E+01     -0.3303774161E+01
    0.6206990427E+01      0.6206990427E+01      0.4301116360E+01     -0.3158670228E+01
    0.6328194902E+01      0.6328194902E+01      0.3945282256E+01     -0.2981540127E+01
    0.6419852249E+01      0.6419852249E+01      0.3658497943E+01     -0.2798588341E+01
    0.6486109541E+01      0.6486109541E+01      0.3427531591E+01     -0.2619848200E+01
    0.6535864957E+01      0.6535864957E+01      0.3243209249E+01     -0.2444341125E+01
    0.6575220411E+01      0.6575220411E+01      0.3099693972E+01     -0.2271369140E+01
    0.6604529118E+01      0.6604529118E+01      0.2984529762E+01     -0.2108189759E+01
    0.6623238351E+01      0.6623238351E+01      0.2884796997E+01     -0.1962662445E+01
    0.6635776545E+01      0.6635776545E+01      0.2797325463E+01     -0.1834874610E+01
    0.6646440792E+01      0.6646440792E+01      0.2721775374E+01     -0.1721716400E+01
    0.6653985070E+01      0.6653985070E+01      0.2653766886E+01     -0.1621775770E+01
    0.6657570173E+01      0.6657570173E+01      0.2590403431E+01     -0.1532456390E+01
    0.6658659373E+01      0.6658659373E+01      0.2531904968E+01     -0.1450710124E+01
    0.6658408259E+01      0.6658408259E+01      0.2478890124E+01     -0.1374740668E+01
    0.6656722394E+01      0.6656722394E+01      0.2430539803E+01     -0.1303501869E+01
    0.6464409403E+01      0.6464409403E+01      0.6333328499E+01      0.1976599767E+01
    0.5984201188E+01      0.5984201188E+01      0.6906206373E+01      0.1123636394E+01
    0.5802448414E+01      0.5802448414E+01      0.7105042822E+01      0.2292554410E+00
    0.5721446085E+01      0.5721446085E+01      0.7073451695E+01     -0.6058317731E+00
    0.5722784350E+01      0.5722784350E+01      0.6954268539E+01     -0.1351791188E+01
    0.5779027153E+01      0.5779027153E+01      0.6701362053E+01     -0.1961815037E+01
    0.5856756126E+01      0.5856756126E+01      0.6331951641E+01     -0.2446773028E+01
    0.6012062731E+01      0.6012062731E+01      0.5822018372E+01     -0.2708002487E+01
    0.6147106918E+01      0.6147106918E+01      0.5300188063E+01     -0.2784073649E+01
    0.6258493565E+01      0.6258493565E+01      0.4841252063E+01     -0.2775231890E+01
    0.6348880352E+01      0.6348880352E+01      0.4449128364E+01     -0.2717937180E+01
    0.6429383593E+01      0.6429383593E+01      0.4112625639E+01     -0.2620830243E+01
    0.6493317813E+01      0.6493317813E+01      0.3828596207E+01     -0.2501663066E+01
    0.6542316838E+01      0.6542316838E+01      0.3592284469E+01     -0.2372783279E+01
    0.6582065694E+01      0.6582065694E+01      0.3398319402E+01     -0.2238988783E+01
    0.6614262858E+01      0.6614262858E+01      0.3241880685E+01     -0.2101185604E+01
    0.6637647941E+01      0.6637647941E+01      0.3113335911E+01     -0.1963999136E+01
    0.6651887018E+01      0.6651887018E+01      0.3002614928E+01     -0.1836924393E+01
    0.6661633303E+01      0.6661633303E+01      0.2906858329E+01     -0.1721957350E+01
    0.6669512620E+01      0.6669512620E+01      0.2823698712E+01     -0.1619333005E+01
    0.6674426260E+01      0.6674426260E+01      0.2748460921E+01     -0.1528595064E+01
    0.6676618976E+01      0.6676618976E+01      0.2679007178E+01     -0.1447171084E+01
    0.6677322736E+01      0.6677322736E+01      0.2615320768E+01     -0.1372779528E+01
    0.6677223281E+01      0.6677223281E+01      0.2557413608E+01     -0.1303728535E+01
    0.6676254002E+01      0.6676254002E+01      0.2504788308E+01     -0.1239275502E+01
    0.6863622472E+01      0.6863622472E+01      0.5962962773E+01      0.1641760843E+01
    0.6489264805E+01      0.6489264805E+01      0.6563527699E+01      0.1027706177E+01
    0.6325346161E+01      0.6325346161E+01      0.6777524958E+01      0.3074963210E+00
    0.6196777221E+01      0.6196777221E+01      0.6748248287E+01     -0.3893299136E+00
    0.6153666211E+01      0.6153666211E+01      0.6605383888E+01     -0.1008842973E+01
    0.6164045666E+01      0.6164045666E+01      0.6345523571E+01     -0.1512310724E+01
    0.6209849722E+01      0.6209849722E+01      0.5985896198E+01     -0.1894969345E+01
    0.6275948564E+01      0.6275948564E+01      0.5578116662E+01     -0.2141009750E+01
    0.6345019516E+01      0.6345019516E+01      0.5179422738E+01     -0.2275733922E+01
    0.6412461979E+01      0.6412461979E+01      0.4817340843E+01     -0.2323922822E+01
    0.6473498454E+01      0.6473498454E+01      0.4491338132E+01     -0.2317076758E+01
    0.6521326467E+01      0.6521326467E+01      0.4198993780E+01     -0.2279882368E+01
    0.6563857229E+01      0.6563857229E+01      0.3937536975E+01     -0.2213616810E+01
    0.6599406540E+01      0.6599406540E+01      0.3712688364E+01     -0.2126640253E+01
    0.6628633326E+01      0.6628633326E+01      0.3521727673E+01     -0.2027473697E+01
    0.6653097679E+01      0.6653097679E+01      0.3360196474E+01     -0.1920870249E+01
    0.6670389468E+01      0.6670389468E+01      0.3222952074E+01     -0.1810561374E+01
    0.6680213133E+01      0.6680213133E+01      0.3104777795E+01     -0.1702550379E+01
    0.6686667689E+01      0.6686667689E+01      0.3002829620E+01     -0.1601713989E+01
    0.6690876212E+01      0.6690876212E+01      0.2913255935E+01     -0.1510449714E+01
    0.6692781411E+01      0.6692781411E+01      0.2832407617E+01     -0.1428833697E+01
    0.6692962147E+01      0.6692962147E+01      0.2758126366E+01     -0.1354765478E+01
    0.6692589287E+01      0.6692589287E+01      0.2690373499E+01     -0.1286772912E+01
    0.6691962093E+01      0.6691962093E+01      0.2628550112E+01     -0.1224086962E+01
    0.6691029697E+01      0.6691029697E+01      0.2572246741E+01     -0.1166058076E+01
    0.7086466356E+01      0.7086466356E+01      0.5496451217E+01      0.1309245890E+01
    0.6856484889E+01      0.6856484889E+01      0.5905645722E+01      0.8660225593E+00
    0.6713834806E+01      0.6713834806E+01      0.6157436215E+01      0.3487685634E+00
    0.6564609819E+01      0.6564609819E+01      0.6177191591E+01     -0.2017621027E+00
    0.6487587988E+01      0.6487587988E+01      0.6088176115E+01     -0.7033346380E+00
    0.6458960014E+01      0.6458960014E+01      0.5907745383E+01     -0.1119743129E+01
    0.6458851564E+01      0.6458851564E+01      0.5666208999E+01     -0.1454990588E+01
    0.6482525013E+01      0.6482525013E+01      0.5375719392E+01     -0.1697098332E+01
    0.6512385346E+01      0.6512385346E+01      0.5074502717E+01     -0.1853785732E+01
    0.6547669995E+01      0.6547669995E+01      0.4776678409E+01     -0.1941183179E+01
    0.6581503415E+01      0.6581503415E+01      0.4496591260E+01     -0.1974278852E+01
    0.6610031011E+01      0.6610031011E+01      0.4239393614E+01     -0.1969459059E+01
    0.6633208984E+01      0.6633208984E+01      0.4006175533E+01     -0.1940863030E+01
    0.6655721100E+01      0.6655721100E+01      0.3796596149E+01     -0.1888204675E+01
    0.6676488299E+01      0.6676488299E+01      0.3615326071E+01     -0.1817915622E+01
    0.6692745599E+01      0.6692745599E+01      0.3456261197E+01     -0.1737633720E+01
    0.6703010792E+01      0.6703010792E+01      0.3315101639E+01     -0.1651896781E+01
    0.6708565561E+01      0.6708565561E+01      0.3192104628E+01     -0.1563533908E+01
    0.6711285118E+01      0.6711285118E+01      0.3085603091E+01     -0.1477616101E+01
    0.6711544581E+01      0.6711544581E+01      0.2990694976E+01     -0.1398456617E+01
    0.6710473489E+01      0.6710473489E+01      0.2905865001E+01     -0.1325429287E+01
    0.6708470229E+01      0.6708470229E+01      0.2828313537E+01     -0.1258030044E+01
    0.6706242240E+01      0.6706242240E+01      0.2757084730E+01     -0.1195925664E+01
    0.6704260492E+01      0.6704260492E+01      0.2692070832E+01     -0.1138888969E+01
    0.6702564167E+01      0.6702564167E+01      0.2632739584E+01     -0.1086455197E+01
    0.7257821454E+01      0.7257821454E+01      0.5126975117E+01      0.1069219448E+01
    0.7089676265E+01      0.7089676265E+01      0.5411314938E+01      0.7253541546E+00
    0.6953816502E+01      0.6953816502E+01      0.5617853219E+01      0.3433094005E+00
    0.6824272647E+01      0.6824272647E+01      0.5688750199E+01     -0.7912965834E-01
    0.6725877079E+01      0.6725877079E+01      0.5647334344E+01     -0.4857923235E+00
    0.6674227240E+01      0.6674227240E+01      0.5537589069E+01     -0.8347561465E+00
    0.6649537545E+01      0.6649537545E+01      0.5369935756E+01     -0.1126857856E+01
    0.6644364130E+01      0.6644364130E+01      0.5165122569E+01     -0.1353465762E+01
    0.6649721652E+01      0.6649721652E+01      0.4938234408E+01     -0.1514447299E+01
    0.6661281022E+01      0.6661281022E+01      0.4701786374E+01     -0.1617389595E+01
    0.6674199998E+01      0.6674199998E+01      0.4467818938E+01     -0.1676339785E+01
    0.6687392021E+01      0.6687392021E+01      0.4245903683E+01     -0.1698409715E+01
    0.6698678794E+01      0.6698678794E+01      0.4041707765E+01     -0.1690918787E+01
    0.6710333906E+01      0.6710333906E+01      0.3852323509E+01     -0.1663036240E+01
    0.6722626643E+01      0.6722626643E+01      0.3681584303E+01     -0.1616224869E+01
    0.6732050693E+01      0.6732050693E+01      0.3528989668E+01     -0.1557187207E+01
    0.6736208839E+01      0.6736208839E+01      0.3390324926E+01     -0.1492298470E+01
    0.6736600370E+01      0.6736600370E+01      0.3265378906E+01     -0.1423199595E+01
    0.6735418191E+01      0.6735418191E+01      0.3155827655E+01     -0.1352456421E+01
    0.6732452593E+01      0.6732452593E+01      0.3058356093E+01     -0.1284612561E+01
    0.6728423155E+01      0.6728423155E+01      0.2969984268E+01     -0.1220163610E+01
    0.6723939170E+01      0.6723939170E+01      0.2889433321E+01     -0.1159557329E+01
    0.6719570973E+01      0.6719570973E+01      0.2815831973E+01     -0.1103073355E+01
    0.6715792650E+01      0.6715792650E+01      0.2748465709E+01     -0.1051109945E+01
    0.6712629786E+01      0.6712629786E+01      0.2686630470E+01     -0.1003383628E+01
    0.7381794529E+01      0.7381794529E+01      0.4833784327E+01      0.8854770450E+00
    0.7246205056E+01      0.7246205056E+01      0.5057437662E+01      0.6180653924E+00
    0.7117771411E+01      0.7117771411E+01      0.5217226526E+01      0.3217028895E+00
    0.7011079937E+01      0.7011079937E+01      0.5315298260E+01     -0.2481702733E-02
    0.6904220374E+01      0.6904220374E+01      0.5303795898E+01     -0.3338770065E+00
    0.6840207959E+01      0.6840207959E+01      0.5239861465E+01     -0.6264962682E+00
    0.6799194268E+01      0.6799194268E+01      0.5126440389E+01     -0.8793006952E+00
    0.6775274412E+01      0.6775274412E+01      0.4975298407E+01     -0.1084931214E+01
    0.6762871660E+01      0.6762871660E+01      0.4799779048E+01     -0.1239282807E+01
    0.6758170519E+01      0.6758170519E+01      0.4612335668E+01     -0.1346812107E+01
    0.6757103056E+01      0.6757103056E+01      0.4422015269E+01     -0.1416859122E+01
    0.6758410333E+01      0.6758410333E+01      0.4233703388E+01     -0.1455939169E+01
    0.6761250659E+01      0.6761250659E+01      0.4053560507E+01     -0.1464100207E+01
    0.6763399367E+01      0.6763399367E+01      0.3886508807E+01     -0.1452622151E+01
    0.6766785375E+01      0.6766785375E+01      0.3728215321E+01     -0.1425387454E+01
    0.6768400088E+01      0.6768400088E+01      0.3581681102E+01     -0.1385487769E+01
    0.6767489263E+01      0.6767489263E+01      0.3447793362E+01     -0.1337140923E+01
    0.6764297837E+01      0.6764297837E+01      0.3325924581E+01     -0.1283394296E+01
    0.6759332000E+01      0.6759332000E+01      0.3215456497E+01     -0.1226878780E+01
    0.6753334266E+01      0.6753334266E+01      0.3115737936E+01     -0.1170038234E+01
    0.6746759133E+01      0.6746759133E+01      0.3025286108E+01     -0.1114689134E+01
    0.6740130315E+01      0.6740130315E+01      0.2942969023E+01     -0.1061366705E+01
    0.6733726725E+01      0.6733726725E+01      0.2867759415E+01     -0.1010377527E+01
    0.6727753795E+01      0.6727753795E+01      0.2798522253E+01     -0.9628029606E+00
    0.6722573911E+01      0.6722573911E+01      0.2734565488E+01     -0.9190082923E+00
    0.7464999414E+01      0.7464999414E+01      0.4596450075E+01      0.7359529918E+00
    0.7351717474E+01      0.7351717474E+01      0.4783891754E+01      0.5235210229E+00
    0.7235905846E+01      0.7235905846E+01      0.4917040996E+01      0.2889193633E+00
    0.7140178655E+01      0.7140178655E+01      0.5013330807E+01      0.3629819437E-01
    0.7038547698E+01      0.7038547698E+01      0.5029879513E+01     -0.2310147404E+00
    0.6966200189E+01      0.6966200189E+01      0.4994831982E+01     -0.4764003876E+00
    0.6915565784E+01      0.6915565784E+01      0.4918548755E+01     -0.6925049517E+00
    0.6880281105E+01      0.6880281105E+01      0.4807748734E+01     -0.8737272650E+00
    0.6856346729E+01      0.6856346729E+01      0.4672185176E+01     -0.1015332596E+01
    0.6840430883E+01      0.6840430883E+01      0.4521762558E+01     -0.1120598742E+01
    0.6829603440E+01      0.6829603440E+01      0.4364737202E+01     -0.1194223574E+01
    0.6821568991E+01      0.6821568991E+01      0.4205307209E+01     -0.1240810354E+01
    0.6816548496E+01      0.6816548496E+01      0.4049222508E+01     -0.1262652689E+01
    0.6811806331E+01      0.6811806331E+01      0.3899356274E+01     -0.1261042885E+01
    0.6807192258E+01      0.6807192258E+01      0.3756279087E+01     -0.1247652355E+01
    0.6802569784E+01      0.6802569784E+01      0.3619209315E+01     -0.1222554873E+01
    0.6796829698E+01      0.6796829698E+01      0.3491150781E+01     -0.1188093814E+01
    0.6789787065E+01      0.6789787065E+01      0.3372669082E+01     -0.1147231230E+01
    0.6781934207E+01      0.6781934207E+01      0.3263940928E+01     -0.1102522162E+01
    0.6773641383E+01      0.6773641383E+01      0.3164475416E+01     -0.1055978187E+01
    0.6764965424E+01      0.6764965424E+01      0.3073262858E+01     -0.1009258637E+01
    0.6756365813E+01      0.6756365813E+01      0.2989756709E+01     -0.9633124261E+00
    0.6748153529E+01      0.6748153529E+01      0.2913301856E+01     -0.9183234832E+00
    0.6740313442E+01      0.6740313442E+01      0.2842661258E+01     -0.8752606833E+00
    0.6733293482E+01      0.6733293482E+01      0.2777162672E+01     -0.8350080792E+00
    0.7527954291E+01      0.7527954291E+01      0.4408792886E+01      0.6094282877E+00
    0.7424414370E+01      0.7424414370E+01      0.4568398759E+01      0.4400555933E+00
    0.7321491226E+01      0.7321491226E+01      0.4686153452E+01      0.2494468186E+00
    0.7230707861E+01      0.7230707861E+01      0.4773898145E+01      0.5150624088E-01
    0.7141028734E+01      0.7141028734E+01      0.4808076847E+01     -0.1622908674E+00
    0.7064332068E+01      0.7064332068E+01      0.4790794501E+01     -0.3654307193E+00
    0.7008860069E+01      0.7008860069E+01      0.4740886665E+01     -0.5472425770E+00
    0.6967102079E+01      0.6967102079E+01      0.4660544288E+01     -0.7029309034E+00
    0.6935763362E+01      0.6935763362E+01      0.4556482311E+01     -0.8288768175E+00
    0.6911895745E+01      0.6911895745E+01      0.4436121021E+01     -0.9274977435E+00
    0.6893294792E+01      0.6893294792E+01      0.4306150460E+01     -0.1000921642E+01
    0.6878273780E+01      0.6878273780E+01      0.4171432652E+01     -0.1050075965E+01
    0.6865936705E+01      0.6865936705E+01      0.4034551149E+01     -0.1079343996E+01
    0.6855541087E+01      0.6855541087E+01      0.3900231285E+01     -0.1087177560E+01
    0.6844975063E+01      0.6844975063E+01      0.3770213216E+01     -0.1081634844E+01
    0.6835111435E+01      0.6835111435E+01      0.3643559713E+01     -0.1067202333E+01
    0.6824742570E+01      0.6824742570E+01      0.3522486302E+01     -0.1044252780E+01
    0.6814025192E+01      0.6814025192E+01      0.3408634964E+01     -0.1014578824E+01
    0.6803569669E+01      0.6803569669E+01      0.3303074165E+01     -0.9801404858E+00
    0.6793120924E+01      0.6793120924E+01      0.3205175523E+01     -0.9428257153E+00
    0.6782497539E+01      0.6782497539E+01      0.3114230774E+01     -0.9043148208E+00
    0.6772095476E+01      0.6772095476E+01      0.3030164322E+01     -0.8654501472E+00
    0.6762364218E+01      0.6762364218E+01      0.2952906406E+01     -0.8264694314E+00
    0.6752978669E+01      0.6752978669E+01      0.2881243222E+01     -0.7881745746E+00
    0.6744343207E+01      0.6744343207E+01      0.2814523425E+01     -0.7517907327E+00
    0.7578881181E+01      0.7578881181E+01      0.4256641906E+01      0.5078615779E+00
    0.7482608375E+01      0.7482608375E+01      0.4395491415E+01      0.3693955591E+00
    0.7388992389E+01      0.7388992389E+01      0.4503812404E+01      0.2155609256E+00
    0.7299870864E+01      0.7299870864E+01      0.4579537121E+01      0.5564114629E-01
    0.7222179432E+01      0.7222179432E+01      0.4628031165E+01     -0.1112870622E+00
    0.7143545816E+01      0.7143545816E+01      0.4624043738E+01     -0.2799472239E+00
    0.7085039102E+01      0.7085039102E+01      0.4593451306E+01     -0.4312756350E+00
    0.7038752202E+01      0.7038752202E+01      0.4535553687E+01     -0.5634002732E+00
    0.7001671948E+01      0.7001671948E+01      0.4454927444E+01     -0.6736720831E+00
    0.6971476217E+01      0.6971476217E+01      0.4357439786E+01     -0.7636229107E+00
    0.6946521110E+01      0.6946521110E+01      0.4248584724E+01     -0.8338863314E+00
    0.6925518343E+01      0.6925518343E+01      0.4132793046E+01     -0.8832203640E+00
    0.6907509812E+01      0.6907509812E+01      0.4013043920E+01     -0.9146882378E+00
    0.6891824965E+01      0.6891824965E+01      0.3892386460E+01     -0.9301009452E+00
    0.6877085826E+01      0.6877085826E+01      0.3773904072E+01     -0.9296685402E+00
    0.6862840641E+01      0.6862840641E+01      0.3657341713E+01     -0.9227073506E+00
    0.6848681501E+01      0.6848681501E+01      0.3543542928E+01     -0.9083649315E+00
    0.6835095367E+01      0.6835095367E+01      0.3435231100E+01     -0.8874959975E+00
    0.6822568989E+01      0.6822568989E+01      0.3333714971E+01     -0.8614931789E+00
    0.6810523758E+01      0.6810523758E+01      0.3238410960E+01     -0.8319483040E+00
    0.6798498376E+01      0.6798498376E+01      0.3148700208E+01     -0.8004647178E+00
    0.6786768603E+01      0.6786768603E+01      0.3064785847E+01     -0.7679525101E+00
    0.6775854056E+01      0.6775854056E+01      0.2987118223E+01     -0.7347155426E+00
    0.6765330686E+01      0.6765330686E+01      0.2914779766E+01     -0.7011907055E+00
    0.6755376003E+01      0.6755376003E+01      0.2847130253E+01     -0.6690029057E+00
    0.7623621531E+01      0.7623621531E+01      0.4134073167E+01      0.4230529968E+00
    0.7529575778E+01      0.7529575778E+01      0.4255518721E+01      0.3100112525E+00
    0.7442985502E+01      0.7442985502E+01      0.4358876343E+01      0.1855737793E+00
    0.7356059287E+01      0.7356059287E+01      0.4426866958E+01      0.5523862517E-01
    0.7282564038E+01      0.7282564038E+01      0.4475162161E+01     -0.7641528999E-01
    0.7207171352E+01      0.7207171352E+01      0.4486446076E+01     -0.2139757188E+00
    0.7145051574E+01      0.7145051574E+01      0.4469033403E+01     -0.3395087903E+00
    0.7094968426E+01      0.7094968426E+01      0.4428158883E+01     -0.4503825460E+00
    0.7053234391E+01      0.7053234391E+01      0.4365985912E+01     -0.5453773409E+00
    0.7017966814E+01      0.7017966814E+01      0.4286662661E+01     -0.6254547151E+00
    0.6987983104E+01      0.6987983104E+01      0.4194659603E+01     -0.6902584148E+00
    0.6962332921E+01      0.6962332921E+01      0.4094220628E+01     -0.7375650200E+00
    0.6940032734E+01      0.6940032734E+01      0.3988419963E+01     -0.7686954025E+00
    0.6920657221E+01      0.6920657221E+01      0.3880172457E+01     -0.7871773853E+00
    0.6903071591E+01      0.6903071591E+01      0.3772205624E+01     -0.7907770339E+00
    0.6885931705E+01      0.6885931705E+01      0.3664609668E+01     -0.7877313291E+00
    0.6869113227E+01      0.6869113227E+01      0.3557907380E+01     -0.7792234930E+00
    0.6853494398E+01      0.6853494398E+01      0.3455060925E+01     -0.7648287840E+00
    0.6839575126E+01      0.6839575126E+01      0.3357796514E+01     -0.7453208018E+00
    0.6826395312E+01      0.6826395312E+01      0.3265477469E+01     -0.7221824829E+00
    0.6813225865E+01      0.6813225865E+01      0.3177447826E+01     -0.6968756477E+00
    0.6800290144E+01      0.6800290144E+01      0.3094108530E+01     -0.6702671130E+00
    0.6788227397E+01      0.6788227397E+01      0.3016309306E+01     -0.6425298395E+00
    0.6776861662E+01      0.6776861662E+01      0.2943660240E+01     -0.6139953152E+00
    0.6765913021E+01      0.6765913021E+01      0.2875555453E+01     -0.5863275579E+00
    0.7655926305E+01      0.7655926305E+01      0.4032409802E+01      0.3474126141E+00
    0.7567304590E+01      0.7567304590E+01      0.4142706160E+01      0.2550437151E+00
    0.7483360865E+01      0.7483360865E+01      0.4237341919E+01      0.1563497026E+00
    0.7399970342E+01      0.7399970342E+01      0.4304265590E+01      0.5079003567E-01
    0.7327091715E+01      0.7327091715E+01      0.4353932588E+01     -0.5318894850E-01
    0.7256057302E+01      0.7256057302E+01      0.4374862513E+01     -0.1642110166E+00
    0.7190051432E+01      0.7190051432E+01      0.4365471089E+01     -0.2677980079E+00
    0.7136528320E+01      0.7136528320E+01      0.4336214645E+01     -0.3599510270E+00
    0.7090934800E+01      0.7090934800E+01      0.4287570237E+01     -0.4402318621E+00
    0.7051823468E+01      0.7051823468E+01      0.4222468808E+01     -0.5093043126E+00
    0.7018279662E+01      0.7018279662E+01      0.4144386627E+01     -0.5665261194E+00
    0.6989447265E+01      0.6989447265E+01      0.4056940163E+01     -0.6096037924E+00
    0.6964287913E+01      0.6964287913E+01      0.3963085517E+01     -0.6386625544E+00
    0.6942146491E+01      0.6942146491E+01      0.3865322158E+01     -0.6575360884E+00
    0.6922217260E+01      0.6922217260E+01      0.3766311243E+01     -0.6639478003E+00
    0.6903203638E+01      0.6903203638E+01      0.3666914701E+01     -0.6627430683E+00
    0.6884903864E+01      0.6884903864E+01      0.3567182677E+01     -0.6575162526E+00
    0.6868266535E+01      0.6868266535E+01      0.3469854729E+01     -0.6471494593E+00
    0.6853583909E+01      0.6853583909E+01      0.3376623853E+01     -0.6323194569E+00
    0.6839618883E+01      0.6839618883E+01      0.3286951645E+01     -0.6143260024E+00
    0.6825549822E+01      0.6825549822E+01      0.3200456919E+01     -0.5943477487E+00
    0.6811775743E+01      0.6811775743E+01      0.3117991124E+01     -0.5729562451E+00
    0.6799039331E+01      0.6799039331E+01      0.3040716336E+01     -0.5501648566E+00
    0.6787032348E+01      0.6787032348E+01      0.2968267522E+01     -0.5266051452E+00
    0.6775408785E+01      0.6775408785E+01      0.2900021594E+01     -0.5037935513E+00
    0.7677469596E+01      0.7677469596E+01      0.3953538625E+01      0.2750638799E+00
    0.7593309492E+01      0.7593309492E+01      0.4055261760E+01      0.2026268204E+00
    0.7511855851E+01      0.7511855851E+01      0.4141319908E+01      0.1258845297E+00
    0.7433080571E+01      0.7433080571E+01      0.4208670863E+01      0.4283178154E-01
    0.7358548315E+01      0.7358548315E+01      0.4255561924E+01     -0.3986329552E-01
    0.7291110931E+01      0.7291110931E+01      0.4283763722E+01     -0.1265683899E+00
    0.7223261945E+01      0.7223261945E+01      0.4280439664E+01     -0.2098843635E+00
    0.7167674984E+01      0.7167674984E+01      0.4260107092E+01     -0.2842149696E+00
    0.7119922034E+01      0.7119922034E+01      0.4221891230E+01     -0.3495614267E+00
    0.7078531823E+01      0.7078531823E+01      0.4167818050E+01     -0.4066703898E+00
    0.7042670839E+01      0.7042670839E+01      0.4100698915E+01     -0.4550078703E+00
    0.7011568530E+01      0.7011568530E+01      0.4023620627E+01     -0.4924554843E+00
    0.6984286125E+01      0.6984286125E+01      0.3939386203E+01     -0.5183425010E+00
    0.6960064019E+01      0.6960064019E+01      0.3850161559E+01     -0.5359526615E+00
    0.6938399514E+01      0.6938399514E+01      0.3758464955E+01     -0.5436202694E+00
    0.6918034390E+01      0.6918034390E+01      0.3665816433E+01     -0.5432716593E+00
    0.6898925469E+01      0.6898925469E+01      0.3572484968E+01     -0.5396401503E+00
    0.6881458556E+01      0.6881458556E+01      0.3480449816E+01     -0.5319199534E+00
    0.6865883801E+01      0.6865883801E+01      0.3391135599E+01     -0.5207648429E+00
    0.6850870848E+01      0.6850870848E+01      0.3303939745E+01     -0.5072660021E+00
    0.6835825426E+01      0.6835825426E+01      0.3219060223E+01     -0.4921961713E+00
    0.6821390831E+01      0.6821390831E+01      0.3137909577E+01     -0.4756234479E+00
    0.6808129968E+01      0.6808129968E+01      0.3061331492E+01     -0.4574457668E+00
    0.6795519067E+01      0.6795519067E+01      0.2988844347E+01     -0.4388573101E+00
    0.6783466338E+01      0.6783466338E+01      0.2920421790E+01     -0.4208319315E+00
    0.7690904537E+01      0.7690904537E+01      0.3891739574E+01      0.2081848648E+00
    0.7610339965E+01      0.7610339965E+01      0.3988562310E+01      0.1526873402E+00
    0.7529809432E+01      0.7529809432E+01      0.4068453105E+01      0.9421277347E-01
    0.7455231955E+01      0.7455231955E+01      0.4135972987E+01      0.3151158774E-01
    0.7380431914E+01      0.7380431914E+01      0.4180686995E+01     -0.3226524026E-01
    0.7315074464E+01      0.7315074464E+01      0.4211419303E+01     -0.9636866488E-01
    0.7247171985E+01      0.7247171985E+01      0.4214397060E+01     -0.1618499567E+00
    0.7190702151E+01      0.7190702151E+01      0.4200238110E+01     -0.2190498030E+00
    0.7142113306E+01      0.7142113306E+01      0.4169885872E+01     -0.2694503225E+00
    0.7099639824E+01      0.7099639824E+01      0.4124479467E+01     -0.3141515302E+00
    0.7062465610E+01      0.7062465610E+01      0.4066035349E+01     -0.3528093702E+00
    0.7029937417E+01      0.7029937417E+01      0.3997039167E+01     -0.3835019595E+00
    0.7001244386E+01      0.7001244386E+01      0.3920069300E+01     -0.4051578128E+00
    0.6975601388E+01      0.6975601388E+01      0.3837234524E+01     -0.4202000720E+00
    0.6952624781E+01      0.6952624781E+01      0.3750952951E+01     -0.4277719010E+00
    0.6931328349E+01      0.6931328349E+01      0.3663182778E+01     -0.4278906018E+00
    0.6911350577E+01      0.6911350577E+01      0.3574687924E+01     -0.4252634262E+00
    0.6893041808E+01      0.6893041808E+01      0.3486875876E+01     -0.4194819910E+00
    0.6876414686E+01      0.6876414686E+01      0.3400827697E+01     -0.4111300066E+00
    0.6860153378E+01      0.6860153378E+01      0.3315908723E+01     -0.4013846223E+00
    0.6844169606E+01      0.6844169606E+01      0.3232910530E+01     -0.3907206710E+00
    0.6829325132E+01      0.6829325132E+01      0.3153443383E+01     -0.3783262537E+00
    0.6815379468E+01      0.6815379468E+01      0.3077492482E+01     -0.3644924874E+00
    0.6801876788E+01      0.6801876788E+01      0.3004862790E+01     -0.3507474558E+00
    0.6789573842E+01      0.6789573842E+01      0.2936364225E+01     -0.3371445141E+00
    0.7701249259E+01      0.7701249259E+01      0.3846474651E+01      0.1488983124E+00
    0.7622471434E+01      0.7622471434E+01      0.3939353442E+01      0.1089199666E+00
    0.7543028828E+01      0.7543028828E+01      0.4015436845E+01      0.6634818208E-01
    0.7469965276E+01      0.7469965276E+01      0.4080419420E+01      0.2146355103E-01
    0.7396657084E+01      0.7396657084E+01      0.4124112541E+01     -0.2457035521E-01
    0.7331920504E+01      0.7331920504E+01      0.4155422297E+01     -0.6915136293E-01
    0.7266595805E+01      0.7266595805E+01      0.4163869959E+01     -0.1166771138E+00
    0.7209394886E+01      0.7209394886E+01      0.4153993995E+01     -0.1585130301E+00
    0.7160440659E+01      0.7160440659E+01      0.4129700445E+01     -0.1952274970E+00
    0.7117381469E+01      0.7117381469E+01      0.4091321073E+01     -0.2280356993E+00
    0.7079449980E+01      0.7079449980E+01      0.4040164451E+01     -0.2567736978E+00
    0.7046072085E+01      0.7046072085E+01      0.3978059004E+01     -0.2798927068E+00
    0.7016489436E+01      0.7016489436E+01      0.3907205486E+01     -0.2963835500E+00
    0.6989895717E+01      0.6989895717E+01      0.3829619670E+01     -0.3079768344E+00
    0.6965876251E+01      0.6965876251E+01      0.3747499224E+01     -0.3144101048E+00
    0.6943712641E+01      0.6943712641E+01      0.3663140806E+01     -0.3149990378E+00
    0.6922750888E+01      0.6922750888E+01      0.3577685769E+01     -0.3132863256E+00
    0.6903282181E+01      0.6903282181E+01      0.3492372512E+01     -0.3094241518E+00
    0.6885109747E+01      0.6885109747E+01      0.3407910657E+01     -0.3038811647E+00
    0.6867196579E+01      0.6867196579E+01      0.3323979085E+01     -0.2976550912E+00
    0.6850408174E+01      0.6850408174E+01      0.3242383027E+01     -0.2907385603E+00
    0.6835096155E+01      0.6835096155E+01      0.3164129747E+01     -0.2820283609E+00
    0.6820338807E+01      0.6820338807E+01      0.3088592094E+01     -0.2722089903E+00
    0.6806121170E+01      0.6806121170E+01      0.3016014984E+01     -0.2626207829E+00
    0.6793748494E+01      0.6793748494E+01      0.2947775820E+01     -0.2528913289E+00
    0.7707977387E+01      0.7707977387E+01      0.3816029642E+01      0.9672832218E-01
    0.7630082221E+01      0.7630082221E+01      0.3905873095E+01      0.7073636429E-01
    0.7551370282E+01      0.7551370282E+01      0.3979857073E+01      0.4295584548E-01
    0.7479069254E+01      0.7479069254E+01      0.4043226797E+01      0.1433566726E-01
    0.7407074870E+01      0.7407074870E+01      0.4086443751E+01     -0.1548971824E-01
    0.7342884941E+01      0.7342884941E+01      0.4117554122E+01     -0.4359045066E-01
    0.7280475060E+01      0.7280475060E+01      0.4129374706E+01     -0.7454516315E-01
    0.7223211677E+01      0.7223211677E+01      0.4122256268E+01     -0.1019160523E+00
    0.7174571951E+01      0.7174571951E+01      0.4101896898E+01     -0.1257958437E+00
    0.7131535278E+01      0.7131535278E+01      0.4068082609E+01     -0.1472056444E+00
    0.7093288984E+01      0.7093288984E+01      0.4021663791E+01     -0.1661008518E+00
    0.7059315627E+01      0.7059315627E+01      0.3964141836E+01     -0.1814225106E+00
    0.7028933143E+01      0.7028933143E+01      0.3897562198E+01     -0.1924562005E+00
    0.7001393510E+01      0.7001393510E+01      0.3823851730E+01     -0.2003683380E+00
    0.6976315314E+01      0.6976315314E+01      0.3744951056E+01     -0.2050896354E+00
    0.6953141938E+01      0.6953141938E+01      0.3663037843E+01     -0.2060610796E+00
    0.6931150255E+01      0.6931150255E+01      0.3579626400E+01     -0.2052078922E+00
    0.6910434581E+01      0.6910434581E+01      0.3495950473E+01     -0.2031676288E+00
    0.6890732573E+01      0.6890732573E+01      0.3412351316E+01     -0.2002102586E+00
    0.6871398172E+01      0.6871398172E+01      0.3328932347E+01     -0.1968589028E+00
    0.6854145712E+01      0.6854145712E+01      0.3248364486E+01     -0.1928637663E+00
    0.6838583382E+01      0.6838583382E+01      0.3170954401E+01     -0.1872922516E+00
    0.6823232196E+01      0.6823232196E+01      0.3095639608E+01     -0.1809241724E+00
    0.6808574407E+01      0.6808574407E+01      0.3023179086E+01     -0.1748032053E+00
    0.6796341052E+01      0.6796341052E+01      0.2955430431E+01     -0.1684604024E+00
    0.7710784470E+01      0.7710784470E+01      0.3797699678E+01      0.5075417838E-01
    0.7633537299E+01      0.7633537299E+01      0.3886336947E+01      0.3809674053E-01
    0.7555799246E+01      0.7555799246E+01      0.3959959784E+01      0.2441754501E-01
    0.7483768882E+01      0.7483768882E+01      0.4022321008E+01      0.1080429618E-01
    0.7412768190E+01      0.7412768190E+01      0.4065310165E+01     -0.3750398752E-02
    0.7349411154E+01      0.7349411154E+01      0.4095935802E+01     -0.1753430517E-01
    0.7289516364E+01      0.7289516364E+01      0.4111036560E+01     -0.3311502445E-01
    0.7232321897E+01      0.7232321897E+01      0.4105780705E+01     -0.4720750880E-01
    0.7183974705E+01      0.7183974705E+01      0.4087708620E+01     -0.5946601995E-01
    0.7140934226E+01      0.7140934226E+01      0.4056284092E+01     -0.7045874986E-01
    0.7102373304E+01      0.7102373304E+01      0.4012267945E+01     -0.8016808518E-01
    0.7067863012E+01      0.7067863012E+01      0.3957143922E+01     -0.8805845303E-01
    0.7036814620E+01      0.7036814620E+01      0.3892941592E+01     -0.9377723244E-01
    0.7008530613E+01      0.7008530613E+01      0.3821505628E+01     -0.9794743118E-01
    0.6982644512E+01      0.6982644512E+01      0.3744597913E+01     -0.1005633808E+00
    0.6958642221E+01      0.6958642221E+01      0.3664180733E+01     -0.1013977424E+00
    0.6935916336E+01      0.6935916336E+01      0.3581885200E+01     -0.1011750726E+00
    0.6914292840E+01      0.6914292840E+01      0.3498990941E+01     -0.1004807351E+00
    0.6893704035E+01      0.6893704035E+01      0.3415671942E+01     -0.9936274507E-01
    0.6873568107E+01      0.6873568107E+01      0.3332245431E+01     -0.9798369662E-01
    0.6856230296E+01      0.6856230296E+01      0.3252140780E+01     -0.9612171152E-01
    0.6840580627E+01      0.6840580627E+01      0.3174930753E+01     -0.9338052226E-01
    0.6824803769E+01      0.6824803769E+01      0.3099440134E+01     -0.9025632216E-01
    0.6809823938E+01      0.6809823938E+01      0.3026853532E+01     -0.8728139277E-01
    0.6797771542E+01      0.6797771542E+01      0.2959525557E+01     -0.8410600863E-01
    0.7704564630E+01      0.7704564630E+01      0.3790694756E+01      0.1003802675E-01
    0.7627741840E+01      0.7627741840E+01      0.3878656134E+01      0.9504881045E-02
    0.7550648482E+01      0.7550648482E+01      0.3951841457E+01      0.8413857479E-02
    0.7479855824E+01      0.7479855824E+01      0.4013786567E+01      0.8015270828E-02
    0.7411292864E+01      0.7411292864E+01      0.4058559055E+01      0.6153391320E-02
    0.7348656524E+01      0.7348656524E+01      0.4090311197E+01      0.4679652397E-02
    0.7290184117E+01      0.7290184117E+01      0.4107035022E+01      0.3352765520E-02
    0.7233369397E+01      0.7233369397E+01      0.4102544161E+01      0.2285019107E-02
    0.7185450274E+01      0.7185450274E+01      0.4085303533E+01      0.1398418396E-02
    0.7142696783E+01      0.7142696783E+01      0.4054639630E+01      0.6988642702E-03
    0.7104269908E+01      0.7104269908E+01      0.4011310642E+01      0.1905142008E-03
    0.7069769318E+01      0.7069769318E+01      0.3956830323E+01     -0.1381752082E-03
    0.7038644845E+01      0.7038644845E+01      0.3893251698E+01     -0.3129180727E-03
    0.7010236009E+01      0.7010236009E+01      0.3822414076E+01     -0.3716834707E-03
    0.6984208602E+01      0.6984208602E+01      0.3746039158E+01     -0.3574165401E-03
    0.6960041687E+01      0.6960041687E+01      0.3665998201E+01     -0.2915600623E-03
    0.6937172081E+01      0.6937172081E+01      0.3583934107E+01     -0.2183132163E-03
    0.6915346890E+01      0.6915346890E+01      0.3501145867E+01     -0.1488755247E-03
    0.6894564087E+01      0.6894564087E+01      0.3417758661E+01     -0.8311162357E-04
    0.6874262138E+01      0.6874262138E+01      0.3334167272E+01     -0.3610439067E-04
    0.6856927169E+01      0.6856927169E+01      0.3253979155E+01     -0.1084021758E-04
    0.6841244856E+01      0.6841244856E+01      0.3176581883E+01      0.0000000000E+00
    0.6825308064E+01      0.6825308064E+01      0.3100809538E+01      0.0000000000E+00
    0.6810223127E+01      0.6810223127E+01      0.3028051520E+01      0.1005718241E-04
    0.6798251893E+01      0.6798251893E+01      0.2960788224E+01      0.1630214983E-04
    0.7690137054E+01      0.7690137054E+01      0.3797168216E+01     -0.2309562553E-01
    0.7614490182E+01      0.7614490182E+01      0.3884969294E+01     -0.1188314428E-01
    0.7538241462E+01      0.7538241462E+01      0.3956151528E+01     -0.5400982365E-03
    0.7469814185E+01      0.7469814185E+01      0.4017955452E+01      0.1059297416E-01
    0.7401367178E+01      0.7401367178E+01      0.4061862731E+01      0.2252551369E-01
    0.7339725551E+01      0.7339725551E+01      0.4092548814E+01      0.3332411281E-01
    0.7282006551E+01      0.7282006551E+01      0.4108132773E+01      0.4526080972E-01
    0.7226450955E+01      0.7226450955E+01      0.4103250623E+01      0.5596943738E-01
    0.7179607231E+01      0.7179607231E+01      0.4085670884E+01      0.6537832442E-01
    0.7137871071E+01      0.7137871071E+01      0.4054760396E+01      0.7404452797E-01
    0.7100388742E+01      0.7100388742E+01      0.4011230329E+01      0.8197160163E-01
    0.7066721548E+01      0.7066721548E+01      0.3956528415E+01      0.8860769027E-01
    0.7036286329E+01      0.7036286329E+01      0.3892662823E+01      0.9354322670E-01
    0.7008407637E+01      0.7008407637E+01      0.3821470064E+01      0.9730839469E-01
    0.6982755383E+01      0.6982755383E+01      0.3744716995E+01      0.9979277045E-01
    0.6958856736E+01      0.6958856736E+01      0.3664368271E+01      0.1007081446E+00
    0.6936162389E+01      0.6936162389E+01      0.3582082822E+01      0.1005845304E+00
    0.6914505760E+01      0.6914505760E+01      0.3499172837E+01      0.1000442131E+00
    0.6893856240E+01      0.6893856240E+01      0.3415824567E+01      0.9909384308E-01
    0.6873659286E+01      0.6873659286E+01      0.3332363674E+01      0.9785283519E-01
    0.6856278562E+01      0.6856278562E+01      0.3252228539E+01      0.9607339930E-01
    0.6840602108E+01      0.6840602108E+01      0.3174996891E+01      0.9336886158E-01
    0.6824808133E+01      0.6824808133E+01      0.3099478718E+01      0.9025927989E-01
    0.6809826092E+01      0.6809826092E+01      0.3026884282E+01      0.8729592315E-01
    0.6797778860E+01      0.6797778860E+01      0.2959552377E+01      0.8413692204E-01
    0.7667999570E+01      0.7667999570E+01      0.3814021978E+01     -0.5121073726E-01
    0.7593241147E+01      0.7593241147E+01      0.3902248172E+01     -0.2790656647E-01
    0.7517736363E+01      0.7517736363E+01      0.3973831711E+01     -0.3951395642E-02
    0.7449563853E+01      0.7449563853E+01      0.4035928618E+01      0.2040063569E-01
    0.7381803840E+01      0.7381803840E+01      0.4078921083E+01      0.4561837807E-01
    0.7322130405E+01      0.7322130405E+01      0.4110075143E+01      0.6844016262E-01
    0.7264210491E+01      0.7264210491E+01      0.4122915038E+01      0.9389471918E-01
    0.7210247401E+01      0.7210247401E+01      0.4116485746E+01      0.1165672665E+00
    0.7164653268E+01      0.7164653268E+01      0.4097017139E+01      0.1363889946E+00
    0.7124276239E+01      0.7124276239E+01      0.4064179210E+01      0.1543961116E+00
    0.7088275364E+01      0.7088275364E+01      0.4018755374E+01      0.1705701122E+00
    0.7056118945E+01      0.7056118945E+01      0.3962170931E+01      0.1838457042E+00
    0.7027124381E+01      0.7027124381E+01      0.3896399798E+01      0.1934581111E+00
    0.7000569572E+01      0.7000569572E+01      0.3823323993E+01      0.2004798827E+00
    0.6976126084E+01      0.6976126084E+01      0.3744871365E+01      0.2047212367E+00
    0.6953306186E+01      0.6953306186E+01      0.3663216726E+01      0.2055553167E+00
    0.6931473376E+01      0.6931473376E+01      0.3579932173E+01      0.2046681617E+00
    0.6910771133E+01      0.6910771133E+01      0.3496285710E+01      0.2027036425E+00
    0.6891012544E+01      0.6891012544E+01      0.3412644819E+01      0.1998887947E+00
    0.6871582087E+01      0.6871582087E+01      0.3329140425E+01      0.1966806528E+00
    0.6854249936E+01      0.6854249936E+01      0.3248498787E+01      0.1927810660E+00
    0.6838636799E+01      0.6838636799E+01      0.3171037549E+01      0.1872609007E+00
    0.6823256390E+01      0.6823256390E+01      0.3095687432E+01      0.1809185858E+00
    0.6808588909E+01      0.6808588909E+01      0.3023207056E+01      0.1748174499E+00
    0.6796351152E+01      0.6796351152E+01      0.2955450529E+01      0.1684887226E+00
    0.7638253537E+01      0.7638253537E+01      0.3841486879E+01     -0.7689722451E-01
    0.7564008216E+01      0.7564008216E+01      0.3931898458E+01     -0.4127345528E-01
    0.7489293781E+01      0.7489293781E+01      0.4004987194E+01     -0.4446419568E-02
    0.7421786304E+01      0.7421786304E+01      0.4067700854E+01      0.3333657432E-01
    0.7354714747E+01      0.7354714747E+01      0.4110044484E+01      0.7223752123E-01
    0.7296381176E+01      0.7296381176E+01      0.4141282866E+01      0.1090111927E+00
    0.7238046439E+01      0.7238046439E+01      0.4151117709E+01      0.1484231054E+00
    0.7186323753E+01      0.7186323753E+01      0.4142527727E+01      0.1832291951E+00
    0.7142532605E+01      0.7142532605E+01      0.4119966367E+01      0.2137168430E+00
    0.7104043395E+01      0.7104043395E+01      0.4083484165E+01      0.2411870685E+00
    0.7070000775E+01      0.7070000775E+01      0.4034230146E+01      0.2655643130E+00
    0.7039799390E+01      0.7039799390E+01      0.3973895275E+01      0.2853059382E+00
    0.7012689915E+01      0.7012689915E+01      0.3904568777E+01      0.2993335810E+00
    0.6987912587E+01      0.6987912587E+01      0.3828202480E+01      0.3092459615E+00
    0.6965122875E+01      0.6965122875E+01      0.3746986494E+01      0.3146277501E+00
    0.6943666949E+01      0.6943666949E+01      0.3663192041E+01      0.3147473829E+00
    0.6923123145E+01      0.6923123145E+01      0.3578071276E+01      0.3128080913E+00
    0.6903748147E+01      0.6903748147E+01      0.3492834719E+01      0.3089030937E+00
    0.6885517948E+01      0.6885517948E+01      0.3408328094E+01      0.3034802992E+00
    0.6867488334E+01      0.6867488334E+01      0.3324295609E+01      0.2974033930E+00
    0.6850585421E+01      0.6850585421E+01      0.3242593581E+01      0.2906033091E+00
    0.6835192789E+01      0.6835192789E+01      0.3164260354E+01      0.2819688009E+00
    0.6820385092E+01      0.6820385092E+01      0.3088668119E+01      0.2721933946E+00
    0.6806142907E+01      0.6806142907E+01      0.3016060760E+01      0.2626252750E+00
    0.6793760708E+01      0.6793760708E+01      0.2947805201E+01      0.2529149405E+00
    0.7601104425E+01      0.7601104425E+01      0.3882260903E+01     -0.1026952780E+00
    0.7526963560E+01      0.7526963560E+01      0.3975469118E+01     -0.5419712952E-01
    0.7453244570E+01      0.7453244570E+01      0.4051596470E+01     -0.3827682863E-02
    0.7385656561E+01      0.7385656561E+01      0.4115146025E+01      0.4941728046E-01
    0.7319330859E+01      0.7319330859E+01      0.4157146051E+01      0.1028036899E+00
    0.7262497733E+01      0.7262497733E+01      0.4187431137E+01      0.1551536287E+00
    0.7203931423E+01      0.7203931423E+01      0.4192862573E+01      0.2095060472E+00
    0.7155069908E+01      0.7155069908E+01      0.4180646543E+01      0.2571068862E+00
    0.7113718497E+01      0.7113718497E+01      0.4152971894E+01      0.2988356144E+00
    0.7077826940E+01      0.7077826940E+01      0.4110592284E+01      0.3359403007E+00
    0.7046437202E+01      0.7046437202E+01      0.4055231321E+01      0.3681982685E+00
    0.7018775313E+01      0.7018775313E+01      0.3989127527E+01      0.3937394091E+00
    0.6993996558E+01      0.6993996558E+01      0.3914700029E+01      0.4114511942E+00
    0.6971353463E+01      0.6971353463E+01      0.3833964601E+01      0.4236313947E+00
    0.6950535198E+01      0.6950535198E+01      0.3749350185E+01      0.4291387078E+00
    0.6930544417E+01      0.6930544417E+01      0.3662684295E+01      0.4284112161E+00
    0.6911504495E+01      0.6911504495E+01      0.3574937014E+01      0.4250495874E+00
    0.6893497426E+01      0.6893497426E+01      0.3487374657E+01      0.4189906681E+00
    0.6876900823E+01      0.6876900823E+01      0.3401349509E+01      0.4106720978E+00
    0.6860547685E+01      0.6860547685E+01      0.3316338621E+01      0.4010525820E+00
    0.6844437821E+01      0.6844437821E+01      0.3233216753E+01      0.3905152827E+00
    0.6829488594E+01      0.6829488594E+01      0.3153644840E+01      0.3782152807E+00
    0.6815465059E+01      0.6815465059E+01      0.3077612227E+01      0.3644464523E+00
    0.6801917200E+01      0.6801917200E+01      0.3004928834E+01      0.3507365035E+00
    0.6789591188E+01      0.6789591188E+01      0.2936394937E+01      0.3371593702E+00
    0.7558634971E+01      0.7558634971E+01      0.3936607803E+01     -0.1318400615E+00
    0.7482433010E+01      0.7482433010E+01      0.4032443137E+01     -0.6848335334E-01
    0.7410004749E+01      0.7410004749E+01      0.4113675823E+01     -0.2647858283E-02
    0.7341147922E+01      0.7341147922E+01      0.4176836788E+01      0.6821387989E-01
    0.7276423820E+01      0.7276423820E+01      0.4219523267E+01      0.1361636992E+00
    0.7220635425E+01      0.7220635425E+01      0.4248048788E+01      0.2065402652E+00
    0.7163300021E+01      0.7163300021E+01      0.4247047829E+01      0.2761668994E+00
    0.7117784278E+01      0.7117784278E+01      0.4229851104E+01      0.3376385254E+00
    0.7079411362E+01      0.7079411362E+01      0.4195482444E+01      0.3915340829E+00
    0.7046628678E+01      0.7046628678E+01      0.4145700196E+01      0.4386288243E+00
    0.7018460143E+01      0.7018460143E+01      0.4083000181E+01      0.4783882749E+00
    0.6994009513E+01      0.6994009513E+01      0.4010190822E+01      0.5087358430E+00
    0.6972266525E+01      0.6972266525E+01      0.3929826403E+01      0.5289968922E+00
    0.6952470632E+01      0.6952470632E+01      0.3843919020E+01      0.5423338109E+00
    0.6934116343E+01      0.6934116343E+01      0.3754948396E+01      0.5467060617E+00
    0.6915977694E+01      0.6915977694E+01      0.3664229526E+01      0.5449254821E+00
    0.6898514570E+01      0.6898514570E+01      0.3572292941E+01      0.5399496502E+00
    0.6881706086E+01      0.6881706086E+01      0.3480815100E+01      0.5316104262E+00
    0.6866324410E+01      0.6866324410E+01      0.3391652271E+01      0.5203368618E+00
    0.6851316868E+01      0.6851316868E+01      0.3304443304E+01      0.5068908687E+00
    0.6836181941E+01      0.6836181941E+01      0.3219473005E+01      0.4919280939E+00
    0.6821625078E+01      0.6821625078E+01      0.3138192482E+01      0.4754595466E+00
    0.6808264025E+01      0.6808264025E+01      0.3061505179E+01      0.4573631504E+00
    0.6795583018E+01      0.6795583018E+01      0.2988936679E+01      0.4388314316E+00
    0.6783490835E+01      0.6783490835E+01      0.2920460085E+01      0.4208385522E+00
    0.7511242102E+01      0.7511242102E+01      0.4005524383E+01     -0.1672567715E+00
    0.7432300409E+01      0.7432300409E+01      0.4106795218E+01     -0.8750426488E-01
    0.7359481154E+01      0.7359481154E+01      0.4194404983E+01     -0.2723864225E-02
    0.7288086033E+01      0.7288086033E+01      0.4257526126E+01      0.8813017629E-01
    0.7225372560E+01      0.7225372560E+01      0.4303444756E+01      0.1743461813E+00
    0.7167290396E+01      0.7167290396E+01      0.4324972896E+01      0.2666886157E+00
    0.7113297805E+01      0.7113297805E+01      0.4317558962E+01      0.3530135166E+00
    0.7071332896E+01      0.7071332896E+01      0.4292131414E+01      0.4295995340E+00
    0.7036925437E+01      0.7036925437E+01      0.4248665129E+01      0.4958236597E+00
    0.7008347139E+01      0.7008347139E+01      0.4189487897E+01      0.5524384774E+00
    0.6984421330E+01      0.6984421330E+01      0.4117553153E+01      0.5988489297E+00
    0.6964078781E+01      0.6964078781E+01      0.4036062246E+01      0.6328398076E+00
    0.6946166446E+01      0.6946166446E+01      0.3947662453E+01      0.6545631062E+00
    0.6930033896E+01      0.6930033896E+01      0.3854804182E+01      0.6675594374E+00
    0.6914704376E+01      0.6914704376E+01      0.3759767668E+01      0.6694272170E+00
    0.6899150932E+01      0.6899150932E+01      0.3663480500E+01      0.6660058660E+00
    0.6883518082E+01      0.6883518082E+01      0.3566100896E+01      0.6586674370E+00
    0.6868050545E+01      0.6868050545E+01      0.3469796704E+01      0.6471934628E+00
    0.6853834271E+01      0.6853834271E+01      0.3376976419E+01      0.6320101676E+00
    0.6840032314E+01      0.6840032314E+01      0.3287431008E+01      0.6139594988E+00
    0.6825972424E+01      0.6825972424E+01      0.3200969671E+01      0.5940360562E+00
    0.6812071334E+01      0.6812071334E+01      0.3118361192E+01      0.5727515587E+00
    0.6799222528E+01      0.6799222528E+01      0.3040954396E+01      0.5500493945E+00
    0.6787126734E+01      0.6787126734E+01      0.2968398313E+01      0.5265625458E+00
    0.6775445223E+01      0.6775445223E+01      0.2900077390E+01      0.5037888497E+00
    0.7457486516E+01      0.7457486516E+01      0.4093120998E+01     -0.2100128661E+00
    0.7375524849E+01      0.7375524849E+01      0.4203125355E+01     -0.1121161693E+00
    0.7300866989E+01      0.7300866989E+01      0.4297308086E+01     -0.5075079763E-02
    0.7227125319E+01      0.7227125319E+01      0.4361335559E+01      0.1070244530E+00
    0.7165628900E+01      0.7165628900E+01      0.4408368251E+01      0.2182039391E+00
    0.7103783829E+01      0.7103783829E+01      0.4419309496E+01      0.3348836625E+00
    0.7054212012E+01      0.7054212012E+01      0.4404326960E+01      0.4403935919E+00
    0.7016425066E+01      0.7016425066E+01      0.4368164966E+01      0.5335211357E+00
    0.6986726554E+01      0.6986726554E+01      0.4312468195E+01      0.6126564633E+00
    0.6963116137E+01      0.6963116137E+01      0.4240726806E+01      0.6786189809E+00
    0.6944150368E+01      0.6944150368E+01      0.4156728435E+01      0.7309764006E+00
    0.6928540784E+01      0.6928540784E+01      0.4064154154E+01      0.7675666916E+00
    0.6915071251E+01      0.6915071251E+01      0.3965634464E+01      0.7899282298E+00
    0.6903346325E+01      0.6903346325E+01      0.3864076953E+01      0.8006892952E+00
    0.6891340499E+01      0.6891340499E+01      0.3761470672E+01      0.7994187625E+00
    0.6879167838E+01      0.6879167838E+01      0.3658231416E+01      0.7930506940E+00
    0.6866168521E+01      0.6866168521E+01      0.3555206457E+01      0.7815320034E+00
    0.6852547373E+01      0.6852547373E+01      0.3454252630E+01      0.7653802040E+00
    0.6839468013E+01      0.6839468013E+01      0.3357790745E+01      0.7452016459E+00
    0.6826682406E+01      0.6826682406E+01      0.3265843631E+01      0.7218748650E+00
    0.6813665386E+01      0.6813665386E+01      0.3178007412E+01      0.6965698897E+00
    0.6800634934E+01      0.6800634934E+01      0.3094551351E+01      0.6700430679E+00
    0.6788454266E+01      0.6788454266E+01      0.3016609860E+01      0.6423961907E+00
    0.6776986673E+01      0.6776986673E+01      0.2943835387E+01      0.6139371722E+00
    0.6765962031E+01      0.6765962031E+01      0.2875638082E+01      0.5863060280E+00
    0.7395068000E+01      0.7395068000E+01      0.4198369625E+01     -0.2619411426E+00
    0.7311176148E+01      0.7311176148E+01      0.4323560837E+01     -0.1431060921E+00
    0.7231975119E+01      0.7231975119E+01      0.4424101965E+01     -0.1007684412E-01
    0.7155780372E+01      0.7155780372E+01      0.4492203566E+01      0.1279532043E+00
    0.7093092056E+01      0.7093092056E+01      0.4537980149E+01      0.2706545046E+00
    0.7029000613E+01      0.7029000613E+01      0.4536010189E+01      0.4145437248E+00
    0.6983768415E+01      0.6983768415E+01      0.4509711352E+01      0.5430345003E+00
    0.6950276067E+01      0.6950276067E+01      0.4458221761E+01      0.6553269302E+00
    0.6925561676E+01      0.6925561676E+01      0.4385737236E+01      0.7484434885E+00
    0.6907334323E+01      0.6907334323E+01      0.4297462219E+01      0.8235446796E+00
    0.6893902478E+01      0.6893902478E+01      0.4198279267E+01      0.8807478907E+00
    0.6883780979E+01      0.6883780979E+01      0.4092162401E+01      0.9185179479E+00
    0.6875722781E+01      0.6875722781E+01      0.3981732816E+01      0.9401595129E+00
    0.6868869734E+01      0.6868869734E+01      0.3869569830E+01      0.9464672713E+00
    0.6860863504E+01      0.6860863504E+01      0.3758498640E+01      0.9418287137E+00
    0.6852671944E+01      0.6852671944E+01      0.3647154186E+01      0.9303205071E+00
    0.6843487403E+01      0.6843487403E+01      0.3538303908E+01      0.9121117912E+00
    0.6833065527E+01      0.6833065527E+01      0.3433246486E+01      0.8887308375E+00
    0.6821979149E+01      0.6821979149E+01      0.3333160047E+01      0.8616148426E+00
    0.6810641263E+01      0.6810641263E+01      0.3238569044E+01      0.8317096060E+00
    0.6798919302E+01      0.6798919302E+01      0.3149242370E+01      0.8001777461E+00
    0.6787139565E+01      0.6787139565E+01      0.3065265336E+01      0.7677295220E+00
    0.6776113203E+01      0.6776113203E+01      0.2987468412E+01      0.7345808239E+00
    0.6765479868E+01      0.6765479868E+01      0.2914995888E+01      0.7011270761E+00
    0.6755434627E+01      0.6755434627E+01      0.2847239015E+01      0.6689686649E+00
