    0.7121074800E+01      0.7121074800E+01      0.1822917468E-01      0.1200581154E+01
    0.7121279657E+01      0.7121279657E+01      0.5475487124E-01      0.1199371117E+01
    0.7121300050E+01      0.7121300050E+01      0.9188006310E-01      0.1198126438E+01
    0.7121461602E+01      0.7121461602E+01      0.1292524187E+00      0.1195497708E+01
    0.7121934997E+01      0.7121934997E+01      0.1671356682E+00      0.1196488328E+01
    0.7122635074E+01      0.7122635074E+01      0.2062228489E+00      0.1197139195E+01
    0.7124559281E+01      0.7124559281E+01      0.2455954697E+00      0.1195770098E+01
    0.7128553556E+01      0.7128553556E+01      0.2842720231E+00      0.1192504931E+01
    0.7134978049E+01      0.7134978049E+01      0.3217346962E+00      0.1187722340E+01
    0.7144265301E+01      0.7144265301E+01      0.3573753604E+00      0.1181060359E+01
    0.7156664197E+01      0.7156664197E+01      0.3909303138E+00      0.1172085062E+01
    0.7172130058E+01      0.7172130058E+01      0.4224798764E+00      0.1160595650E+01
    0.7190443226E+01      0.7190443226E+01      0.4524138018E+00      0.1146273332E+01
    0.7211249106E+01      0.7211249106E+01      0.4813198223E+00      0.1128728168E+01
    0.7234168131E+01      0.7234168131E+01      0.5098318057E+00      0.1107737623E+01
    0.7258709811E+01      0.7258709811E+01      0.5385020948E+00      0.1083501319E+01
    0.7283922704E+01      0.7283922704E+01      0.5679123373E+00      0.1056739142E+01
    0.7308936395E+01      0.7308936395E+01      0.5980495169E+00      0.1028350813E+01
    0.7333298929E+01      0.7333298929E+01      0.6284825265E+00      0.9989031316E+00
    0.7357033572E+01      0.7357033572E+01      0.6596411083E+00      0.9681425523E+00
    0.7380811765E+01      0.7380811765E+01      0.6916668265E+00      0.9352223059E+00
    0.7401310003E+01      0.7401310003E+01      0.7211375207E+00      0.8991003509E+00
    0.7417353026E+01      0.7417353026E+01      0.7473081523E+00      0.8599173492E+00
    0.7429644853E+01      0.7429644853E+01      0.7713691547E+00      0.8186372730E+00
    0.7438052855E+01      0.7438052855E+01      0.7941023073E+00      0.7745919204E+00
    0.7092196103E+01      0.7092196103E+01      0.1806688020E-01      0.1185816772E+01
    0.7092227559E+01      0.7092227559E+01      0.5435389426E-01      0.1184555192E+01
    0.7091985166E+01      0.7091985166E+01      0.9117997401E-01      0.1183358335E+01
    0.7091771331E+01      0.7091771331E+01      0.1282469828E+00      0.1181309250E+01
    0.7091989300E+01      0.7091989300E+01      0.1658042217E+00      0.1182175160E+01
    0.7092567761E+01      0.7092567761E+01      0.2044483823E+00      0.1181959166E+01
    0.7095098489E+01      0.7095098489E+01      0.2427070135E+00      0.1179786418E+01
    0.7100044385E+01      0.7100044385E+01      0.2798986938E+00      0.1175615083E+01
    0.7107930201E+01      0.7107930201E+01      0.3154139944E+00      0.1169740359E+01
    0.7119126868E+01      0.7119126868E+01      0.3487537904E+00      0.1161671687E+01
    0.7133799101E+01      0.7133799101E+01      0.3797213737E+00      0.1150895929E+01
    0.7151962180E+01      0.7151962180E+01      0.4084448755E+00      0.1136961623E+01
    0.7173508479E+01      0.7173508479E+01      0.4353364980E+00      0.1119356782E+01
    0.7198140782E+01      0.7198140782E+01      0.4610278614E+00      0.1097742521E+01
    0.7225309991E+01      0.7225309991E+01      0.4863016486E+00      0.1072128200E+01
    0.7253734272E+01      0.7253734272E+01      0.5120972808E+00      0.1043455954E+01
    0.7281671541E+01      0.7281671541E+01      0.5393450270E+00      0.1012886830E+01
    0.7308632807E+01      0.7308632807E+01      0.5673512832E+00      0.9808596648E+00
    0.7334519860E+01      0.7334519860E+01      0.5957046344E+00      0.9471425449E+00
    0.7359644540E+01      0.7359644540E+01      0.6248072819E+00      0.9111329529E+00
    0.7384381538E+01      0.7384381538E+01      0.6546336334E+00      0.8727079486E+00
    0.7404872212E+01      0.7404872212E+01      0.6822016028E+00      0.8323962635E+00
    0.7419901441E+01      0.7419901441E+01      0.7062572840E+00      0.7915022760E+00
    0.7430278909E+01      0.7430278909E+01      0.7280057520E+00      0.7479098027E+00
    0.7436524710E+01      0.7436524710E+01      0.7481617738E+00      0.7014955822E+00
    0.7062899348E+01      0.7062899348E+01      0.1793950565E-01      0.1171402577E+01
    0.7062803382E+01      0.7062803382E+01      0.5398985114E-01      0.1170132596E+01
    0.7062360134E+01      0.7062360134E+01      0.9058959528E-01      0.1169043995E+01
    0.7061989860E+01      0.7061989860E+01      0.1272802726E+00      0.1167436714E+01
    0.7062100818E+01      0.7062100818E+01      0.1644980001E+00      0.1167805115E+01
    0.7063209878E+01      0.7063209878E+01      0.2022401012E+00      0.1166405433E+01
    0.7066702584E+01      0.7066702584E+01      0.2389288443E+00      0.1163034597E+01
    0.7073100707E+01      0.7073100707E+01      0.2741563508E+00      0.1157523913E+01
    0.7082930975E+01      0.7082930975E+01      0.3072497261E+00      0.1149971837E+01
    0.7096594418E+01      0.7096594418E+01      0.3378252595E+00      0.1139774060E+01
    0.7114351967E+01      0.7114351967E+01      0.3656804682E+00      0.1126244689E+01
    0.7136382749E+01      0.7136382749E+01      0.3908968295E+00      0.1108637502E+01
    0.7162534802E+01      0.7162534802E+01      0.4139739944E+00      0.1086503884E+01
    0.7192032755E+01      0.7192032755E+01      0.4358865869E+00      0.1060124130E+01
    0.7223358304E+01      0.7223358304E+01      0.4578816228E+00      0.1030847209E+01
    0.7254537727E+01      0.7254537727E+01      0.4814703544E+00      0.9991982268E+00
    0.7284875265E+01      0.7284875265E+01      0.5061260575E+00      0.9646560189E+00
    0.7314243249E+01      0.7314243249E+01      0.5313907154E+00      0.9278207242E+00
    0.7342132527E+01      0.7342132527E+01      0.5576443193E+00      0.8888515370E+00
    0.7367190713E+01      0.7367190713E+01      0.5855435414E+00      0.8488890045E+00
    0.7389524702E+01      0.7389524702E+01      0.6145550760E+00      0.8084148736E+00
    0.7407166721E+01      0.7407166721E+01      0.6413835167E+00      0.7671174280E+00
    0.7418879678E+01      0.7418879678E+01      0.6638709390E+00      0.7243647059E+00
    0.7426735618E+01      0.7426735618E+01      0.6833820305E+00      0.6803927803E+00
    0.7430450773E+01      0.7430450773E+01      0.7004969473E+00      0.6326177369E+00
    0.7033115094E+01      0.7033115094E+01      0.1782382125E-01      0.1157418528E+01
    0.7032988431E+01      0.7032988431E+01      0.5363243879E-01      0.1156148676E+01
    0.7032587100E+01      0.7032587100E+01      0.8987798727E-01      0.1155071326E+01
    0.7032291213E+01      0.7032291213E+01      0.1261814161E+00      0.1153550108E+01
    0.7032778999E+01      0.7032778999E+01      0.1627380179E+00      0.1153029767E+01
    0.7035093988E+01      0.7035093988E+01      0.1990188902E+00      0.1150083244E+01
    0.7040124022E+01      0.7040124022E+01      0.2337487502E+00      0.1144994008E+01
    0.7048595422E+01      0.7048595422E+01      0.2664849814E+00      0.1137456126E+01
    0.7061163385E+01      0.7061163385E+01      0.2966089686E+00      0.1127244917E+01
    0.7078346938E+01      0.7078346938E+01      0.3237434944E+00      0.1113688980E+01
    0.7100519261E+01      0.7100519261E+01      0.3476876286E+00      0.1096003112E+01
    0.7127677218E+01      0.7127677218E+01      0.3686904740E+00      0.1073564622E+01
    0.7158809142E+01      0.7158809142E+01      0.3877654278E+00      0.1046923895E+01
    0.7192295168E+01      0.7192295168E+01      0.4063513811E+00      0.1017439340E+01
    0.7226852181E+01      0.7226852181E+01      0.4254771292E+00      0.9843707765E+00
    0.7261676693E+01      0.7261676693E+01      0.4457755687E+00      0.9480365435E+00
    0.7295786801E+01      0.7295786801E+01      0.4672840316E+00      0.9087486035E+00
    0.7326280124E+01      0.7326280124E+01      0.4910329470E+00      0.8685277327E+00
    0.7351797298E+01      0.7351797298E+01      0.5172911603E+00      0.8286225874E+00
    0.7373254833E+01      0.7373254833E+01      0.5452211246E+00      0.7888024652E+00
    0.7391947920E+01      0.7391947920E+01      0.5744060038E+00      0.7475202044E+00
    0.7405089018E+01      0.7405089018E+01      0.5998928064E+00      0.7050041101E+00
    0.7413721085E+01      0.7413721085E+01      0.6205754880E+00      0.6628948597E+00
    0.7418091614E+01      0.7418091614E+01      0.6371027094E+00      0.6175029512E+00
    0.7419484835E+01      0.7419484835E+01      0.6507681953E+00      0.5678085474E+00
    0.7002984975E+01      0.7002984975E+01      0.1765284342E-01      0.1143785707E+01
    0.7002983750E+01      0.7002983750E+01      0.5305446339E-01      0.1142441472E+01
    0.7002858541E+01      0.7002858541E+01      0.8877183139E-01      0.1141069084E+01
    0.7003130756E+01      0.7003130756E+01      0.1245420803E+00      0.1139220808E+01
    0.7004827239E+01      0.7004827239E+01      0.1598303292E+00      0.1137216332E+01
    0.7008953521E+01      0.7008953521E+01      0.1941676696E+00      0.1132268303E+01
    0.7016394454E+01      0.7016394454E+01      0.2265028923E+00      0.1124654143E+01
    0.7028021706E+01      0.7028021706E+01      0.2561557897E+00      0.1113911781E+01
    0.7044642550E+01      0.7044642550E+01      0.2825636775E+00      0.1099626433E+01
    0.7066717772E+01      0.7066717772E+01      0.3054596674E+00      0.1081326064E+01
    0.7094202339E+01      0.7094202339E+01      0.3249948281E+00      0.1058636230E+01
    0.7126019662E+01      0.7126019662E+01      0.3420863872E+00      0.1032297522E+01
    0.7161051038E+01      0.7161051038E+01      0.3577129721E+00      0.1002298656E+01
    0.7198735877E+01      0.7198735877E+01      0.3726304365E+00      0.9678372519E+00
    0.7238428518E+01      0.7238428518E+01      0.3876309268E+00      0.9295910983E+00
    0.7276191280E+01      0.7276191280E+01      0.4055517035E+00      0.8893341204E+00
    0.7308878210E+01      0.7308878210E+01      0.4265240200E+00      0.8502229260E+00
    0.7335905190E+01      0.7335905190E+01      0.4502886263E+00      0.8117635474E+00
    0.7358122307E+01      0.7358122307E+01      0.4769257699E+00      0.7730587466E+00
    0.7375554781E+01      0.7375554781E+01      0.5059272727E+00      0.7324327079E+00
    0.7389631732E+01      0.7389631732E+01      0.5351670806E+00      0.6908772050E+00
    0.7398857059E+01      0.7398857059E+01      0.5580543449E+00      0.6500753008E+00
    0.7403634396E+01      0.7403634396E+01      0.5754333485E+00      0.6065338481E+00
    0.7405101558E+01      0.7405101558E+01      0.5886261938E+00      0.5587371507E+00
    0.7404821564E+01      0.7404821564E+01      0.5988035009E+00      0.5071436805E+00
    0.6972775284E+01      0.6972775284E+01      0.1737895856E-01      0.1130223635E+01
    0.6973054380E+01      0.6973054380E+01      0.5203961901E-01      0.1128617602E+01
    0.6973654323E+01      0.6973654323E+01      0.8693816949E-01      0.1126624949E+01
    0.6975328115E+01      0.6975328115E+01      0.1214705785E+00      0.1123757110E+01
    0.6979146439E+01      0.6979146439E+01      0.1549399995E+00      0.1119469589E+01
    0.6986112701E+01      0.6986112701E+01      0.1868081246E+00      0.1111571744E+01
    0.6997274562E+01      0.6997274562E+01      0.2160422089E+00      0.1100178662E+01
    0.7013559984E+01      0.7013559984E+01      0.2418831094E+00      0.1084794933E+01
    0.7035480131E+01      0.7035480131E+01      0.2639793296E+00      0.1065303966E+01
    0.7062721885E+01      0.7062721885E+01      0.2826056308E+00      0.1042140250E+01
    0.7094452882E+01      0.7094452882E+01      0.2984668390E+00      0.1015963498E+01
    0.7130456474E+01      0.7130456474E+01      0.3118200629E+00      0.9851246543E+00
    0.7170826839E+01      0.7170826839E+01      0.3228955853E+00      0.9493830900E+00
    0.7213945095E+01      0.7213945095E+01      0.3333462422E+00      0.9094555215E+00
    0.7254182916E+01      0.7254182916E+01      0.3477364621E+00      0.8698024009E+00
    0.7288887069E+01      0.7288887069E+01      0.3655863706E+00      0.8324253193E+00
    0.7317833611E+01      0.7317833611E+01      0.3864150421E+00      0.7965204193E+00
    0.7341497691E+01      0.7341497691E+01      0.4111344010E+00      0.7603398294E+00
    0.7358943259E+01      0.7358943259E+01      0.4396204760E+00      0.7204828504E+00
    0.7372273381E+01      0.7372273381E+01      0.4685357932E+00      0.6802830639E+00
    0.7382794279E+01      0.7382794279E+01      0.4949685947E+00      0.6422192962E+00
    0.7387969964E+01      0.7387969964E+01      0.5144651064E+00      0.6004113566E+00
    0.7389752279E+01      0.7389752279E+01      0.5284694106E+00      0.5540835980E+00
    0.7389600338E+01      0.7389600338E+01      0.5380732704E+00      0.5042916655E+00
    0.7387425586E+01      0.7387425586E+01      0.5441236762E+00      0.4500740161E+00
    0.6942938292E+01      0.6942938292E+01      0.1689771946E-01      0.1116371805E+01
    0.6943810212E+01      0.6943810212E+01      0.5031058380E-01      0.1114190313E+01
    0.6945945504E+01      0.6945945504E+01      0.8358364736E-01      0.1110885876E+01
    0.6950068131E+01      0.6950068131E+01      0.1160227614E+00      0.1105943254E+01
    0.6957303862E+01      0.6957303862E+01      0.1468557172E+00      0.1098129102E+01
    0.6968656447E+01      0.6968656447E+01      0.1754258932E+00      0.1085879107E+01
    0.6985021144E+01      0.6985021144E+01      0.2007823193E+00      0.1069419116E+01
    0.7006824241E+01      0.7006824241E+01      0.2224844309E+00      0.1048690671E+01
    0.7033509392E+01      0.7033509392E+01      0.2408222998E+00      0.1024952826E+01
    0.7064808014E+01      0.7064808014E+01      0.2559868776E+00      0.9981231525E+00
    0.7101471325E+01      0.7101471325E+01      0.2675993356E+00      0.9661042793E+00
    0.7143778750E+01      0.7143778750E+01      0.2757013940E+00      0.9287070456E+00
    0.7188330605E+01      0.7188330605E+01      0.2832088693E+00      0.8882092076E+00
    0.7229614123E+01      0.7229614123E+01      0.2945311345E+00      0.8500921979E+00
    0.7265720215E+01      0.7265720215E+01      0.3092690870E+00      0.8146894489E+00
    0.7296593217E+01      0.7296593217E+01      0.3273342758E+00      0.7815210040E+00
    0.7321547255E+01      0.7321547255E+01      0.3501838406E+00      0.7476757511E+00
    0.7339827682E+01      0.7339827682E+01      0.3769490635E+00      0.7104857995E+00
    0.7353768161E+01      0.7353768161E+01      0.4047772653E+00      0.6732875722E+00
    0.7364711949E+01      0.7364711949E+01      0.4318135732E+00      0.6368795576E+00
    0.7371271594E+01      0.7371271594E+01      0.4528833760E+00      0.5978453033E+00
    0.7373547186E+01      0.7373547186E+01      0.4687042245E+00      0.5537755448E+00
    0.7373881947E+01      0.7373881947E+01      0.4788421153E+00      0.5054594350E+00
    0.7371893514E+01      0.7371893514E+01      0.4843322234E+00      0.4530463401E+00
    0.7368276745E+01      0.7368276745E+01      0.4867952833E+00      0.3957927505E+00
    0.6914788200E+01      0.6914788200E+01      0.1609136019E-01      0.1100843187E+01
    0.6916889502E+01      0.6916889502E+01      0.4722664104E-01      0.1097547361E+01
    0.6921590836E+01      0.6921590836E+01      0.7773721978E-01      0.1091932734E+01
    0.6929576285E+01      0.6929576285E+01      0.1069482127E+00      0.1083533595E+01
    0.6941752017E+01      0.6941752017E+01      0.1340660690E+00      0.1070853684E+01
    0.6958725551E+01      0.6958725551E+01      0.1585580325E+00      0.1053252104E+01
    0.6980531890E+01      0.6980531890E+01      0.1800033670E+00      0.1031668157E+01
    0.7006678873E+01      0.7006678873E+01      0.1984747547E+00      0.1007373617E+01
    0.7037648798E+01      0.7037648798E+01      0.2133945664E+00      0.9790419640E+00
    0.7074876406E+01      0.7074876406E+01      0.2237944154E+00      0.9455926245E+00
    0.7117830446E+01      0.7117830446E+01      0.2300816948E+00      0.9065879434E+00
    0.7161885442E+01      0.7161885442E+01      0.2364288941E+00      0.8667870019E+00
    0.7202812255E+01      0.7202812255E+01      0.2457397216E+00      0.8302041212E+00
    0.7239529305E+01      0.7239529305E+01      0.2577544355E+00      0.7969753118E+00
    0.7271746452E+01      0.7271746452E+01      0.2732933549E+00      0.7664714410E+00
    0.7297649410E+01      0.7297649410E+01      0.2939752549E+00      0.7345622121E+00
    0.7317534464E+01      0.7317534464E+01      0.3186894441E+00      0.7013264404E+00
    0.7332689656E+01      0.7332689656E+01      0.3452924052E+00      0.6673994361E+00
    0.7344105283E+01      0.7344105283E+01      0.3711081215E+00      0.6333009734E+00
    0.7352721387E+01      0.7352721387E+01      0.3934827640E+00      0.5981084905E+00
    0.7356328144E+01      0.7356328144E+01      0.4102213210E+00      0.5556352426E+00
    0.7357243652E+01      0.7357243652E+01      0.4210840916E+00      0.5099678790E+00
    0.7356119310E+01      0.7356119310E+01      0.4265142250E+00      0.4595782114E+00
    0.7352188902E+01      0.7352188902E+01      0.4276511041E+00      0.4038227191E+00
    0.7347867202E+01      0.7347867202E+01      0.4275186283E+00      0.3440305938E+00
    0.6891779777E+01      0.6891779777E+01      0.1472153990E-01      0.1080231772E+01
    0.6895691273E+01      0.6895691273E+01      0.4209187154E-01      0.1075338192E+01
    0.6903967214E+01      0.6903967214E+01      0.6839772665E-01      0.1066556472E+01
    0.6916858225E+01      0.6916858225E+01      0.9311654863E-01      0.1053854910E+01
    0.6934463928E+01      0.6934463928E+01      0.1158000815E+00      0.1036048900E+01
    0.6956276966E+01      0.6956276966E+01      0.1364709277E+00      0.1014204540E+01
    0.6982138246E+01      0.6982138246E+01      0.1547242632E+00      0.9891960295E+00
    0.7013211245E+01      0.7013211245E+01      0.1693173989E+00      0.9591447680E+00
    0.7050991363E+01      0.7050991363E+01      0.1789479720E+00      0.9236825820E+00
    0.7093180934E+01      0.7093180934E+01      0.1850445918E+00      0.8839105546E+00
    0.7135347593E+01      0.7135347593E+01      0.1918792041E+00      0.8457125429E+00
    0.7174672212E+01      0.7174672212E+01      0.2004589356E+00      0.8106186402E+00
    0.7211010276E+01      0.7211010276E+01      0.2107913943E+00      0.7793060567E+00
    0.7243567651E+01      0.7243567651E+01      0.2244538326E+00      0.7508126491E+00
    0.7270152313E+01      0.7270152313E+01      0.2427024889E+00      0.7214855457E+00
    0.7291649856E+01      0.7291649856E+01      0.2652097775E+00      0.6922754599E+00
    0.7308032843E+01      0.7308032843E+01      0.2901324753E+00      0.6613854703E+00
    0.7320911148E+01      0.7320911148E+01      0.3146149330E+00      0.6296730594E+00
    0.7331122514E+01      0.7331122514E+01      0.3369183780E+00      0.5977421655E+00
    0.7337242751E+01      0.7337242751E+01      0.3541481021E+00      0.5596491678E+00
    0.7339228378E+01      0.7339228378E+01      0.3653202802E+00      0.5156112271E+00
    0.7339316635E+01      0.7339316635E+01      0.3704575658E+00      0.4682527967E+00
    0.7335977980E+01      0.7335977980E+01      0.3712664582E+00      0.4150603902E+00
    0.7330814816E+01      0.7330814816E+01      0.3687907771E+00      0.3563773312E+00
    0.7326112419E+01      0.7326112419E+01      0.3669512572E+00      0.2949265524E+00
    0.6878671361E+01      0.6878671361E+01      0.1255778974E-01      0.1050532409E+01
    0.6884524389E+01      0.6884524389E+01      0.3441368900E-01      0.1044123724E+01
    0.6896195582E+01      0.6896195582E+01      0.5519292362E-01      0.1032570976E+01
    0.6913028045E+01      0.6913028045E+01      0.7485270557E-01      0.1016737286E+01
    0.6934333695E+01      0.6934333695E+01      0.9336256363E-01      0.9957766844E+00
    0.6960044218E+01      0.6960044218E+01      0.1101772010E+00      0.9697308053E+00
    0.6991513165E+01      0.6991513165E+01      0.1236037128E+00      0.9383653308E+00
    0.7029325812E+01      0.7029325812E+01      0.1326231408E+00      0.9011164198E+00
    0.7069588512E+01      0.7069588512E+01      0.1396850273E+00      0.8619120571E+00
    0.7108864380E+01      0.7108864380E+01      0.1480370765E+00      0.8253350081E+00
    0.7145824525E+01      0.7145824525E+01      0.1571159021E+00      0.7918270562E+00
    0.7180930153E+01      0.7180930153E+01      0.1670360147E+00      0.7622377413E+00
    0.7212814294E+01      0.7212814294E+01      0.1797604431E+00      0.7349553745E+00
    0.7239841964E+01      0.7239841964E+01      0.1963034202E+00      0.7086535465E+00
    0.7262384257E+01      0.7262384257E+01      0.2169101165E+00      0.6830531007E+00
    0.7280152716E+01      0.7280152716E+01      0.2398492098E+00      0.6552406290E+00
    0.7294632246E+01      0.7294632246E+01      0.2627906530E+00      0.6257394669E+00
    0.7306357582E+01      0.7306357582E+01      0.2839379695E+00      0.5958000659E+00
    0.7315072072E+01      0.7315072072E+01      0.3009005049E+00      0.5626471666E+00
    0.7319089037E+01      0.7319089037E+01      0.3122145590E+00      0.5218932859E+00
    0.7320184732E+01      0.7320184732E+01      0.3174451470E+00      0.4770656964E+00
    0.7318414100E+01      0.7318414100E+01      0.3176386228E+00      0.4271478458E+00
    0.7314238389E+01      0.7314238389E+01      0.3139470333E+00      0.3710086592E+00
    0.7307555640E+01      0.7307555640E+01      0.3085367768E+00      0.3106420964E+00
    0.7303479908E+01      0.7303479908E+01      0.3064038742E+00      0.2492039990E+00
    0.6876553597E+01      0.6876553597E+01      0.9575945044E-02      0.1013027979E+01
    0.6883507682E+01      0.6883507682E+01      0.2468525039E-01      0.1005916917E+01
    0.6896965584E+01      0.6896965584E+01      0.3936878288E-01      0.9928592651E+00
    0.6916213181E+01      0.6916213181E+01      0.5368931308E-01      0.9741866384E+00
    0.6941362472E+01      0.6941362472E+01      0.6694044621E-01      0.9483176313E+00
    0.6972904438E+01      0.6972904438E+01      0.7758689480E-01      0.9161831971E+00
    0.7009936808E+01      0.7009936808E+01      0.8550432056E-01      0.8780239432E+00
    0.7047676424E+01      0.7047676424E+01      0.9399994112E-01      0.8401445261E+00
    0.7083262622E+01      0.7083262622E+01      0.1040578657E+00      0.8054577948E+00
    0.7117232593E+01      0.7117232593E+01      0.1143639566E+00      0.7739106918E+00
    0.7150052853E+01      0.7150052853E+01      0.1250382175E+00      0.7457583465E+00
    0.7180218517E+01      0.7180218517E+01      0.1377621108E+00      0.7195923301E+00
    0.7207175882E+01      0.7207175882E+01      0.1535205545E+00      0.6959305848E+00
    0.7230261248E+01      0.7230261248E+01      0.1728506896E+00      0.6728747865E+00
    0.7249450571E+01      0.7249450571E+01      0.1941130300E+00      0.6483284625E+00
    0.7265362685E+01      0.7265362685E+01      0.2153973266E+00      0.6213940467E+00
    0.7278582511E+01      0.7278582511E+01      0.2350953605E+00      0.5932883010E+00
    0.7289270944E+01      0.7289270944E+01      0.2516493770E+00      0.5637704846E+00
    0.7296086266E+01      0.7296086266E+01      0.2629963682E+00      0.5272771513E+00
    0.7298795563E+01      0.7298795563E+01      0.2682284814E+00      0.4846734946E+00
    0.7298466218E+01      0.7298466218E+01      0.2679471196E+00      0.4378712480E+00
    0.7296037627E+01      0.7296037627E+01      0.2632651961E+00      0.3853659625E+00
    0.7289812592E+01      0.7289812592E+01      0.2554003331E+00      0.3275264634E+00
    0.7283017997E+01      0.7283017997E+01      0.2482822295E+00      0.2669187986E+00
    0.7280411933E+01      0.7280411933E+01      0.2464555185E+00      0.2072543450E+00
    0.6883260545E+01      0.6883260545E+01      0.6010434147E-02      0.9683359143E+00
    0.6890992777E+01      0.6890992777E+01      0.1366643002E-01      0.9600801535E+00
    0.6906317031E+01      0.6906317031E+01      0.2137224199E-01      0.9444355145E+00
    0.6929101257E+01      0.6929101257E+01      0.2865337266E-01      0.9219853604E+00
    0.6958876010E+01      0.6958876010E+01      0.3452063811E-01      0.8909056675E+00
    0.6994121956E+01      0.6994121956E+01      0.3981342397E-01      0.8535412895E+00
    0.7028297574E+01      0.7028297574E+01      0.4854155954E-01      0.8178517305E+00
    0.7059889069E+01      0.7059889069E+01      0.5978406524E-01      0.7851267236E+00
    0.7090032765E+01      0.7090032765E+01      0.7170446363E-01      0.7560364958E+00
    0.7119400557E+01      0.7119400557E+01      0.8393772793E-01      0.7294723603E+00
    0.7146921319E+01      0.7146921319E+01      0.9743747713E-01      0.7051684575E+00
    0.7172749567E+01      0.7172749567E+01      0.1134073581E+00      0.6837996700E+00
    0.7195761734E+01      0.7195761734E+01      0.1323163234E+00      0.6623366607E+00
    0.7216178085E+01      0.7216178085E+01      0.1527917955E+00      0.6401581237E+00
    0.7233745734E+01      0.7233745734E+01      0.1725738753E+00      0.6160993147E+00
    0.7248368142E+01      0.7248368142E+01      0.1903241865E+00      0.5901610852E+00
    0.7260758499E+01      0.7260758499E+01      0.2060093369E+00      0.5627073276E+00
    0.7269957964E+01      0.7269957964E+01      0.2171701112E+00      0.5307850915E+00
    0.7274641299E+01      0.7274641299E+01      0.2224632349E+00      0.4913579343E+00
    0.7275780793E+01      0.7275780793E+01      0.2219469524E+00      0.4466772109E+00
    0.7275197648E+01      0.7275197648E+01      0.2163633499E+00      0.3977667326E+00
    0.7270865285E+01      0.7270865285E+01      0.2067807028E+00      0.3433435847E+00
    0.7262893633E+01      0.7262893633E+01      0.1959442987E+00      0.2845917380E+00
    0.7257692393E+01      0.7257692393E+01      0.1892093561E+00      0.2258254023E+00
    0.7256723123E+01      0.7256723123E+01      0.1878304678E+00      0.1689331418E+00
    0.6902733706E+01      0.6902733706E+01      0.1880407241E-02      0.9117236846E+00
    0.6911786220E+01      0.6911786220E+01      0.7910777835E-03      0.9017187123E+00
    0.6929145464E+01      0.6929145464E+01      0.6056737571E-04      0.8835407690E+00
    0.6954002122E+01      0.6954002122E+01     -0.7097968841E-03      0.8582025463E+00
    0.6985195398E+01      0.6985195398E+01     -0.6999143738E-03      0.8245825037E+00
    0.7014283580E+01      0.7014283580E+01      0.5787081959E-02      0.7922304734E+00
    0.7040781379E+01      0.7040781379E+01      0.1670365460E-01      0.7629949716E+00
    0.7066008532E+01      0.7066008532E+01      0.2961313017E-01      0.7366135592E+00
    0.7090863978E+01      0.7090863978E+01      0.4333465989E-01      0.7124802324E+00
    0.7114730960E+01      0.7114730960E+01      0.5806707820E-01      0.6908227258E+00
    0.7137910953E+01      0.7137910953E+01      0.7503517447E-01      0.6715308306E+00
    0.7159758838E+01      0.7159758838E+01      0.9409029681E-01      0.6518582711E+00
    0.7180592532E+01      0.7180592532E+01      0.1142300086E+00      0.6310593342E+00
    0.7199767914E+01      0.7199767914E+01      0.1333319508E+00      0.6096610646E+00
    0.7216095115E+01      0.7216095115E+01      0.1498529222E+00      0.5864045146E+00
    0.7229905667E+01      0.7229905667E+01      0.1639438843E+00      0.5605944415E+00
    0.7240864249E+01      0.7240864249E+01      0.1742697856E+00      0.5321681603E+00
    0.7247801519E+01      0.7247801519E+01      0.1792603819E+00      0.4966886225E+00
    0.7250546795E+01      0.7250546795E+01      0.1789186469E+00      0.4542537124E+00
    0.7251406283E+01      0.7251406283E+01      0.1731493519E+00      0.4075091868E+00
    0.7248999752E+01      0.7248999752E+01      0.1625733542E+00      0.3569360764E+00
    0.7241932195E+01      0.7241932195E+01      0.1494249989E+00      0.3009360063E+00
    0.7234861491E+01      0.7234861491E+01      0.1380443248E+00      0.2434271188E+00
    0.7231564309E+01      0.7231564309E+01      0.1324345253E+00      0.1875879121E+00
    0.7232389788E+01      0.7232389788E+01      0.1316751533E+00      0.1337559804E+00
    0.6938492102E+01      0.6938492102E+01     -0.2532575378E-02      0.8394133686E+00
    0.6949594169E+01      0.6949594169E+01     -0.1401648169E-01      0.8273721362E+00
    0.6966689594E+01      0.6966689594E+01     -0.2348589555E-01      0.8087719832E+00
    0.6987883655E+01      0.6987883655E+01     -0.3003695207E-01      0.7859729002E+00
    0.7011492818E+01      0.7011492818E+01     -0.2905225999E-01      0.7581527036E+00
    0.7030273979E+01      0.7030273979E+01     -0.2158656038E-01      0.7346230227E+00
    0.7048746146E+01      0.7048746146E+01     -0.9737701241E-02      0.7129381119E+00
    0.7067308886E+01      0.7067308886E+01      0.4226541921E-02      0.6933709765E+00
    0.7086086020E+01      0.7086086020E+01      0.1986609598E-01      0.6746044735E+00
    0.7105094243E+01      0.7105094243E+01      0.3787565266E-01      0.6577130703E+00
    0.7124268075E+01      0.7124268075E+01      0.5784244795E-01      0.6400259505E+00
    0.7143911178E+01      0.7143911178E+01      0.7792001532E-01      0.6213099206E+00
    0.7163468195E+01      0.7163468195E+01      0.9675399044E-01      0.6018180255E+00
    0.7181641248E+01      0.7181641248E+01      0.1130680489E+00      0.5814101106E+00
    0.7197226118E+01      0.7197226118E+01      0.1260548569E+00      0.5580442532E+00
    0.7209674375E+01      0.7209674375E+01      0.1350985940E+00      0.5318043301E+00
    0.7218561833E+01      0.7218561833E+01      0.1393217073E+00      0.5000059047E+00
    0.7223251658E+01      0.7223251658E+01      0.1389232349E+00      0.4603101298E+00
    0.7225390434E+01      0.7225390434E+01      0.1331774405E+00      0.4155492574E+00
    0.7224366489E+01      0.7224366489E+01      0.1221669583E+00      0.3676607629E+00
    0.7219094977E+01      0.7219094977E+01      0.1079576621E+00      0.3148607400E+00
    0.7210687987E+01      0.7210687987E+01      0.9304664727E-01      0.2588014720E+00
    0.7206071748E+01      0.7206071748E+01      0.8314679867E-01      0.2044209007E+00
    0.7204987202E+01      0.7204987202E+01      0.7875399041E-01      0.1521441051E+00
    0.7207940132E+01      0.7207940132E+01      0.7928110102E-01      0.1018017052E+00
    0.6996472396E+01      0.6996472396E+01     -0.8116489073E-02      0.7465506507E+00
    0.7004566179E+01      0.7004566179E+01     -0.2932309456E-01      0.7366125427E+00
    0.7014580260E+01      0.7014580260E+01     -0.4353627621E-01      0.7236858401E+00
    0.7024704791E+01      0.7024704791E+01     -0.5063279272E-01      0.7104881856E+00
    0.7035962866E+01      0.7035962866E+01     -0.4861120941E-01      0.6934012174E+00
    0.7044557114E+01      0.7044557114E+01     -0.4149796246E-01      0.6793760757E+00
    0.7053923788E+01      0.7053923788E+01     -0.3009049103E-01      0.6663761682E+00
    0.7064873477E+01      0.7064873477E+01     -0.1528406141E-01      0.6536878439E+00
    0.7077485364E+01      0.7077485364E+01      0.2886252114E-02      0.6406150176E+00
    0.7092026735E+01      0.7092026735E+01      0.2376168209E-01      0.6255813061E+00
    0.7108775290E+01      0.7108775290E+01      0.4418694254E-01      0.6088510555E+00
    0.7126710450E+01      0.7126710450E+01      0.6251763001E-01      0.5921497841E+00
    0.7145182379E+01      0.7145182379E+01      0.7868328483E-01      0.5742113783E+00
    0.7162596974E+01      0.7162596974E+01      0.9163191941E-01      0.5539888418E+00
    0.7176647174E+01      0.7176647174E+01      0.9963572885E-01      0.5301499671E+00
    0.7187199318E+01      0.7187199318E+01      0.1029853827E+00      0.5011718153E+00
    0.7193949313E+01      0.7193949313E+01      0.1022463020E+00      0.4648996740E+00
    0.7197470148E+01      0.7197470148E+01      0.9618792699E-01      0.4223821367E+00
    0.7197531544E+01      0.7197531544E+01      0.8472331623E-01      0.3763775147E+00
    0.7193713817E+01      0.7193713817E+01      0.6988053918E-01      0.3262635296E+00
    0.7185349724E+01      0.7185349724E+01      0.5274321593E-01      0.2719916946E+00
    0.7178856176E+01      0.7178856176E+01      0.3930148938E-01      0.2185611024E+00
    0.7176139996E+01      0.7176139996E+01      0.3169169261E-01      0.1674030991E+00
    0.7178298954E+01      0.7178298954E+01      0.2861588812E-01      0.1195114367E+00
    0.7184216027E+01      0.7184216027E+01      0.3153968547E-01      0.7324399437E-01
    0.7078605830E+01      0.7078605830E+01     -0.1241211307E-01      0.6290696599E+00
    0.7075122836E+01      0.7075122836E+01     -0.3613006228E-01      0.6298816999E+00
    0.7068956624E+01      0.7068956624E+01     -0.5145491276E-01      0.6320655307E+00
    0.7063019882E+01      0.7063019882E+01     -0.5946973774E-01      0.6338477970E+00
    0.7061259632E+01      0.7061259632E+01     -0.5940303419E-01      0.6292729958E+00
    0.7058677300E+01      0.7058677300E+01     -0.5337151341E-01      0.6256527354E+00
    0.7058325557E+01      0.7058325557E+01     -0.4231370811E-01      0.6212536164E+00
    0.7060894211E+01      0.7060894211E+01     -0.2660872787E-01      0.6151125046E+00
    0.7067300599E+01      0.7067300599E+01     -0.7082269915E-02      0.6055110799E+00
    0.7078557875E+01      0.7078557875E+01      0.1306880825E-01      0.5923208359E+00
    0.7092838840E+01      0.7092838840E+01      0.3173734633E-01      0.5786048283E+00
    0.7109073136E+01      0.7109073136E+01      0.4723037624E-01      0.5637121246E+00
    0.7126403207E+01      0.7126403207E+01      0.5985581601E-01      0.5469580256E+00
    0.7142164772E+01      0.7142164772E+01      0.6794336617E-01      0.5262540650E+00
    0.7154082398E+01      0.7154082398E+01      0.7062360988E-01      0.4999539862E+00
    0.7162691196E+01      0.7162691196E+01      0.6909413217E-01      0.4672073599E+00
    0.7167792407E+01      0.7167792407E+01      0.6246881905E-01      0.4280403149E+00
    0.7168900966E+01      0.7168900966E+01      0.5011499393E-01      0.3840198077E+00
    0.7166315249E+01      0.7166315249E+01      0.3460413224E-01      0.3357646957E+00
    0.7158959061E+01      0.7158959061E+01      0.1660509437E-01      0.2835117361E+00
    0.7150612154E+01      0.7150612154E+01     -0.1304355799E-03      0.2302733873E+00
    0.7146770992E+01      0.7146770992E+01     -0.1100968807E-01      0.1803339086E+00
    0.7146923831E+01      0.7146923831E+01     -0.1652423445E-01      0.1335890536E+00
    0.7152280806E+01      0.7152280806E+01     -0.1682020091E-01      0.9001674023E-01
    0.7162109062E+01      0.7162109062E+01     -0.1189604152E-01      0.4868375572E-01
    0.7160704626E+01      0.7160704626E+01     -0.1186850043E-01      0.5118161785E+00
    0.7149442128E+01      0.7149442128E+01     -0.2944715206E-01      0.5191519449E+00
    0.7130528799E+01      0.7130528799E+01     -0.4315563518E-01      0.5336644311E+00
    0.7106251126E+01      0.7106251126E+01     -0.5522350969E-01      0.5534309478E+00
    0.7088556139E+01      0.7088556139E+01     -0.5826441452E-01      0.5638642894E+00
    0.7074070245E+01      0.7074070245E+01     -0.5484436727E-01      0.5710877439E+00
    0.7063852765E+01      0.7063852765E+01     -0.4561934545E-01      0.5747484443E+00
    0.7059337007E+01      0.7059337007E+01     -0.3022249147E-01      0.5726906265E+00
    0.7060199991E+01      0.7060199991E+01     -0.1180682243E-01      0.5668282278E+00
    0.7066494410E+01      0.7066494410E+01      0.5055703228E-02      0.5580350410E+00
    0.7077515235E+01      0.7077515235E+01      0.1993918238E-01      0.5477052125E+00
    0.7091650506E+01      0.7091650506E+01      0.3148540385E-01      0.5346743805E+00
    0.7107096397E+01      0.7107096397E+01      0.3977975743E-01      0.5185881338E+00
    0.7119965626E+01      0.7119965626E+01      0.4220878719E-01      0.4956308994E+00
    0.7129836246E+01      0.7129836246E+01      0.3990030984E-01      0.4662349294E+00
    0.7136313980E+01      0.7136313980E+01      0.3238076592E-01      0.4312033505E+00
    0.7138773264E+01      0.7138773264E+01      0.1909993814E-01      0.3899635754E+00
    0.7137256470E+01      0.7137256470E+01      0.2332873910E-02      0.3436369357E+00
    0.7131064659E+01      0.7131064659E+01     -0.1656823186E-01      0.2932395282E+00
    0.7121706026E+01      0.7121706026E+01     -0.3603131663E-01      0.2404403908E+00
    0.7116165071E+01      0.7116165071E+01     -0.4999112202E-01      0.1906608944E+00
    0.7114605875E+01      0.7114605875E+01     -0.5770811200E-01      0.1445420723E+00
    0.7118874088E+01      0.7118874088E+01     -0.6086792262E-01      0.1029327761E+00
    0.7127761063E+01      0.7127761063E+01     -0.5806535339E-01      0.6419576044E-01
    0.7141589053E+01      0.7141589053E+01     -0.5028721634E-01      0.2792308828E-01
    0.7225768031E+01      0.7225768031E+01     -0.8170650867E-02      0.4107488274E+00
    0.7212631998E+01      0.7212631998E+01     -0.1732996516E-01      0.4201750327E+00
    0.7189193518E+01      0.7189193518E+01     -0.2679216663E-01      0.4389213677E+00
    0.7157212318E+01      0.7157212318E+01     -0.3572763671E-01      0.4656703499E+00
    0.7122247475E+01      0.7122247475E+01     -0.4383458244E-01      0.4929022069E+00
    0.7095748004E+01      0.7095748004E+01     -0.4404436425E-01      0.5106590032E+00
    0.7074948360E+01      0.7074948360E+01     -0.3870958065E-01      0.5223482611E+00
    0.7061984691E+01      0.7061984691E+01     -0.2774113839E-01      0.5265359167E+00
    0.7057009155E+01      0.7057009155E+01     -0.1342013291E-01      0.5250850458E+00
    0.7058136395E+01      0.7058136395E+01     -0.1581191856E-03      0.5218354413E+00
    0.7064619254E+01      0.7064619254E+01      0.9230381314E-02      0.5144660314E+00
    0.7075368914E+01      0.7075368914E+01      0.1578989457E-01      0.5035865203E+00
    0.7086855816E+01      0.7086855816E+01      0.1807797624E-01      0.4865647152E+00
    0.7096694130E+01      0.7096694130E+01      0.1505587727E-01      0.4606374934E+00
    0.7103801126E+01      0.7103801126E+01      0.6306219532E-02      0.4300805918E+00
    0.7107289391E+01      0.7107289391E+01     -0.7948631605E-02      0.3928328782E+00
    0.7106465454E+01      0.7106465454E+01     -0.2601136475E-01      0.3491604063E+00
    0.7101522225E+01      0.7101522225E+01     -0.4636620978E-01      0.3010733925E+00
    0.7092582163E+01      0.7092582163E+01     -0.6792131273E-01      0.2497184220E+00
    0.7085621670E+01      0.7085621670E+01     -0.8487057960E-01      0.1999194917E+00
    0.7082523363E+01      0.7082523363E+01     -0.9545263448E-01      0.1539826452E+00
    0.7085046094E+01      0.7085046094E+01     -0.1008708091E+00      0.1131943630E+00
    0.7093040643E+01      0.7093040643E+01     -0.1000579285E+00      0.7646237690E-01
    0.7105786316E+01      0.7105786316E+01     -0.9422785138E-01      0.4269875195E-01
    0.7123909042E+01      0.7123909042E+01     -0.8395961528E-01      0.1195159556E-01
    0.7273737992E+01      0.7273737992E+01     -0.3963065946E-02      0.3265933784E+00
    0.7260998059E+01      0.7260998059E+01     -0.4689723883E-02      0.3360652546E+00
    0.7238142752E+01      0.7238142752E+01     -0.7088171933E-02      0.3539524065E+00
    0.7206090989E+01      0.7206090989E+01     -0.1020925337E-01      0.3800554042E+00
    0.7166906377E+01      0.7166906377E+01     -0.1567016948E-01      0.4114847999E+00
    0.7127670767E+01      0.7127670767E+01     -0.2084852681E-01      0.4401371995E+00
    0.7096248035E+01      0.7096248035E+01     -0.2108433526E-01      0.4601891914E+00
    0.7072930288E+01      0.7072930288E+01     -0.1800947091E-01      0.4733661655E+00
    0.7059320813E+01      0.7059320813E+01     -0.1181701373E-01      0.4802422223E+00
    0.7054297509E+01      0.7054297509E+01     -0.4731110039E-02      0.4809495439E+00
    0.7055145503E+01      0.7055145503E+01      0.3484600457E-03      0.4780811960E+00
    0.7059665311E+01      0.7059665311E+01      0.1703599136E-03      0.4676124640E+00
    0.7066688972E+01      0.7066688972E+01     -0.4041743863E-02      0.4482344807E+00
    0.7072159857E+01      0.7072159857E+01     -0.1434406457E-01      0.4227140280E+00
    0.7075634064E+01      0.7075634064E+01     -0.3042872312E-01      0.3904819615E+00
    0.7075115104E+01      0.7075115104E+01     -0.5031634734E-01      0.3505486204E+00
    0.7070580958E+01      0.7070580958E+01     -0.7264002618E-01      0.3052339616E+00
    0.7062038964E+01      0.7062038964E+01     -0.9643142324E-01      0.2559598815E+00
    0.7054101617E+01      0.7054101617E+01     -0.1164610193E+00      0.2067638552E+00
    0.7050143907E+01      0.7050143907E+01     -0.1300742262E+00      0.1611689291E+00
    0.7050761314E+01      0.7050761314E+01     -0.1374464591E+00      0.1207837316E+00
    0.7057965454E+01      0.7057965454E+01     -0.1387237810E+00      0.8554802624E-01
    0.7069716297E+01      0.7069716297E+01     -0.1340582797E+00      0.5384495630E-01
    0.7086708443E+01      0.7086708443E+01     -0.1249949370E+00      0.2553941331E-01
    0.7109268012E+01      0.7109268012E+01     -0.1124177220E+00      0.7378253651E-03
    0.7304963341E+01      0.7304963341E+01      0.6030809236E-04      0.2558591915E+00
    0.7293589908E+01      0.7293589908E+01      0.6908963822E-02      0.2643585099E+00
    0.7274237171E+01      0.7274237171E+01      0.1149677958E-01      0.2786580289E+00
    0.7246272904E+01      0.7246272904E+01      0.1461983553E-01      0.3011704701E+00
    0.7211230942E+01      0.7211230942E+01      0.1535835672E-01      0.3289829966E+00
    0.7171040098E+01      0.7171040098E+01      0.1262992561E-01      0.3590379492E+00
    0.7129903778E+01      0.7129903778E+01      0.5410130237E-02      0.3875185410E+00
    0.7095151758E+01      0.7095151758E+01     -0.2612053166E-03      0.4104672319E+00
    0.7070900728E+01      0.7070900728E+01     -0.3403392280E-02      0.4263663339E+00
    0.7056527077E+01      0.7056527077E+01     -0.4506531660E-02      0.4343884408E+00
    0.7048748696E+01      0.7048748696E+01     -0.8324928056E-02      0.4340324572E+00
    0.7046291541E+01      0.7046291541E+01     -0.1467089093E-01      0.4243185739E+00
    0.7046243614E+01      0.7046243614E+01     -0.2661851562E-01      0.4054381604E+00
    0.7046666119E+01      0.7046666119E+01     -0.4525874223E-01      0.3797926754E+00
    0.7045031637E+01      0.7045031637E+01     -0.6777140671E-01      0.3456467407E+00
    0.7039427862E+01      0.7039427862E+01     -0.9296727918E-01      0.3041081784E+00
    0.7030782342E+01      0.7030782342E+01     -0.1197105923E+00      0.2577403187E+00
    0.7022424237E+01      0.7022424237E+01     -0.1430984563E+00      0.2105106642E+00
    0.7017846954E+01      0.7017846954E+01     -0.1599506402E+00      0.1660578436E+00
    0.7016928343E+01      0.7016928343E+01     -0.1697309802E+00      0.1258402649E+00
    0.7023107042E+01      0.7023107042E+01     -0.1737583134E+00      0.9214990827E-01
    0.7034251497E+01      0.7034251497E+01     -0.1705597727E+00      0.6209998674E-01
    0.7050132654E+01      0.7050132654E+01     -0.1625776886E+00      0.3588146535E-01
    0.7071554738E+01      0.7071554738E+01     -0.1507430914E+00      0.1342529288E-01
    0.7097926994E+01      0.7097926994E+01     -0.1359267024E+00     -0.6044363118E-02
    0.7324771752E+01      0.7324771752E+01      0.3577114452E-02      0.1986292429E+00
    0.7315437666E+01      0.7315437666E+01      0.1672569444E-01      0.2050207547E+00
    0.7300517226E+01      0.7300517226E+01      0.2724538858E-01      0.2152400757E+00
    0.7278451062E+01      0.7278451062E+01      0.3605973488E-01      0.2327375835E+00
    0.7249262869E+01      0.7249262869E+01      0.4115929527E-01      0.2544704130E+00
    0.7213108672E+01      0.7213108672E+01      0.4239381136E-01      0.2795543651E+00
    0.7172843005E+01      0.7172843005E+01      0.3764578004E-01      0.3065760382E+00
    0.7130286184E+01      0.7130286184E+01      0.2544163003E-01      0.3367028443E+00
    0.7093159913E+01      0.7093159913E+01      0.1231540558E-01      0.3616206343E+00
    0.7066162782E+01      0.7066162782E+01      0.6191803729E-03      0.3770670507E+00
    0.7047698293E+01      0.7047698293E+01     -0.1219543809E-01      0.3802007364E+00
    0.7035110463E+01      0.7035110463E+01     -0.2837986127E-01      0.3729145658E+00
    0.7026471557E+01      0.7026471557E+01     -0.4997155106E-01      0.3562937260E+00
    0.7019641689E+01      0.7019641689E+01     -0.7625347882E-01      0.3302780684E+00
    0.7011251173E+01      0.7011251173E+01     -0.1057213190E+00      0.2941612243E+00
    0.7000413658E+01      0.7000413658E+01     -0.1366673941E+00      0.2513948718E+00
    0.6990797680E+01      0.6990797680E+01     -0.1639485727E+00      0.2076823119E+00
    0.6985241827E+01      0.6985241827E+01     -0.1846340419E+00      0.1659393468E+00
    0.6983627525E+01      0.6983627525E+01     -0.1975132210E+00      0.1270998767E+00
    0.6988210007E+01      0.6988210007E+01     -0.2040055908E+00      0.9491459549E-01
    0.6999026551E+01      0.6999026551E+01     -0.2023371678E+00      0.6703594423E-01
    0.7014394082E+01      0.7014394082E+01     -0.1953255711E+00      0.4286787688E-01
    0.7034744510E+01      0.7034744510E+01     -0.1837775281E+00      0.2258370134E-01
    0.7060188774E+01      0.7060188774E+01     -0.1692200527E+00      0.5815709113E-02
    0.7089902653E+01      0.7089902653E+01     -0.1521834074E+00     -0.9164697203E-02
    0.7332377265E+01      0.7332377265E+01      0.6068166922E-02      0.1468356820E+00
    0.7325587873E+01      0.7325587873E+01      0.2290605992E-01      0.1504305762E+00
    0.7315091397E+01      0.7315091397E+01      0.3744451938E-01      0.1571300916E+00
    0.7299473128E+01      0.7299473128E+01      0.5061124405E-01      0.1706449358E+00
    0.7277469171E+01      0.7277469171E+01      0.6068857693E-01      0.1872327103E+00
    0.7248029658E+01      0.7248029658E+01      0.6649440034E-01      0.2071523845E+00
    0.7211395768E+01      0.7211395768E+01      0.6606298054E-01      0.2299628421E+00
    0.7170665178E+01      0.7170665178E+01      0.5710051937E-01      0.2565574669E+00
    0.7126650613E+01      0.7126650613E+01      0.3756729161E-01      0.2849024396E+00
    0.7085238375E+01      0.7085238375E+01      0.1245144375E-01      0.3070469981E+00
    0.7052089132E+01      0.7052089132E+01     -0.1339788459E-01      0.3160826724E+00
    0.7026840164E+01      0.7026840164E+01     -0.4157126677E-01      0.3118755016E+00
    0.7007490064E+01      0.7007490064E+01     -0.7322311031E-01      0.2976382941E+00
    0.6991185187E+01      0.6991185187E+01     -0.1082917023E+00      0.2714027499E+00
    0.6974839363E+01      0.6974839363E+01     -0.1449059430E+00      0.2340067915E+00
    0.6962348752E+01      0.6962348752E+01     -0.1765568592E+00      0.1955005144E+00
    0.6955376150E+01      0.6955376150E+01     -0.2019347182E+00      0.1589895661E+00
    0.6952682996E+01      0.6952682996E+01     -0.2195626148E+00      0.1238870266E+00
    0.6954799429E+01      0.6954799429E+01     -0.2293323729E+00      0.9247007700E-01
    0.6964989059E+01      0.6964989059E+01     -0.2306148018E+00      0.6807533670E-01
    0.6979671813E+01      0.6979671813E+01     -0.2248798552E+00      0.4605281757E-01
    0.6999329176E+01      0.6999329176E+01     -0.2142816064E+00      0.2801436533E-01
    0.7023617249E+01      0.7023617249E+01     -0.1997938400E+00      0.1345815206E-01
    0.7052225414E+01      0.7052225414E+01     -0.1827817068E+00      0.1457947326E-02
    0.7084383629E+01      0.7084383629E+01     -0.1639576261E+00     -0.1002646255E-01
    0.7336678421E+01      0.7336678421E+01      0.8672466380E-02      0.1034812359E+00
    0.7332692377E+01      0.7332692377E+01      0.2868357705E-01      0.1053373023E+00
    0.7325910179E+01      0.7325910179E+01      0.4660579638E-01      0.1092714416E+00
    0.7315241694E+01      0.7315241694E+01      0.6312464990E-01      0.1184068275E+00
    0.7299015139E+01      0.7299015139E+01      0.7684604242E-01      0.1291565199E+00
    0.7275623457E+01      0.7275623457E+01      0.8565107788E-01      0.1426654176E+00
    0.7243093852E+01      0.7243093852E+01      0.8808119320E-01      0.1594237554E+00
    0.7205456020E+01      0.7205456020E+01      0.8145684401E-01      0.1804960274E+00
    0.7161069051E+01      0.7161069051E+01      0.6395730821E-01      0.2040385289E+00
    0.7111433887E+01      0.7111433887E+01      0.3221829641E-01      0.2251764045E+00
    0.7062639100E+01      0.7062639100E+01     -0.8836279351E-02      0.2388354785E+00
    0.7021964608E+01      0.7021964608E+01     -0.5130303128E-01      0.2381676729E+00
    0.6989484226E+01      0.6989484226E+01     -0.9391101726E-01      0.2266245383E+00
    0.6962098675E+01      0.6962098675E+01     -0.1388165452E+00      0.1997336636E+00
    0.6941225111E+01      0.6941225111E+01     -0.1788708181E+00      0.1669691573E+00
    0.6930015248E+01      0.6930015248E+01     -0.2098719054E+00      0.1377793178E+00
    0.6924616807E+01      0.6924616807E+01     -0.2334890235E+00      0.1096964213E+00
    0.6924760322E+01      0.6924760322E+01     -0.2483165092E+00      0.8320107639E-01
    0.6932956720E+01      0.6932956720E+01     -0.2547201286E+00      0.6191068671E-01
    0.6946537195E+01      0.6946537195E+01     -0.2503175535E+00      0.4419804806E-01
    0.6965462358E+01      0.6965462358E+01     -0.2413087309E+00      0.2897958669E-01
    0.6988773855E+01      0.6988773855E+01     -0.2274853585E+00      0.1685832286E-01
    0.7016253464E+01      0.7016253464E+01     -0.2106860835E+00      0.7469967271E-02
    0.7047056292E+01      0.7047056292E+01     -0.1919358242E+00     -0.6810997876E-03
    0.7080666569E+01      0.7080666569E+01     -0.1725216398E+00     -0.9080314678E-02
    0.7335687902E+01      0.7335687902E+01      0.1013503428E-01      0.6006775913E-01
    0.7333275979E+01      0.7333275979E+01      0.3166100421E-01      0.6051237843E-01
    0.7329037241E+01      0.7329037241E+01      0.5101464898E-01      0.6242772800E-01
    0.7322176062E+01      0.7322176062E+01      0.6923364564E-01      0.6803698616E-01
    0.7310930139E+01      0.7310930139E+01      0.8577719593E-01      0.7466950843E-01
    0.7293155805E+01      0.7293155805E+01      0.9784852995E-01      0.8332104036E-01
    0.7265834345E+01      0.7265834345E+01      0.1034100910E+00      0.9419655543E-01
    0.7230731847E+01      0.7230731847E+01      0.9927871787E-01      0.1078560325E+00
    0.7187479605E+01      0.7187479605E+01      0.8319888922E-01      0.1238946882E+00
    0.7134705457E+01      0.7134705457E+01      0.5090823933E-01      0.1393564013E+00
    0.7076049724E+01      0.7076049724E+01      0.7363358035E-03      0.1499215330E+00
    0.7019569383E+01      0.7019569383E+01     -0.5606577702E-01      0.1512725347E+00
    0.6972619402E+01      0.6972619402E+01     -0.1119436157E+00      0.1423027603E+00
    0.6936222245E+01      0.6936222245E+01     -0.1637080445E+00      0.1209577102E+00
    0.6915956063E+01      0.6915956063E+01     -0.2029031160E+00      0.1003294286E+00
    0.6907076573E+01      0.6907076573E+01     -0.2326623568E+00      0.8227289677E-01
    0.6903813324E+01      0.6903813324E+01     -0.2544899409E+00      0.6450030772E-01
    0.6906368724E+01      0.6906368724E+01     -0.2674226866E+00      0.4755135522E-01
    0.6918939273E+01      0.6918939273E+01     -0.2702954600E+00      0.3561998186E-01
    0.6935079949E+01      0.6935079949E+01     -0.2630953755E+00      0.2462939352E-01
    0.6956912470E+01      0.6956912470E+01     -0.2515402130E+00      0.1588747641E-01
    0.6982688358E+01      0.6982688358E+01     -0.2356087246E+00      0.8956788685E-02
    0.7012000267E+01      0.7012000267E+01     -0.2172668643E+00      0.3639664626E-02
    0.7044128046E+01      0.7044128046E+01     -0.1978735890E+00     -0.1258213871E-02
    0.7078261601E+01      0.7078261601E+01     -0.1785180983E+00     -0.6390266799E-02
    0.7335792249E+01      0.7335792249E+01      0.1088887306E-01      0.1985093824E-01
    0.7334377964E+01      0.7334377964E+01      0.3329823308E-01      0.2022444985E-01
    0.7331646152E+01      0.7331646152E+01      0.5378608811E-01      0.2117795318E-01
    0.7326968251E+01      0.7326968251E+01      0.7329938386E-01      0.2349741846E-01
    0.7318450547E+01      0.7318450547E+01      0.9157769470E-01      0.2624834569E-01
    0.7303551443E+01      0.7303551443E+01      0.1056478960E+00      0.2969681051E-01
    0.7278855654E+01      0.7278855654E+01      0.1129204232E+00      0.3378588285E-01
    0.7244989265E+01      0.7244989265E+01      0.1101567022E+00      0.3864242750E-01
    0.7202333774E+01      0.7202333774E+01      0.9523146018E-01      0.4422859971E-01
    0.7148708835E+01      0.7148708835E+01      0.6247757820E-01      0.4920015259E-01
    0.7084748223E+01      0.7084748223E+01      0.9490465911E-02      0.5175402517E-01
    0.7018140378E+01      0.7018140378E+01     -0.5690683234E-01      0.5032446780E-01
    0.6959500035E+01      0.6959500035E+01     -0.1234156715E+00      0.4491590625E-01
    0.6919210365E+01      0.6919210365E+01     -0.1789003259E+00      0.3691065059E-01
    0.6900218778E+01      0.6900218778E+01     -0.2175745606E+00      0.3039284793E-01
    0.6892138710E+01      0.6892138710E+01     -0.2467255795E+00      0.2441469584E-01
    0.6890178229E+01      0.6890178229E+01     -0.2679405164E+00      0.1876463361E-01
    0.6895575736E+01      0.6895575736E+01     -0.2794970715E+00      0.1369220501E-01
    0.6910257793E+01      0.6910257793E+01     -0.2790318031E+00      0.1018992432E-01
    0.6928689961E+01      0.6928689961E+01     -0.2701792725E+00      0.6937031368E-02
    0.6952262934E+01      0.6952262934E+01     -0.2566950636E+00      0.4376831819E-02
    0.6979494605E+01      0.6979494605E+01     -0.2395420577E+00      0.2332739486E-02
    0.7009766675E+01      0.7009766675E+01     -0.2204197681E+00      0.7389979705E-03
    0.7042629072E+01      0.7042629072E+01     -0.2009709264E+00     -0.8488252626E-03
    0.7077090182E+01      0.7077090182E+01     -0.1820334483E+00     -0.2473593160E-02
