    0.0000000000E+00      0.2000000000E+02      0.0000000000E+00      0.0000000000E+00
    0.6220954717E+01      0.6220954717E+01     -0.2529435274E-02      0.2592201778E-01
    0.6221669181E+01      0.6221669181E+01     -0.6287439844E-02      0.2582522861E-01
    0.6223859205E+01      0.6223859205E+01     -0.1099731953E-01      0.2524087784E-01
    0.6227211799E+01      0.6227211799E+01     -0.1577153990E-01      0.2457410302E-01
    0.6232910444E+01      0.6232910444E+01     -0.2158961067E-01      0.2359307678E-01
    0.6241640833E+01      0.6241640833E+01     -0.2910713160E-01      0.2253404605E-01
    0.6254814922E+01      0.6254814922E+01     -0.3948310768E-01      0.2106010825E-01
    0.6271816999E+01      0.6271816999E+01     -0.5213557502E-01      0.1982797029E-01
    0.6293279806E+01      0.6293279806E+01     -0.6798484589E-01      0.1854507290E-01
    0.6315643205E+01      0.6315643205E+01     -0.8339864405E-01      0.1765469656E-01
    0.6337128752E+01      0.6337128752E+01     -0.9595807613E-01      0.1693803463E-01
    0.6357120206E+01      0.6357120206E+01     -0.1049837964E+00      0.1645164973E-01
    0.6375898193E+01      0.6375898193E+01     -0.1102567557E+00      0.1599035750E-01
    0.6393469311E+01      0.6393469311E+01     -0.1124847556E+00      0.1551944385E-01
    0.6410515928E+01      0.6410515928E+01     -0.1101655291E+00      0.1489942470E-01
    0.6426442390E+01      0.6426442390E+01     -0.1050641021E+00      0.1419161497E-01
    0.6442010013E+01      0.6442010013E+01     -0.9749034315E-01      0.1350412331E-01
    0.6457703263E+01      0.6457703263E+01     -0.8740884951E-01      0.1269896607E-01
    0.6473571800E+01      0.6473571800E+01     -0.7480612674E-01      0.1184698980E-01
    0.6489618995E+01      0.6489618995E+01     -0.5985807646E-01      0.1098874920E-01
    0.6505883031E+01      0.6505883031E+01     -0.4269853470E-01      0.1013456863E-01
    0.6522355390E+01      0.6522355390E+01     -0.2337960432E-01      0.9323586693E-02
    0.6539177873E+01      0.6539177873E+01     -0.2082807605E-02      0.8484482968E-02
    0.6556414939E+01      0.6556414939E+01      0.2101318043E-01      0.7599030101E-02
    0.0000000000E+00      0.2000000000E+02      0.0000000000E+00      0.0000000000E+00
    0.6220345876E+01      0.6220345876E+01     -0.2740931127E-02      0.7788087171E-01
    0.6221087081E+01      0.6221087081E+01     -0.6868124945E-02      0.7763794701E-01
    0.6223411427E+01      0.6223411427E+01     -0.1209792570E-01      0.7584874286E-01
    0.6226875273E+01      0.6226875273E+01     -0.1737588669E-01      0.7382918588E-01
    0.6232654829E+01      0.6232654829E+01     -0.2368921209E-01      0.7089227218E-01
    0.6241330729E+01      0.6241330729E+01     -0.3156038181E-01      0.6777993083E-01
    0.6254189273E+01      0.6254189273E+01     -0.4209233547E-01      0.6362026063E-01
    0.6270748530E+01      0.6270748530E+01     -0.5475866901E-01      0.6016923961E-01
    0.6291380220E+01      0.6291380220E+01     -0.7004949665E-01      0.5673710716E-01
    0.6312973122E+01      0.6312973122E+01     -0.8472079491E-01      0.5448500407E-01
    0.6334117311E+01      0.6334117311E+01     -0.9674367467E-01      0.5265005158E-01
    0.6354131734E+01      0.6354131734E+01     -0.1055660762E+00      0.5124440460E-01
    0.6373136782E+01      0.6373136782E+01     -0.1108496428E+00      0.4971767893E-01
    0.6391062438E+01      0.6391062438E+01     -0.1131190164E+00      0.4808400647E-01
    0.6408502248E+01      0.6408502248E+01     -0.1110472119E+00      0.4611567240E-01
    0.6424763624E+01      0.6424763624E+01     -0.1062709459E+00      0.4380382717E-01
    0.6440619866E+01      0.6440619866E+01     -0.9888297894E-01      0.4146209671E-01
    0.6456464487E+01      0.6456464487E+01     -0.8877193590E-01      0.3892878391E-01
    0.6472440843E+01      0.6472440843E+01     -0.7616756828E-01      0.3634550882E-01
    0.6488617851E+01      0.6488617851E+01     -0.6125894328E-01      0.3369535815E-01
    0.6505051252E+01      0.6505051252E+01     -0.4417980215E-01      0.3099628172E-01
    0.6521792466E+01      0.6521792466E+01     -0.2491287938E-01      0.2825263400E-01
    0.6538853367E+01      0.6538853367E+01     -0.3601919769E-02      0.2547570913E-01
    0.6556279105E+01      0.6556279105E+01      0.1959425359E-01      0.2266181425E-01
    0.0000000000E+00      0.2000000000E+02      0.0000000000E+00      0.0000000000E+00
    0.6218862457E+01      0.6218862457E+01     -0.3236166881E-02      0.1281935982E+00
    0.6219660795E+01      0.6219660795E+01     -0.8087579976E-02      0.1279684738E+00
    0.6222230597E+01      0.6222230597E+01     -0.1427276124E-01      0.1251342690E+00
    0.6225901237E+01      0.6225901237E+01     -0.2043828794E-01      0.1220240978E+00
    0.6231879461E+01      0.6231879461E+01     -0.2765750842E-01      0.1174527672E+00
    0.6240569954E+01      0.6240569954E+01     -0.3623025488E-01      0.1125569089E+00
    0.6253079212E+01      0.6253079212E+01     -0.4710213227E-01      0.1059976142E+00
    0.6269004974E+01      0.6269004974E+01     -0.5972890273E-01      0.1004283752E+00
    0.6288297458E+01      0.6288297458E+01     -0.7400440781E-01      0.9496019998E-01
    0.6308737647E+01      0.6308737647E+01     -0.8755547748E-01      0.9121398561E-01
    0.6329307738E+01      0.6329307738E+01     -0.9899730402E-01      0.8810880149E-01
    0.6349319300E+01      0.6349319300E+01     -0.1075133450E+00      0.8565882733E-01
    0.6368716588E+01      0.6368716588E+01     -0.1128257160E+00      0.8297531477E-01
    0.6387209085E+01      0.6387209085E+01     -0.1154445931E+00      0.8017021670E-01
    0.6405506176E+01      0.6405506176E+01     -0.1138214751E+00      0.7695960570E-01
    0.6422384060E+01      0.6422384060E+01     -0.1094363923E+00      0.7312754343E-01
    0.6438711944E+01      0.6438711944E+01     -0.1021280157E+00      0.6906807092E-01
    0.6454938617E+01      0.6454938617E+01     -0.9200508418E-01      0.6476056008E-01
    0.6471227750E+01      0.6471227750E+01     -0.7938101932E-01      0.6037687146E-01
    0.6487692155E+01      0.6487692155E+01     -0.6447803690E-01      0.5581111626E-01
    0.6504424901E+01      0.6504424901E+01     -0.4736512745E-01      0.5109464325E-01
    0.6521442457E+01      0.6521442457E+01     -0.2807756280E-01      0.4635754035E-01
    0.6538794228E+01      0.6538794228E+01     -0.6707921098E-02      0.4171855641E-01
    0.6556545070E+01      0.6556545070E+01      0.1645570533E-01      0.3706833261E-01
    0.0000000000E+00      0.2000000000E+02      0.0000000000E+00      0.0000000000E+00
    0.6216122963E+01      0.6216122963E+01     -0.3982369875E-02      0.1773665318E+00
    0.6217008139E+01      0.6217008139E+01     -0.9891377297E-02      0.1772532659E+00
    0.6219941938E+01      0.6219941938E+01     -0.1750084719E-01      0.1734489921E+00
    0.6223923270E+01      0.6223923270E+01     -0.2495677214E-01      0.1694634639E+00
    0.6230247656E+01      0.6230247656E+01     -0.3353287471E-01      0.1635246620E+00
    0.6239053366E+01      0.6239053366E+01     -0.4314435543E-01      0.1571080403E+00
    0.6251109177E+01      0.6251109177E+01     -0.5440513413E-01      0.1485846384E+00
    0.6266083754E+01      0.6266083754E+01     -0.6681348945E-01      0.1412682708E+00
    0.6283516664E+01      0.6283516664E+01     -0.7979910362E-01      0.1340685232E+00
    0.6302291784E+01      0.6302291784E+01     -0.9180572622E-01      0.1289311057E+00
    0.6322002397E+01      0.6322002397E+01     -0.1024450313E+00      0.1244945410E+00
    0.6342209018E+01      0.6342209018E+01     -0.1109817299E+00      0.1206466248E+00
    0.6362370910E+01      0.6362370910E+01     -0.1166128549E+00      0.1165110672E+00
    0.6381917277E+01      0.6381917277E+01     -0.1196471799E+00      0.1121807698E+00
    0.6401613965E+01      0.6401613965E+01     -0.1187485559E+00      0.1075781205E+00
    0.6419497545E+01      0.6419497545E+01     -0.1148700962E+00      0.1020442894E+00
    0.6436679884E+01      0.6436679884E+01     -0.1077123119E+00      0.9600921882E-01
    0.6453585621E+01      0.6453585621E+01     -0.9764351409E-01      0.8965447491E-01
    0.6470439644E+01      0.6470439644E+01     -0.8500161827E-01      0.8324142093E-01
    0.6487346329E+01      0.6487346329E+01     -0.6986052292E-01      0.7661371875E-01
    0.6504467429E+01      0.6504467429E+01     -0.5240588472E-01      0.6994050931E-01
    0.6521933509E+01      0.6521933509E+01     -0.3278721973E-01      0.6319968054E-01
    0.6539681838E+01      0.6539681838E+01     -0.1119647295E-01      0.5654497471E-01
    0.6557816956E+01      0.6557816956E+01      0.1207899130E-01      0.4994196767E-01
    0.0000000000E+00      0.2000000000E+02      0.0000000000E+00      0.0000000000E+00
    0.6211882288E+01      0.6211882288E+01     -0.4842254169E-02      0.2258199252E+00
    0.6212899392E+01      0.6212899392E+01     -0.1199872830E-01      0.2258584843E+00
    0.6216302405E+01      0.6216302405E+01     -0.2129917635E-01      0.2210977600E+00
    0.6220706329E+01      0.6220706329E+01     -0.3025275284E-01      0.2163576238E+00
    0.6227549513E+01      0.6227549513E+01     -0.4045335442E-01      0.2091968923E+00
    0.6236592585E+01      0.6236592585E+01     -0.5132531537E-01      0.2014374930E+00
    0.6248253935E+01      0.6248253935E+01     -0.6316594299E-01      0.1913188877E+00
    0.6261962814E+01      0.6261962814E+01     -0.7523139703E-01      0.1826101601E+00
    0.6277430241E+01      0.6277430241E+01     -0.8677620987E-01      0.1738983099E+00
    0.6294570330E+01      0.6294570330E+01     -0.9751606395E-01      0.1671449392E+00
    0.6313466793E+01      0.6313466793E+01     -0.1073410107E+00      0.1607450958E+00
    0.6333823440E+01      0.6333823440E+01     -0.1156879496E+00      0.1548028914E+00
    0.6354890119E+01      0.6354890119E+01     -0.1219708818E+00      0.1489723659E+00
    0.6375775158E+01      0.6375775158E+01     -0.1256495390E+00      0.1430188096E+00
    0.6397002661E+01      0.6397002661E+01     -0.1257667348E+00      0.1368607882E+00
    0.6416376142E+01      0.6416376142E+01     -0.1224027250E+00      0.1294628344E+00
    0.6434852893E+01      0.6434852893E+01     -0.1155985523E+00      0.1213915782E+00
    0.6452764907E+01      0.6452764907E+01     -0.1057987002E+00      0.1129462345E+00
    0.6470410651E+01      0.6470410651E+01     -0.9318719277E-01      0.1042263715E+00
    0.6487989868E+01      0.6487989868E+01     -0.7785442122E-01      0.9524795747E-01
    0.6505660658E+01      0.6505660658E+01     -0.6005155776E-01      0.8622785472E-01
    0.6523650502E+01      0.6523650502E+01     -0.4017076793E-01      0.7725352559E-01
    0.6541934299E+01      0.6541934299E+01     -0.1834380905E-01      0.6860813508E-01
    0.6560520480E+01      0.6560520480E+01      0.5131716985E-02      0.6019105239E-01
    0.0000000000E+00      0.2000000000E+02      0.0000000000E+00      0.0000000000E+00
    0.6206035827E+01      0.6206035827E+01     -0.5817936063E-02      0.2739962759E+00
    0.6207235563E+01      0.6207235563E+01     -0.1440264021E-01      0.2742045154E+00
    0.6211195213E+01      0.6211195213E+01     -0.2562345859E-01      0.2684469003E+00
    0.6216145844E+01      0.6216145844E+01     -0.3629596142E-01      0.2629609305E+00
    0.6223693338E+01      0.6223693338E+01     -0.4839555210E-01      0.2546061744E+00
    0.6233082606E+01      0.6233082606E+01     -0.6078540208E-01      0.2456630613E+00
    0.6244079841E+01      0.6244079841E+01     -0.7313302714E-01      0.2344452685E+00
    0.6256630282E+01      0.6256630282E+01     -0.8478654459E-01      0.2245782078E+00
    0.6270794074E+01      0.6270794074E+01     -0.9554532547E-01      0.2139304173E+00
    0.6286746117E+01      0.6286746117E+01     -0.1053550649E+00      0.2049008973E+00
    0.6304793837E+01      0.6304793837E+01     -0.1143364344E+00      0.1958008082E+00
    0.6324988636E+01      0.6324988636E+01     -0.1223526675E+00      0.1873426706E+00
    0.6346733113E+01      0.6346733113E+01     -0.1289347194E+00      0.1794701492E+00
    0.6369030109E+01      0.6369030109E+01     -0.1333371463E+00      0.1717912288E+00
    0.6391645173E+01      0.6391645173E+01     -0.1345266532E+00      0.1636309009E+00
    0.6413005473E+01      0.6413005473E+01     -0.1316036605E+00      0.1543842569E+00
    0.6433040678E+01      0.6433040678E+01     -0.1253275311E+00      0.1442469230E+00
    0.6452187529E+01      0.6452187529E+01     -0.1159347253E+00      0.1335322784E+00
    0.6470875179E+01      0.6470875179E+01     -0.1034022423E+00      0.1222259647E+00
    0.6489369716E+01      0.6489369716E+01     -0.8791516065E-01      0.1105991521E+00
    0.6507881422E+01      0.6507881422E+01     -0.6989932134E-01      0.9913322061E-01
    0.6526520048E+01      0.6526520048E+01     -0.4974763115E-01      0.8793238171E-01
    0.6545437828E+01      0.6545437828E+01     -0.2768402659E-01      0.7718348942E-01
    0.6564525966E+01      0.6564525966E+01     -0.3760812013E-02      0.6688619775E-01
    0.0000000000E+00      0.2000000000E+02      0.0000000000E+00      0.0000000000E+00
    0.6198535481E+01      0.6198535481E+01     -0.6935000811E-02      0.3223975071E+00
    0.6199983043E+01      0.6199983043E+01     -0.1716044497E-01      0.3227472820E+00
    0.6204647893E+01      0.6204647893E+01     -0.3057654563E-01      0.3158567922E+00
    0.6210306717E+01      0.6210306717E+01     -0.4322926150E-01      0.3095378717E+00
    0.6218669734E+01      0.6218669734E+01     -0.5751377760E-01      0.2999722642E+00
    0.6228253185E+01      0.6228253185E+01     -0.7131574800E-01      0.2899935525E+00
    0.6239047498E+01      0.6239047498E+01     -0.8437560547E-01      0.2775003364E+00
    0.6250992470E+01      0.6250992470E+01     -0.9619001581E-01      0.2658322021E+00
    0.6264268926E+01      0.6264268926E+01     -0.1065608474E+00      0.2530105013E+00
    0.6279283056E+01      0.6279283056E+01     -0.1156845951E+00      0.2414465099E+00
    0.6296487122E+01      0.6296487122E+01     -0.1238996047E+00      0.2293854914E+00
    0.6316134428E+01      0.6316134428E+01     -0.1314618549E+00      0.2178902023E+00
    0.6338129518E+01      0.6338129518E+01     -0.1380626937E+00      0.2072810109E+00
    0.6361477256E+01      0.6361477256E+01     -0.1427356495E+00      0.1975054895E+00
    0.6385452254E+01      0.6385452254E+01     -0.1449272196E+00      0.1871051526E+00
    0.6409000702E+01      0.6409000702E+01     -0.1427214584E+00      0.1759985561E+00
    0.6430721222E+01      0.6430721222E+01     -0.1373260744E+00      0.1637917498E+00
    0.6451388542E+01      0.6451388542E+01     -0.1284140846E+00      0.1506483072E+00
    0.6471370277E+01      0.6471370277E+01     -0.1160061301E+00      0.1366814419E+00
    0.6491049494E+01      0.6491049494E+01     -0.1004935670E+00      0.1225614469E+00
    0.6510616276E+01      0.6510616276E+01     -0.8217849320E-01      0.1086470839E+00
    0.6530055979E+01      0.6530055979E+01     -0.6165578252E-01      0.9510650761E-01
    0.6549504990E+01      0.6549504990E+01     -0.3868425425E-01      0.8196191488E-01
    0.6568713949E+01      0.6568713949E+01     -0.1357710525E-01      0.6966775658E-01
    0.0000000000E+00      0.2000000000E+02      0.0000000000E+00      0.0000000000E+00
    0.6188933711E+01      0.6188933711E+01     -0.8261490883E-02      0.3720354148E+00
    0.6190759172E+01      0.6190759172E+01     -0.2048230042E-01      0.3723931277E+00
    0.6196326190E+01      0.6196326190E+01     -0.3646617733E-01      0.3641176551E+00
    0.6202972496E+01      0.6202972496E+01     -0.5145667822E-01      0.3566614206E+00
    0.6212216137E+01      0.6212216137E+01     -0.6800655065E-01      0.3457325318E+00
    0.6222326380E+01      0.6222326380E+01     -0.8340556081E-01      0.3343368238E+00
    0.6233247860E+01      0.6233247860E+01     -0.9761922134E-01      0.3200881543E+00
    0.6244997091E+01      0.6244997091E+01     -0.1099990041E+00      0.3063403216E+00
    0.6257798070E+01      0.6257798070E+01     -0.1204499280E+00      0.2911104464E+00
    0.6272137692E+01      0.6272137692E+01     -0.1292107844E+00      0.2767802956E+00
    0.6288510884E+01      0.6288510884E+01     -0.1366777007E+00      0.2615643568E+00
    0.6307277794E+01      0.6307277794E+01     -0.1434831186E+00      0.2467549989E+00
    0.6328970607E+01      0.6328970607E+01     -0.1496784488E+00      0.2324390979E+00
    0.6352887018E+01      0.6352887018E+01     -0.1541801469E+00      0.2199001239E+00
    0.6377980219E+01      0.6377980219E+01     -0.1567007167E+00      0.2070108038E+00
    0.6403604216E+01      0.6403604216E+01     -0.1557182843E+00      0.1939481288E+00
    0.6427138661E+01      0.6427138661E+01     -0.1512116688E+00      0.1795820652E+00
    0.6449638085E+01      0.6449638085E+01     -0.1425639667E+00      0.1638171876E+00
    0.6471224433E+01      0.6471224433E+01     -0.1299579881E+00      0.1470596668E+00
    0.6492117751E+01      0.6492117751E+01     -0.1140617298E+00      0.1304750039E+00
    0.6512779707E+01      0.6512779707E+01     -0.9518747570E-01      0.1141043511E+00
    0.6533185398E+01      0.6533185398E+01     -0.7394100972E-01      0.9840315428E-01
    0.6553250574E+01      0.6553250574E+01     -0.5135627524E-01      0.8273584239E-01
    0.6573411815E+01      0.6573411815E+01     -0.2724910416E-01      0.6815353960E-01
    0.0000000000E+00      0.2000000000E+02      0.0000000000E+00      0.0000000000E+00
    0.6177831282E+01      0.6177831282E+01     -0.9856622942E-02      0.4227172781E+00
    0.6180121839E+01      0.6180121839E+01     -0.2447747516E-01      0.4229660110E+00
    0.6186685553E+01      0.6186685553E+01     -0.4338569915E-01      0.4130931050E+00
    0.6194470442E+01      0.6194470442E+01     -0.6100774699E-01      0.4042417126E+00
    0.6204586443E+01      0.6204586443E+01     -0.7988018074E-01      0.3917897860E+00
    0.6215387025E+01      0.6215387025E+01     -0.9701164915E-01      0.3786886732E+00
    0.6226620223E+01      0.6226620223E+01     -0.1125179710E+00      0.3624981176E+00
    0.6238432656E+01      0.6238432656E+01     -0.1258314729E+00      0.3463291651E+00
    0.6251078906E+01      0.6251078906E+01     -0.1367933538E+00      0.3283513438E+00
    0.6264988494E+01      0.6264988494E+01     -0.1456425987E+00      0.3108582419E+00
    0.6280681422E+01      0.6280681422E+01     -0.1527851870E+00      0.2924069892E+00
    0.6298525710E+01      0.6298525710E+01     -0.1589093997E+00      0.2743386625E+00
    0.6319301583E+01      0.6319301583E+01     -0.1642251816E+00      0.2555273371E+00
    0.6343124488E+01      0.6343124488E+01     -0.1680442255E+00      0.2393603893E+00
    0.6368814943E+01      0.6368814943E+01     -0.1704362207E+00      0.2236006662E+00
    0.6395956470E+01      0.6395956470E+01     -0.1706919415E+00      0.2081370724E+00
    0.6421598872E+01      0.6421598872E+01     -0.1667780800E+00      0.1914050691E+00
    0.6446120591E+01      0.6446120591E+01     -0.1584836117E+00      0.1728398596E+00
    0.6469636488E+01      0.6469636488E+01     -0.1460335619E+00      0.1534315635E+00
    0.6492323261E+01      0.6492323261E+01     -0.1303550909E+00      0.1343205517E+00
    0.6514043405E+01      0.6514043405E+01     -0.1125435597E+00      0.1158596917E+00
    0.6535458536E+01      0.6535458536E+01     -0.9234899079E-01      0.9762109153E-01
    0.6556802538E+01      0.6556802538E+01     -0.6934988885E-01      0.7984805924E-01
    0.6577977371E+01      0.6577977371E+01     -0.4374590536E-01      0.6286559265E-01
    0.0000000000E+00      0.2000000000E+02      0.0000000000E+00      0.0000000000E+00
    0.6165775056E+01      0.6165775056E+01     -0.1175984924E-01      0.4742716113E+00
    0.6168560622E+01      0.6168560622E+01     -0.2922468230E-01      0.4743540040E+00
    0.6176117068E+01      0.6176117068E+01     -0.5146620308E-01      0.4627359482E+00
    0.6185023563E+01      0.6185023563E+01     -0.7202195774E-01      0.4523164280E+00
    0.6195824929E+01      0.6195824929E+01     -0.9322833844E-01      0.4383145595E+00
    0.6207298968E+01      0.6207298968E+01     -0.1122631005E+00      0.4233628072E+00
    0.6219062716E+01      0.6219062716E+01     -0.1292787034E+00      0.4049759525E+00
    0.6231136989E+01      0.6231136989E+01     -0.1438371388E+00      0.3861337010E+00
    0.6243796373E+01      0.6243796373E+01     -0.1557886435E+00      0.3651579344E+00
    0.6257477239E+01      0.6257477239E+01     -0.1652304529E+00      0.3442960026E+00
    0.6272618662E+01      0.6272618662E+01     -0.1724919155E+00      0.3223945869E+00
    0.6289632645E+01      0.6289632645E+01     -0.1781870931E+00      0.3008437149E+00
    0.6309213786E+01      0.6309213786E+01     -0.1825431799E+00      0.2774940044E+00
    0.6332239463E+01      0.6332239463E+01     -0.1854560601E+00      0.2568302286E+00
    0.6357758474E+01      0.6357758474E+01     -0.1873075597E+00      0.2375942016E+00
    0.6385634331E+01      0.6385634331E+01     -0.1880220154E+00      0.2188515353E+00
    0.6413513203E+01      0.6413513203E+01     -0.1850848658E+00      0.1993939845E+00
    0.6440134437E+01      0.6440134437E+01     -0.1776938223E+00      0.1780558746E+00
    0.6465701861E+01      0.6465701861E+01     -0.1665474571E+00      0.1565674287E+00
    0.6490006760E+01      0.6490006760E+01     -0.1521134096E+00      0.1354386730E+00
    0.6513694850E+01      0.6513694850E+01     -0.1340234891E+00      0.1140759088E+00
    0.6536857877E+01      0.6536857877E+01     -0.1125314659E+00      0.9329884374E-01
    0.6559526555E+01      0.6559526555E+01     -0.8821797826E-01      0.7319665758E-01
    0.6581883968E+01      0.6581883968E+01     -0.6153716000E-01      0.5353095582E-01
    0.0000000000E+00      0.2000000000E+02      0.0000000000E+00      0.0000000000E+00
    0.6153244928E+01      0.6153244928E+01     -0.1394232451E-01      0.5264018707E+00
    0.6156461394E+01      0.6156461394E+01     -0.3456860625E-01      0.5263771357E+00
    0.6164848798E+01      0.6164848798E+01     -0.6044212125E-01      0.5130378102E+00
    0.6174655765E+01      0.6174655765E+01     -0.8411302687E-01      0.5010816785E+00
    0.6185899919E+01      0.6185899919E+01     -0.1077496764E+00      0.4855784522E+00
    0.6197937329E+01      0.6197937329E+01     -0.1290198230E+00      0.4686959369E+00
    0.6210284909E+01      0.6210284909E+01     -0.1478677526E+00      0.4479365805E+00
    0.6222849271E+01      0.6222849271E+01     -0.1639880758E+00      0.4261875021E+00
    0.6235785405E+01      0.6235785405E+01     -0.1772987626E+00      0.4020086174E+00
    0.6249436300E+01      0.6249436300E+01     -0.1878917826E+00      0.3776256555E+00
    0.6264202381E+01      0.6264202381E+01     -0.1959646760E+00      0.3521297298E+00
    0.6280501668E+01      0.6280501668E+01     -0.2019096556E+00      0.3268931779E+00
    0.6298922204E+01      0.6298922204E+01     -0.2058547156E+00      0.2992040061E+00
    0.6320693894E+01      0.6320693894E+01     -0.2079845418E+00      0.2733785161E+00
    0.6345261895E+01      0.6345261895E+01     -0.2087194707E+00      0.2499377195E+00
    0.6372799881E+01      0.6372799881E+01     -0.2087601147E+00      0.2268983330E+00
    0.6402040213E+01      0.6402040213E+01     -0.2065023974E+00      0.2041660834E+00
    0.6430828249E+01      0.6430828249E+01     -0.2001923640E+00      0.1804329452E+00
    0.6458580835E+01      0.6458580835E+01     -0.1901442107E+00      0.1568591270E+00
    0.6485554151E+01      0.6485554151E+01     -0.1759672352E+00      0.1333245738E+00
    0.6511491164E+01      0.6511491164E+01     -0.1577503396E+00      0.1094107170E+00
    0.6536505369E+01      0.6536505369E+01     -0.1358266950E+00      0.8538695882E-01
    0.6561017516E+01      0.6561017516E+01     -0.1107171343E+00      0.6206139086E-01
    0.6585001298E+01      0.6585001298E+01     -0.8281926068E-01      0.3950259238E-01
    0.0000000000E+00      0.2000000000E+02      0.0000000000E+00      0.0000000000E+00
    0.6140726835E+01      0.6140726835E+01     -0.1646639730E-01      0.5786484762E+00
    0.6144270052E+01      0.6144270052E+01     -0.4064241092E-01      0.5786839344E+00
    0.6153297268E+01      0.6153297268E+01     -0.7053062222E-01      0.5636891502E+00
    0.6163678190E+01      0.6163678190E+01     -0.9750766089E-01      0.5502723655E+00
    0.6175182536E+01      0.6175182536E+01     -0.1237645381E+00      0.5333427429E+00
    0.6187514819E+01      0.6187514819E+01     -0.1476014935E+00      0.5146183099E+00
    0.6200224923E+01      0.6200224923E+01     -0.1686794355E+00      0.4916362464E+00
    0.6213138700E+01      0.6213138700E+01     -0.1868184203E+00      0.4671881243E+00
    0.6226357965E+01      0.6226357965E+01     -0.2019678933E+00      0.4398706631E+00
    0.6240166382E+01      0.6240166382E+01     -0.2141379557E+00      0.4118602928E+00
    0.6254827038E+01      0.6254827038E+01     -0.2233580073E+00      0.3825490030E+00
    0.6270667565E+01      0.6270667565E+01     -0.2297900771E+00      0.3534106441E+00
    0.6288103980E+01      0.6288103980E+01     -0.2337542115E+00      0.3217707444E+00
    0.6308947011E+01      0.6308947011E+01     -0.2358302424E+00      0.2900719867E+00
    0.6331931250E+01      0.6331931250E+01     -0.2349535896E+00      0.2616904474E+00
    0.6358396315E+01      0.6358396315E+01     -0.2337531105E+00      0.2335336380E+00
    0.6387829783E+01      0.6387829783E+01     -0.2307541972E+00      0.2063854453E+00
    0.6418389945E+01      0.6418389945E+01     -0.2254506679E+00      0.1802458153E+00
    0.6449100979E+01      0.6449100979E+01     -0.2161615459E+00      0.1542548553E+00
    0.6478852952E+01      0.6478852952E+01     -0.2023739002E+00      0.1277025246E+00
    0.6507531203E+01      0.6507531203E+01     -0.1840948597E+00      0.1003798425E+00
    0.6535116557E+01      0.6535116557E+01     -0.1617539270E+00      0.7301813472E-01
    0.6561767028E+01      0.6561767028E+01     -0.1357750009E+00      0.4602175277E-01
    0.6587845083E+01      0.6587845083E+01     -0.1066597396E+00      0.1993726135E-01
    0.0000000000E+00      0.2000000000E+02      0.0000000000E+00      0.0000000000E+00
    0.6128450520E+01      0.6128450520E+01     -0.1964766381E-01      0.6313703734E+00
    0.6132111005E+01      0.6132111005E+01     -0.4798438077E-01      0.6314890470E+00
    0.6141333287E+01      0.6141333287E+01     -0.8237588126E-01      0.6150860374E+00
    0.6151695904E+01      0.6151695904E+01     -0.1128871228E+00      0.6005460873E+00
    0.6163169764E+01      0.6163169764E+01     -0.1420249877E+00      0.5823730778E+00
    0.6175519190E+01      0.6175519190E+01     -0.1686674572E+00      0.5619178029E+00
    0.6188413739E+01      0.6188413739E+01     -0.1922783324E+00      0.5367733546E+00
    0.6201635050E+01      0.6201635050E+01     -0.2127131130E+00      0.5096750384E+00
    0.6215140057E+01      0.6215140057E+01     -0.2299450303E+00      0.4792917435E+00
    0.6229076501E+01      0.6229076501E+01     -0.2438922271E+00      0.4477624453E+00
    0.6243658033E+01      0.6243658033E+01     -0.2544050064E+00      0.4146338320E+00
    0.6259307527E+01      0.6259307527E+01     -0.2615662614E+00      0.3813575084E+00
    0.6276367969E+01      0.6276367969E+01     -0.2659911981E+00      0.3457949757E+00
    0.6296521981E+01      0.6296521981E+01     -0.2683772046E+00      0.3080082571E+00
    0.6318287681E+01      0.6318287681E+01     -0.2662729680E+00      0.2735548761E+00
    0.6343707803E+01      0.6343707803E+01     -0.2638168537E+00      0.2395920066E+00
    0.6372361854E+01      0.6372361854E+01     -0.2595922884E+00      0.2066202511E+00
    0.6403911158E+01      0.6403911158E+01     -0.2537877586E+00      0.1773904022E+00
    0.6437167935E+01      0.6437167935E+01     -0.2454322090E+00      0.1480117441E+00
    0.6469972452E+01      0.6469972452E+01     -0.2320732604E+00      0.1176149429E+00
    0.6501828635E+01      0.6501828635E+01     -0.2139120936E+00      0.8632627694E-01
    0.6532585702E+01      0.6532585702E+01     -0.1912412610E+00      0.5505244368E-01
    0.6562276366E+01      0.6562276366E+01     -0.1646204813E+00      0.2411400742E-01
    0.6590993599E+01      0.6590993599E+01     -0.1345091400E+00     -0.5977227432E-02
    0.0000000000E+00      0.2000000000E+02      0.0000000000E+00      0.0000000000E+00
    0.6115824731E+01      0.6115824731E+01     -0.2340175117E-01      0.6855646318E+00
    0.6119264077E+01      0.6119264077E+01     -0.5631586917E-01      0.6860305702E+00
    0.6128342566E+01      0.6128342566E+01     -0.9571681831E-01      0.6683407526E+00
    0.6138342625E+01      0.6138342625E+01     -0.1302966014E+00      0.6528350194E+00
    0.6149626792E+01      0.6149626792E+01     -0.1630340885E+00      0.6332550924E+00
    0.6161838564E+01      0.6161838564E+01     -0.1928766415E+00      0.6109797603E+00
    0.6174688701E+01      0.6174688701E+01     -0.2193578030E+00      0.5837191511E+00
    0.6187999746E+01      0.6187999746E+01     -0.2423160016E+00      0.5541062029E+00
    0.6201679838E+01      0.6201679838E+01     -0.2617114384E+00      0.5207724918E+00
    0.6215798920E+01      0.6215798920E+01     -0.2775028431E+00      0.4857491829E+00
    0.6230561792E+01      0.6230561792E+01     -0.2896054622E+00      0.4486181120E+00
    0.6246395192E+01      0.6246395192E+01     -0.2980740003E+00      0.4108387135E+00
    0.6263627621E+01      0.6263627621E+01     -0.3033381659E+00      0.3709280889E+00
    0.6283345040E+01      0.6283345040E+01     -0.3059060799E+00      0.3273373912E+00
    0.6305143007E+01      0.6305143007E+01     -0.3036895035E+00      0.2852575639E+00
    0.6329842803E+01      0.6329842803E+01     -0.3002689590E+00      0.2450352794E+00
    0.6357864236E+01      0.6357864236E+01     -0.2950479492E+00      0.2052008297E+00
    0.6389726353E+01      0.6389726353E+01     -0.2879196148E+00      0.1692367634E+00
    0.6424863725E+01      0.6424863725E+01     -0.2788050320E+00      0.1345588780E+00
    0.6460644782E+01      0.6460644782E+01     -0.2654498536E+00      0.9996841523E-01
    0.6495898442E+01      0.6495898442E+01     -0.2471696830E+00      0.6446972064E-01
    0.6529997973E+01      0.6529997973E+01     -0.2242528945E+00      0.2923572737E-01
    0.6562818526E+01      0.6562818526E+01     -0.1968887618E+00     -0.5500441458E-02
    0.6594394570E+01      0.6594394570E+01     -0.1656518106E+00     -0.3920117807E-01
    0.0000000000E+00      0.2000000000E+02      0.0000000000E+00      0.0000000000E+00
    0.6102519708E+01      0.6102519708E+01     -0.2736997881E-01      0.7419624951E+00
    0.6105492985E+01      0.6105492985E+01     -0.6492836355E-01      0.7428607227E+00
    0.6114271447E+01      0.6114271447E+01     -0.1096693709E+00      0.7238386838E+00
    0.6123728728E+01      0.6123728728E+01     -0.1487192890E+00      0.7074441786E+00
    0.6134493549E+01      0.6134493549E+01     -0.1855794611E+00      0.6865212836E+00
    0.6146252344E+01      0.6146252344E+01     -0.2191050653E+00      0.6625144602E+00
    0.6158751150E+01      0.6158751150E+01     -0.2489042181E+00      0.6332039923E+00
    0.6171904625E+01      0.6171904625E+01     -0.2748124975E+00      0.6011221291E+00
    0.6185673245E+01      0.6185673245E+01     -0.2968049994E+00      0.5648334420E+00
    0.6200118247E+01      0.6200118247E+01     -0.3149292998E+00      0.5261996661E+00
    0.6215427508E+01      0.6215427508E+01     -0.3291637274E+00      0.4847237087E+00
    0.6231987191E+01      0.6231987191E+01     -0.3395073178E+00      0.4418317631E+00
    0.6250055445E+01      0.6250055445E+01     -0.3461218523E+00      0.3967030613E+00
    0.6269960540E+01      0.6269960540E+01     -0.3493202158E+00      0.3473239024E+00
    0.6293173139E+01      0.6293173139E+01     -0.3486459099E+00      0.2966994754E+00
    0.6317851332E+01      0.6317851332E+01     -0.3441200486E+00      0.2495764784E+00
    0.6345512759E+01      0.6345512759E+01     -0.3374084593E+00      0.2016584376E+00
    0.6377408146E+01      0.6377408146E+01     -0.3288649774E+00      0.1568514231E+00
    0.6413015112E+01      0.6413015112E+01     -0.3178995713E+00      0.1146069578E+00
    0.6450871208E+01      0.6450871208E+01     -0.3034963191E+00      0.7407420469E-01
    0.6489275646E+01      0.6489275646E+01     -0.2849237386E+00      0.3423189880E-01
    0.6526562540E+01      0.6526562540E+01     -0.2614527771E+00     -0.4923348330E-02
    0.6562582083E+01      0.6562582083E+01     -0.2332652180E+00     -0.4352493477E-01
    0.6596800616E+01      0.6596800616E+01     -0.2006576218E+00     -0.8052835833E-01
    0.0000000000E+00      0.2000000000E+02      0.0000000000E+00      0.0000000000E+00
    0.6087576435E+01      0.6087576435E+01     -0.3134238781E-01      0.8018940983E+00
    0.6089837150E+01      0.6089837150E+01     -0.7337897140E-01      0.8033676694E+00
    0.6098207381E+01      0.6098207381E+01     -0.1237144526E+00      0.7830976365E+00
    0.6106923192E+01      0.6106923192E+01     -0.1675420629E+00      0.7659585996E+00
    0.6116929644E+01      0.6116929644E+01     -0.2089311371E+00      0.7437700023E+00
    0.6128053723E+01      0.6128053723E+01     -0.2466526050E+00      0.7179804579E+00
    0.6140130326E+01      0.6140130326E+01     -0.2803516514E+00      0.6863932997E+00
    0.6153165942E+01      0.6153165942E+01     -0.3098890289E+00      0.6514687181E+00
    0.6167189721E+01      0.6167189721E+01     -0.3352316548E+00      0.6117894491E+00
    0.6182291611E+01      0.6182291611E+01     -0.3564743573E+00      0.5690861516E+00
    0.6198637730E+01      0.6198637730E+01     -0.3736558391E+00      0.5226900585E+00
    0.6216507037E+01      0.6216507037E+01     -0.3866601480E+00      0.4738978269E+00
    0.6236046334E+01      0.6236046334E+01     -0.3953445156E+00      0.4225415668E+00
    0.6257388956E+01      0.6257388956E+01     -0.4000321215E+00      0.3670042394E+00
    0.6282141177E+01      0.6282141177E+01     -0.4015048867E+00      0.3080605871E+00
    0.6307460081E+01      0.6307460081E+01     -0.3962024051E+00      0.2519381329E+00
    0.6335553726E+01      0.6335553726E+01     -0.3883552882E+00      0.1957431484E+00
    0.6367204705E+01      0.6367204705E+01     -0.3779977274E+00      0.1415650498E+00
    0.6401948712E+01      0.6401948712E+01     -0.3640857699E+00      0.9003497513E-01
    0.6439962791E+01      0.6439962791E+01     -0.3473629658E+00      0.4192720149E-01
    0.6480220301E+01      0.6480220301E+01     -0.3277037137E+00     -0.3365989399E-02
    0.6520285419E+01      0.6520285419E+01     -0.3032288406E+00     -0.4674357512E-01
    0.6559053595E+01      0.6559053595E+01     -0.2737171340E+00     -0.8900871785E-01
    0.6595887394E+01      0.6595887394E+01     -0.2393860058E+00     -0.1297093617E+00
    0.0000000000E+00      0.2000000000E+02      0.0000000000E+00      0.0000000000E+00
    0.6071433851E+01      0.6071433851E+01     -0.3539787925E-01      0.8650744531E+00
    0.6072780866E+01      0.6072780866E+01     -0.8181803661E-01      0.8671900598E+00
    0.6080576749E+01      0.6080576749E+01     -0.1377831737E+00      0.8458297052E+00
    0.6088307613E+01      0.6088307613E+01     -0.1864418067E+00      0.8282003801E+00
    0.6097309939E+01      0.6097309939E+01     -0.2325476521E+00      0.8049409335E+00
    0.6107626147E+01      0.6107626147E+01     -0.2748378688E+00      0.7774273302E+00
    0.6119236991E+01      0.6119236991E+01     -0.3130218872E+00      0.7434197444E+00
    0.6132267792E+01      0.6132267792E+01     -0.3470264124E+00      0.7052612926E+00
    0.6146830160E+01      0.6146830160E+01     -0.3767848864E+00      0.6615868319E+00
    0.6162996280E+01      0.6162996280E+01     -0.4022981756E+00      0.6140891962E+00
    0.6180806420E+01      0.6180806420E+01     -0.4234721298E+00      0.5620600607E+00
    0.6200341672E+01      0.6200341672E+01     -0.4400469625E+00      0.5067517003E+00
    0.6221671278E+01      0.6221671278E+01     -0.4518020741E+00      0.4485249015E+00
    0.6244903666E+01      0.6244903666E+01     -0.4589473475E+00      0.3858194381E+00
    0.6270876937E+01      0.6270876937E+01     -0.4617735365E+00      0.3190138770E+00
    0.6298131731E+01      0.6298131731E+01     -0.4573802995E+00      0.2527529737E+00
    0.6327032451E+01      0.6327032451E+01     -0.4485580697E+00      0.1878665852E+00
    0.6358185694E+01      0.6358185694E+01     -0.4360498833E+00      0.1243979033E+00
    0.6391519850E+01      0.6391519850E+01     -0.4190352143E+00      0.6293885820E-01
    0.6428191597E+01      0.6428191597E+01     -0.3989641778E+00      0.5635651257E-02
    0.6467894779E+01      0.6467894779E+01     -0.3759310373E+00     -0.4689470628E-01
    0.6509055252E+01      0.6509055252E+01     -0.3492009467E+00     -0.9535307815E-01
    0.6549894606E+01      0.6549894606E+01     -0.3176998317E+00     -0.1413165328E+00
    0.6588998451E+01      0.6588998451E+01     -0.2811879442E+00     -0.1848787610E+00
    0.0000000000E+00      0.2000000000E+02      0.0000000000E+00      0.0000000000E+00
    0.6053123189E+01      0.6053123189E+01     -0.3959837212E-01      0.9331869609E+00
    0.6053338598E+01      0.6053338598E+01     -0.9036764008E-01      0.9359891519E+00
    0.6060457840E+01      0.6060457840E+01     -0.1518762929E+00      0.9135288798E+00
    0.6066963600E+01      0.6066963600E+01     -0.2057025073E+00      0.8956506636E+00
    0.6074909781E+01      0.6074909781E+01     -0.2568947354E+00      0.8713731845E+00
    0.6084531681E+01      0.6084531681E+01     -0.3043166726E+00      0.8419586872E+00
    0.6095950714E+01      0.6095950714E+01     -0.3477794023E+00      0.8051047639E+00
    0.6109361862E+01      0.6109361862E+01     -0.3872152313E+00      0.7630426680E+00
    0.6124872296E+01      0.6124872296E+01     -0.4224349537E+00      0.7145469767E+00
    0.6142468141E+01      0.6142468141E+01     -0.4532402723E+00      0.6614326594E+00
    0.6162032396E+01      0.6162032396E+01     -0.4793620369E+00      0.6030270305E+00
    0.6183470303E+01      0.6183470303E+01     -0.5003883672E+00      0.5405396400E+00
    0.6206719954E+01      0.6206719954E+01     -0.5158939672E+00      0.4746506848E+00
    0.6231651437E+01      0.6231651437E+01     -0.5257822951E+00      0.4043679431E+00
    0.6258642117E+01      0.6258642117E+01     -0.5302396794E+00      0.3299213016E+00
    0.6288214329E+01      0.6288214329E+01     -0.5280760679E+00      0.2530963995E+00
    0.6317283434E+01      0.6317283434E+01     -0.5190002086E+00      0.1793245649E+00
    0.6347635814E+01      0.6347635814E+01     -0.5039177812E+00      0.1063948180E+00
    0.6379317010E+01      0.6379317010E+01     -0.4835604886E+00      0.3565138303E-01
    0.6413696551E+01      0.6413696551E+01     -0.4593019251E+00     -0.3110285192E-01
    0.6451017698E+01      0.6451017698E+01     -0.4314493258E+00     -0.9242620599E-01
    0.6491144099E+01      0.6491144099E+01     -0.4002454584E+00     -0.1481288630E+00
    0.6532617552E+01      0.6532617552E+01     -0.3654607648E+00     -0.1987176028E+00
    0.6573251716E+01      0.6573251716E+01     -0.3258603728E+00     -0.2453290806E+00
    0.0000000000E+00      0.2000000000E+02      0.0000000000E+00      0.0000000000E+00
    0.6032002265E+01      0.6032002265E+01     -0.4368046311E-01      0.1007565037E+01
    0.6031039171E+01      0.6031039171E+01     -0.9934592876E-01      0.1010800731E+01
    0.6037648133E+01      0.6037648133E+01     -0.1663815253E+00      0.9869159279E+00
    0.6043000627E+01      0.6043000627E+01     -0.2259221393E+00      0.9686691410E+00
    0.6050060562E+01      0.6050060562E+01     -0.2828950956E+00      0.9431094452E+00
    0.6059264506E+01      0.6059264506E+01     -0.3362203175E+00      0.9114015897E+00
    0.6070832743E+01      0.6070832743E+01     -0.3857796496E+00      0.8712211247E+00
    0.6084930780E+01      0.6084930780E+01     -0.4314893927E+00      0.8247109518E+00
    0.6101585546E+01      0.6101585546E+01     -0.4730262875E+00      0.7708090634E+00
    0.6120669841E+01      0.6120669841E+01     -0.5099667407E+00      0.7115178820E+00
    0.6141956190E+01      0.6141956190E+01     -0.5418408923E+00      0.6462141052E+00
    0.6165236157E+01      0.6165236157E+01     -0.5680809100E+00      0.5760162407E+00
    0.6190243492E+01      0.6190243492E+01     -0.5880507432E+00      0.5019411793E+00
    0.6216465534E+01      0.6216465534E+01     -0.6013564078E+00      0.4238471849E+00
    0.6243846741E+01      0.6243846741E+01     -0.6079450707E+00      0.3419269108E+00
    0.6274341915E+01      0.6274341915E+01     -0.6070415022E+00      0.2559575399E+00
    0.6302693121E+01      0.6302693121E+01     -0.5975175232E+00      0.1743252986E+00
    0.6332112503E+01      0.6332112503E+01     -0.5808173116E+00      0.9207601456E-01
    0.6362501357E+01      0.6362501357E+01     -0.5576890667E+00      0.1232130667E-01
    0.6394490213E+01      0.6394490213E+01     -0.5290232004E+00     -0.6412466874E-01
    0.6428609821E+01      0.6428609821E+01     -0.4953772485E+00     -0.1351962294E+00
    0.6465592129E+01      0.6465592129E+01     -0.4578592879E+00     -0.1999789452E+00
    0.6505503679E+01      0.6505503679E+01     -0.4172853431E+00     -0.2576511591E+00
    0.6546848486E+01      0.6546848486E+01     -0.3734518307E+00     -0.3090224383E+00
    0.0000000000E+00      0.2000000000E+02      0.0000000000E+00      0.0000000000E+00
    0.6006852190E+01      0.6006852190E+01     -0.4752563375E-01      0.1090114366E+01
    0.6005287946E+01      0.6005287946E+01     -0.1089742716E+00      0.1092959114E+01
    0.6011520033E+01      0.6011520033E+01     -0.1819234628E+00      0.1067255488E+01
    0.6016212663E+01      0.6016212663E+01     -0.2478844585E+00      0.1048032033E+01
    0.6022847563E+01      0.6022847563E+01     -0.3115141930E+00      0.1020458417E+01
    0.6032025056E+01      0.6032025056E+01     -0.3716547354E+00      0.9858515397E+00
    0.6044020633E+01      0.6044020633E+01     -0.4281692378E+00      0.9418418740E+00
    0.6058932881E+01      0.6058932881E+01     -0.4808719888E+00      0.8905043871E+00
    0.6076672152E+01      0.6076672152E+01     -0.5293466620E+00      0.8309047046E+00
    0.6096988118E+01      0.6096988118E+01     -0.5730289794E+00      0.7652316504E+00
    0.6119519216E+01      0.6119519216E+01     -0.6112405651E+00      0.6929206412E+00
    0.6143873636E+01      0.6143873636E+01     -0.6431253875E+00      0.6151156276E+00
    0.6169606242E+01      0.6169606242E+01     -0.6678149534E+00      0.5332428138E+00
    0.6196213311E+01      0.6196213311E+01     -0.6848256329E+00      0.4475567129E+00
    0.6223689140E+01      0.6223689140E+01     -0.6938432470E+00      0.3572733798E+00
    0.6254242894E+01      0.6254242894E+01     -0.6943577691E+00      0.2631789202E+00
    0.6282122196E+01      0.6282122196E+01     -0.6854558713E+00      0.1727610191E+00
    0.6310714805E+01      0.6310714805E+01     -0.6679781234E+00      0.8180699466E-01
    0.6340149379E+01      0.6340149379E+01     -0.6426552894E+00     -0.7030379551E-02
    0.6370326056E+01      0.6370326056E+01     -0.6099100520E+00     -0.9320435734E-01
    0.6401874911E+01      0.6401874911E+01     -0.5706767180E+00     -0.1746980984E+00
    0.6435519132E+01      0.6435519132E+01     -0.5261066215E+00     -0.2499222113E+00
    0.6472173845E+01      0.6472173845E+01     -0.4775855839E+00     -0.3172250218E+00
    0.6511845177E+01      0.6511845177E+01     -0.4260358645E+00     -0.3759258201E+00
    0.0000000000E+00      0.2000000000E+02      0.0000000000E+00      0.0000000000E+00
    0.5977994976E+01      0.5977994976E+01     -0.5169082943E-01      0.1180654621E+01
    0.5976180854E+01      0.5976180854E+01     -0.1190594413E+00      0.1182397741E+01
    0.5982414370E+01      0.5982414370E+01     -0.1986069914E+00      0.1154526601E+01
    0.5986968095E+01      0.5986968095E+01     -0.2718041892E+00      0.1133598329E+01
    0.5993665011E+01      0.5993665011E+01     -0.3429711159E+00      0.1103150175E+01
    0.6003093863E+01      0.6003093863E+01     -0.4107853357E+00      0.1065102458E+01
    0.6015508079E+01      0.6015508079E+01     -0.4750693651E+00      0.1017055308E+01
    0.6030935130E+01      0.6030935130E+01     -0.5355147502E+00      0.9609976921E+00
    0.6049195253E+01      0.6049195253E+01     -0.5915866766E+00      0.8959897559E+00
    0.6069923767E+01      0.6069923767E+01     -0.6425107146E+00      0.8243252910E+00
    0.6092670279E+01      0.6092670279E+01     -0.6873452673E+00      0.7454350567E+00
    0.6117045590E+01      0.6117045590E+01     -0.7250848898E+00      0.6604070654E+00
    0.6142712444E+01      0.6142712444E+01     -0.7549113900E+00      0.5708067883E+00
    0.6169273963E+01      0.6169273963E+01     -0.7762208270E+00      0.4768933981E+00
    0.6196639450E+01      0.6196639450E+01     -0.7881864224E+00      0.3771547486E+00
    0.6226567364E+01      0.6226567364E+01     -0.7905130407E+00      0.2752082359E+00
    0.6254939121E+01      0.6254939121E+01     -0.7823278005E+00      0.1746707563E+00
    0.6282708370E+01      0.6282708370E+01     -0.7644281102E+00      0.7483337883E-01
    0.6311576180E+01      0.6311576180E+01     -0.7373874343E+00     -0.2355539340E-01
    0.6340837153E+01      0.6340837153E+01     -0.7009095690E+00     -0.1197734349E+00
    0.6371057149E+01      0.6371057149E+01     -0.6563984547E+00     -0.2118692408E+00
    0.6402569355E+01      0.6402569355E+01     -0.6048132918E+00     -0.2979748179E+00
    0.6436316074E+01      0.6436316074E+01     -0.5477633823E+00     -0.3762889357E+00
    0.6473174556E+01      0.6473174556E+01     -0.4868321256E+00     -0.4451781107E+00
    0.0000000000E+00      0.2000000000E+02      0.0000000000E+00      0.0000000000E+00
    0.5945293579E+01      0.5945293579E+01     -0.5597174373E-01      0.1279033968E+01
    0.5943232426E+01      0.5943232426E+01     -0.1295371070E+00      0.1279704332E+01
    0.5949947755E+01      0.5949947755E+01     -0.2165401425E+00      0.1249255350E+01
    0.5954741542E+01      0.5954741542E+01     -0.2977505638E+00      0.1226102145E+01
    0.5961764711E+01      0.5961764711E+01     -0.3772998935E+00      0.1192180738E+01
    0.5971525042E+01      0.5971525042E+01     -0.4536634360E+00      0.1150387293E+01
    0.5984194716E+01      0.5984194716E+01     -0.5265761492E+00      0.1098235246E+01
    0.5999678698E+01      0.5999678698E+01     -0.5955318487E+00      0.1037684702E+01
    0.6017714035E+01      0.6017714035E+01     -0.6597972207E+00      0.9676844271E+00
    0.6037959320E+01      0.6037959320E+01     -0.7184091192E+00      0.8904297989E+00
    0.6060110452E+01      0.6060110452E+01     -0.7703466020E+00      0.8051265690E+00
    0.6083901240E+01      0.6083901240E+01     -0.8146196836E+00      0.7127364775E+00
    0.6108975872E+01      0.6108975872E+01     -0.8502681507E+00      0.6150097902E+00
    0.6134851565E+01      0.6134851565E+01     -0.8762659684E+00      0.5124148911E+00
    0.6161489673E+01      0.6161489673E+01     -0.8917886742E+00      0.4030988891E+00
    0.6190667985E+01      0.6190667985E+01     -0.8971571145E+00      0.2919101910E+00
    0.6219641950E+01      0.6219641950E+01     -0.8896844117E+00      0.1802732526E+00
    0.6247384917E+01      0.6247384917E+01     -0.8716958699E+00      0.7049109933E-01
    0.6276231309E+01      0.6276231309E+01     -0.8429512121E+00     -0.3873435468E-01
    0.6305210563E+01      0.6305210563E+01     -0.8026281975E+00     -0.1455690101E+00
    0.6335311912E+01      0.6335311912E+01     -0.7528605780E+00     -0.2484614639E+00
    0.6366330935E+01      0.6366330935E+01     -0.6944541160E+00     -0.3454815829E+00
    0.6398894490E+01      0.6398894490E+01     -0.6290304631E+00     -0.4349865025E+00
    0.6433755262E+01      0.6433755262E+01     -0.5582693045E+00     -0.5151321722E+00
    0.0000000000E+00      0.2000000000E+02      0.0000000000E+00      0.0000000000E+00
    0.5908230751E+01      0.5908230751E+01     -0.6049633715E-01      0.1385324858E+01
    0.5906008099E+01      0.5906008099E+01     -0.1405692885E+00      0.1385026843E+01
    0.5913436704E+01      0.5913436704E+01     -0.2357124368E+00      0.1352033837E+01
    0.5918562145E+01      0.5918562145E+01     -0.3256249307E+00      0.1326548548E+01
    0.5925903190E+01      0.5925903190E+01     -0.4143230924E+00      0.1289009353E+01
    0.5935813950E+01      0.5935813950E+01     -0.5000864664E+00      0.1243541417E+01
    0.5948348561E+01      0.5948348561E+01     -0.5824612629E+00      0.1187462641E+01
    0.5963310992E+01      0.5963310992E+01     -0.6606658637E+00      0.1122729351E+01
    0.5980468140E+01      0.5980468140E+01     -0.7338214871E+00      0.1048005875E+01
    0.5999641767E+01      0.5999641767E+01     -0.8008962774E+00      0.9651924929E+00
    0.6020666533E+01      0.6020666533E+01     -0.8607916453E+00      0.8732898557E+00
    0.6043231930E+01      0.6043231930E+01     -0.9123255170E+00      0.7733885221E+00
    0.6066952925E+01      0.6066952925E+01     -0.9542665438E+00      0.6673638758E+00
    0.6091593658E+01      0.6091593658E+01     -0.9854981499E+00      0.5555992091E+00
    0.6117298236E+01      0.6117298236E+01     -0.1005412371E+01      0.4359738348E+00
    0.6145588519E+01      0.6145588519E+01     -0.1013984015E+01      0.3137934586E+00
    0.6175814839E+01      0.6175814839E+01     -0.1008015283E+01      0.1894814034E+00
    0.6204240605E+01      0.6204240605E+01     -0.9894510022E+00      0.6787292191E-01
    0.6233775477E+01      0.6233775477E+01     -0.9587929317E+00     -0.5372991932E-01
    0.6263785723E+01      0.6263785723E+01     -0.9151668742E+00     -0.1727360682E+00
    0.6295264333E+01      0.6295264333E+01     -0.8607496623E+00     -0.2875558340E+00
    0.6327163264E+01      0.6327163264E+01     -0.7953789223E+00     -0.3959528225E+00
    0.6360112632E+01      0.6360112632E+01     -0.7211205353E+00     -0.4965005051E+00
    0.6394345311E+01      0.6394345311E+01     -0.6395165262E+00     -0.5874203360E+00
    0.0000000000E+00      0.2000000000E+02      0.0000000000E+00      0.0000000000E+00
    0.5865977841E+01      0.5865977841E+01     -0.6549742856E-01      0.1500018688E+01
    0.5863614369E+01      0.5863614369E+01     -0.1525469046E+00      0.1498932722E+01
    0.5871896215E+01      0.5871896215E+01     -0.2564802763E+00      0.1463599743E+01
    0.5877412100E+01      0.5877412100E+01     -0.3557414311E+00      0.1435812595E+01
    0.5885061871E+01      0.5885061871E+01     -0.4542715385E+00      0.1394616460E+01
    0.5894959698E+01      0.5894959698E+01     -0.5501036818E+00      0.1345584930E+01
    0.5907032259E+01      0.5907032259E+01     -0.6425961286E+00      0.1285695982E+01
    0.5921036830E+01      0.5921036830E+01     -0.7307616395E+00      0.1216941798E+01
    0.5936839737E+01      0.5936839737E+01     -0.8136667948E+00      0.1137600936E+01
    0.5954382500E+01      0.5954382500E+01     -0.8901785874E+00      0.1049284247E+01
    0.5973543062E+01      0.5973543062E+01     -0.9589853818E+00      0.9509038271E+00
    0.5994053858E+01      0.5994053858E+01     -0.1018674402E+01      0.8436387380E+00
    0.6015820009E+01      0.6015820009E+01     -0.1067929186E+01      0.7290233848E+00
    0.6038997824E+01      0.6038997824E+01     -0.1105625802E+01      0.6071738197E+00
    0.6063774108E+01      0.6063774108E+01     -0.1130991658E+01      0.4760884821E+00
    0.6091274083E+01      0.6091274083E+01     -0.1143281544E+01      0.3408239600E+00
    0.6123703589E+01      0.6123703589E+01     -0.1139951845E+01      0.2014822707E+00
    0.6152949586E+01      0.6152949586E+01     -0.1120819314E+01      0.6594558873E-01
    0.6183918205E+01      0.6183918205E+01     -0.1088046363E+01     -0.6954040248E-01
    0.6216116648E+01      0.6216116648E+01     -0.1040963358E+01     -0.2026065102E+00
    0.6249531312E+01      0.6249531312E+01     -0.9806216099E+00     -0.3302455172E+00
    0.6283343795E+01      0.6283343795E+01     -0.9074227823E+00     -0.4507321981E+00
    0.6317941982E+01      0.6317941982E+01     -0.8235913911E+00     -0.5624333154E+00
    0.6353176271E+01      0.6353176271E+01     -0.7306708137E+00     -0.6638427293E+00
    0.0000000000E+00      0.2000000000E+02      0.0000000000E+00      0.0000000000E+00
    0.5818160295E+01      0.5818160295E+01     -0.7102355586E-01      0.1623120453E+01
    0.5815648519E+01      0.5815648519E+01     -0.1656395858E+00      0.1621358144E+01
    0.5824782492E+01      0.5824782492E+01     -0.2789578956E+00      0.1584058103E+01
    0.5830543209E+01      0.5830543209E+01     -0.3881886083E+00      0.1554367431E+01
    0.5838273974E+01      0.5838273974E+01     -0.4971320031E+00      0.1509815253E+01
    0.5847766482E+01      0.5847766482E+01     -0.6035252233E+00      0.1457747496E+01
    0.5858881656E+01      0.5858881656E+01     -0.7067124710E+00      0.1394478690E+01
    0.5871370850E+01      0.5871370850E+01     -0.8055932749E+00      0.1322164373E+01
    0.5885189640E+01      0.5885189640E+01     -0.8992204731E+00      0.1238637088E+01
    0.5900346050E+01      0.5900346050E+01     -0.9862535685E+00      0.1145238808E+01
    0.5916834543E+01      0.5916834543E+01     -0.1065109480E+01      0.1040688472E+01
    0.5934690424E+01      0.5934690424E+01     -0.1134216040E+01      0.9259741639E+00
    0.5954295285E+01      0.5954295285E+01     -0.1192225610E+01      0.8019617433E+00
    0.5976092773E+01      0.5976092773E+01     -0.1237828470E+01      0.6686280877E+00
    0.6000109921E+01      0.6000109921E+01     -0.1269731033E+01      0.5243367138E+00
    0.6026960043E+01      0.6026960043E+01     -0.1286290760E+01      0.3737015647E+00
    0.6061992716E+01      0.6061992716E+01     -0.1285926410E+01      0.2169735869E+00
    0.6092364320E+01      0.6092364320E+01     -0.1265814620E+01      0.6458029422E-01
    0.6126164471E+01      0.6126164471E+01     -0.1230577060E+01     -0.8749057550E-01
    0.6161093456E+01      0.6161093456E+01     -0.1178609298E+01     -0.2363768438E+00
    0.6197225545E+01      0.6197225545E+01     -0.1110674810E+01     -0.3788130680E+00
    0.6233936166E+01      0.6233936166E+01     -0.1028225205E+01     -0.5126222996E+00
    0.6271166606E+01      0.6271166606E+01     -0.9332659307E+00     -0.6361341603E+00
    0.6308465216E+01      0.6308465216E+01     -0.8276887239E+00     -0.7477514226E+00
