    0.1000000000E+02      0.1000000000E+02      0.0000000000E+00      0.0000000000E+00
    0.1000000000E+02      0.1000000000E+02      0.0000000000E+00      0.0000000000E+00
    0.1000000000E+02      0.1000000000E+02      0.0000000000E+00      0.0000000000E+00
    0.1000000000E+02      0.1000000000E+02      0.0000000000E+00      0.0000000000E+00
    0.1000000000E+02      0.1000000000E+02      0.0000000000E+00      0.0000000000E+00
    0.1000000000E+02      0.1000000000E+02      0.0000000000E+00      0.0000000000E+00
    0.1000000000E+02      0.1000000000E+02      0.0000000000E+00      0.0000000000E+00
    0.1000000000E+02      0.1000000000E+02      0.0000000000E+00      0.0000000000E+00
    0.1000000000E+02      0.1000000000E+02      0.0000000000E+00      0.0000000000E+00
    0.1000000000E+02      0.1000000000E+02      0.0000000000E+00      0.0000000000E+00
    0.1000000000E+02      0.1000000000E+02      0.0000000000E+00      0.0000000000E+00
    0.1000000000E+02      0.1000000000E+02      0.0000000000E+00      0.0000000000E+00
    0.1000000000E+02      0.1000000000E+02      0.0000000000E+00      0.0000000000E+00
    0.1000000000E+02      0.1000000000E+02      0.0000000000E+00      0.0000000000E+00
    0.1000000000E+02      0.1000000000E+02      0.0000000000E+00      0.0000000000E+00
    0.1000000000E+02      0.1000000000E+02      0.0000000000E+00      0.0000000000E+00
    0.1000000000E+02      0.1000000000E+02      0.0000000000E+00      0.0000000000E+00
    0.1000000000E+02      0.1000000000E+02      0.0000000000E+00      0.0000000000E+00
    0.1000000000E+02      0.1000000000E+02      0.0000000000E+00      0.0000000000E+00
    0.1000000000E+02      0.1000000000E+02      0.0000000000E+00      0.0000000000E+00
    0.1000000000E+02      0.1000000000E+02      0.0000000000E+00      0.0000000000E+00
    0.1000000000E+02      0.1000000000E+02      0.0000000000E+00      0.0000000000E+00
    0.9999999861E+01      0.9999999861E+01      0.0000000000E+00      0.0000000000E+00
    0.9999996137E+01      0.9999996137E+01      0.0000000000E+00      0.0000000000E+00
    0.9999970081E+01      0.9999970081E+01      0.2762204161E-04      0.0000000000E+00
    0.1000000000E+02      0.1000000000E+02      0.0000000000E+00      0.0000000000E+00
    0.1000000000E+02      0.1000000000E+02      0.0000000000E+00      0.0000000000E+00
    0.1000000000E+02      0.1000000000E+02      0.0000000000E+00      0.0000000000E+00
    0.1000000000E+02      0.1000000000E+02      0.0000000000E+00      0.0000000000E+00
    0.1000000000E+02      0.1000000000E+02      0.0000000000E+00      0.0000000000E+00
    0.1000000000E+02      0.1000000000E+02      0.0000000000E+00      0.0000000000E+00
    0.1000000000E+02      0.1000000000E+02      0.0000000000E+00      0.0000000000E+00
    0.1000000000E+02      0.1000000000E+02      0.0000000000E+00      0.0000000000E+00
    0.1000000000E+02      0.1000000000E+02      0.0000000000E+00      0.0000000000E+00
    0.1000000000E+02      0.1000000000E+02      0.0000000000E+00      0.0000000000E+00
    0.1000000000E+02      0.1000000000E+02      0.0000000000E+00      0.0000000000E+00
    0.1000000000E+02      0.1000000000E+02      0.0000000000E+00      0.0000000000E+00
    0.1000000000E+02      0.1000000000E+02      0.0000000000E+00      0.0000000000E+00
    0.1000000000E+02      0.1000000000E+02      0.0000000000E+00      0.0000000000E+00
    0.1000000000E+02      0.1000000000E+02      0.0000000000E+00      0.0000000000E+00
    0.1000000000E+02      0.1000000000E+02      0.0000000000E+00      0.0000000000E+00
    0.1000000000E+02      0.1000000000E+02      0.0000000000E+00      0.0000000000E+00
    0.1000000000E+02      0.1000000000E+02      0.0000000000E+00      0.0000000000E+00
    0.1000000000E+02      0.1000000000E+02      0.0000000000E+00      0.0000000000E+00
    0.1000000000E+02      0.1000000000E+02      0.0000000000E+00      0.0000000000E+00
    0.1000000000E+02      0.1000000000E+02      0.0000000000E+00      0.0000000000E+00
    0.1000000000E+02      0.1000000000E+02      0.0000000000E+00      0.0000000000E+00
    0.9999999861E+01      0.9999999861E+01      0.0000000000E+00      0.0000000000E+00
    0.9999996138E+01      0.9999996138E+01      0.0000000000E+00      0.0000000000E+00
    0.9999970089E+01      0.9999970089E+01      0.2761399222E-04      0.0000000000E+00
    0.1000000000E+02      0.1000000000E+02      0.0000000000E+00      0.0000000000E+00
    0.1000000000E+02      0.1000000000E+02      0.0000000000E+00      0.0000000000E+00
    0.1000000000E+02      0.1000000000E+02      0.0000000000E+00      0.0000000000E+00
    0.1000000000E+02      0.1000000000E+02      0.0000000000E+00      0.0000000000E+00
    0.1000000000E+02      0.1000000000E+02      0.0000000000E+00      0.0000000000E+00
    0.1000000000E+02      0.1000000000E+02      0.0000000000E+00      0.0000000000E+00
    0.1000000000E+02      0.1000000000E+02      0.0000000000E+00      0.0000000000E+00
    0.1000000000E+02      0.1000000000E+02      0.0000000000E+00      0.0000000000E+00
    0.1000000000E+02      0.1000000000E+02      0.0000000000E+00      0.0000000000E+00
    0.1000000000E+02      0.1000000000E+02      0.0000000000E+00      0.0000000000E+00
    0.1000000000E+02      0.1000000000E+02      0.0000000000E+00      0.0000000000E+00
    0.1000000000E+02      0.1000000000E+02      0.0000000000E+00      0.0000000000E+00
    0.1000000000E+02      0.1000000000E+02      0.0000000000E+00      0.0000000000E+00
    0.1000000000E+02      0.1000000000E+02      0.0000000000E+00      0.0000000000E+00
    0.1000000000E+02      0.1000000000E+02      0.0000000000E+00      0.0000000000E+00
    0.1000000000E+02      0.1000000000E+02      0.0000000000E+00      0.0000000000E+00
    0.1000000000E+02      0.1000000000E+02      0.0000000000E+00      0.0000000000E+00
    0.1000000000E+02      0.1000000000E+02      0.0000000000E+00      0.0000000000E+00
    0.1000000000E+02      0.1000000000E+02      0.0000000000E+00      0.0000000000E+00
    0.1000000000E+02      0.1000000000E+02      0.0000000000E+00      0.0000000000E+00
    0.1000000000E+02      0.1000000000E+02      0.0000000000E+00      0.0000000000E+00
    0.1000000000E+02      0.1000000000E+02      0.0000000000E+00      0.0000000000E+00
    0.9999999861E+01      0.9999999861E+01      0.0000000000E+00      0.0000000000E+00
    0.9999996142E+01      0.9999996142E+01      0.0000000000E+00      0.0000000000E+00
    0.9999970123E+01      0.9999970123E+01      0.2758167922E-04      0.0000000000E+00
    0.1000000000E+02      0.1000000000E+02      0.0000000000E+00      0.0000000000E+00
    0.1000000000E+02      0.1000000000E+02      0.0000000000E+00      0.0000000000E+00
    0.1000000000E+02      0.1000000000E+02      0.0000000000E+00      0.0000000000E+00
    0.1000000000E+02      0.1000000000E+02      0.0000000000E+00      0.0000000000E+00
    0.1000000000E+02      0.1000000000E+02      0.0000000000E+00      0.0000000000E+00
    0.1000000000E+02      0.1000000000E+02      0.0000000000E+00      0.0000000000E+00
    0.1000000000E+02      0.1000000000E+02      0.0000000000E+00      0.0000000000E+00
    0.1000000000E+02      0.1000000000E+02      0.0000000000E+00      0.0000000000E+00
    0.1000000000E+02      0.1000000000E+02      0.0000000000E+00      0.0000000000E+00
    0.1000000000E+02      0.1000000000E+02      0.0000000000E+00      0.0000000000E+00
    0.1000000000E+02      0.1000000000E+02      0.0000000000E+00      0.0000000000E+00
    0.1000000000E+02      0.1000000000E+02      0.0000000000E+00      0.0000000000E+00
    0.1000000000E+02      0.1000000000E+02      0.0000000000E+00      0.0000000000E+00
    0.1000000000E+02      0.1000000000E+02      0.0000000000E+00      0.0000000000E+00
    0.1000000000E+02      0.1000000000E+02      0.0000000000E+00      0.0000000000E+00
    0.1000000000E+02      0.1000000000E+02      0.0000000000E+00      0.0000000000E+00
    0.1000000000E+02      0.1000000000E+02      0.0000000000E+00      0.0000000000E+00
    0.1000000000E+02      0.1000000000E+02      0.0000000000E+00      0.0000000000E+00
    0.1000000000E+02      0.1000000000E+02      0.0000000000E+00      0.0000000000E+00
    0.1000000000E+02      0.1000000000E+02      0.0000000000E+00      0.0000000000E+00
    0.1000000000E+02      0.1000000000E+02      0.0000000000E+00      0.0000000000E+00
    0.1000000000E+02      0.1000000000E+02      0.0000000000E+00      0.0000000000E+00
    0.9999999862E+01      0.9999999862E+01      0.0000000000E+00      0.0000000000E+00
    0.9999996154E+01      0.9999996154E+01      0.0000000000E+00      0.0000000000E+00
    0.9999970232E+01      0.9999970232E+01      0.2747868666E-04      0.0000000000E+00
    0.1000000000E+02      0.1000000000E+02      0.0000000000E+00      0.0000000000E+00
    0.1000000000E+02      0.1000000000E+02      0.0000000000E+00      0.0000000000E+00
    0.1000000000E+02      0.1000000000E+02      0.0000000000E+00      0.0000000000E+00
    0.1000000000E+02      0.1000000000E+02      0.0000000000E+00      0.0000000000E+00
    0.1000000000E+02      0.1000000000E+02      0.0000000000E+00      0.0000000000E+00
    0.1000000000E+02      0.1000000000E+02      0.0000000000E+00      0.0000000000E+00
    0.1000000000E+02      0.1000000000E+02      0.0000000000E+00      0.0000000000E+00
    0.1000000000E+02      0.1000000000E+02      0.0000000000E+00      0.0000000000E+00
    0.1000000000E+02      0.1000000000E+02      0.0000000000E+00      0.0000000000E+00
    0.1000000000E+02      0.1000000000E+02      0.0000000000E+00      0.0000000000E+00
    0.1000000000E+02      0.1000000000E+02      0.0000000000E+00      0.0000000000E+00
    0.1000000000E+02      0.1000000000E+02      0.0000000000E+00      0.0000000000E+00
    0.1000000000E+02      0.1000000000E+02      0.0000000000E+00      0.0000000000E+00
    0.1000000000E+02      0.1000000000E+02      0.0000000000E+00      0.0000000000E+00
    0.1000000000E+02      0.1000000000E+02      0.0000000000E+00      0.0000000000E+00
    0.1000000000E+02      0.1000000000E+02      0.0000000000E+00      0.0000000000E+00
    0.1000000000E+02      0.1000000000E+02      0.0000000000E+00      0.0000000000E+00
    0.1000000000E+02      0.1000000000E+02      0.0000000000E+00      0.0000000000E+00
    0.1000000000E+02      0.1000000000E+02      0.0000000000E+00      0.0000000000E+00
    0.1000000000E+02      0.1000000000E+02      0.0000000000E+00      0.0000000000E+00
    0.1000000000E+02      0.1000000000E+02      0.0000000000E+00      0.0000000000E+00
    0.1000000000E+02      0.1000000000E+02      0.0000000000E+00      0.0000000000E+00
    0.9999999863E+01      0.9999999863E+01      0.0000000000E+00      0.0000000000E+00
    0.9999996193E+01      0.9999996193E+01      0.0000000000E+00      0.0000000000E+00
    0.9999970551E+01      0.9999970551E+01      0.2717953425E-04      0.0000000000E+00
    0.1000000000E+02      0.1000000000E+02      0.0000000000E+00      0.0000000000E+00
    0.1000000000E+02      0.1000000000E+02      0.0000000000E+00      0.0000000000E+00
    0.1000000000E+02      0.1000000000E+02      0.0000000000E+00      0.0000000000E+00
    0.1000000000E+02      0.1000000000E+02      0.0000000000E+00      0.0000000000E+00
    0.1000000000E+02      0.1000000000E+02      0.0000000000E+00      0.0000000000E+00
    0.1000000000E+02      0.1000000000E+02      0.0000000000E+00      0.0000000000E+00
    0.1000000000E+02      0.1000000000E+02      0.0000000000E+00      0.0000000000E+00
    0.1000000000E+02      0.1000000000E+02      0.0000000000E+00      0.0000000000E+00
    0.1000000000E+02      0.1000000000E+02      0.0000000000E+00      0.0000000000E+00
    0.1000000000E+02      0.1000000000E+02      0.0000000000E+00      0.0000000000E+00
    0.1000000000E+02      0.1000000000E+02      0.0000000000E+00      0.0000000000E+00
    0.1000000000E+02      0.1000000000E+02      0.0000000000E+00      0.0000000000E+00
    0.1000000000E+02      0.1000000000E+02      0.0000000000E+00      0.0000000000E+00
    0.1000000000E+02      0.1000000000E+02      0.0000000000E+00      0.0000000000E+00
    0.1000000000E+02      0.1000000000E+02      0.0000000000E+00      0.0000000000E+00
    0.1000000000E+02      0.1000000000E+02      0.0000000000E+00      0.0000000000E+00
    0.1000000000E+02      0.1000000000E+02      0.0000000000E+00      0.0000000000E+00
    0.1000000000E+02      0.1000000000E+02      0.0000000000E+00      0.0000000000E+00
    0.1000000000E+02      0.1000000000E+02      0.0000000000E+00      0.0000000000E+00
    0.1000000000E+02      0.1000000000E+02      0.0000000000E+00      0.0000000000E+00
    0.1000000000E+02      0.1000000000E+02      0.0000000000E+00      0.0000000000E+00
    0.1000000000E+02      0.1000000000E+02      0.0000000000E+00      0.0000000000E+00
    0.9999999867E+01      0.9999999867E+01      0.0000000000E+00      0.0000000000E+00
    0.9999996301E+01      0.9999996301E+01      0.0000000000E+00      0.0000000000E+00
    0.9999971557E+01      0.9999971557E+01      0.2637217681E-04      0.0000000000E+00
    0.1000000000E+02      0.1000000000E+02      0.0000000000E+00      0.0000000000E+00
    0.1000000000E+02      0.1000000000E+02      0.0000000000E+00      0.0000000000E+00
    0.1000000000E+02      0.1000000000E+02      0.0000000000E+00      0.0000000000E+00
    0.1000000000E+02      0.1000000000E+02      0.0000000000E+00      0.0000000000E+00
    0.1000000000E+02      0.1000000000E+02      0.0000000000E+00      0.0000000000E+00
    0.1000000000E+02      0.1000000000E+02      0.0000000000E+00      0.0000000000E+00
    0.1000000000E+02      0.1000000000E+02      0.0000000000E+00      0.0000000000E+00
    0.1000000000E+02      0.1000000000E+02      0.0000000000E+00      0.0000000000E+00
    0.1000000000E+02      0.1000000000E+02      0.0000000000E+00      0.0000000000E+00
    0.1000000000E+02      0.1000000000E+02      0.0000000000E+00      0.0000000000E+00
    0.1000000000E+02      0.1000000000E+02      0.0000000000E+00      0.0000000000E+00
    0.1000000000E+02      0.1000000000E+02      0.0000000000E+00      0.0000000000E+00
    0.1000000000E+02      0.1000000000E+02      0.0000000000E+00      0.0000000000E+00
    0.1000000000E+02      0.1000000000E+02      0.0000000000E+00      0.0000000000E+00
    0.1000000000E+02      0.1000000000E+02      0.0000000000E+00      0.0000000000E+00
    0.1000000000E+02      0.1000000000E+02      0.0000000000E+00      0.0000000000E+00
    0.1000000000E+02      0.1000000000E+02      0.0000000000E+00      0.0000000000E+00
    0.1000000000E+02      0.1000000000E+02      0.0000000000E+00      0.0000000000E+00
    0.1000000000E+02      0.1000000000E+02      0.0000000000E+00      0.0000000000E+00
    0.1000000000E+02      0.1000000000E+02      0.0000000000E+00      0.0000000000E+00
    0.1000000000E+02      0.1000000000E+02      0.0000000000E+00      0.0000000000E+00
    0.1000000000E+02      0.1000000000E+02      0.0000000000E+00      0.0000000000E+00
    0.1000000000E+02      0.1000000000E+02      0.0000000000E+00      0.0000000000E+00
    0.9999996735E+01      0.9999996735E+01      0.0000000000E+00      0.0000000000E+00
    0.9999974770E+01      0.9999974770E+01      0.2354065976E-04      0.0000000000E+00
    0.1000000000E+02      0.1000000000E+02      0.0000000000E+00      0.0000000000E+00
    0.1000000000E+02      0.1000000000E+02      0.0000000000E+00      0.0000000000E+00
    0.1000000000E+02      0.1000000000E+02      0.0000000000E+00      0.0000000000E+00
    0.1000000000E+02      0.1000000000E+02      0.0000000000E+00      0.0000000000E+00
    0.1000000000E+02      0.1000000000E+02      0.0000000000E+00      0.0000000000E+00
    0.1000000000E+02      0.1000000000E+02      0.0000000000E+00      0.0000000000E+00
    0.1000000000E+02      0.1000000000E+02      0.0000000000E+00      0.0000000000E+00
    0.1000000000E+02      0.1000000000E+02      0.0000000000E+00      0.0000000000E+00
    0.1000000000E+02      0.1000000000E+02      0.0000000000E+00      0.0000000000E+00
    0.1000000000E+02      0.1000000000E+02      0.0000000000E+00      0.0000000000E+00
    0.1000000000E+02      0.1000000000E+02      0.0000000000E+00      0.0000000000E+00
    0.1000000000E+02      0.1000000000E+02      0.0000000000E+00      0.0000000000E+00
    0.1000000000E+02      0.1000000000E+02      0.0000000000E+00      0.0000000000E+00
    0.1000000000E+02      0.1000000000E+02      0.0000000000E+00      0.0000000000E+00
    0.1000000000E+02      0.1000000000E+02      0.0000000000E+00      0.0000000000E+00
    0.1000000000E+02      0.1000000000E+02      0.0000000000E+00      0.0000000000E+00
    0.1000000000E+02      0.1000000000E+02      0.0000000000E+00      0.0000000000E+00
    0.1000000000E+02      0.1000000000E+02      0.0000000000E+00      0.0000000000E+00
    0.1000000000E+02      0.1000000000E+02      0.0000000000E+00      0.0000000000E+00
    0.1000000000E+02      0.1000000000E+02      0.0000000000E+00      0.0000000000E+00
    0.1000000000E+02      0.1000000000E+02      0.0000000000E+00      0.0000000000E+00
    0.1000000000E+02      0.1000000000E+02      0.0000000000E+00      0.0000000000E+00
    0.1000000000E+02      0.1000000000E+02      0.0000000000E+00      0.0000000000E+00
    0.9999997114E+01      0.9999997114E+01      0.0000000000E+00      0.0000000000E+00
    0.9999977606E+01      0.9999977606E+01      0.2145572224E-04      0.0000000000E+00
    0.1000000000E+02      0.1000000000E+02      0.0000000000E+00      0.0000000000E+00
    0.1000000000E+02      0.1000000000E+02      0.0000000000E+00      0.0000000000E+00
    0.1000000000E+02      0.1000000000E+02      0.0000000000E+00      0.0000000000E+00
    0.1000000000E+02      0.1000000000E+02      0.0000000000E+00      0.0000000000E+00
    0.1000000000E+02      0.1000000000E+02      0.0000000000E+00      0.0000000000E+00
    0.1000000000E+02      0.1000000000E+02      0.0000000000E+00      0.0000000000E+00
    0.1000000000E+02      0.1000000000E+02      0.0000000000E+00      0.0000000000E+00
    0.1000000000E+02      0.1000000000E+02      0.0000000000E+00      0.0000000000E+00
    0.1000000000E+02      0.1000000000E+02      0.0000000000E+00      0.0000000000E+00
    0.1000000000E+02      0.1000000000E+02      0.0000000000E+00      0.0000000000E+00
    0.1000000000E+02      0.1000000000E+02      0.0000000000E+00      0.0000000000E+00
    0.1000000000E+02      0.1000000000E+02      0.0000000000E+00      0.0000000000E+00
    0.1000000000E+02      0.1000000000E+02      0.0000000000E+00      0.0000000000E+00
    0.1000000000E+02      0.1000000000E+02      0.0000000000E+00      0.0000000000E+00
    0.1000000000E+02      0.1000000000E+02      0.0000000000E+00      0.0000000000E+00
    0.1000000000E+02      0.1000000000E+02      0.0000000000E+00      0.0000000000E+00
    0.1000000000E+02      0.1000000000E+02      0.0000000000E+00      0.0000000000E+00
    0.1000000000E+02      0.1000000000E+02      0.0000000000E+00      0.0000000000E+00
    0.1000000000E+02      0.1000000000E+02      0.0000000000E+00      0.0000000000E+00
    0.1000000000E+02      0.1000000000E+02      0.0000000000E+00      0.0000000000E+00
    0.1000000000E+02      0.1000000000E+02      0.0000000000E+00      0.0000000000E+00
    0.1000000000E+02      0.1000000000E+02      0.0000000000E+00      0.0000000000E+00
    0.1000000000E+02      0.1000000000E+02      0.0000000000E+00      0.0000000000E+00
    0.9999998164E+01      0.9999998164E+01      0.0000000000E+00      0.0000000000E+00
    0.9999981703E+01      0.9999981703E+01      0.1890220175E-04      0.0000000000E+00
    0.1000000000E+02      0.1000000000E+02      0.0000000000E+00      0.0000000000E+00
    0.1000000000E+02      0.1000000000E+02      0.0000000000E+00      0.0000000000E+00
    0.1000000000E+02      0.1000000000E+02      0.0000000000E+00      0.0000000000E+00
    0.1000000000E+02      0.1000000000E+02      0.0000000000E+00      0.0000000000E+00
    0.1000000000E+02      0.1000000000E+02      0.0000000000E+00      0.0000000000E+00
    0.1000000000E+02      0.1000000000E+02      0.0000000000E+00      0.0000000000E+00
    0.1000000000E+02      0.1000000000E+02      0.0000000000E+00      0.0000000000E+00
    0.1000000000E+02      0.1000000000E+02      0.0000000000E+00      0.0000000000E+00
    0.1000000000E+02      0.1000000000E+02      0.0000000000E+00      0.0000000000E+00
    0.1000000000E+02      0.1000000000E+02      0.0000000000E+00      0.0000000000E+00
    0.1000000000E+02      0.1000000000E+02      0.0000000000E+00      0.0000000000E+00
    0.1000000000E+02      0.1000000000E+02      0.0000000000E+00      0.0000000000E+00
    0.1000000000E+02      0.1000000000E+02      0.0000000000E+00      0.0000000000E+00
    0.1000000000E+02      0.1000000000E+02      0.0000000000E+00      0.0000000000E+00
    0.1000000000E+02      0.1000000000E+02      0.0000000000E+00      0.0000000000E+00
    0.1000000000E+02      0.1000000000E+02      0.0000000000E+00      0.0000000000E+00
    0.1000000000E+02      0.1000000000E+02      0.0000000000E+00      0.0000000000E+00
    0.1000000000E+02      0.1000000000E+02      0.0000000000E+00      0.0000000000E+00
    0.1000000000E+02      0.1000000000E+02      0.0000000000E+00      0.0000000000E+00
    0.1000000000E+02      0.1000000000E+02      0.0000000000E+00      0.0000000000E+00
    0.1000000000E+02      0.1000000000E+02      0.0000000000E+00      0.0000000000E+00
    0.1000000000E+02      0.1000000000E+02      0.0000000000E+00      0.0000000000E+00
    0.1000000000E+02      0.1000000000E+02      0.0000000000E+00      0.0000000000E+00
    0.9999998616E+01      0.9999998616E+01      0.0000000000E+00      0.0000000000E+00
    0.9999986136E+01      0.9999986136E+01      0.1484215933E-04      0.0000000000E+00
    0.1000000000E+02      0.1000000000E+02      0.0000000000E+00      0.0000000000E+00
    0.1000000000E+02      0.1000000000E+02      0.0000000000E+00      0.0000000000E+00
    0.1000000000E+02      0.1000000000E+02      0.0000000000E+00      0.0000000000E+00
    0.1000000000E+02      0.1000000000E+02      0.0000000000E+00      0.0000000000E+00
    0.1000000000E+02      0.1000000000E+02      0.0000000000E+00      0.0000000000E+00
    0.1000000000E+02      0.1000000000E+02      0.0000000000E+00      0.0000000000E+00
    0.1000000000E+02      0.1000000000E+02      0.0000000000E+00      0.0000000000E+00
    0.1000000000E+02      0.1000000000E+02      0.0000000000E+00      0.0000000000E+00
    0.1000000000E+02      0.1000000000E+02      0.0000000000E+00      0.0000000000E+00
    0.1000000000E+02      0.1000000000E+02      0.0000000000E+00      0.0000000000E+00
    0.1000000000E+02      0.1000000000E+02      0.0000000000E+00      0.0000000000E+00
    0.1000000000E+02      0.1000000000E+02      0.0000000000E+00      0.0000000000E+00
    0.1000000000E+02      0.1000000000E+02      0.0000000000E+00      0.0000000000E+00
    0.1000000000E+02      0.1000000000E+02      0.0000000000E+00      0.0000000000E+00
    0.1000000000E+02      0.1000000000E+02      0.0000000000E+00      0.0000000000E+00
    0.1000000000E+02      0.1000000000E+02      0.0000000000E+00      0.0000000000E+00
    0.1000000000E+02      0.1000000000E+02      0.0000000000E+00      0.0000000000E+00
    0.1000000000E+02      0.1000000000E+02      0.0000000000E+00      0.0000000000E+00
    0.1000000000E+02      0.1000000000E+02      0.0000000000E+00      0.0000000000E+00
    0.1000000000E+02      0.1000000000E+02      0.0000000000E+00      0.0000000000E+00
    0.1000000000E+02      0.1000000000E+02      0.0000000000E+00      0.0000000000E+00
    0.1000000000E+02      0.1000000000E+02      0.0000000000E+00      0.0000000000E+00
    0.1000000000E+02      0.1000000000E+02      0.0000000000E+00      0.0000000000E+00
    0.9999999166E+01      0.9999999166E+01      0.0000000000E+00      0.0000000000E+00
    0.9999989833E+01      0.9999989833E+01      0.1088305338E-04      0.0000000000E+00
    0.1000000000E+02      0.1000000000E+02      0.0000000000E+00      0.0000000000E+00
    0.1000000000E+02      0.1000000000E+02      0.0000000000E+00      0.0000000000E+00
    0.1000000000E+02      0.1000000000E+02      0.0000000000E+00      0.0000000000E+00
    0.1000000000E+02      0.1000000000E+02      0.0000000000E+00      0.0000000000E+00
    0.1000000000E+02      0.1000000000E+02      0.0000000000E+00      0.0000000000E+00
    0.1000000000E+02      0.1000000000E+02      0.0000000000E+00      0.0000000000E+00
    0.1000000000E+02      0.1000000000E+02      0.0000000000E+00      0.0000000000E+00
    0.1000000000E+02      0.1000000000E+02      0.0000000000E+00      0.0000000000E+00
    0.1000000000E+02      0.1000000000E+02      0.0000000000E+00      0.0000000000E+00
    0.1000000000E+02      0.1000000000E+02      0.0000000000E+00      0.0000000000E+00
    0.1000000000E+02      0.1000000000E+02      0.0000000000E+00      0.0000000000E+00
    0.1000000000E+02      0.1000000000E+02      0.0000000000E+00      0.0000000000E+00
    0.1000000000E+02      0.1000000000E+02      0.0000000000E+00      0.0000000000E+00
    0.1000000000E+02      0.1000000000E+02      0.0000000000E+00      0.0000000000E+00
    0.1000000000E+02      0.1000000000E+02      0.0000000000E+00      0.0000000000E+00
    0.1000000000E+02      0.1000000000E+02      0.0000000000E+00      0.0000000000E+00
    0.1000000000E+02      0.1000000000E+02      0.0000000000E+00      0.0000000000E+00
    0.1000000000E+02      0.1000000000E+02      0.0000000000E+00      0.0000000000E+00
    0.1000000000E+02      0.1000000000E+02      0.0000000000E+00      0.0000000000E+00
    0.1000000000E+02      0.1000000000E+02      0.0000000000E+00      0.0000000000E+00
    0.1000000000E+02      0.1000000000E+02      0.0000000000E+00      0.0000000000E+00
    0.1000000000E+02      0.1000000000E+02      0.0000000000E+00      0.0000000000E+00
    0.1000000000E+02      0.1000000000E+02      0.0000000000E+00      0.0000000000E+00
    0.9999999812E+01      0.9999999812E+01      0.0000000000E+00      0.0000000000E+00
    0.9999995486E+01      0.9999995486E+01      0.0000000000E+00      0.0000000000E+00
    0.1000000000E+02      0.1000000000E+02      0.0000000000E+00      0.0000000000E+00
    0.1000000000E+02      0.1000000000E+02      0.0000000000E+00      0.0000000000E+00
    0.1000000000E+02      0.1000000000E+02      0.0000000000E+00      0.0000000000E+00
    0.1000000000E+02      0.1000000000E+02      0.0000000000E+00      0.0000000000E+00
    0.1000000000E+02      0.1000000000E+02      0.0000000000E+00      0.0000000000E+00
    0.1000000000E+02      0.1000000000E+02      0.0000000000E+00      0.0000000000E+00
    0.1000000000E+02      0.1000000000E+02      0.0000000000E+00      0.0000000000E+00
    0.1000000000E+02      0.1000000000E+02      0.0000000000E+00      0.0000000000E+00
    0.1000000000E+02      0.1000000000E+02      0.0000000000E+00      0.0000000000E+00
    0.1000000000E+02      0.1000000000E+02      0.0000000000E+00      0.0000000000E+00
    0.1000000000E+02      0.1000000000E+02      0.0000000000E+00      0.0000000000E+00
    0.1000000000E+02      0.1000000000E+02      0.0000000000E+00      0.0000000000E+00
    0.1000000000E+02      0.1000000000E+02      0.0000000000E+00      0.0000000000E+00
    0.1000000000E+02      0.1000000000E+02      0.0000000000E+00      0.0000000000E+00
    0.1000000000E+02      0.1000000000E+02      0.0000000000E+00      0.0000000000E+00
    0.1000000000E+02      0.1000000000E+02      0.0000000000E+00      0.0000000000E+00
    0.1000000000E+02      0.1000000000E+02      0.0000000000E+00      0.0000000000E+00
    0.1000000000E+02      0.1000000000E+02      0.0000000000E+00      0.0000000000E+00
    0.1000000000E+02      0.1000000000E+02      0.0000000000E+00      0.0000000000E+00
    0.1000000000E+02      0.1000000000E+02      0.0000000000E+00      0.0000000000E+00
    0.1000000000E+02      0.1000000000E+02      0.0000000000E+00      0.0000000000E+00
    0.1000000000E+02      0.1000000000E+02      0.0000000000E+00      0.0000000000E+00
    0.1000000000E+02      0.1000000000E+02      0.0000000000E+00      0.0000000000E+00
    0.1000000000E+02      0.1000000000E+02      0.0000000000E+00      0.0000000000E+00
    0.9999997863E+01      0.9999997863E+01      0.0000000000E+00      0.0000000000E+00
    0.1000000000E+02      0.1000000000E+02      0.0000000000E+00      0.0000000000E+00
    0.1000000000E+02      0.1000000000E+02      0.0000000000E+00      0.0000000000E+00
    0.1000000000E+02      0.1000000000E+02      0.0000000000E+00      0.0000000000E+00
    0.1000000000E+02      0.1000000000E+02      0.0000000000E+00      0.0000000000E+00
    0.1000000000E+02      0.1000000000E+02      0.0000000000E+00      0.0000000000E+00
    0.1000000000E+02      0.1000000000E+02      0.0000000000E+00      0.0000000000E+00
    0.1000000000E+02      0.1000000000E+02      0.0000000000E+00      0.0000000000E+00
    0.1000000000E+02      0.1000000000E+02      0.0000000000E+00      0.0000000000E+00
    0.1000000000E+02      0.1000000000E+02      0.0000000000E+00      0.0000000000E+00
    0.1000000000E+02      0.1000000000E+02      0.0000000000E+00      0.0000000000E+00
    0.1000000000E+02      0.1000000000E+02      0.0000000000E+00      0.0000000000E+00
    0.1000000000E+02      0.1000000000E+02      0.0000000000E+00      0.0000000000E+00
    0.1000000000E+02      0.1000000000E+02      0.0000000000E+00      0.0000000000E+00
    0.1000000000E+02      0.1000000000E+02      0.0000000000E+00      0.0000000000E+00
    0.1000000000E+02      0.1000000000E+02      0.0000000000E+00      0.0000000000E+00
    0.1000000000E+02      0.1000000000E+02      0.0000000000E+00      0.0000000000E+00
    0.1000000000E+02      0.1000000000E+02      0.0000000000E+00      0.0000000000E+00
    0.1000000000E+02      0.1000000000E+02      0.0000000000E+00      0.0000000000E+00
    0.1000000000E+02      0.1000000000E+02      0.0000000000E+00      0.0000000000E+00
    0.1000000000E+02      0.1000000000E+02      0.0000000000E+00      0.0000000000E+00
    0.1000000000E+02      0.1000000000E+02      0.0000000000E+00      0.0000000000E+00
    0.1000000000E+02      0.1000000000E+02      0.0000000000E+00      0.0000000000E+00
    0.1000000000E+02      0.1000000000E+02      0.0000000000E+00      0.0000000000E+00
    0.1000000000E+02      0.1000000000E+02      0.0000000000E+00      0.0000000000E+00
    0.9999999152E+01      0.9999999152E+01      0.0000000000E+00      0.0000000000E+00
    0.1000000000E+02      0.1000000000E+02      0.0000000000E+00      0.0000000000E+00
    0.1000000000E+02      0.1000000000E+02      0.0000000000E+00      0.0000000000E+00
    0.1000000000E+02      0.1000000000E+02      0.0000000000E+00      0.0000000000E+00
    0.1000000000E+02      0.1000000000E+02      0.0000000000E+00      0.0000000000E+00
    0.1000000000E+02      0.1000000000E+02      0.0000000000E+00      0.0000000000E+00
    0.1000000000E+02      0.1000000000E+02      0.0000000000E+00      0.0000000000E+00
    0.1000000000E+02      0.1000000000E+02      0.0000000000E+00      0.0000000000E+00
    0.1000000000E+02      0.1000000000E+02      0.0000000000E+00      0.0000000000E+00
    0.1000000000E+02      0.1000000000E+02      0.0000000000E+00      0.0000000000E+00
    0.1000000000E+02      0.1000000000E+02      0.0000000000E+00      0.0000000000E+00
    0.1000000000E+02      0.1000000000E+02      0.0000000000E+00      0.0000000000E+00
    0.1000000000E+02      0.1000000000E+02      0.0000000000E+00      0.0000000000E+00
    0.1000000000E+02      0.1000000000E+02      0.0000000000E+00      0.0000000000E+00
    0.1000000000E+02      0.1000000000E+02      0.0000000000E+00      0.0000000000E+00
    0.1000000000E+02      0.1000000000E+02      0.0000000000E+00      0.0000000000E+00
    0.1000000000E+02      0.1000000000E+02      0.0000000000E+00      0.0000000000E+00
    0.1000000000E+02      0.1000000000E+02      0.0000000000E+00      0.0000000000E+00
    0.1000000000E+02      0.1000000000E+02      0.0000000000E+00      0.0000000000E+00
    0.1000000000E+02      0.1000000000E+02      0.0000000000E+00      0.0000000000E+00
    0.1000000000E+02      0.1000000000E+02      0.0000000000E+00      0.0000000000E+00
    0.1000000000E+02      0.1000000000E+02      0.0000000000E+00      0.0000000000E+00
    0.1000000000E+02      0.1000000000E+02      0.0000000000E+00      0.0000000000E+00
    0.1000000000E+02      0.1000000000E+02      0.0000000000E+00      0.0000000000E+00
    0.1000000000E+02      0.1000000000E+02      0.0000000000E+00      0.0000000000E+00
    0.1000000000E+02      0.1000000000E+02      0.0000000000E+00      0.0000000000E+00
    0.1000000000E+02      0.1000000000E+02      0.0000000000E+00      0.0000000000E+00
    0.1000000000E+02      0.1000000000E+02      0.0000000000E+00      0.0000000000E+00
    0.1000000000E+02      0.1000000000E+02      0.0000000000E+00      0.0000000000E+00
    0.1000000000E+02      0.1000000000E+02      0.0000000000E+00      0.0000000000E+00
    0.1000000000E+02      0.1000000000E+02      0.0000000000E+00      0.0000000000E+00
    0.1000000000E+02      0.1000000000E+02      0.0000000000E+00      0.0000000000E+00
    0.1000000000E+02      0.1000000000E+02      0.0000000000E+00      0.0000000000E+00
    0.1000000000E+02      0.1000000000E+02      0.0000000000E+00      0.0000000000E+00
    0.1000000000E+02      0.1000000000E+02      0.0000000000E+00      0.0000000000E+00
    0.1000000000E+02      0.1000000000E+02      0.0000000000E+00      0.0000000000E+00
    0.1000000000E+02      0.1000000000E+02      0.0000000000E+00      0.0000000000E+00
    0.1000000000E+02      0.1000000000E+02      0.0000000000E+00      0.0000000000E+00
    0.1000000000E+02      0.1000000000E+02      0.0000000000E+00      0.0000000000E+00
    0.1000000000E+02      0.1000000000E+02      0.0000000000E+00      0.0000000000E+00
    0.1000000000E+02      0.1000000000E+02      0.0000000000E+00      0.0000000000E+00
    0.1000000000E+02      0.1000000000E+02      0.0000000000E+00      0.0000000000E+00
    0.1000000000E+02      0.1000000000E+02      0.0000000000E+00      0.0000000000E+00
    0.1000000000E+02      0.1000000000E+02      0.0000000000E+00      0.0000000000E+00
    0.1000000000E+02      0.1000000000E+02      0.0000000000E+00      0.0000000000E+00
    0.1000000000E+02      0.1000000000E+02      0.0000000000E+00      0.0000000000E+00
    0.1000000000E+02      0.1000000000E+02      0.0000000000E+00      0.0000000000E+00
    0.1000000000E+02      0.1000000000E+02      0.0000000000E+00      0.0000000000E+00
    0.1000000000E+02      0.1000000000E+02      0.0000000000E+00      0.0000000000E+00
    0.1000000000E+02      0.1000000000E+02      0.0000000000E+00      0.0000000000E+00
    0.1000000000E+02      0.1000000000E+02      0.0000000000E+00      0.0000000000E+00
    0.1000000000E+02      0.1000000000E+02      0.0000000000E+00      0.0000000000E+00
    0.1000000000E+02      0.1000000000E+02      0.0000000000E+00      0.0000000000E+00
    0.1000000000E+02      0.1000000000E+02      0.0000000000E+00      0.0000000000E+00
    0.1000000000E+02      0.1000000000E+02      0.0000000000E+00      0.0000000000E+00
    0.1000000000E+02      0.1000000000E+02      0.0000000000E+00      0.0000000000E+00
    0.1000000000E+02      0.1000000000E+02      0.0000000000E+00      0.0000000000E+00
    0.1000000000E+02      0.1000000000E+02      0.0000000000E+00      0.0000000000E+00
    0.1000000000E+02      0.1000000000E+02      0.0000000000E+00      0.0000000000E+00
    0.1000000000E+02      0.1000000000E+02      0.0000000000E+00      0.0000000000E+00
    0.1000000000E+02      0.1000000000E+02      0.0000000000E+00      0.0000000000E+00
    0.1000000000E+02      0.1000000000E+02      0.0000000000E+00      0.0000000000E+00
    0.1000000000E+02      0.1000000000E+02      0.0000000000E+00      0.0000000000E+00
    0.1000000000E+02      0.1000000000E+02      0.0000000000E+00      0.0000000000E+00
    0.1000000000E+02      0.1000000000E+02      0.0000000000E+00      0.0000000000E+00
    0.1000000000E+02      0.1000000000E+02      0.0000000000E+00      0.0000000000E+00
    0.1000000000E+02      0.1000000000E+02      0.0000000000E+00      0.0000000000E+00
    0.1000000000E+02      0.1000000000E+02      0.0000000000E+00      0.0000000000E+00
    0.1000000000E+02      0.1000000000E+02      0.0000000000E+00      0.0000000000E+00
    0.1000000000E+02      0.1000000000E+02      0.0000000000E+00      0.0000000000E+00
    0.1000000000E+02      0.1000000000E+02      0.0000000000E+00      0.0000000000E+00
    0.1000000000E+02      0.1000000000E+02      0.0000000000E+00      0.0000000000E+00
    0.1000000000E+02      0.1000000000E+02      0.0000000000E+00      0.0000000000E+00
    0.1000000000E+02      0.1000000000E+02      0.0000000000E+00      0.0000000000E+00
    0.1000000000E+02      0.1000000000E+02      0.0000000000E+00      0.0000000000E+00
    0.1000000000E+02      0.1000000000E+02      0.0000000000E+00      0.0000000000E+00
    0.1000000000E+02      0.1000000000E+02      0.0000000000E+00      0.0000000000E+00
    0.1000000000E+02      0.1000000000E+02      0.0000000000E+00      0.0000000000E+00
    0.1000000000E+02      0.1000000000E+02      0.0000000000E+00      0.0000000000E+00
    0.1000000000E+02      0.1000000000E+02      0.0000000000E+00      0.0000000000E+00
    0.1000000000E+02      0.1000000000E+02      0.0000000000E+00      0.0000000000E+00
    0.1000000000E+02      0.1000000000E+02      0.0000000000E+00      0.0000000000E+00
    0.1000000000E+02      0.1000000000E+02      0.0000000000E+00      0.0000000000E+00
    0.1000000000E+02      0.1000000000E+02      0.0000000000E+00      0.0000000000E+00
    0.1000000000E+02      0.1000000000E+02      0.0000000000E+00      0.0000000000E+00
    0.1000000000E+02      0.1000000000E+02      0.0000000000E+00      0.0000000000E+00
    0.1000000000E+02      0.1000000000E+02      0.0000000000E+00      0.0000000000E+00
    0.1000000000E+02      0.1000000000E+02      0.0000000000E+00      0.0000000000E+00
    0.1000000000E+02      0.1000000000E+02      0.0000000000E+00      0.0000000000E+00
    0.1000000000E+02      0.1000000000E+02      0.0000000000E+00      0.0000000000E+00
    0.1000000000E+02      0.1000000000E+02      0.0000000000E+00      0.0000000000E+00
    0.1000000000E+02      0.1000000000E+02      0.0000000000E+00      0.0000000000E+00
    0.1000000000E+02      0.1000000000E+02      0.0000000000E+00      0.0000000000E+00
    0.1000000000E+02      0.1000000000E+02      0.0000000000E+00      0.0000000000E+00
    0.1000000000E+02      0.1000000000E+02      0.0000000000E+00      0.0000000000E+00
    0.1000000000E+02      0.1000000000E+02      0.0000000000E+00      0.0000000000E+00
    0.1000000000E+02      0.1000000000E+02      0.0000000000E+00      0.0000000000E+00
    0.1000000000E+02      0.1000000000E+02      0.0000000000E+00      0.0000000000E+00
    0.1000000000E+02      0.1000000000E+02      0.0000000000E+00      0.0000000000E+00
    0.1000000000E+02      0.1000000000E+02      0.0000000000E+00      0.0000000000E+00
    0.1000000000E+02      0.1000000000E+02      0.0000000000E+00      0.0000000000E+00
    0.1000000000E+02      0.1000000000E+02      0.0000000000E+00      0.0000000000E+00
    0.1000000000E+02      0.1000000000E+02      0.0000000000E+00      0.0000000000E+00
    0.1000000000E+02      0.1000000000E+02      0.0000000000E+00      0.0000000000E+00
    0.1000000000E+02      0.1000000000E+02      0.0000000000E+00      0.0000000000E+00
    0.1000000000E+02      0.1000000000E+02      0.0000000000E+00      0.0000000000E+00
    0.1000000000E+02      0.1000000000E+02      0.0000000000E+00      0.0000000000E+00
    0.1000000000E+02      0.1000000000E+02      0.0000000000E+00      0.0000000000E+00
    0.1000000000E+02      0.1000000000E+02      0.0000000000E+00      0.0000000000E+00
    0.1000000000E+02      0.1000000000E+02      0.0000000000E+00      0.0000000000E+00
    0.1000000000E+02      0.1000000000E+02      0.0000000000E+00      0.0000000000E+00
    0.1000000000E+02      0.1000000000E+02      0.0000000000E+00      0.0000000000E+00
    0.1000000000E+02      0.1000000000E+02      0.0000000000E+00      0.0000000000E+00
    0.1000000000E+02      0.1000000000E+02      0.0000000000E+00      0.0000000000E+00
    0.1000000000E+02      0.1000000000E+02      0.0000000000E+00      0.0000000000E+00
    0.1000000000E+02      0.1000000000E+02      0.0000000000E+00      0.0000000000E+00
    0.1000000000E+02      0.1000000000E+02      0.0000000000E+00      0.0000000000E+00
    0.1000000000E+02      0.1000000000E+02      0.0000000000E+00      0.0000000000E+00
    0.1000000000E+02      0.1000000000E+02      0.0000000000E+00      0.0000000000E+00
    0.1000000000E+02      0.1000000000E+02      0.0000000000E+00      0.0000000000E+00
    0.1000000000E+02      0.1000000000E+02      0.0000000000E+00      0.0000000000E+00
    0.1000000000E+02      0.1000000000E+02      0.0000000000E+00      0.0000000000E+00
    0.1000000000E+02      0.1000000000E+02      0.0000000000E+00      0.0000000000E+00
    0.1000000000E+02      0.1000000000E+02      0.0000000000E+00      0.0000000000E+00
    0.1000000000E+02      0.1000000000E+02      0.0000000000E+00      0.0000000000E+00
    0.1000000000E+02      0.1000000000E+02      0.0000000000E+00      0.0000000000E+00
    0.1000000000E+02      0.1000000000E+02      0.0000000000E+00      0.0000000000E+00
    0.1000000000E+02      0.1000000000E+02      0.0000000000E+00      0.0000000000E+00
    0.1000000000E+02      0.1000000000E+02      0.0000000000E+00      0.0000000000E+00
    0.1000000000E+02      0.1000000000E+02      0.0000000000E+00      0.0000000000E+00
    0.1000000000E+02      0.1000000000E+02      0.0000000000E+00      0.0000000000E+00
    0.1000000000E+02      0.1000000000E+02      0.0000000000E+00      0.0000000000E+00
    0.1000000000E+02      0.1000000000E+02      0.0000000000E+00      0.0000000000E+00
    0.1000000000E+02      0.1000000000E+02      0.0000000000E+00      0.0000000000E+00
    0.1000000000E+02      0.1000000000E+02      0.0000000000E+00      0.0000000000E+00
    0.1000000000E+02      0.1000000000E+02      0.0000000000E+00      0.0000000000E+00
    0.1000000000E+02      0.1000000000E+02      0.0000000000E+00      0.0000000000E+00
    0.1000000000E+02      0.1000000000E+02      0.0000000000E+00      0.0000000000E+00
    0.1000000000E+02      0.1000000000E+02      0.0000000000E+00      0.0000000000E+00
    0.1000000000E+02      0.1000000000E+02      0.0000000000E+00      0.0000000000E+00
    0.1000000000E+02      0.1000000000E+02      0.0000000000E+00      0.0000000000E+00
    0.1000000000E+02      0.1000000000E+02      0.0000000000E+00      0.0000000000E+00
    0.1000000000E+02      0.1000000000E+02      0.0000000000E+00      0.0000000000E+00
    0.1000000000E+02      0.1000000000E+02      0.0000000000E+00      0.0000000000E+00
    0.1000000000E+02      0.1000000000E+02      0.0000000000E+00      0.0000000000E+00
    0.1000000000E+02      0.1000000000E+02      0.0000000000E+00      0.0000000000E+00
    0.1000000000E+02      0.1000000000E+02      0.0000000000E+00      0.0000000000E+00
    0.1000000000E+02      0.1000000000E+02      0.0000000000E+00      0.0000000000E+00
    0.1000000000E+02      0.1000000000E+02      0.0000000000E+00      0.0000000000E+00
    0.1000000000E+02      0.1000000000E+02      0.0000000000E+00      0.0000000000E+00
    0.1000000000E+02      0.1000000000E+02      0.0000000000E+00      0.0000000000E+00
    0.1000000000E+02      0.1000000000E+02      0.0000000000E+00      0.0000000000E+00
    0.1000000000E+02      0.1000000000E+02      0.0000000000E+00      0.0000000000E+00
    0.1000000000E+02      0.1000000000E+02      0.0000000000E+00      0.0000000000E+00
    0.1000000000E+02      0.1000000000E+02      0.0000000000E+00      0.0000000000E+00
    0.1000000000E+02      0.1000000000E+02      0.0000000000E+00      0.0000000000E+00
    0.1000000000E+02      0.1000000000E+02      0.0000000000E+00      0.0000000000E+00
    0.1000000000E+02      0.1000000000E+02      0.0000000000E+00      0.0000000000E+00
    0.1000000000E+02      0.1000000000E+02      0.0000000000E+00      0.0000000000E+00
    0.1000000000E+02      0.1000000000E+02      0.0000000000E+00      0.0000000000E+00
    0.1000000000E+02      0.1000000000E+02      0.0000000000E+00      0.0000000000E+00
    0.1000000000E+02      0.1000000000E+02      0.0000000000E+00      0.0000000000E+00
    0.1000000000E+02      0.1000000000E+02      0.0000000000E+00      0.0000000000E+00
    0.1000000000E+02      0.1000000000E+02      0.0000000000E+00      0.0000000000E+00
    0.1000000000E+02      0.1000000000E+02      0.0000000000E+00      0.0000000000E+00
    0.1000000000E+02      0.1000000000E+02      0.0000000000E+00      0.0000000000E+00
    0.1000000000E+02      0.1000000000E+02      0.0000000000E+00      0.0000000000E+00
    0.1000000000E+02      0.1000000000E+02      0.0000000000E+00      0.0000000000E+00
    0.1000000000E+02      0.1000000000E+02      0.0000000000E+00      0.0000000000E+00
    0.1000000000E+02      0.1000000000E+02      0.0000000000E+00      0.0000000000E+00
    0.1000000000E+02      0.1000000000E+02      0.0000000000E+00      0.0000000000E+00
    0.1000000000E+02      0.1000000000E+02      0.0000000000E+00      0.0000000000E+00
    0.1000000000E+02      0.1000000000E+02      0.0000000000E+00      0.0000000000E+00
    0.1000000000E+02      0.1000000000E+02      0.0000000000E+00      0.0000000000E+00
    0.1000000000E+02      0.1000000000E+02      0.0000000000E+00      0.0000000000E+00
    0.1000000000E+02      0.1000000000E+02      0.0000000000E+00      0.0000000000E+00
    0.1000000000E+02      0.1000000000E+02      0.0000000000E+00      0.0000000000E+00
    0.1000000000E+02      0.1000000000E+02      0.0000000000E+00      0.0000000000E+00
    0.1000000000E+02      0.1000000000E+02      0.0000000000E+00      0.0000000000E+00
    0.1000000000E+02      0.1000000000E+02      0.0000000000E+00      0.0000000000E+00
    0.1000000000E+02      0.1000000000E+02      0.0000000000E+00      0.0000000000E+00
    0.1000000000E+02      0.1000000000E+02      0.0000000000E+00      0.0000000000E+00
    0.1000000000E+02      0.1000000000E+02      0.0000000000E+00      0.0000000000E+00
    0.1000000000E+02      0.1000000000E+02      0.0000000000E+00      0.0000000000E+00
    0.1000000000E+02      0.1000000000E+02      0.0000000000E+00      0.0000000000E+00
    0.1000000000E+02      0.1000000000E+02      0.0000000000E+00      0.0000000000E+00
    0.1000000000E+02      0.1000000000E+02      0.0000000000E+00      0.0000000000E+00
    0.1000000000E+02      0.1000000000E+02      0.0000000000E+00      0.0000000000E+00
    0.1000000000E+02      0.1000000000E+02      0.0000000000E+00      0.0000000000E+00
    0.1000000000E+02      0.1000000000E+02      0.0000000000E+00      0.0000000000E+00
    0.1000000000E+02      0.1000000000E+02      0.0000000000E+00      0.0000000000E+00
    0.1000000000E+02      0.1000000000E+02      0.0000000000E+00      0.0000000000E+00
    0.1000000000E+02      0.1000000000E+02      0.0000000000E+00      0.0000000000E+00
    0.1000000000E+02      0.1000000000E+02      0.0000000000E+00      0.0000000000E+00
    0.1000000000E+02      0.1000000000E+02      0.0000000000E+00      0.0000000000E+00
    0.1000000000E+02      0.1000000000E+02      0.0000000000E+00      0.0000000000E+00
    0.1000000000E+02      0.1000000000E+02      0.0000000000E+00      0.0000000000E+00
    0.1000000000E+02      0.1000000000E+02      0.0000000000E+00      0.0000000000E+00
    0.1000000000E+02      0.1000000000E+02      0.0000000000E+00      0.0000000000E+00
    0.1000000000E+02      0.1000000000E+02      0.0000000000E+00      0.0000000000E+00
    0.1000000000E+02      0.1000000000E+02      0.0000000000E+00      0.0000000000E+00
    0.1000000000E+02      0.1000000000E+02      0.0000000000E+00      0.0000000000E+00
    0.1000000000E+02      0.1000000000E+02      0.0000000000E+00      0.0000000000E+00
    0.1000000000E+02      0.1000000000E+02      0.0000000000E+00      0.0000000000E+00
    0.1000000000E+02      0.1000000000E+02      0.0000000000E+00      0.0000000000E+00
    0.1000000000E+02      0.1000000000E+02      0.0000000000E+00      0.0000000000E+00
    0.1000000000E+02      0.1000000000E+02      0.0000000000E+00      0.0000000000E+00
    0.1000000000E+02      0.1000000000E+02      0.0000000000E+00      0.0000000000E+00
    0.1000000000E+02      0.1000000000E+02      0.0000000000E+00      0.0000000000E+00
    0.1000000000E+02      0.1000000000E+02      0.0000000000E+00      0.0000000000E+00
    0.1000000000E+02      0.1000000000E+02      0.0000000000E+00      0.0000000000E+00
    0.1000000000E+02      0.1000000000E+02      0.0000000000E+00      0.0000000000E+00
    0.1000000000E+02      0.1000000000E+02      0.0000000000E+00      0.0000000000E+00
    0.1000000000E+02      0.1000000000E+02      0.0000000000E+00      0.0000000000E+00
    0.1000000000E+02      0.1000000000E+02      0.0000000000E+00      0.0000000000E+00
    0.1000000000E+02      0.1000000000E+02      0.0000000000E+00      0.0000000000E+00
    0.1000000000E+02      0.1000000000E+02      0.0000000000E+00      0.0000000000E+00
    0.1000000000E+02      0.1000000000E+02      0.0000000000E+00      0.0000000000E+00
    0.1000000000E+02      0.1000000000E+02      0.0000000000E+00      0.0000000000E+00
    0.1000000000E+02      0.1000000000E+02      0.0000000000E+00      0.0000000000E+00
    0.1000000000E+02      0.1000000000E+02      0.0000000000E+00      0.0000000000E+00
    0.1000000000E+02      0.1000000000E+02      0.0000000000E+00      0.0000000000E+00
    0.1000000000E+02      0.1000000000E+02      0.0000000000E+00      0.0000000000E+00
    0.1000000000E+02      0.1000000000E+02      0.0000000000E+00      0.0000000000E+00
    0.1000000000E+02      0.1000000000E+02      0.0000000000E+00      0.0000000000E+00
    0.1000000000E+02      0.1000000000E+02      0.0000000000E+00      0.0000000000E+00
    0.1000000000E+02      0.1000000000E+02      0.0000000000E+00      0.0000000000E+00
    0.1000000000E+02      0.1000000000E+02      0.0000000000E+00      0.0000000000E+00
    0.1000000000E+02      0.1000000000E+02      0.0000000000E+00      0.0000000000E+00
    0.1000000000E+02      0.1000000000E+02      0.0000000000E+00      0.0000000000E+00
    0.1000000000E+02      0.1000000000E+02      0.0000000000E+00      0.0000000000E+00
    0.1000000000E+02      0.1000000000E+02      0.0000000000E+00      0.0000000000E+00
    0.1000000000E+02      0.1000000000E+02      0.0000000000E+00      0.0000000000E+00
    0.1000000000E+02      0.1000000000E+02      0.0000000000E+00      0.0000000000E+00
    0.1000000000E+02      0.1000000000E+02      0.0000000000E+00      0.0000000000E+00
    0.1000000000E+02      0.1000000000E+02      0.0000000000E+00      0.0000000000E+00
    0.1000000000E+02      0.1000000000E+02      0.0000000000E+00      0.0000000000E+00
    0.1000000000E+02      0.1000000000E+02      0.0000000000E+00      0.0000000000E+00
    0.1000000000E+02      0.1000000000E+02      0.0000000000E+00      0.0000000000E+00
    0.1000000000E+02      0.1000000000E+02      0.0000000000E+00      0.0000000000E+00
    0.1000000000E+02      0.1000000000E+02      0.0000000000E+00      0.0000000000E+00
    0.1000000000E+02      0.1000000000E+02      0.0000000000E+00      0.0000000000E+00
    0.1000000000E+02      0.1000000000E+02      0.0000000000E+00      0.0000000000E+00
    0.1000000000E+02      0.1000000000E+02      0.0000000000E+00      0.0000000000E+00
    0.1000000000E+02      0.1000000000E+02      0.0000000000E+00      0.0000000000E+00
    0.1000000000E+02      0.1000000000E+02      0.0000000000E+00      0.0000000000E+00
    0.1000000000E+02      0.1000000000E+02      0.0000000000E+00      0.0000000000E+00
    0.1000000000E+02      0.1000000000E+02      0.0000000000E+00      0.0000000000E+00
    0.1000000000E+02      0.1000000000E+02      0.0000000000E+00      0.0000000000E+00
    0.1000000000E+02      0.1000000000E+02      0.0000000000E+00      0.0000000000E+00
    0.1000000000E+02      0.1000000000E+02      0.0000000000E+00      0.0000000000E+00
    0.1000000000E+02      0.1000000000E+02      0.0000000000E+00      0.0000000000E+00
    0.1000000000E+02      0.1000000000E+02      0.0000000000E+00      0.0000000000E+00
    0.1000000000E+02      0.1000000000E+02      0.0000000000E+00      0.0000000000E+00
    0.1000000000E+02      0.1000000000E+02      0.0000000000E+00      0.0000000000E+00
    0.1000000000E+02      0.1000000000E+02      0.0000000000E+00      0.0000000000E+00
    0.1000000000E+02      0.1000000000E+02      0.0000000000E+00      0.0000000000E+00
    0.1000000000E+02      0.1000000000E+02      0.0000000000E+00      0.0000000000E+00
    0.1000000000E+02      0.1000000000E+02      0.0000000000E+00      0.0000000000E+00
    0.1000000000E+02      0.1000000000E+02      0.0000000000E+00      0.0000000000E+00
    0.1000000000E+02      0.1000000000E+02      0.0000000000E+00      0.0000000000E+00
    0.1000000000E+02      0.1000000000E+02      0.0000000000E+00      0.0000000000E+00
    0.1000000000E+02      0.1000000000E+02      0.0000000000E+00      0.0000000000E+00
    0.1000000000E+02      0.1000000000E+02      0.0000000000E+00      0.0000000000E+00
    0.1000000000E+02      0.1000000000E+02      0.0000000000E+00      0.0000000000E+00
    0.1000000000E+02      0.1000000000E+02      0.0000000000E+00      0.0000000000E+00
    0.1000000000E+02      0.1000000000E+02      0.0000000000E+00      0.0000000000E+00
    0.1000000000E+02      0.1000000000E+02      0.0000000000E+00      0.0000000000E+00
    0.1000000000E+02      0.1000000000E+02      0.0000000000E+00      0.0000000000E+00
    0.1000000000E+02      0.1000000000E+02      0.0000000000E+00      0.0000000000E+00
    0.1000000000E+02      0.1000000000E+02      0.0000000000E+00      0.0000000000E+00
    0.1000000000E+02      0.1000000000E+02      0.0000000000E+00      0.0000000000E+00
    0.1000000000E+02      0.1000000000E+02      0.0000000000E+00      0.0000000000E+00
    0.1000000000E+02      0.1000000000E+02      0.0000000000E+00      0.0000000000E+00
    0.1000000000E+02      0.1000000000E+02      0.0000000000E+00      0.0000000000E+00
    0.1000000000E+02      0.1000000000E+02      0.0000000000E+00      0.0000000000E+00
