    0.0000000000E+00      0.2000000000E+02      0.0000000000E+00      0.0000000000E+00
    0.5642298873E+01      0.5642298873E+01     -0.5180478671E-01     -0.7146101655E+00
    0.5640471080E+01      0.5640471080E+01     -0.1202195595E+00     -0.7212054036E+00
    0.5645499673E+01      0.5645499673E+01     -0.1984219902E+00     -0.7587738499E+00
    0.5648216928E+01      0.5648216928E+01     -0.2690488667E+00     -0.8011031773E+00
    0.5651637973E+01      0.5651637973E+01     -0.3330150783E+00     -0.8600753092E+00
    0.5655960522E+01      0.5655960522E+01     -0.3882520872E+00     -0.9289641232E+00
    0.5661481310E+01      0.5661481310E+01     -0.4333191759E+00     -0.1007889562E+01
    0.5668776574E+01      0.5668776574E+01     -0.4667329948E+00     -0.1092768629E+01
    0.5678502366E+01      0.5678502366E+01     -0.4871427618E+00     -0.1183913095E+01
    0.5693228001E+01      0.5693228001E+01     -0.4946107406E+00     -0.1279575774E+01
    0.5708549185E+01      0.5708549185E+01     -0.4851126479E+00     -0.1371890564E+01
    0.5724235457E+01      0.5724235457E+01     -0.4635419362E+00     -0.1461542864E+01
    0.5740558782E+01      0.5740558782E+01     -0.4296448970E+00     -0.1547177287E+01
    0.5758866000E+01      0.5758866000E+01     -0.3855783743E+00     -0.1628966760E+01
    0.5777339281E+01      0.5777339281E+01     -0.3301263498E+00     -0.1703676079E+01
    0.5797784850E+01      0.5797784850E+01     -0.2669227396E+00     -0.1772078859E+01
    0.5817896238E+01      0.5817896238E+01     -0.1954341621E+00     -0.1831588399E+01
    0.5839175925E+01      0.5839175925E+01     -0.1190355739E+00     -0.1882136373E+01
    0.5860192497E+01      0.5860192497E+01     -0.3835616688E-01     -0.1923001247E+01
    0.5881231070E+01      0.5881231070E+01      0.4451898568E-01     -0.1954283399E+01
    0.5901947144E+01      0.5901947144E+01      0.1279828089E+00     -0.1975915145E+01
    0.5922437042E+01      0.5922437042E+01      0.2112390386E+00     -0.1988946599E+01
    0.5943382205E+01      0.5943382205E+01      0.2940671876E+00     -0.1993929432E+01
    0.5963608466E+01      0.5963608466E+01      0.3744488457E+00     -0.1991777271E+01
    0.0000000000E+00      0.2000000000E+02      0.0000000000E+00      0.0000000000E+00
    0.5610781723E+01      0.5610781723E+01     -0.6128457276E-01     -0.5996242750E+00
    0.5608625051E+01      0.5608625051E+01     -0.1421929128E+00     -0.6077349228E+00
    0.5614257428E+01      0.5614257428E+01     -0.2343539272E+00     -0.6519516430E+00
    0.5616988101E+01      0.5616988101E+01     -0.3180546619E+00     -0.7014468572E+00
    0.5620353816E+01      0.5620353816E+01     -0.3941178514E+00     -0.7695590750E+00
    0.5624521093E+01      0.5624521093E+01     -0.4605460592E+00     -0.8489606439E+00
    0.5629797949E+01      0.5629797949E+01     -0.5157200929E+00     -0.9397840208E+00
    0.5636888985E+01      0.5636888985E+01     -0.5576852653E+00     -0.1038275020E+01
    0.5646564748E+01      0.5646564748E+01     -0.5845196042E+00     -0.1144086739E+01
    0.5660770932E+01      0.5660770932E+01     -0.5956365758E+00     -0.1253755219E+01
    0.5677763278E+01      0.5677763278E+01     -0.5875534105E+00     -0.1361382146E+01
    0.5694251673E+01      0.5694251673E+01     -0.5634640098E+00     -0.1464784188E+01
    0.5712449526E+01      0.5712449526E+01     -0.5255684316E+00     -0.1564096442E+01
    0.5732474930E+01      0.5732474930E+01     -0.4750429600E+00     -0.1658222992E+01
    0.5752841213E+01      0.5752841213E+01     -0.4114251659E+00     -0.1743730219E+01
    0.5775622537E+01      0.5775622537E+01     -0.3390389711E+00     -0.1821525369E+01
    0.5798062831E+01      0.5798062831E+01     -0.2570705424E+00     -0.1888493809E+01
    0.5822147282E+01      0.5822147282E+01     -0.1699894185E+00     -0.1944960981E+01
    0.5846008743E+01      0.5846008743E+01     -0.7820729538E-01     -0.1989818417E+01
    0.5870111471E+01      0.5870111471E+01      0.1556171758E-01     -0.2023823588E+01
    0.5893981016E+01      0.5893981016E+01      0.1094504989E+00     -0.2046576596E+01
    0.5917068046E+01      0.5917068046E+01      0.2020209136E+00     -0.2059116356E+01
    0.5940092062E+01      0.5940092062E+01      0.2931482737E+00     -0.2062063482E+01
    0.5962149831E+01      0.5962149831E+01      0.3809027598E+00     -0.2057238728E+01
    0.0000000000E+00      0.2000000000E+02      0.0000000000E+00      0.0000000000E+00
    0.5575654249E+01      0.5575654249E+01     -0.7231168530E-01     -0.4672880776E+00
    0.5572991649E+01      0.5572991649E+01     -0.1676672903E+00     -0.4772969969E+00
    0.5579163612E+01      0.5579163612E+01     -0.2757842268E+00     -0.5289491362E+00
    0.5581709174E+01      0.5581709174E+01     -0.3745176679E+00     -0.5863841338E+00
    0.5584784520E+01      0.5584784520E+01     -0.4647425488E+00     -0.6644210730E+00
    0.5588549265E+01      0.5588549265E+01     -0.5444941739E+00     -0.7553539946E+00
    0.5593327693E+01      0.5593327693E+01     -0.6118275846E+00     -0.8595465564E+00
    0.5599914870E+01      0.5599914870E+01     -0.6641978590E+00     -0.9737661988E+00
    0.5609036709E+01      0.5609036709E+01     -0.6987373842E+00     -0.1096608067E+01
    0.5622522741E+01      0.5622522741E+01     -0.7140462616E+00     -0.1223112970E+01
    0.5641174382E+01      0.5641174382E+01     -0.7077683724E+00     -0.1348509072E+01
    0.5658089151E+01      0.5658089151E+01     -0.6809489098E+00     -0.1468129935E+01
    0.5678258036E+01      0.5678258036E+01     -0.6379695083E+00     -0.1583530266E+01
    0.5700195140E+01      0.5700195140E+01     -0.5789615382E+00     -0.1692182274E+01
    0.5722947732E+01      0.5722947732E+01     -0.5050342661E+00     -0.1790311050E+01
    0.5748517639E+01      0.5748517639E+01     -0.4210282825E+00     -0.1878710351E+01
    0.5773671642E+01      0.5773671642E+01     -0.3262056885E+00     -0.1953773242E+01
    0.5801025575E+01      0.5801025575E+01     -0.2262537891E+00     -0.2016355402E+01
    0.5828093300E+01      0.5828093300E+01     -0.1214051009E+00     -0.2065021923E+01
    0.5855693969E+01      0.5855693969E+01     -0.1495902664E-01     -0.2101239529E+01
    0.5882898265E+01      0.5882898265E+01      0.9078654784E-01     -0.2124247481E+01
    0.5909444208E+01      0.5909444208E+01      0.1943782856E+00     -0.2135638878E+01
    0.5935444127E+01      0.5935444127E+01      0.2949087402E+00     -0.2136268218E+01
    0.5959882158E+01      0.5959882158E+01      0.3907616798E+00     -0.2128163180E+01
    0.0000000000E+00      0.2000000000E+02      0.0000000000E+00      0.0000000000E+00
    0.5537749469E+01      0.5537749469E+01     -0.8462547233E-01     -0.3169599382E+00
    0.5534256020E+01      0.5534256020E+01     -0.1965842887E+00     -0.3290940884E+00
    0.5540334726E+01      0.5540334726E+01     -0.3225752667E+00     -0.3882018021E+00
    0.5541850559E+01      0.5541850559E+01     -0.4387893403E+00     -0.4533701540E+00
    0.5543754157E+01      0.5543754157E+01     -0.5458502010E+00     -0.5411274905E+00
    0.5546298799E+01      0.5546298799E+01     -0.6418167447E+00     -0.6439973682E+00
    0.5549847090E+01      0.5549847090E+01     -0.7241323755E+00     -0.7627981385E+00
    0.5555208598E+01      0.5555208598E+01     -0.7892814672E+00     -0.8950206206E+00
    0.5563161403E+01      0.5563161403E+01     -0.8331675917E+00     -0.1037938923E+01
    0.5575702741E+01      0.5575702741E+01     -0.8535939485E+00     -0.1185021532E+01
    0.5596134461E+01      0.5596134461E+01     -0.8492927841E+00     -0.1331496899E+01
    0.5613461171E+01      0.5613461171E+01     -0.8190850789E+00     -0.1471147244E+01
    0.5635626015E+01      0.5635626015E+01     -0.7693438414E+00     -0.1605766037E+01
    0.5659738378E+01      0.5659738378E+01     -0.6992765432E+00     -0.1731625106E+01
    0.5685481979E+01      0.5685481979E+01     -0.6120605581E+00     -0.1844503470E+01
    0.5714570580E+01      0.5714570580E+01     -0.5132237419E+00     -0.1944997461E+01
    0.5743173483E+01      0.5743173483E+01     -0.4023676624E+00     -0.2028923515E+01
    0.5774562765E+01      0.5774562765E+01     -0.2866569773E+00     -0.2097918235E+01
    0.5805507257E+01      0.5805507257E+01     -0.1660755949E+00     -0.2150282126E+01
    0.5837302012E+01      0.5837302012E+01     -0.4511305721E-01     -0.2187275180E+01
    0.5868260611E+01      0.5868260611E+01      0.7359103188E-01     -0.2209474028E+01
    0.5898775277E+01      0.5898775277E+01      0.1891538657E+00     -0.2218396694E+01
    0.5928444097E+01      0.5928444097E+01      0.2998703832E+00     -0.2216162944E+01
    0.5956134056E+01      0.5956134056E+01      0.4047527368E+00     -0.2204187094E+01
    0.0000000000E+00      0.2000000000E+02      0.0000000000E+00      0.0000000000E+00
    0.5495574290E+01      0.5495574290E+01     -0.9810462635E-01     -0.1451622157E+00
    0.5490998326E+01      0.5490998326E+01     -0.2286657259E+00     -0.1597613457E+00
    0.5496421751E+01      0.5496421751E+01     -0.3743374961E+00     -0.2262609624E+00
    0.5496010004E+01      0.5496010004E+01     -0.5107499533E+00     -0.2985345654E+00
    0.5495682847E+01      0.5495682847E+01     -0.6379654572E+00     -0.3952985736E+00
    0.5495912145E+01      0.5495912145E+01     -0.7538472510E+00     -0.5102791020E+00
    0.5497141911E+01      0.5497141911E+01     -0.8548258487E+00     -0.6449931079E+00
    0.5500198611E+01      0.5500198611E+01     -0.9359007204E+00     -0.7979172510E+00
    0.5506267124E+01      0.5506267124E+01     -0.9915295133E+00     -0.9650984989E+00
    0.5517668981E+01      0.5517668981E+01     -0.1018314676E+01     -0.1137814928E+01
    0.5540306303E+01      0.5540306303E+01     -0.1015903786E+01     -0.1310081591E+01
    0.5558166161E+01      0.5558166161E+01     -0.9807212379E+00     -0.1475159250E+01
    0.5582883377E+01      0.5582883377E+01     -0.9215368842E+00     -0.1633631522E+01
    0.5609567073E+01      0.5609567073E+01     -0.8365128262E+00     -0.1779875723E+01
    0.5639181324E+01      0.5639181324E+01     -0.7320460292E+00     -0.1910000095E+01
    0.5672597738E+01      0.5672597738E+01     -0.6141334487E+00     -0.2023939120E+01
    0.5705540550E+01      0.5705540550E+01     -0.4831892201E+00     -0.2117236076E+01
    0.5741878594E+01      0.5741878594E+01     -0.3486709443E+00     -0.2192198575E+01
    0.5778111119E+01      0.5778111119E+01     -0.2102274335E+00     -0.2247250272E+01
    0.5814610104E+01      0.5814610104E+01     -0.7317114315E-01     -0.2283235512E+01
    0.5850098065E+01      0.5850098065E+01      0.5982758974E-01     -0.2302822301E+01
    0.5884711231E+01      0.5884711231E+01      0.1873594173E+00     -0.2307790192E+01
    0.5918439816E+01      0.5918439816E+01      0.3091112563E+00     -0.2301478970E+01
    0.5950163210E+01      0.5950163210E+01      0.4236581509E+00     -0.2284802809E+01
    0.0000000000E+00      0.2000000000E+02      0.0000000000E+00      0.0000000000E+00
    0.5446672530E+01      0.5446672530E+01     -0.1124608691E+00      0.5246108233E-01
    0.5440600803E+01      0.5440600803E+01     -0.2633542695E+00      0.3525922327E-01
    0.5444878927E+01      0.5444878927E+01     -0.4315458634E+00     -0.3820638095E-01
    0.5441991011E+01      0.5441991011E+01     -0.5902682026E+00     -0.1165889050E+00
    0.5438573800E+01      0.5438573800E+01     -0.7417211940E+00     -0.2216384271E+00
    0.5435471696E+01      0.5435471696E+01     -0.8826267622E+00     -0.3494207351E+00
    0.5433597234E+01      0.5433597234E+01     -0.1006734737E+01     -0.5024686724E+00
    0.5433548632E+01      0.5433548632E+01     -0.1106954243E+01     -0.6798326199E+00
    0.5437246032E+01      0.5437246032E+01     -0.1177920884E+01     -0.8774392752E+00
    0.5447484783E+01      0.5447484783E+01     -0.1213105536E+01     -0.1083020419E+01
    0.5473583540E+01      0.5473583540E+01     -0.1210154475E+01     -0.1289524366E+01
    0.5491385993E+01      0.5491385993E+01     -0.1166527799E+01     -0.1485091831E+01
    0.5519889067E+01      0.5519889067E+01     -0.1095525439E+01     -0.1673551504E+01
    0.5549604637E+01      0.5549604637E+01     -0.9903975597E+00     -0.1844157124E+01
    0.5584337242E+01      0.5584337242E+01     -0.8637688437E+00     -0.1994063142E+01
    0.5623283574E+01      0.5623283574E+01     -0.7220271614E+00     -0.2122368476E+01
    0.5661803489E+01      0.5661803489E+01     -0.5670329167E+00     -0.2224831909E+01
    0.5703805685E+01      0.5703805685E+01     -0.4102712143E+00     -0.2303625957E+01
    0.5746223605E+01      0.5746223605E+01     -0.2517172672E+00     -0.2358383296E+01
    0.5788600967E+01      0.5788600967E+01     -0.9615039478E-01     -0.2392099433E+01
    0.5829246539E+01      0.5829246539E+01      0.5255916327E-01     -0.2406444821E+01
    0.5867832724E+01      0.5867832724E+01      0.1922060624E+00     -0.2405106577E+01
    0.5905462171E+01      0.5905462171E+01      0.3248731157E+00     -0.2392450366E+01
    0.5941535088E+01      0.5941535088E+01      0.4491460313E+00     -0.2369661175E+01
    0.0000000000E+00      0.2000000000E+02      0.0000000000E+00      0.0000000000E+00
    0.5389868029E+01      0.5389868029E+01     -0.1271423985E+00      0.2779843474E+00
    0.5381851187E+01      0.5381851187E+01     -0.2999329666E+00      0.2584772433E+00
    0.5383727354E+01      0.5383727354E+01     -0.4932980012E+00      0.1803232537E+00
    0.5377637451E+01      0.5377637451E+01     -0.6773290978E+00      0.9788657661E-01
    0.5370465356E+01      0.5370465356E+01     -0.8578067000E+00     -0.1475565681E-01
    0.5363429459E+01      0.5363429459E+01     -0.1028668326E+01     -0.1566713478E+00
    0.5358027253E+01      0.5358027253E+01     -0.1180615370E+01     -0.3328719753E+00
    0.5353012514E+01      0.5353012514E+01     -0.1306331365E+01     -0.5386443220E+00
    0.5354002646E+01      0.5354002646E+01     -0.1393582961E+01     -0.7744301316E+00
    0.5362384599E+01      0.5362384599E+01     -0.1438317914E+01     -0.1021608664E+01
    0.5392057362E+01      0.5392057362E+01     -0.1435543187E+01     -0.1272066015E+01
    0.5411445433E+01      0.5411445433E+01     -0.1380842902E+01     -0.1507086117E+01
    0.5445318727E+01      0.5445318727E+01     -0.1293803147E+01     -0.1732771879E+01
    0.5479225899E+01      0.5479225899E+01     -0.1162754931E+01     -0.1932696399E+01
    0.5520851519E+01      0.5520851519E+01     -0.1008551802E+01     -0.2104817687E+01
    0.5566819860E+01      0.5566819860E+01     -0.8375537869E+00     -0.2247543104E+01
    0.5612487659E+01      0.5612487659E+01     -0.6538784216E+00     -0.2357757655E+01
    0.5661252676E+01      0.5661252676E+01     -0.4704915067E+00     -0.2437342904E+01
    0.5711219746E+01      0.5711219746E+01     -0.2877354575E+00     -0.2489525856E+01
    0.5761025415E+01      0.5761025415E+01     -0.1101667275E+00     -0.2517111340E+01
    0.5807260634E+01      0.5807260634E+01      0.5440557429E-01     -0.2523748635E+01
    0.5850259813E+01      0.5850259813E+01      0.2080001332E+00     -0.2513698919E+01
    0.5891311765E+01      0.5891311765E+01      0.3510402384E+00     -0.2491169218E+01
    0.5930879301E+01      0.5930879301E+01      0.4838775048E+00     -0.2459080062E+01
    0.0000000000E+00      0.2000000000E+02      0.0000000000E+00      0.0000000000E+00
    0.5323838641E+01      0.5323838641E+01     -0.1410588299E+00      0.5325986247E+00
    0.5313579028E+01      0.5313579028E+01     -0.3361627067E+00      0.5116754108E+00
    0.5312425198E+01      0.5312425198E+01     -0.5571075240E+00      0.4321819412E+00
    0.5302031597E+01      0.5302031597E+01     -0.7706599626E+00      0.3489270814E+00
    0.5290696102E+01      0.5290696102E+01     -0.9861209912E+00      0.2290704324E+00
    0.5277159893E+01      0.5277159893E+01     -0.1193622598E+01      0.7308864416E-01
    0.5267962958E+01      0.5267962958E+01     -0.1377143286E+01     -0.1326257678E+00
    0.5255681295E+01      0.5255681295E+01     -0.1532051088E+01     -0.3719620703E+00
    0.5250765091E+01      0.5250765091E+01     -0.1640501349E+01     -0.6524098649E+00
    0.5256854246E+01      0.5256854246E+01     -0.1695620961E+01     -0.9520458466E+00
    0.5290372490E+01      0.5290372490E+01     -0.1697117025E+01     -0.1257034174E+01
    0.5312761876E+01      0.5312761876E+01     -0.1630856446E+01     -0.1543588069E+01
    0.5353372001E+01      0.5353372001E+01     -0.1523567980E+01     -0.1814701954E+01
    0.5393622463E+01      0.5393622463E+01     -0.1360983156E+01     -0.2050033435E+01
    0.5444844366E+01      0.5444844366E+01     -0.1172594992E+01     -0.2247561992E+01
    0.5500200586E+01      0.5500200586E+01     -0.9648912678E+00     -0.2404892678E+01
    0.5555632574E+01      0.5555632574E+01     -0.7455458946E+00     -0.2521277165E+01
    0.5613519745E+01      0.5613519745E+01     -0.5284764364E+00     -0.2598901192E+01
    0.5673424969E+01      0.5673424969E+01     -0.3151261310E+00     -0.2644033039E+01
    0.5730812688E+01      0.5730812688E+01     -0.1142929334E+00     -0.2660795730E+01
    0.5784276822E+01      0.5784276822E+01      0.7085547992E-01     -0.2656665339E+01
    0.5833066852E+01      0.5833066852E+01      0.2394203481E+00     -0.2634719911E+01
    0.5878198310E+01      0.5878198310E+01      0.3927094176E+00     -0.2599556676E+01
    0.5920664062E+01      0.5920664062E+01      0.5325091241E+00     -0.2555079362E+01
    0.0000000000E+00      0.2000000000E+02      0.0000000000E+00      0.0000000000E+00
    0.5245732183E+01      0.5245732183E+01     -0.1543306813E+00      0.8193252652E+00
    0.5233124671E+01      0.5233124671E+01     -0.3705346337E+00      0.7981998013E+00
    0.5229314695E+01      0.5229314695E+01     -0.6211248984E+00      0.7212358768E+00
    0.5212646557E+01      0.5212646557E+01     -0.8674986639E+00      0.6412776015E+00
    0.5196049593E+01      0.5196049593E+01     -0.1122276342E+01      0.5150505799E+00
    0.5173158854E+01      0.5173158854E+01     -0.1365896393E+01      0.3431776070E+00
    0.5153332112E+01      0.5153332112E+01     -0.1582587510E+01      0.1082945975E+00
    0.5134947296E+01      0.5134947296E+01     -0.1764111513E+01     -0.1758962745E+00
    0.5120119867E+01      0.5120119867E+01     -0.1900074658E+01     -0.5060131571E+00
    0.5124859176E+01      0.5124859176E+01     -0.1968333541E+01     -0.8705718097E+00
    0.5161652096E+01      0.5161652096E+01     -0.1978768537E+01     -0.1240659880E+01
    0.5188792596E+01      0.5188792596E+01     -0.1905020361E+01     -0.1591918268E+01
    0.5237803357E+01      0.5237803357E+01     -0.1782223567E+01     -0.1918658433E+01
    0.5286356522E+01      0.5286356522E+01     -0.1588644527E+01     -0.2198294945E+01
    0.5350361840E+01      0.5350361840E+01     -0.1362599492E+01     -0.2427709718E+01
    0.5417901484E+01      0.5417901484E+01     -0.1108839728E+01     -0.2601584351E+01
    0.5486914527E+01      0.5486914527E+01     -0.8426196517E+00     -0.2721826743E+01
    0.5557869773E+01      0.5557869773E+01     -0.5823241398E+00     -0.2793176767E+01
    0.5630384574E+01      0.5630384574E+01     -0.3309687295E+00     -0.2824149128E+01
    0.5697525879E+01      0.5697525879E+01     -0.1024350817E+00     -0.2825514363E+01
    0.5759304989E+01      0.5759304989E+01      0.1045582322E+00     -0.2804988114E+01
    0.5815184521E+01      0.5815184521E+01      0.2890150204E+00     -0.2766869066E+01
    0.5865598654E+01      0.5865598654E+01      0.4526790485E+00     -0.2715836274E+01
    0.5911712093E+01      0.5911712093E+01      0.5983494709E+00     -0.2656249995E+01
    0.0000000000E+00      0.2000000000E+02      0.0000000000E+00      0.0000000000E+00
    0.5152096215E+01      0.5152096215E+01     -0.1650901881E+00      0.1140084382E+01
    0.5137513579E+01      0.5137513579E+01     -0.4002209922E+00      0.1120511748E+01
    0.5131779164E+01      0.5131779164E+01     -0.6794335354E+00      0.1050200046E+01
    0.5107655609E+01      0.5107655609E+01     -0.9570699303E+00      0.9752417879E+00
    0.5079453751E+01      0.5079453751E+01     -0.1243743397E+01      0.8464276669E+00
    0.5044664407E+01      0.5044664407E+01     -0.1514713645E+01      0.6545923111E+00
    0.5010997901E+01      0.5010997901E+01     -0.1759993017E+01      0.3870635288E+00
    0.4984579927E+01      0.4984579927E+01     -0.1963395684E+01      0.5294619261E-01
    0.4956364310E+01      0.4956364310E+01     -0.2130224345E+01     -0.3310312980E+00
    0.4957822494E+01      0.4957822494E+01     -0.2213770637E+01     -0.7695449707E+00
    0.4994343420E+01      0.4994343420E+01     -0.2237552567E+01     -0.1212910921E+01
    0.5029776484E+01      0.5029776484E+01     -0.2159437453E+01     -0.1644213370E+01
    0.5090913328E+01      0.5090913328E+01     -0.2026283253E+01     -0.2039147550E+01
    0.5151597611E+01      0.5151597611E+01     -0.1806389482E+01     -0.2375367735E+01
    0.5234764618E+01      0.5234764618E+01     -0.1549371047E+01     -0.2648033450E+01
    0.5319584085E+01      0.5319584085E+01     -0.1251552467E+01     -0.2844740329E+01
    0.5405719061E+01      0.5405719061E+01     -0.9364467991E+00     -0.2967506601E+01
    0.5495705392E+01      0.5495705392E+01     -0.6272877827E+00     -0.3026591847E+01
    0.5582369956E+01      0.5582369956E+01     -0.3360631785E+00     -0.3036800192E+01
    0.5660710080E+01      0.5660710080E+01     -0.7550268104E-01     -0.3013143814E+01
    0.5731778281E+01      0.5731778281E+01      0.1544697813E+00     -0.2968790920E+01
    0.5796013648E+01      0.5796013648E+01      0.3557381913E+00     -0.2909455004E+01
    0.5853033423E+01      0.5853033423E+01      0.5305578477E+00     -0.2839139903E+01
    0.5903584982E+01      0.5903584982E+01      0.6821948308E+00     -0.2761527218E+01
    0.0000000000E+00      0.2000000000E+02      0.0000000000E+00      0.0000000000E+00
    0.5043323820E+01      0.5043323820E+01     -0.1737473824E+00      0.1491228098E+01
    0.5027142142E+01      0.5027142142E+01     -0.4233880870E+00      0.1474598617E+01
    0.5017121508E+01      0.5017121508E+01     -0.7246110258E+00      0.1416625708E+01
    0.4983074804E+01      0.4983074804E+01     -0.1022384284E+01      0.1348076648E+01
    0.4940286324E+01      0.4940286324E+01     -0.1327513087E+01      0.1214652710E+01
    0.4890978662E+01      0.4890978662E+01     -0.1616738344E+01      0.9993045453E+00
    0.4841611346E+01      0.4841611346E+01     -0.1883333685E+01      0.6963803459E+00
    0.4804228489E+01      0.4804228489E+01     -0.2107313211E+01      0.3114944994E+00
    0.4758056424E+01      0.4758056424E+01     -0.2302805843E+01     -0.1292914359E+00
    0.4750919502E+01      0.4750919502E+01     -0.2403831511E+01     -0.6450501282E+00
    0.4782821383E+01      0.4782821383E+01     -0.2439178850E+01     -0.1170282581E+01
    0.4827058710E+01      0.4827058710E+01     -0.2366835868E+01     -0.1692384990E+01
    0.4905239236E+01      0.4905239236E+01     -0.2229299843E+01     -0.2170254949E+01
    0.4981650291E+01      0.4981650291E+01     -0.1986594229E+01     -0.2573414362E+01
    0.5090165525E+01      0.5090165525E+01     -0.1706237878E+01     -0.2898031304E+01
    0.5199736347E+01      0.5199736347E+01     -0.1373733862E+01     -0.3126644030E+01
    0.5309818470E+01      0.5309818470E+01     -0.1015148633E+01     -0.3258099344E+01
    0.5426095630E+01      0.5426095630E+01     -0.6557217523E+00     -0.3303288686E+01
    0.5529475500E+01      0.5529475500E+01     -0.3260470058E+00     -0.3283939727E+01
    0.5622109959E+01      0.5622109959E+01     -0.3224196103E-01     -0.3227697664E+01
    0.5703372842E+01      0.5703372842E+01      0.2210690891E+00     -0.3150897450E+01
    0.5776364657E+01      0.5776364657E+01      0.4390633247E+00     -0.3064144575E+01
    0.5840721653E+01      0.5840721653E+01      0.6255988798E+00     -0.2969892260E+01
    0.5896542012E+01      0.5896542012E+01      0.7838664559E+00     -0.2870837057E+01
    0.0000000000E+00      0.2000000000E+02      0.0000000000E+00      0.0000000000E+00
    0.4921108820E+01      0.4921108820E+01     -0.1749418150E+00      0.1863969435E+01
    0.4901044384E+01      0.4901044384E+01     -0.4272800984E+00      0.1854207034E+01
    0.4882421340E+01      0.4882421340E+01     -0.7365767713E+00      0.1815491773E+01
    0.4835892129E+01      0.4835892129E+01     -0.1039505395E+01      0.1753609082E+01
    0.4778819738E+01      0.4778819738E+01     -0.1348761850E+01      0.1608746106E+01
    0.4713824983E+01      0.4713824983E+01     -0.1645443440E+01      0.1369947296E+01
    0.4643890919E+01      0.4643890919E+01     -0.1928610645E+01      0.1035866335E+01
    0.4589362541E+01      0.4589362541E+01     -0.2168966023E+01      0.6025313544E+00
    0.4521978266E+01      0.4521978266E+01     -0.2385501141E+01      0.1012468579E+00
    0.4496507144E+01      0.4496507144E+01     -0.2508149483E+01     -0.4883945348E+00
    0.4521997069E+01      0.4521997069E+01     -0.2548795955E+01     -0.1105154181E+01
    0.4576205544E+01      0.4576205544E+01     -0.2494656574E+01     -0.1725868999E+01
    0.4669972982E+01      0.4669972982E+01     -0.2360718539E+01     -0.2298346919E+01
    0.4774189765E+01      0.4774189765E+01     -0.2105036937E+01     -0.2788987135E+01
    0.4912248752E+01      0.4912248752E+01     -0.1801579900E+01     -0.3168814665E+01
    0.5054576903E+01      0.5054576903E+01     -0.1444564678E+01     -0.3433142360E+01
    0.5199576939E+01      0.5199576939E+01     -0.1058333478E+01     -0.3582369475E+01
    0.5342444781E+01      0.5342444781E+01     -0.6647161754E+00     -0.3617894531E+01
    0.5468522978E+01      0.5468522978E+01     -0.2936874491E+00     -0.3565646429E+01
    0.5581047388E+01      0.5581047388E+01      0.3619355684E-01     -0.3469662589E+01
    0.5675011896E+01      0.5675011896E+01      0.3121279225E+00     -0.3351243106E+01
    0.5757381864E+01      0.5757381864E+01      0.5435574996E+00     -0.3229994935E+01
    0.5829168278E+01      0.5829168278E+01      0.7384753977E+00     -0.3106542281E+01
    0.5890810576E+01      0.5890810576E+01      0.9016597916E+00     -0.2982796128E+01
    0.0000000000E+00      0.2000000000E+02      0.0000000000E+00      0.0000000000E+00
    0.4790684406E+01      0.4790684406E+01     -0.1662239455E+00      0.2243945921E+01
    0.4767408641E+01      0.4767408641E+01     -0.4082779015E+00      0.2240409497E+01
    0.4737991107E+01      0.4737991107E+01     -0.7028028748E+00      0.2223266177E+01
    0.4677648153E+01      0.4677648153E+01     -0.9909051716E+00      0.2166638671E+01
    0.4602883988E+01      0.4602883988E+01     -0.1287919676E+01      0.2011996327E+01
    0.4516470709E+01      0.4516470709E+01     -0.1580165320E+01      0.1758647173E+01
    0.4420600717E+01      0.4420600717E+01     -0.1868861889E+01      0.1402555917E+01
    0.4341387308E+01      0.4341387308E+01     -0.2121268713E+01      0.9283619960E+00
    0.4253037369E+01      0.4253037369E+01     -0.2357335956E+01      0.3605106048E+00
    0.4198906725E+01      0.4198906725E+01     -0.2519426424E+01     -0.3000856928E+00
    0.4213338146E+01      0.4213338146E+01     -0.2564326587E+01     -0.1015795060E+01
    0.4276502639E+01      0.4276502639E+01     -0.2529855072E+01     -0.1739397008E+01
    0.4383576463E+01      0.4383576463E+01     -0.2400104551E+01     -0.2414145466E+01
    0.4522128573E+01      0.4522128573E+01     -0.2146956028E+01     -0.3003946075E+01
    0.4701214274E+01      0.4701214274E+01     -0.1828668444E+01     -0.3451345571E+01
    0.4879485017E+01      0.4879485017E+01     -0.1453319500E+01     -0.3748717924E+01
    0.5061555282E+01      0.5061555282E+01     -0.1052396126E+01     -0.3923107457E+01
    0.5238637370E+01      0.5238637370E+01     -0.6278438861E+00     -0.3968172058E+01
    0.5397172121E+01      0.5397172121E+01     -0.2200988750E+00     -0.3879605711E+01
    0.5535787907E+01      0.5535787907E+01      0.1437723170E+00     -0.3734822830E+01
    0.5646502911E+01      0.5646502911E+01      0.4392680584E+00     -0.3564540860E+01
    0.5739158544E+01      0.5739158544E+01      0.6778111027E+00     -0.3401176012E+01
    0.5818051160E+01      0.5818051160E+01      0.8738818071E+00     -0.3244923937E+01
    0.5885650603E+01      0.5885650603E+01      0.1036490378E+01     -0.3094974336E+01
    0.0000000000E+00      0.2000000000E+02      0.0000000000E+00      0.0000000000E+00
    0.4658738354E+01      0.4658738354E+01     -0.1469777849E+00      0.2615368932E+01
    0.4632618540E+01      0.4632618540E+01     -0.3663104235E+00      0.2616622588E+01
    0.4591295331E+01      0.4591295331E+01     -0.6263572279E+00      0.2620241904E+01
    0.4516087576E+01      0.4516087576E+01     -0.8810740885E+00      0.2567808990E+01
    0.4420315122E+01      0.4420315122E+01     -0.1148397694E+01      0.2412173641E+01
    0.4304257586E+01      0.4304257586E+01     -0.1423545793E+01      0.2160692785E+01
    0.4176115094E+01      0.4176115094E+01     -0.1715051299E+01      0.1798802361E+01
    0.4062521083E+01      0.4062521083E+01     -0.1974980074E+01      0.1293432374E+01
    0.3951204071E+01      0.3951204071E+01     -0.2211987112E+01      0.6448738795E+00
    0.3874994033E+01      0.3874994033E+01     -0.2368257258E+01     -0.1085649105E+00
    0.3877286596E+01      0.3877286596E+01     -0.2382060339E+01     -0.9182163718E+00
    0.3935033641E+01      0.3935033641E+01     -0.2342078838E+01     -0.1736663447E+01
    0.4054935140E+01      0.4054935140E+01     -0.2223641220E+01     -0.2512607280E+01
    0.4225660182E+01      0.4225660182E+01     -0.1997394502E+01     -0.3203947768E+01
    0.4449343444E+01      0.4449343444E+01     -0.1683822182E+01     -0.3735768060E+01
    0.4677463935E+01      0.4677463935E+01     -0.1293472405E+01     -0.4072625189E+01
    0.4904127154E+01      0.4904127154E+01     -0.8911967423E+00     -0.4259512497E+01
    0.5119166392E+01      0.5119166392E+01     -0.4896049658E+00     -0.4315763896E+01
    0.5315606053E+01      0.5315606053E+01     -0.8442600436E-01     -0.4212515576E+01
    0.5486998265E+01      0.5486998265E+01      0.2995469656E+00     -0.4018247482E+01
    0.5618613055E+01      0.5618613055E+01      0.6096995377E+00     -0.3784181081E+01
    0.5721758439E+01      0.5721758439E+01      0.8482636864E+00     -0.3570987844E+01
    0.5808471570E+01      0.5808471570E+01      0.1038526273E+01     -0.3379020872E+01
    0.5881696318E+01      0.5881696318E+01      0.1193974286E+01     -0.3202534807E+01
    0.0000000000E+00      0.2000000000E+02      0.0000000000E+00      0.0000000000E+00
    0.4515685131E+01      0.4515685131E+01     -0.1164211944E+00      0.2952110746E+01
    0.4486510021E+01      0.4486510021E+01     -0.2998670946E+00      0.2957895167E+01
    0.4433274545E+01      0.4433274545E+01     -0.5099312521E+00      0.2979842826E+01
    0.4344284437E+01      0.4344284437E+01     -0.7189593808E+00      0.2932114689E+01
    0.4231549901E+01      0.4231549901E+01     -0.9459966920E+00      0.2790834718E+01
    0.4095328084E+01      0.4095328084E+01     -0.1184321012E+01      0.2558043700E+01
    0.3935415707E+01      0.3935415707E+01     -0.1420297482E+01      0.2187907172E+01
    0.3783682640E+01      0.3783682640E+01     -0.1615047416E+01      0.1639240033E+01
    0.3638707422E+01      0.3638707422E+01     -0.1774717288E+01      0.8973057257E+00
    0.3544174298E+01      0.3544174298E+01     -0.1854161723E+01      0.3955946415E-01
    0.3531657841E+01      0.3531657841E+01     -0.1789059816E+01     -0.8569838659E+00
    0.3596655639E+01      0.3596655639E+01     -0.1732125433E+01     -0.1748475979E+01
    0.3730362954E+01      0.3730362954E+01     -0.1647577510E+01     -0.2594234308E+01
    0.3932317759E+01      0.3932317759E+01     -0.1513636126E+01     -0.3364403102E+01
    0.4194042941E+01      0.4194042941E+01     -0.1289922779E+01     -0.3990719796E+01
    0.4472811145E+01      0.4472811145E+01     -0.9575453389E+00     -0.4387245769E+01
    0.4745386939E+01      0.4745386939E+01     -0.5862599820E+00     -0.4576236373E+01
    0.4998971985E+01      0.4998971985E+01     -0.2212416213E+00     -0.4634810281E+01
    0.5229626236E+01      0.5229626236E+01      0.1450016712E+00     -0.4534940705E+01
    0.5431456314E+01      0.5431456314E+01      0.5124550960E+00     -0.4300794262E+01
    0.5589075001E+01      0.5589075001E+01      0.8229384192E+00     -0.4006058292E+01
    0.5705846003E+01      0.5705846003E+01      0.1056570997E+01     -0.3734093950E+01
    0.5800198428E+01      0.5800198428E+01      0.1234116630E+01     -0.3504518335E+01
    0.5879914448E+01      0.5879914448E+01      0.1377407192E+01     -0.3299151653E+01
    0.0000000000E+00      0.2000000000E+02      0.0000000000E+00      0.0000000000E+00
    0.4402541701E+01      0.4402541701E+01     -0.7609890153E-01      0.3260662374E+01
    0.4372353511E+01      0.4372353511E+01     -0.2104847144E+00      0.3274121922E+01
    0.4306089228E+01      0.4306089228E+01     -0.3517633133E+00      0.3313165855E+01
    0.4202366383E+01      0.4202366383E+01     -0.4945005183E+00      0.3271355063E+01
    0.4062277496E+01      0.4062277496E+01     -0.6487268078E+00      0.3139080634E+01
    0.3888439010E+01      0.3888439010E+01     -0.8094126473E+00      0.2897589402E+01
    0.3689422589E+01      0.3689422589E+01     -0.9606794154E+00      0.2480637145E+01
    0.3505720252E+01      0.3505720252E+01     -0.1062915578E+01      0.1874354797E+01
    0.3344368023E+01      0.3344368023E+01     -0.1124405314E+01      0.1052929618E+01
    0.3252646037E+01      0.3252646037E+01     -0.1090675515E+01      0.1377671860E+00
    0.3229743607E+01      0.3229743607E+01     -0.9451030883E+00     -0.8409530907E+00
    0.3302541717E+01      0.3302541717E+01     -0.8477267662E+00     -0.1763403735E+01
    0.3449336051E+01      0.3449336051E+01     -0.7758334917E+00     -0.2632981913E+01
    0.3669814463E+01      0.3669814463E+01     -0.7207027759E+00     -0.3443593141E+01
    0.3956809085E+01      0.3956809085E+01     -0.6246768663E+00     -0.4156123445E+01
    0.4279279832E+01      0.4279279832E+01     -0.4100111086E+00     -0.4650336871E+01
    0.4591915038E+01      0.4591915038E+01     -0.1155216948E+00     -0.4860381068E+01
    0.4884625091E+01      0.4884625091E+01      0.1903121875E+00     -0.4907954056E+01
    0.5148783783E+01      0.5148783783E+01      0.4955777996E+00     -0.4818362040E+01
    0.5376558204E+01      0.5376558204E+01      0.8058627418E+00     -0.4567660751E+01
    0.5561400163E+01      0.5561400163E+01      0.1091481654E+01     -0.4217670658E+01
    0.5692315041E+01      0.5692315041E+01      0.1304074647E+01     -0.3883456859E+01
    0.5795239890E+01      0.5795239890E+01      0.1460865927E+01     -0.3613451822E+01
    0.5880387786E+01      0.5880387786E+01      0.1583926496E+01     -0.3380099836E+01
    0.0000000000E+00      0.2000000000E+02      0.0000000000E+00      0.0000000000E+00
    0.4284943604E+01      0.4284943604E+01     -0.3139214255E-01      0.3461580333E+01
    0.4254599985E+01      0.4254599985E+01     -0.1025942828E+00      0.3477287724E+01
    0.4175012122E+01      0.4175012122E+01     -0.1560753110E+00      0.3529811613E+01
    0.4063826211E+01      0.4063826211E+01     -0.2257132651E+00      0.3494184751E+01
    0.3909707538E+01      0.3909707538E+01     -0.2889317102E+00      0.3383783818E+01
    0.3720402150E+01      0.3720402150E+01     -0.3401356333E+00      0.3147430816E+01
    0.3510279613E+01      0.3510279613E+01     -0.3582184126E+00      0.2703056249E+01
    0.3299725662E+01      0.3299725662E+01     -0.3313203664E+00      0.2027119284E+01
    0.3116867305E+01      0.3116867305E+01     -0.2692273699E+00      0.1126900337E+01
    0.3013936141E+01      0.3013936141E+01     -0.1548160273E+00      0.1312420881E+00
    0.3016929029E+01      0.3016929029E+01      0.6407599376E-01     -0.8783741240E+00
    0.3102313859E+01      0.3102313859E+01      0.1906561522E+00     -0.1777567965E+01
    0.3260476115E+01      0.3260476115E+01      0.2513335201E+00     -0.2602681133E+01
    0.3488372067E+01      0.3488372067E+01      0.2571502019E+00     -0.3407581914E+01
    0.3786830161E+01      0.3786830161E+01      0.2664279347E+00     -0.4184473345E+01
    0.4135107012E+01      0.4135107012E+01      0.3448186257E+00     -0.4793188726E+01
    0.4476984561E+01      0.4476984561E+01      0.5252516027E+00     -0.5060981551E+01
    0.4796942190E+01      0.4796942190E+01      0.7394104867E+00     -0.5109828585E+01
    0.5087596890E+01      0.5087596890E+01      0.9639807321E+00     -0.5028879642E+01
    0.5336143201E+01      0.5336143201E+01      0.1195307681E+01     -0.4779393370E+01
    0.5541160357E+01      0.5541160357E+01      0.1423717793E+01     -0.4395710853E+01
    0.5685137840E+01      0.5685137840E+01      0.1596250976E+01     -0.4004697722E+01
    0.5795943599E+01      0.5795943599E+01      0.1720275911E+01     -0.3696544638E+01
    0.5884805012E+01      0.5884805012E+01      0.1814524363E+01     -0.3440465016E+01
    0.0000000000E+00      0.2000000000E+02      0.0000000000E+00      0.0000000000E+00
    0.4226527194E+01      0.4226527194E+01      0.3101539568E-01      0.3617025908E+01
    0.4197603729E+01      0.4197603729E+01      0.2342612815E-01      0.3612494133E+01
    0.4108704621E+01      0.4108704621E+01      0.6776420631E-01      0.3692538235E+01
    0.3985541700E+01      0.3985541700E+01      0.9530496166E-01      0.3652572388E+01
    0.3811210689E+01      0.3811210689E+01      0.1464787672E+00      0.3528104883E+01
    0.3601581736E+01      0.3601581736E+01      0.2171781602E+00      0.3243746769E+01
    0.3369723002E+01      0.3369723002E+01      0.3203828205E+00      0.2741394431E+01
    0.3151843213E+01      0.3151843213E+01      0.4510175506E+00      0.2010472994E+01
    0.2977467922E+01      0.2977467922E+01      0.6061098333E+00      0.1091723136E+01
    0.2886171680E+01      0.2886171680E+01      0.8026564654E+00      0.5219215751E-01
    0.2908627038E+01      0.2908627038E+01      0.1041950144E+01     -0.9559243960E+00
    0.3003430762E+01      0.3003430762E+01      0.1174221722E+01     -0.1799726197E+01
    0.3161250104E+01      0.3161250104E+01      0.1229828799E+01     -0.2566848946E+01
    0.3382805429E+01      0.3382805429E+01      0.1205744049E+01     -0.3323074744E+01
    0.3671548089E+01      0.3671548089E+01      0.1158981143E+01     -0.4133936954E+01
    0.4035754046E+01      0.4035754046E+01      0.1143523659E+01     -0.4839611781E+01
    0.4398158387E+01      0.4398158387E+01      0.1240581789E+01     -0.5181684664E+01
    0.4740250676E+01      0.4740250676E+01      0.1375406132E+01     -0.5237785818E+01
    0.5048527943E+01      0.5048527943E+01      0.1518816903E+01     -0.5162743568E+01
    0.5311384722E+01      0.5311384722E+01      0.1662215134E+01     -0.4922292487E+01
    0.5526802156E+01      0.5526802156E+01      0.1808200322E+01     -0.4523551926E+01
    0.5684927878E+01      0.5684927878E+01      0.1926009453E+01     -0.4086630452E+01
    0.5802219839E+01      0.5802219839E+01      0.2008392747E+01     -0.3751078977E+01
    0.5894544988E+01      0.5894544988E+01      0.2067406878E+01     -0.3475119569E+01
    0.0000000000E+00      0.2000000000E+02      0.0000000000E+00      0.0000000000E+00
    0.4163227784E+01      0.4163227784E+01      0.8018151058E-01      0.3607556852E+01
    0.4143029790E+01      0.4143029790E+01      0.1549255307E+00      0.3590582208E+01
    0.4045677163E+01      0.4045677163E+01      0.3100369382E+00      0.3671952040E+01
    0.3921912484E+01      0.3921912484E+01      0.4396596779E+00      0.3626349713E+01
    0.3747013373E+01      0.3747013373E+01      0.6072054281E+00      0.3489021214E+01
    0.3544779294E+01      0.3544779294E+01      0.7938970330E+00      0.3187652728E+01
    0.3321239707E+01      0.3321239707E+01      0.1014622697E+01      0.2672719255E+01
    0.3111073237E+01      0.3111073237E+01      0.1248022564E+01      0.1932502923E+01
    0.2942622383E+01      0.2942622383E+01      0.1483710161E+01      0.1020978999E+01
    0.2856703957E+01      0.2856703957E+01      0.1738692804E+01     -0.2133853112E-01
    0.2892890605E+01      0.2892890605E+01      0.1982516272E+01     -0.9987912415E+00
    0.2991243002E+01      0.2991243002E+01      0.2103378919E+01     -0.1781691816E+01
    0.3141995570E+01      0.3141995570E+01      0.2138458068E+01     -0.2500024739E+01
    0.3352935608E+01      0.3352935608E+01      0.2107330761E+01     -0.3214417557E+01
    0.3625896405E+01      0.3625896405E+01      0.2042687922E+01     -0.4006427901E+01
    0.3985329331E+01      0.3985329331E+01      0.1969810800E+01     -0.4837767055E+01
    0.4364927648E+01      0.4364927648E+01      0.1997132919E+01     -0.5228285383E+01
    0.4719532316E+01      0.4719532316E+01      0.2051325854E+01     -0.5292090994E+01
    0.5038933491E+01      0.5038933491E+01      0.2112262541E+01     -0.5217316842E+01
    0.5313180478E+01      0.5313180478E+01      0.2174240248E+01     -0.4976197665E+01
    0.5534667473E+01      0.5534667473E+01      0.2233977324E+01     -0.4577890819E+01
    0.5700171980E+01      0.5700171980E+01      0.2281149648E+01     -0.4126132292E+01
    0.5822409163E+01      0.5822409163E+01      0.2310748721E+01     -0.3771866552E+01
    0.5917654690E+01      0.5917654690E+01      0.2330353274E+01     -0.3482978892E+01
    0.0000000000E+00      0.2000000000E+02      0.0000000000E+00      0.0000000000E+00
    0.4180727991E+01      0.4180727991E+01      0.1345671697E+00      0.3494873832E+01
    0.4161699489E+01      0.4161699489E+01      0.2906706777E+00      0.3463284402E+01
    0.4061251483E+01      0.4061251483E+01      0.5552705652E+00      0.3542062396E+01
    0.3943529525E+01      0.3943529525E+01      0.7880214904E+00      0.3482488417E+01
    0.3773337600E+01      0.3773337600E+01      0.1072194041E+01      0.3324370722E+01
    0.3585211029E+01      0.3585211029E+01      0.1366588455E+01      0.2994669639E+01
    0.3378200245E+01      0.3378200245E+01      0.1683109513E+01      0.2460591146E+01
    0.3186838146E+01      0.3186838146E+01      0.2005710718E+01      0.1715226769E+01
    0.3027445445E+01      0.3027445445E+01      0.2302872225E+01      0.8207626276E+00
    0.2945607006E+01      0.2945607006E+01      0.2616559471E+01     -0.1921008681E+00
    0.2970413561E+01      0.2970413561E+01      0.2871466803E+01     -0.1091142510E+01
    0.3058208303E+01      0.3058208303E+01      0.2948195932E+01     -0.1798216949E+01
    0.3198491121E+01      0.3198491121E+01      0.2945453760E+01     -0.2461245165E+01
    0.3403119081E+01      0.3403119081E+01      0.2908558539E+01     -0.3138285582E+01
    0.3668594184E+01      0.3668594184E+01      0.2861536180E+01     -0.3890758936E+01
    0.4003351493E+01      0.4003351493E+01      0.2805965459E+01     -0.4740227403E+01
    0.4380862810E+01      0.4380862810E+01      0.2755808092E+01     -0.5200659485E+01
    0.4755328690E+01      0.4755328690E+01      0.2743057342E+01     -0.5281783821E+01
    0.5084765885E+01      0.5084765885E+01      0.2724624427E+01     -0.5208985224E+01
    0.5360596915E+01      0.5360596915E+01      0.2698708490E+01     -0.4966734763E+01
    0.5572947032E+01      0.5572947032E+01      0.2663437819E+01     -0.4565782912E+01
    0.5731175179E+01      0.5731175179E+01      0.2637565878E+01     -0.4108013036E+01
    0.5847337846E+01      0.5847337846E+01      0.2615148735E+01     -0.3743647138E+01
    0.5937954916E+01      0.5937954916E+01      0.2592559198E+01     -0.3451169793E+01
    0.0000000000E+00      0.2000000000E+02      0.0000000000E+00      0.0000000000E+00
    0.4231852381E+01      0.4231852381E+01      0.1943047547E+00      0.3261085925E+01
    0.4216463782E+01      0.4216463782E+01      0.4287373765E+00      0.3213938304E+01
    0.4118743404E+01      0.4118743404E+01      0.7959493870E+00      0.3270087701E+01
    0.4013082134E+01      0.4013082134E+01      0.1129609290E+01      0.3191563635E+01
    0.3858600942E+01      0.3858600942E+01      0.1521981388E+01      0.3000567676E+01
    0.3694432351E+01      0.3694432351E+01      0.1913792444E+01      0.2642578777E+01
    0.3506121734E+01      0.3506121734E+01      0.2330789646E+01      0.2107374984E+01
    0.3329410520E+01      0.3329410520E+01      0.2744680367E+01      0.1399924721E+01
    0.3179483971E+01      0.3179483971E+01      0.3115999085E+01      0.5582290024E+00
    0.3090047004E+01      0.3090047004E+01      0.3430708070E+01     -0.3546522662E+00
    0.3103341180E+01      0.3103341180E+01      0.3623517492E+01     -0.1132447346E+01
    0.3172802608E+01      0.3172802608E+01      0.3657368356E+01     -0.1780153948E+01
    0.3303869597E+01      0.3303869597E+01      0.3646867530E+01     -0.2422211411E+01
    0.3498363092E+01      0.3498363092E+01      0.3630871731E+01     -0.3095956819E+01
    0.3757828020E+01      0.3757828020E+01      0.3619478042E+01     -0.3846921190E+01
    0.4077276665E+01      0.4077276665E+01      0.3590033172E+01     -0.4688356585E+01
    0.4450899491E+01      0.4450899491E+01      0.3510516591E+01     -0.5147811892E+01
    0.4811138773E+01      0.4811138773E+01      0.3423637844E+01     -0.5194630493E+01
    0.5130615228E+01      0.5130615228E+01      0.3324326768E+01     -0.5098498841E+01
    0.5397085570E+01      0.5397085570E+01      0.3204779383E+01     -0.4843576203E+01
    0.5598584558E+01      0.5598584558E+01      0.3076178436E+01     -0.4459694697E+01
    0.5755392656E+01      0.5755392656E+01      0.2978727533E+01     -0.4028590885E+01
    0.5872740761E+01      0.5872740761E+01      0.2908121503E+01     -0.3675600929E+01
    0.5962938010E+01      0.5962938010E+01      0.2848676969E+01     -0.3391829686E+01
    0.0000000000E+00      0.2000000000E+02      0.0000000000E+00      0.0000000000E+00
    0.4315338230E+01      0.4315338230E+01      0.2549841058E+00      0.2905503809E+01
    0.4302494350E+01      0.4302494350E+01      0.5527216488E+00      0.2862659932E+01
    0.4215466518E+01      0.4215466518E+01      0.9875186314E+00      0.2871281254E+01
    0.4120845761E+01      0.4120845761E+01      0.1398367783E+01      0.2779057192E+01
    0.3973331520E+01      0.3973331520E+01      0.1870549911E+01      0.2577279100E+01
    0.3815441854E+01      0.3815441854E+01      0.2334211811E+01      0.2231589975E+01
    0.3639401185E+01      0.3639401185E+01      0.2821110829E+01      0.1722643559E+01
    0.3472435862E+01      0.3472435862E+01      0.3296531270E+01      0.1078604372E+01
    0.3347157176E+01      0.3347157176E+01      0.3732684655E+01      0.3205199745E+00
    0.3255504174E+01      0.3255504174E+01      0.4005929691E+01     -0.4624486136E+00
    0.3260058729E+01      0.3260058729E+01      0.4160860601E+01     -0.1124605541E+01
    0.3313246360E+01      0.3313246360E+01      0.4208904797E+01     -0.1753071182E+01
    0.3427689023E+01      0.3427689023E+01      0.4257489643E+01     -0.2401119701E+01
    0.3614035347E+01      0.3614035347E+01      0.4313774039E+01     -0.3091203174E+01
    0.3877180186E+01      0.3877180186E+01      0.4354007026E+01     -0.3848142165E+01
    0.4192952985E+01      0.4192952985E+01      0.4332950107E+01     -0.4653629073E+01
    0.4554316619E+01      0.4554316619E+01      0.4211411985E+01     -0.5034018371E+01
    0.4916729503E+01      0.4916729503E+01      0.4057479414E+01     -0.5056542222E+01
    0.5219483636E+01      0.5219483636E+01      0.3872443640E+01     -0.4939918137E+01
    0.5465558173E+01      0.5465558173E+01      0.3668689870E+01     -0.4666551420E+01
    0.5646296766E+01      0.5646296766E+01      0.3462285277E+01     -0.4300429740E+01
    0.5793730821E+01      0.5793730821E+01      0.3307161600E+01     -0.3907317863E+01
    0.5906670729E+01      0.5906670729E+01      0.3193142047E+01     -0.3577747971E+01
    0.5992511360E+01      0.5992511360E+01      0.3099269321E+01     -0.3304691951E+01
    0.0000000000E+00      0.2000000000E+02      0.0000000000E+00      0.0000000000E+00
    0.4415814233E+01      0.4415814233E+01      0.3526040769E+00      0.2447813996E+01
    0.4388827191E+01      0.4388827191E+01      0.7213409922E+00      0.2473216275E+01
    0.4314453480E+01      0.4314453480E+01      0.1204246284E+01      0.2419602167E+01
    0.4230962525E+01      0.4230962525E+01      0.1698609248E+01      0.2311592471E+01
    0.4095699957E+01      0.4095699957E+01      0.2248836960E+01      0.2098758194E+01
    0.3942541811E+01      0.3942541811E+01      0.2783339913E+01      0.1770929676E+01
    0.3784039305E+01      0.3784039305E+01      0.3313068660E+01      0.1312815052E+01
    0.3621886534E+01      0.3621886534E+01      0.3746869865E+01      0.7484775667E+00
    0.3527313210E+01      0.3527313210E+01      0.4160770549E+01      0.1355351459E+00
    0.3437030047E+01      0.3437030047E+01      0.4365527253E+01     -0.5062682613E+00
    0.3415544217E+01      0.3415544217E+01      0.4537823137E+01     -0.1111640904E+01
    0.3460214095E+01      0.3460214095E+01      0.4674487606E+01     -0.1756316064E+01
    0.3582010883E+01      0.3582010883E+01      0.4824821309E+01     -0.2474034205E+01
    0.3782826230E+01      0.3782826230E+01      0.4999418577E+01     -0.3205153121E+01
    0.4047633141E+01      0.4047633141E+01      0.5082105777E+01     -0.3935223425E+01
    0.4356146821E+01      0.4356146821E+01      0.5027629429E+01     -0.4630947784E+01
    0.4709917429E+01      0.4709917429E+01      0.4854396994E+01     -0.4875245923E+01
    0.5039068565E+01      0.5039068565E+01      0.4614280881E+01     -0.4840788084E+01
    0.5314609967E+01      0.5314609967E+01      0.4349741714E+01     -0.4682585740E+01
    0.5526258971E+01      0.5526258971E+01      0.4062480843E+01     -0.4405987778E+01
    0.5692841329E+01      0.5692841329E+01      0.3805264724E+01     -0.4076400849E+01
    0.5831698330E+01      0.5831698330E+01      0.3608082978E+01     -0.3735548799E+01
    0.5940706751E+01      0.5940706751E+01      0.3458327887E+01     -0.3442194661E+01
    0.6024955880E+01      0.6024955880E+01      0.3335572359E+01     -0.3191309863E+01
    0.3590170185E+01      0.3590170185E+01     -0.4749311113E+00      0.2133007773E+01
    0.4417930982E+01      0.4417930982E+01     -0.1873238186E+00      0.1844029531E+01
    0.4447409807E+01      0.4447409807E+01      0.4411641393E+00      0.1864352262E+01
    0.4390675379E+01      0.4390675379E+01      0.1122387128E+01      0.1814377882E+01
    0.4305156073E+01      0.4305156073E+01      0.1747795457E+01      0.1758286102E+01
    0.4194149076E+01      0.4194149076E+01      0.2363965732E+01      0.1597270303E+01
    0.4063198360E+01      0.4063198360E+01      0.2937062332E+01      0.1321810741E+01
    0.3920350733E+01      0.3920350733E+01      0.3445216990E+01      0.9427268469E+00
    0.3780204178E+01      0.3780204178E+01      0.3865921251E+01      0.4851380428E+00
    0.3667581388E+01      0.3667581388E+01      0.4199135280E+01     -0.2150325452E-01
    0.3585435329E+01      0.3585435329E+01      0.4481332870E+01     -0.5920340148E+00
    0.3558294350E+01      0.3558294350E+01      0.4815680630E+01     -0.1229706826E+01
    0.3608516371E+01      0.3608516371E+01      0.5225484691E+01     -0.1957375050E+01
    0.3759083085E+01      0.3759083085E+01      0.5631160049E+01     -0.2730102835E+01
    0.3981129691E+01      0.3981129691E+01      0.5783307283E+01     -0.3356835509E+01
    0.4244457972E+01      0.4244457972E+01      0.5772735818E+01     -0.3989023644E+01
    0.4550632639E+01      0.4550632639E+01      0.5649698689E+01     -0.4518939092E+01
    0.4883698124E+01      0.4883698124E+01      0.5377544980E+01     -0.4614537967E+01
    0.5182837480E+01      0.5182837480E+01      0.5064114889E+01     -0.4548233423E+01
    0.5419173528E+01      0.5419173528E+01      0.4720702792E+01     -0.4368026500E+01
    0.5605116592E+01      0.5605116592E+01      0.4388138210E+01     -0.4116311730E+01
    0.5755111926E+01      0.5755111926E+01      0.4102434405E+01     -0.3830965756E+01
    0.5881256083E+01      0.5881256083E+01      0.3878854007E+01     -0.3541458636E+01
    0.5982164367E+01      0.5982164367E+01      0.3702692680E+01     -0.3284239479E+01
    0.6061362185E+01      0.6061362185E+01      0.3556362625E+01     -0.3057151407E+01
    0.4924903473E+01      0.4924903473E+01      0.2735451859E+01      0.2660218555E+01
    0.4819837586E+01      0.4819837586E+01      0.1740414396E+01      0.1712806098E+01
    0.4646922346E+01      0.4646922346E+01      0.1693342263E+01      0.1330633964E+01
    0.4467718743E+01      0.4467718743E+01      0.1817344116E+01      0.1313968363E+01
    0.4340768815E+01      0.4340768815E+01      0.2124584919E+01      0.1254923358E+01
    0.4229794377E+01      0.4229794377E+01      0.2560529995E+01      0.1099640739E+01
    0.4118792931E+01      0.4118792931E+01      0.3036067710E+01      0.8614348595E+00
    0.4004049985E+01      0.4004049985E+01      0.3509611131E+01      0.5551688034E+00
    0.3879494697E+01      0.3879494697E+01      0.3988836759E+01      0.1604267083E+00
    0.3770514541E+01      0.3770514541E+01      0.4500679519E+01     -0.3239286080E+00
    0.3703506409E+01      0.3703506409E+01      0.5101544940E+01     -0.9169445376E+00
    0.3722595827E+01      0.3722595827E+01      0.5816676767E+01     -0.1600834392E+01
    0.3824373431E+01      0.3824373431E+01      0.6326505847E+01     -0.2322853782E+01
    0.3996389286E+01      0.3996389286E+01      0.6512898242E+01     -0.2956606692E+01
    0.4225356554E+01      0.4225356554E+01      0.6485835447E+01     -0.3448553290E+01
    0.4497514883E+01      0.4497514883E+01      0.6370361071E+01     -0.3970629522E+01
    0.4772296278E+01      0.4772296278E+01      0.6121117029E+01     -0.4277207030E+01
    0.5072477397E+01      0.5072477397E+01      0.5770666421E+01     -0.4274373287E+01
    0.5316257059E+01      0.5316257059E+01      0.5380137810E+01     -0.4184015727E+01
    0.5518244519E+01      0.5518244519E+01      0.4999868458E+01     -0.4016562492E+01
    0.5679365330E+01      0.5679365330E+01      0.4648328520E+01     -0.3798162956E+01
    0.5814114538E+01      0.5814114538E+01      0.4350820357E+01     -0.3561276538E+01
    0.5928834101E+01      0.5928834101E+01      0.4112153159E+01     -0.3321728130E+01
    0.6022690678E+01      0.6022690678E+01      0.3918799388E+01     -0.3102718655E+01
    0.6097814586E+01      0.6097814586E+01      0.3755598874E+01     -0.2903239376E+01
