    0.0000000000E+00      0.2000000000E+02      0.0000000000E+00      0.0000000000E+00
    0.6553967544E+01      0.6553967544E+01      0.1079345328E-01     -0.2583173926E-01
    0.6556184185E+01      0.6556184185E+01      0.2374294757E-01     -0.2581302107E-01
    0.6556755781E+01      0.6556755781E+01      0.4009942244E-01     -0.2590891959E-01
    0.6559253276E+01      0.6559253276E+01      0.5566459855E-01     -0.2606343520E-01
    0.6561821461E+01      0.6561821461E+01      0.7290907612E-01     -0.2614867143E-01
    0.6565881785E+01      0.6565881785E+01      0.8997607361E-01     -0.2638659003E-01
    0.6569928876E+01      0.6569928876E+01      0.1087562096E+00     -0.2657640048E-01
    0.6575334512E+01      0.6575334512E+01      0.1276566722E+00     -0.2686846523E-01
    0.6580646070E+01      0.6580646070E+01      0.1483398727E+00     -0.2715661413E-01
    0.6587036916E+01      0.6587036916E+01      0.1694797046E+00     -0.2748746409E-01
    0.6593290058E+01      0.6593290058E+01      0.1923697426E+00     -0.2780051789E-01
    0.6600276546E+01      0.6600276546E+01      0.2160845874E+00     -0.2820090667E-01
    0.6607211679E+01      0.6607211679E+01      0.2412982815E+00     -0.2862744094E-01
    0.6614477713E+01      0.6614477713E+01      0.2675347969E+00     -0.2917577065E-01
    0.6621747977E+01      0.6621747977E+01      0.2949240750E+00     -0.2974871189E-01
    0.6628978938E+01      0.6628978938E+01      0.3233052013E+00     -0.3037250341E-01
    0.6636043480E+01      0.6636043480E+01      0.3525754667E+00     -0.3101211060E-01
    0.6642865567E+01      0.6642865567E+01      0.3826554327E+00     -0.3164888470E-01
    0.6649388022E+01      0.6649388022E+01      0.4134863305E+00     -0.3226892241E-01
    0.6655563599E+01      0.6655563599E+01      0.4450109750E+00     -0.3286181460E-01
    0.6661347538E+01      0.6661347538E+01      0.4771547552E+00     -0.3342254804E-01
    0.6666692747E+01      0.6666692747E+01      0.5098288792E+00     -0.3395188744E-01
    0.6671544948E+01      0.6671544948E+01      0.5429494804E+00     -0.3444576134E-01
    0.6675856684E+01      0.6675856684E+01      0.5764123091E+00     -0.3487703857E-01
    0.0000000000E+00      0.2000000000E+02      0.0000000000E+00      0.0000000000E+00
    0.6559501226E+01      0.6559501226E+01      0.1077006590E-01     -0.8028414946E-01
    0.6561535644E+01      0.6561535644E+01      0.2382800778E-01     -0.8009489261E-01
    0.6561847628E+01      0.6561847628E+01      0.4017171494E-01     -0.8018649763E-01
    0.6563940930E+01      0.6563940930E+01      0.5580405241E-01     -0.8033894711E-01
    0.6565995312E+01      0.6565995312E+01      0.7308687610E-01     -0.8022113920E-01
    0.6569363320E+01      0.6569363320E+01      0.9024921513E-01     -0.8041421231E-01
    0.6572666605E+01      0.6572666605E+01      0.1090208823E+00     -0.8047752575E-01
    0.6577154148E+01      0.6577154148E+01      0.1280156047E+00     -0.8071030274E-01
    0.6581615368E+01      0.6581615368E+01      0.1486877521E+00     -0.8100336875E-01
    0.6587132732E+01      0.6587132732E+01      0.1698086001E+00     -0.8144002621E-01
    0.6592627511E+01      0.6592627511E+01      0.1926431034E+00     -0.8195610497E-01
    0.6598986042E+01      0.6598986042E+01      0.2161384388E+00     -0.8283974579E-01
    0.6605414049E+01      0.6605414049E+01      0.2412206618E+00     -0.8384805908E-01
    0.6612332927E+01      0.6612332927E+01      0.2672022415E+00     -0.8525081676E-01
    0.6619277328E+01      0.6619277328E+01      0.2944508880E+00     -0.8679777628E-01
    0.6626270641E+01      0.6626270641E+01      0.3227266121E+00     -0.8852746758E-01
    0.6633162788E+01      0.6633162788E+01      0.3519652635E+00     -0.9032427440E-01
    0.6639883131E+01      0.6639883131E+01      0.3820588376E+00     -0.9215148858E-01
    0.6646361402E+01      0.6646361402E+01      0.4129255402E+00     -0.9395640782E-01
    0.6652546067E+01      0.6652546067E+01      0.4444904836E+00     -0.9570418977E-01
    0.6658392942E+01      0.6658392942E+01      0.4766831442E+00     -0.9738188047E-01
    0.6663859446E+01      0.6663859446E+01      0.5094317902E+00     -0.9899708433E-01
    0.6668899539E+01      0.6668899539E+01      0.5426584806E+00     -0.1005313682E+00
    0.6673471023E+01      0.6673471023E+01      0.5762526213E+00     -0.1019252576E+00
    0.0000000000E+00      0.2000000000E+02      0.0000000000E+00      0.0000000000E+00
    0.6565509576E+01      0.6565509576E+01      0.1061968097E-01     -0.1279887227E+00
    0.6567329988E+01      0.6567329988E+01      0.2374938071E-01     -0.1276851067E+00
    0.6567357024E+01      0.6567357024E+01      0.3997567427E-01     -0.1277410997E+00
    0.6569009028E+01      0.6569009028E+01      0.5561283419E-01     -0.1278985845E+00
    0.6570528580E+01      0.6570528580E+01      0.7281777720E-01     -0.1277649828E+00
    0.6573189740E+01      0.6573189740E+01      0.9002976808E-01     -0.1280040732E+00
    0.6575776737E+01      0.6575776737E+01      0.1086933439E+00     -0.1282015389E+00
    0.6579415250E+01      0.6579415250E+01      0.1275857023E+00     -0.1286103206E+00
    0.6583030696E+01      0.6583030696E+01      0.1480739024E+00     -0.1291554722E+00
    0.6587654769E+01      0.6587654769E+01      0.1690087838E+00     -0.1299529504E+00
    0.6592312407E+01      0.6592312407E+01      0.1916408339E+00     -0.1310483652E+00
    0.6597891060E+01      0.6597891060E+01      0.2149202298E+00     -0.1327220275E+00
    0.6603518784E+01      0.6603518784E+01      0.2398245042E+00     -0.1346710348E+00
    0.6609769408E+01      0.6609769408E+01      0.2655973637E+00     -0.1370760432E+00
    0.6616050727E+01      0.6616050727E+01      0.2927244295E+00     -0.1396089289E+00
    0.6622584905E+01      0.6622584905E+01      0.3208685877E+00     -0.1423854454E+00
    0.6629129982E+01      0.6629129982E+01      0.3500820775E+00     -0.1452213805E+00
    0.6635650874E+01      0.6635650874E+01      0.3801875357E+00     -0.1481109774E+00
    0.6642052231E+01      0.6642052231E+01      0.4110813193E+00     -0.1509776661E+00
    0.6648256481E+01      0.6648256481E+01      0.4426855229E+00     -0.1537552936E+00
    0.6654201791E+01      0.6654201791E+01      0.4749235005E+00     -0.1564010834E+00
    0.6659853836E+01      0.6659853836E+01      0.5077277349E+00     -0.1589137568E+00
    0.6665194381E+01      0.6665194381E+01      0.5410325210E+00     -0.1612716779E+00
    0.6670197750E+01      0.6670197750E+01      0.5747646011E+00     -0.1633757207E+00
    0.0000000000E+00      0.2000000000E+02      0.0000000000E+00      0.0000000000E+00
    0.6570504957E+01      0.6570504957E+01      0.1048488541E-01     -0.1696232773E+00
    0.6572136149E+01      0.6572136149E+01      0.2363086862E-01     -0.1694114803E+00
    0.6571947382E+01      0.6571947382E+01      0.3975229055E-01     -0.1694141907E+00
    0.6573268773E+01      0.6573268773E+01      0.5540939145E-01     -0.1696668566E+00
    0.6574469202E+01      0.6574469202E+01      0.7245321622E-01     -0.1697292144E+00
    0.6576584505E+01      0.6576584505E+01      0.8966021821E-01     -0.1700914339E+00
    0.6578597416E+01      0.6578597416E+01      0.1081765262E+00     -0.1705567292E+00
    0.6581351805E+01      0.6581351805E+01      0.1270539892E+00     -0.1713391381E+00
    0.6584130249E+01      0.6584130249E+01      0.1473250474E+00     -0.1724989984E+00
    0.6587808134E+01      0.6587808134E+01      0.1680312687E+00     -0.1739571256E+00
    0.6591659686E+01      0.6591659686E+01      0.1902406755E+00     -0.1758864754E+00
    0.6596364032E+01      0.6596364032E+01      0.2130883099E+00     -0.1781803799E+00
    0.6601102550E+01      0.6601102550E+01      0.2376436396E+00     -0.1807985119E+00
    0.6606484119E+01      0.6606484119E+01      0.2630847115E+00     -0.1838391674E+00
    0.6612018632E+01      0.6612018632E+01      0.2900318414E+00     -0.1871069953E+00
    0.6617964466E+01      0.6617964466E+01      0.3180075230E+00     -0.1906777433E+00
    0.6624055372E+01      0.6624055372E+01      0.3471262785E+00     -0.1943586742E+00
    0.6630286259E+01      0.6630286259E+01      0.3772287010E+00     -0.1981343706E+00
    0.6636548618E+01      0.6636548618E+01      0.4082498335E+00     -0.2019338394E+00
    0.6642749652E+01      0.6642749652E+01      0.4400327363E+00     -0.2056617460E+00
    0.6648795296E+01      0.6648795296E+01      0.4724560474E+00     -0.2092188071E+00
    0.6654630493E+01      0.6654630493E+01      0.5054442088E+00     -0.2125821380E+00
    0.6660225283E+01      0.6660225283E+01      0.5389376013E+00     -0.2157310316E+00
    0.6665566470E+01      0.6665566470E+01      0.5728684061E+00     -0.2185614824E+00
    0.0000000000E+00      0.2000000000E+02      0.0000000000E+00      0.0000000000E+00
    0.6573745771E+01      0.6573745771E+01      0.1035442489E-01     -0.2054879708E+00
    0.6575226981E+01      0.6575226981E+01      0.2339239336E-01     -0.2055544546E+00
    0.6574733481E+01      0.6574733481E+01      0.3941191423E-01     -0.2057878929E+00
    0.6575695094E+01      0.6575695094E+01      0.5526884204E-01     -0.2064646356E+00
    0.6576554124E+01      0.6576554124E+01      0.7214276282E-01     -0.2071541904E+00
    0.6578155857E+01      0.6578155857E+01      0.8911725419E-01     -0.2081179999E+00
    0.6579761674E+01      0.6579761674E+01      0.1071847955E+00     -0.2091458179E+00
    0.6582097624E+01      0.6582097624E+01      0.1254676384E+00     -0.2103729533E+00
    0.6584390507E+01      0.6584390507E+01      0.1450783710E+00     -0.2121809796E+00
    0.6587214220E+01      0.6587214220E+01      0.1654172063E+00     -0.2142660440E+00
    0.6590077863E+01      0.6590077863E+01      0.1873315385E+00     -0.2167947012E+00
    0.6593697951E+01      0.6593697951E+01      0.2100616595E+00     -0.2195272238E+00
    0.6597508510E+01      0.6597508510E+01      0.2343296391E+00     -0.2226923547E+00
    0.6602072472E+01      0.6602072472E+01      0.2594214891E+00     -0.2262334363E+00
    0.6606859411E+01      0.6606859411E+01      0.2860355241E+00     -0.2301840570E+00
    0.6612160690E+01      0.6612160690E+01      0.3137078397E+00     -0.2344258850E+00
    0.6617744803E+01      0.6617744803E+01      0.3426692032E+00     -0.2388648327E+00
    0.6623612750E+01      0.6623612750E+01      0.3727283232E+00     -0.2434286182E+00
    0.6629651337E+01      0.6629651337E+01      0.4038312712E+00     -0.2480642738E+00
    0.6635774062E+01      0.6635774062E+01      0.4358634009E+00     -0.2526579550E+00
    0.6641879491E+01      0.6641879491E+01      0.4686550373E+00     -0.2570591908E+00
    0.6647858247E+01      0.6647858247E+01      0.5020324782E+00     -0.2612175914E+00
    0.6653641590E+01      0.6653641590E+01      0.5358936906E+00     -0.2650995931E+00
    0.6659198286E+01      0.6659198286E+01      0.5701670802E+00     -0.2685979590E+00
    0.0000000000E+00      0.2000000000E+02      0.0000000000E+00      0.0000000000E+00
    0.6574295702E+01      0.6574295702E+01      0.1015125213E-01     -0.2372574101E+00
    0.6575667280E+01      0.6575667280E+01      0.2296326954E-01     -0.2377012893E+00
    0.6575072152E+01      0.6575072152E+01      0.3866180222E-01     -0.2382395538E+00
    0.6575902858E+01      0.6575902858E+01      0.5422504578E-01     -0.2393558544E+00
    0.6576629224E+01      0.6576629224E+01      0.7068829638E-01     -0.2406068392E+00
    0.6577856697E+01      0.6577856697E+01      0.8753260013E-01     -0.2423194380E+00
    0.6579026240E+01      0.6579026240E+01      0.1054144076E+00     -0.2442882337E+00
    0.6580650780E+01      0.6580650780E+01      0.1238233675E+00     -0.2462161166E+00
    0.6582467166E+01      0.6582467166E+01      0.1432461407E+00     -0.2487347895E+00
    0.6584804966E+01      0.6584804966E+01      0.1632623567E+00     -0.2511708147E+00
    0.6587197491E+01      0.6587197491E+01      0.1845624043E+00     -0.2543976093E+00
    0.6590058355E+01      0.6590058355E+01      0.2067644469E+00     -0.2577908211E+00
    0.6593095183E+01      0.6593095183E+01      0.2305362506E+00     -0.2617467826E+00
    0.6596876981E+01      0.6596876981E+01      0.2552566241E+00     -0.2659432285E+00
    0.6600930779E+01      0.6600930779E+01      0.2815399427E+00     -0.2706580530E+00
    0.6605582538E+01      0.6605582538E+01      0.3089766759E+00     -0.2756001532E+00
    0.6610622128E+01      0.6610622128E+01      0.3377496299E+00     -0.2808063604E+00
    0.6616052479E+01      0.6616052479E+01      0.3677140278E+00     -0.2861322425E+00
    0.6621778325E+01      0.6621778325E+01      0.3988071075E+00     -0.2915744070E+00
    0.6627706957E+01      0.6627706957E+01      0.4309327485E+00     -0.2969947407E+00
    0.6633732018E+01      0.6633732018E+01      0.4639849587E+00     -0.3022188543E+00
    0.6639737963E+01      0.6639737963E+01      0.4977655271E+00     -0.3071767906E+00
    0.6645602686E+01      0.6645602686E+01      0.5320673422E+00     -0.3118133004E+00
    0.6651255197E+01      0.6651255197E+01      0.5667843307E+00     -0.3160254393E+00
    0.0000000000E+00      0.2000000000E+02      0.0000000000E+00      0.0000000000E+00
    0.6570144517E+01      0.6570144517E+01      0.9902811944E-02     -0.2642652192E+00
    0.6571495971E+01      0.6571495971E+01      0.2240150480E-01     -0.2650880736E+00
    0.6570917872E+01      0.6570917872E+01      0.3775065679E-01     -0.2660272119E+00
    0.6571835803E+01      0.6571835803E+01      0.5304605610E-01     -0.2677443876E+00
    0.6572693143E+01      0.6572693143E+01      0.6915798990E-01     -0.2696319768E+00
    0.6574078625E+01      0.6574078625E+01      0.8547831965E-01     -0.2722423101E+00
    0.6575387077E+01      0.6575387077E+01      0.1027835171E+00     -0.2752865850E+00
    0.6576962453E+01      0.6576962453E+01      0.1206614925E+00     -0.2783306348E+00
    0.6578594657E+01      0.6578594657E+01      0.1395665751E+00     -0.2822400716E+00
    0.6580539457E+01      0.6580539457E+01      0.1593022872E+00     -0.2858754371E+00
    0.6582646276E+01      0.6582646276E+01      0.1802110370E+00     -0.2902274649E+00
    0.6585143879E+01      0.6585143879E+01      0.2020376777E+00     -0.2945166253E+00
    0.6587755903E+01      0.6587755903E+01      0.2253706252E+00     -0.2995188349E+00
    0.6590920062E+01      0.6590920062E+01      0.2497999606E+00     -0.3045955496E+00
    0.6594356072E+01      0.6594356072E+01      0.2757625145E+00     -0.3101536247E+00
    0.6598368439E+01      0.6598368439E+01      0.3029602747E+00     -0.3158668352E+00
    0.6602832812E+01      0.6602832812E+01      0.3315316059E+00     -0.3218330181E+00
    0.6607731560E+01      0.6607731560E+01      0.3614273778E+00     -0.3279153656E+00
    0.6613019997E+01      0.6613019997E+01      0.3925498694E+00     -0.3341388859E+00
    0.6618588559E+01      0.6618588559E+01      0.4248467038E+00     -0.3403718058E+00
    0.6624346799E+01      0.6624346799E+01      0.4581955813E+00     -0.3464201807E+00
    0.6630182499E+01      0.6630182499E+01      0.4924315844E+00     -0.3521854557E+00
    0.6635958539E+01      0.6635958539E+01      0.5272812671E+00     -0.3576081070E+00
    0.6641540583E+01      0.6641540583E+01      0.5625358807E+00     -0.3626117886E+00
    0.0000000000E+00      0.2000000000E+02      0.0000000000E+00      0.0000000000E+00
    0.6562146486E+01      0.6562146486E+01      0.9386750105E-02     -0.2864904567E+00
    0.6563477263E+01      0.6563477263E+01      0.2126226049E-01     -0.2878480801E+00
    0.6562993887E+01      0.6562993887E+01      0.3590440292E-01     -0.2895196570E+00
    0.6564017038E+01      0.6564017038E+01      0.5054833810E-01     -0.2922567084E+00
    0.6564957577E+01      0.6564957577E+01      0.6611848564E-01     -0.2950259526E+00
    0.6566505443E+01      0.6566505443E+01      0.8188963931E-01     -0.2988501996E+00
    0.6568082057E+01      0.6568082057E+01      0.9868188769E-01     -0.3033145488E+00
    0.6569971801E+01      0.6569971801E+01      0.1161476487E+00     -0.3077451500E+00
    0.6571893012E+01      0.6571893012E+01      0.1347010199E+00     -0.3133220259E+00
    0.6573925239E+01      0.6573925239E+01      0.1543401115E+00     -0.3187285801E+00
    0.6576051607E+01      0.6576051607E+01      0.1751893843E+00     -0.3249127723E+00
    0.6578537077E+01      0.6578537077E+01      0.1969665208E+00     -0.3307696992E+00
    0.6581028671E+01      0.6581028671E+01      0.2200655235E+00     -0.3371436197E+00
    0.6583876134E+01      0.6583876134E+01      0.2442300960E+00     -0.3434051662E+00
    0.6586932060E+01      0.6586932060E+01      0.2698910409E+00     -0.3500398180E+00
    0.6590492622E+01      0.6590492622E+01      0.2968760212E+00     -0.3567984455E+00
    0.6594459388E+01      0.6594459388E+01      0.3252648917E+00     -0.3636741273E+00
    0.6598838627E+01      0.6598838627E+01      0.3550353029E+00     -0.3706500244E+00
    0.6603613253E+01      0.6603613253E+01      0.3860799276E+00     -0.3777157227E+00
    0.6608703133E+01      0.6608703133E+01      0.4183487543E+00     -0.3848081870E+00
    0.6614025514E+01      0.6614025514E+01      0.4517354879E+00     -0.3917279123E+00
    0.6619454703E+01      0.6619454703E+01      0.4861561122E+00     -0.3983521326E+00
    0.6624873254E+01      0.6624873254E+01      0.5213936523E+00     -0.4046185260E+00
    0.6630153177E+01      0.6630153177E+01      0.5571925549E+00     -0.4105209557E+00
    0.0000000000E+00      0.2000000000E+02      0.0000000000E+00      0.0000000000E+00
    0.6550102636E+01      0.6550102636E+01      0.8713327603E-02     -0.3051855865E+00
    0.6551452653E+01      0.6551452653E+01      0.1973846523E-01     -0.3071385105E+00
    0.6551205617E+01      0.6551205617E+01      0.3343237051E-01     -0.3096575820E+00
    0.6552454571E+01      0.6552454571E+01      0.4711560648E-01     -0.3135812695E+00
    0.6553560297E+01      0.6553560297E+01      0.6200929771E-01     -0.3174726397E+00
    0.6555317997E+01      0.6555317997E+01      0.7722716797E-01     -0.3227585793E+00
    0.6557198097E+01      0.6557198097E+01      0.9353119715E-01     -0.3289814339E+00
    0.6559462523E+01      0.6559462523E+01      0.1105986450E+00     -0.3352037339E+00
    0.6561847982E+01      0.6561847982E+01      0.1286903440E+00     -0.3426334784E+00
    0.6564355422E+01      0.6564355422E+01      0.1478547268E+00     -0.3500589869E+00
    0.6566840653E+01      0.6566840653E+01      0.1682289167E+00     -0.3583310549E+00
    0.6569609971E+01      0.6569609971E+01      0.1896647425E+00     -0.3664168854E+00
    0.6572369939E+01      0.6572369939E+01      0.2125326855E+00     -0.3748121340E+00
    0.6575455248E+01      0.6575455248E+01      0.2366101764E+00     -0.3830211608E+00
    0.6578553646E+01      0.6578553646E+01      0.2622572978E+00     -0.3912798617E+00
    0.6581967520E+01      0.6581967520E+01      0.2892237922E+00     -0.3995989669E+00
    0.6585586761E+01      0.6585586761E+01      0.3177030097E+00     -0.4077461353E+00
    0.6589553152E+01      0.6589553152E+01      0.3475748159E+00     -0.4159671784E+00
    0.6593786980E+01      0.6593786980E+01      0.3788568994E+00     -0.4240879235E+00
    0.6598310917E+01      0.6598310917E+01      0.4113986019E+00     -0.4321807371E+00
    0.6603027869E+01      0.6603027869E+01      0.4451268089E+00     -0.4400502744E+00
    0.6607851827E+01      0.6607851827E+01      0.4799258823E+00     -0.4476244091E+00
    0.6612650554E+01      0.6612650554E+01      0.5155554123E+00     -0.4547927404E+00
    0.6617273047E+01      0.6617273047E+01      0.5517284592E+00     -0.4615742142E+00
    0.0000000000E+00      0.2000000000E+02      0.0000000000E+00      0.0000000000E+00
    0.6533268607E+01      0.6533268607E+01      0.8016556678E-02     -0.3212519657E+00
    0.6534686634E+01      0.6534686634E+01      0.1807194295E-01     -0.3237885896E+00
    0.6534877478E+01      0.6534877478E+01      0.3062176645E-01     -0.3272948113E+00
    0.6536541527E+01      0.6536541527E+01      0.4292681589E-01     -0.3324445354E+00
    0.6538115990E+01      0.6538115990E+01      0.5677539781E-01     -0.3377270454E+00
    0.6540419454E+01      0.6540419454E+01      0.7106170798E-01     -0.3446530018E+00
    0.6542851897E+01      0.6542851897E+01      0.8655176179E-01     -0.3528959355E+00
    0.6545591645E+01      0.6545591645E+01      0.1029886401E+00     -0.3611998366E+00
    0.6548474524E+01      0.6548474524E+01      0.1205723989E+00     -0.3707408369E+00
    0.6551491284E+01      0.6551491284E+01      0.1393507994E+00     -0.3803859994E+00
    0.6554402258E+01      0.6554402258E+01      0.1594517462E+00     -0.3907175363E+00
    0.6557525397E+01      0.6557525397E+01      0.1808149630E+00     -0.4011391967E+00
    0.6560540332E+01      0.6560540332E+01      0.2037445250E+00     -0.4116567765E+00
    0.6563829743E+01      0.6563829743E+01      0.2279569396E+00     -0.4221377676E+00
    0.6567103789E+01      0.6567103789E+01      0.2537125562E+00     -0.4324795142E+00
    0.6570620097E+01      0.6570620097E+01      0.2807434366E+00     -0.4428509294E+00
    0.6574121185E+01      0.6574121185E+01      0.3093033876E+00     -0.4527915222E+00
    0.6577894775E+01      0.6577894775E+01      0.3391053964E+00     -0.4627720525E+00
    0.6581704405E+01      0.6581704405E+01      0.3703912262E+00     -0.4724130214E+00
    0.6585749571E+01      0.6585749571E+01      0.4028836512E+00     -0.4819739185E+00
    0.6589902055E+01      0.6589902055E+01      0.4366336044E+00     -0.4912646769E+00
    0.6594133084E+01      0.6594133084E+01      0.4715021699E+00     -0.5003130347E+00
    0.6598291772E+01      0.6598291772E+01      0.5072972045E+00     -0.5089953200E+00
    0.6602198226E+01      0.6602198226E+01      0.5437757433E+00     -0.5173172995E+00
    0.0000000000E+00      0.2000000000E+02      0.0000000000E+00      0.0000000000E+00
    0.6511497032E+01      0.6511497032E+01      0.7100108291E-02     -0.3346891525E+00
    0.6513021580E+01      0.6513021580E+01      0.1566823204E-01     -0.3377647629E+00
    0.6513697876E+01      0.6513697876E+01      0.2665289880E-01     -0.3424066317E+00
    0.6515858660E+01      0.6515858660E+01      0.3733784340E-01     -0.3488840861E+00
    0.6518106736E+01      0.6518106736E+01      0.4978602690E-01     -0.3559927681E+00
    0.6521195269E+01      0.6521195269E+01      0.6298938006E-01     -0.3649414526E+00
    0.6524530964E+01      0.6524530964E+01      0.7761009015E-01     -0.3756395007E+00
    0.6528028552E+01      0.6528028552E+01      0.9346254760E-01     -0.3864270990E+00
    0.6531524529E+01      0.6531524529E+01      0.1104826718E+00     -0.3985023274E+00
    0.6535159650E+01      0.6535159650E+01      0.1287029544E+00     -0.4108997266E+00
    0.6538720621E+01      0.6538720621E+01      0.1483139070E+00     -0.4237780219E+00
    0.6542322598E+01      0.6542322598E+01      0.1693729990E+00     -0.4367982397E+00
    0.6545781712E+01      0.6545781712E+01      0.1919381917E+00     -0.4497779554E+00
    0.6549331273E+01      0.6549331273E+01      0.2159753049E+00     -0.4627779834E+00
    0.6552801004E+01      0.6552801004E+01      0.2415629969E+00     -0.4754644355E+00
    0.6556261062E+01      0.6556261062E+01      0.2686875916E+00     -0.4881349878E+00
    0.6559612961E+01      0.6559612961E+01      0.2972716913E+00     -0.5002394429E+00
    0.6562975143E+01      0.6562975143E+01      0.3273415496E+00     -0.5122969378E+00
    0.6566207901E+01      0.6566207901E+01      0.3588660096E+00     -0.5238107985E+00
    0.6569543452E+01      0.6569543452E+01      0.3917094341E+00     -0.5352389781E+00
    0.6572847686E+01      0.6572847686E+01      0.4258312517E+00     -0.5463326673E+00
    0.6576164956E+01      0.6576164956E+01      0.4610428960E+00     -0.5573335365E+00
    0.6579344686E+01      0.6579344686E+01      0.4971780323E+00     -0.5681977472E+00
    0.6582215925E+01      0.6582215925E+01      0.5340662972E+00     -0.5789857982E+00
    0.0000000000E+00      0.2000000000E+02      0.0000000000E+00      0.0000000000E+00
    0.6485239036E+01      0.6485239036E+01      0.5893645064E-02     -0.3460345027E+00
    0.6486853791E+01      0.6486853791E+01      0.1248133064E-01     -0.3494663192E+00
    0.6487912301E+01      0.6487912301E+01      0.2134854861E-01     -0.3553185507E+00
    0.6490464970E+01      0.6490464970E+01      0.2998202294E-01     -0.3631676056E+00
    0.6493349183E+01      0.6493349183E+01      0.4030902635E-01     -0.3724971927E+00
    0.6497082182E+01      0.6497082182E+01      0.5175867880E-01     -0.3838669426E+00
    0.6501269147E+01      0.6501269147E+01      0.6482960255E-01     -0.3974575736E+00
    0.6505732520E+01      0.6505732520E+01      0.7969127265E-01     -0.4114750272E+00
    0.6510308364E+01      0.6510308364E+01      0.9608602511E-01     -0.4267469656E+00
    0.6515028612E+01      0.6515028612E+01      0.1139093034E+00     -0.4427299103E+00
    0.6519661440E+01      0.6519661440E+01      0.1333131890E+00     -0.4590784673E+00
    0.6524182665E+01      0.6524182665E+01      0.1543587745E+00     -0.4756086569E+00
    0.6528508987E+01      0.6528508987E+01      0.1770111433E+00     -0.4919630397E+00
    0.6532612552E+01      0.6532612552E+01      0.2013098816E+00     -0.5082917168E+00
    0.6536386957E+01      0.6536386957E+01      0.2271986338E+00     -0.5240580619E+00
    0.6539838089E+01      0.6539838089E+01      0.2546536492E+00     -0.5397067849E+00
    0.6542931527E+01      0.6542931527E+01      0.2835667098E+00     -0.5545511096E+00
    0.6545665453E+01      0.6545665453E+01      0.3140075283E+00     -0.5693126403E+00
    0.6548039784E+01      0.6548039784E+01      0.3457434079E+00     -0.5832147609E+00
    0.6550116130E+01      0.6550116130E+01      0.3788738230E+00     -0.5970612491E+00
    0.6551742886E+01      0.6551742886E+01      0.4131604508E+00     -0.6103084828E+00
    0.6552996540E+01      0.6552996540E+01      0.4484721061E+00     -0.6235316783E+00
    0.6553671954E+01      0.6553671954E+01      0.4845660121E+00     -0.6366273610E+00
    0.6553613519E+01      0.6553613519E+01      0.5212517715E+00     -0.6497596083E+00
    0.0000000000E+00      0.2000000000E+02      0.0000000000E+00      0.0000000000E+00
    0.6454346777E+01      0.6454346777E+01      0.4281002820E-02     -0.3574748179E+00
    0.6455999995E+01      0.6455999995E+01      0.8421911648E-02     -0.3609172008E+00
    0.6457304257E+01      0.6457304257E+01      0.1462240925E-01     -0.3679456814E+00
    0.6460049809E+01      0.6460049809E+01      0.2070794686E-01     -0.3769821873E+00
    0.6463264052E+01      0.6463264052E+01      0.2847899939E-01     -0.3885013170E+00
    0.6467200380E+01      0.6467200380E+01      0.3781750172E-01     -0.4022748518E+00
    0.6471755810E+01      0.6471755810E+01      0.4909827433E-01     -0.4186609985E+00
    0.6476744010E+01      0.6476744010E+01      0.6272395601E-01     -0.4359208090E+00
    0.6481971878E+01      0.6481971878E+01      0.7829160760E-01     -0.4542424342E+00
    0.6487323169E+01      0.6487323169E+01      0.9563342250E-01     -0.4736934897E+00
    0.6492583581E+01      0.6492583581E+01      0.1146880247E+00     -0.4936610457E+00
    0.6497721100E+01      0.6497721100E+01      0.1354706765E+00     -0.5141175441E+00
    0.6502631779E+01      0.6502631779E+01      0.1581213493E+00     -0.5344711484E+00
    0.6507160324E+01      0.6507160324E+01      0.1826139486E+00     -0.5549177681E+00
    0.6511252384E+01      0.6511252384E+01      0.2088550457E+00     -0.5748245998E+00
    0.6514847794E+01      0.6514847794E+01      0.2367285660E+00     -0.5948182750E+00
    0.6517884889E+01      0.6517884889E+01      0.2661499713E+00     -0.6140207124E+00
    0.6520241473E+01      0.6520241473E+01      0.2971088378E+00     -0.6333037376E+00
    0.6521893920E+01      0.6521893920E+01      0.3293862043E+00     -0.6517138590E+00
    0.6522984180E+01      0.6522984180E+01      0.3628616936E+00     -0.6703137006E+00
    0.6523042388E+01      0.6523042388E+01      0.3976664823E+00     -0.6884653862E+00
    0.6522522210E+01      0.6522522210E+01      0.4331236699E+00     -0.7069186933E+00
    0.6520661068E+01      0.6520661068E+01      0.4694108535E+00     -0.7255620215E+00
    0.6517403034E+01      0.6517403034E+01      0.5060971134E+00     -0.7446861648E+00
    0.0000000000E+00      0.2000000000E+02      0.0000000000E+00      0.0000000000E+00
    0.6421625070E+01      0.6421625070E+01      0.2399793151E-02     -0.3754563713E+00
    0.6422792768E+01      0.6422792768E+01      0.3783618276E-02     -0.3782741163E+00
    0.6424076546E+01      0.6424076546E+01      0.6863434363E-02     -0.3863962833E+00
    0.6426440270E+01      0.6426440270E+01      0.1030151611E-01     -0.3961944932E+00
    0.6429450063E+01      0.6429450063E+01      0.1518308772E-01     -0.4095707070E+00
    0.6432917087E+01      0.6432917087E+01      0.2199549706E-01     -0.4253587692E+00
    0.6437213777E+01      0.6437213777E+01      0.3078242831E-01     -0.4444817244E+00
    0.6442061317E+01      0.6442061317E+01      0.4231922736E-01     -0.4651937104E+00
    0.6447115390E+01      0.6447115390E+01      0.5665978052E-01     -0.4866150507E+00
    0.6452226947E+01      0.6452226947E+01      0.7310899014E-01     -0.5092444893E+00
    0.6457388087E+01      0.6457388087E+01      0.9153804135E-01     -0.5329759944E+00
    0.6462317823E+01      0.6462317823E+01      0.1118103781E+00     -0.5573636045E+00
    0.6466852928E+01      0.6466852928E+01      0.1342663827E+00     -0.5821201429E+00
    0.6470695596E+01      0.6470695596E+01      0.1587075144E+00     -0.6068937773E+00
    0.6473935376E+01      0.6473935376E+01      0.1850322763E+00     -0.6314381098E+00
    0.6476318542E+01      0.6476318542E+01      0.2130987777E+00     -0.6562021292E+00
    0.6477766648E+01      0.6477766648E+01      0.2428034020E+00     -0.6804647620E+00
    0.6478114858E+01      0.6478114858E+01      0.2739600384E+00     -0.7047719035E+00
    0.6477262399E+01      0.6477262399E+01      0.3066181260E+00     -0.7286531579E+00
    0.6475191555E+01      0.6475191555E+01      0.3399630362E+00     -0.7527629934E+00
    0.6471379603E+01      0.6471379603E+01      0.3744488854E+00     -0.7770983276E+00
    0.6466032801E+01      0.6466032801E+01      0.4093004322E+00     -0.8020932500E+00
    0.6458697367E+01      0.6458697367E+01      0.4446282349E+00     -0.8281923225E+00
    0.6449073439E+01      0.6449073439E+01      0.4799467545E+00     -0.8560187606E+00
    0.0000000000E+00      0.2000000000E+02      0.0000000000E+00      0.0000000000E+00
    0.6384237777E+01      0.6384237777E+01     -0.3334284951E-03     -0.4018669953E+00
    0.6384875158E+01      0.6384875158E+01     -0.1344626181E-02     -0.4044601634E+00
    0.6386168650E+01      0.6386168650E+01     -0.2042172504E-02     -0.4138383851E+00
    0.6387994898E+01      0.6387994898E+01     -0.1503327936E-02     -0.4248588146E+00
    0.6390454297E+01      0.6390454297E+01      0.3272778644E-03     -0.4401726749E+00
    0.6393324445E+01      0.6393324445E+01      0.4132993335E-02     -0.4582336211E+00
    0.6397208231E+01      0.6397208231E+01      0.9639848687E-02     -0.4807785298E+00
    0.6401542381E+01      0.6401542381E+01      0.1826262236E-01     -0.5060242050E+00
    0.6406038786E+01      0.6406038786E+01      0.3081474322E-01     -0.5323389692E+00
    0.6410461518E+01      0.6410461518E+01      0.4615695266E-01     -0.5591821237E+00
    0.6415013983E+01      0.6415013983E+01      0.6397371219E-01     -0.5880015879E+00
    0.6419142386E+01      0.6419142386E+01      0.8397921645E-01     -0.6175998233E+00
    0.6422660610E+01      0.6422660610E+01      0.1062557414E+00     -0.6483962024E+00
    0.6425263377E+01      0.6425263377E+01      0.1305876080E+00     -0.6795624588E+00
    0.6427022307E+01      0.6427022307E+01      0.1569017858E+00     -0.7111602771E+00
    0.6427384180E+01      0.6427384180E+01      0.1851331226E+00     -0.7431061390E+00
    0.6426385377E+01      0.6426385377E+01      0.2151475494E+00     -0.7751349708E+00
    0.6423582946E+01      0.6423582946E+01      0.2464657427E+00     -0.8074504907E+00
    0.6418716973E+01      0.6418716973E+01      0.2788932196E+00     -0.8399836108E+00
    0.6411599896E+01      0.6411599896E+01      0.3120183620E+00     -0.8730991606E+00
    0.6401789281E+01      0.6401789281E+01      0.3456300950E+00     -0.9070248889E+00
    0.6389142510E+01      0.6389142510E+01      0.3792607376E+00     -0.9423684374E+00
    0.6373073898E+01      0.6373073898E+01      0.4127448015E+00     -0.9793732662E+00
    0.6353072494E+01      0.6353072494E+01      0.4456034202E+00     -0.1018962720E+01
    0.0000000000E+00      0.2000000000E+02      0.0000000000E+00      0.0000000000E+00
    0.6328047872E+01      0.6328047872E+01     -0.3264000403E-02     -0.4287074916E+00
    0.6328255595E+01      0.6328255595E+01     -0.7478577664E-02     -0.4317378560E+00
    0.6328858781E+01      0.6328858781E+01     -0.1170056287E-01     -0.4424097364E+00
    0.6329848645E+01      0.6329848645E+01     -0.1432746729E-01     -0.4553737302E+00
    0.6331349231E+01      0.6331349231E+01     -0.1550818161E-01     -0.4729169001E+00
    0.6333396381E+01      0.6333396381E+01     -0.1521596177E-01     -0.4936138048E+00
    0.6335977268E+01      0.6335977268E+01     -0.1334983200E-01     -0.5199025960E+00
    0.6338680316E+01      0.6338680316E+01     -0.8555798127E-02     -0.5501738843E+00
    0.6341500113E+01      0.6341500113E+01      0.6733176340E-03     -0.5832171294E+00
    0.6343980387E+01      0.6343980387E+01      0.1360364269E-01     -0.6158185200E+00
    0.6346375262E+01      0.6346375262E+01      0.2982310877E-01     -0.6508999827E+00
    0.6347951213E+01      0.6347951213E+01      0.4874650001E-01     -0.6870280169E+00
    0.6348785542E+01      0.6348785542E+01      0.6979206954E-01     -0.7252074747E+00
    0.6348550044E+01      0.6348550044E+01      0.9322167946E-01     -0.7650290101E+00
    0.6346806988E+01      0.6346806988E+01      0.1187156432E+00     -0.8056404444E+00
    0.6343058639E+01      0.6343058639E+01      0.1463916605E+00     -0.8473818447E+00
    0.6337404979E+01      0.6337404979E+01      0.1754657209E+00     -0.8901765907E+00
    0.6329137645E+01      0.6329137645E+01      0.2061401707E+00     -0.9339223500E+00
    0.6318267420E+01      0.6318267420E+01      0.2377070659E+00     -0.9788273743E+00
    0.6304189651E+01      0.6304189651E+01      0.2698559979E+00     -0.1025177605E+01
    0.6286713261E+01      0.6286713261E+01      0.3021685741E+00     -0.1072897244E+01
    0.6265399401E+01      0.6265399401E+01      0.3342983021E+00     -0.1122919066E+01
    0.6239973559E+01      0.6239973559E+01      0.3658981027E+00     -0.1174693046E+01
    0.6209803215E+01      0.6209803215E+01      0.3966077833E+00     -0.1229854407E+01
    0.0000000000E+00      0.2000000000E+02      0.0000000000E+00      0.0000000000E+00
    0.6259204167E+01      0.6259204167E+01     -0.6223311837E-02     -0.4798036586E+00
    0.6259049569E+01      0.6259049569E+01     -0.1464856974E-01     -0.4835028431E+00
    0.6259390753E+01      0.6259390753E+01     -0.2346372592E-01     -0.4974176495E+00
    0.6259460291E+01      0.6259460291E+01     -0.3014867897E-01     -0.5134941367E+00
    0.6259530805E+01      0.6259530805E+01     -0.3513793735E-01     -0.5343268350E+00
    0.6259653743E+01      0.6259653743E+01     -0.3837366142E-01     -0.5588287034E+00
    0.6260219372E+01      0.6260219372E+01     -0.3944162467E-01     -0.5902095177E+00
    0.6260525184E+01      0.6260525184E+01     -0.3822515807E-01     -0.6263184955E+00
    0.6260764439E+01      0.6260764439E+01     -0.3403119901E-01     -0.6679829632E+00
    0.6260227099E+01      0.6260227099E+01     -0.2478662763E-01     -0.7098867253E+00
    0.6258837102E+01      0.6258837102E+01     -0.1158842801E-01     -0.7533655187E+00
    0.6256350062E+01      0.6256350062E+01      0.5418301535E-02     -0.7990506165E+00
    0.6252484228E+01      0.6252484228E+01      0.2519562593E-01     -0.8468023505E+00
    0.6247005805E+01      0.6247005805E+01      0.4723828201E-01     -0.8973864410E+00
    0.6239097999E+01      0.6239097999E+01      0.7170162367E-01     -0.9491151291E+00
    0.6228847173E+01      0.6228847173E+01      0.9784634669E-01     -0.1003020440E+01
    0.6215763034E+01      0.6215763034E+01      0.1257108977E+00     -0.1058170498E+01
    0.6199684382E+01      0.6199684382E+01      0.1550035699E+00     -0.1114857878E+01
    0.6180578562E+01      0.6180578562E+01      0.1852516921E+00     -0.1172897229E+01
    0.6158250011E+01      0.6158250011E+01      0.2162355195E+00     -0.1232363950E+01
    0.6134519879E+01      0.6134519879E+01      0.2476756945E+00     -0.1290806757E+01
    0.6110702398E+01      0.6110702398E+01      0.2798230336E+00     -0.1346220555E+01
    0.6088169449E+01      0.6088169449E+01      0.3129886541E+00     -0.1396686334E+01
    0.6068651421E+01      0.6068651421E+01      0.3474660856E+00     -0.1439736552E+01
    0.0000000000E+00      0.2000000000E+02      0.0000000000E+00      0.0000000000E+00
    0.6155075443E+01      0.6155075443E+01     -0.9413718194E-02     -0.5495461021E+00
    0.6154433666E+01      0.6154433666E+01     -0.2279199653E-01     -0.5537603287E+00
    0.6154421661E+01      0.6154421661E+01     -0.3773753975E-01     -0.5713391954E+00
    0.6153490106E+01      0.6153490106E+01     -0.5044085546E-01     -0.5914043135E+00
    0.6152108940E+01      0.6152108940E+01     -0.6127336793E-01     -0.6178044518E+00
    0.6150031986E+01      0.6150031986E+01     -0.6921421855E-01     -0.6485691980E+00
    0.6147212233E+01      0.6147212233E+01     -0.7416378868E-01     -0.6865890863E+00
    0.6143750136E+01      0.6143750136E+01     -0.7629615761E-01     -0.7302662688E+00
    0.6140167144E+01      0.6140167144E+01     -0.7637694546E-01     -0.7809504305E+00
    0.6136043435E+01      0.6136043435E+01     -0.7224270488E-01     -0.8353608774E+00
    0.6129558443E+01      0.6129558443E+01     -0.6236107490E-01     -0.8902163922E+00
    0.6122453809E+01      0.6122453809E+01     -0.4927141181E-01     -0.9487491879E+00
    0.6113278754E+01      0.6113278754E+01     -0.3209138142E-01     -0.1008643780E+01
    0.6101758195E+01      0.6101758195E+01     -0.1183708238E-01     -0.1072539587E+01
    0.6088386090E+01      0.6088386090E+01      0.1105196288E-01     -0.1136964675E+01
    0.6073767427E+01      0.6073767427E+01      0.3649811375E-01     -0.1201836080E+01
    0.6058650969E+01      0.6058650969E+01      0.6423439452E-01     -0.1264908721E+01
    0.6043720252E+01      0.6043720252E+01      0.9432229329E-01     -0.1324944706E+01
    0.6030006388E+01      0.6030006388E+01      0.1267470105E+00     -0.1380974220E+01
    0.6018496678E+01      0.6018496678E+01      0.1614487905E+00     -0.1430448087E+01
    0.6008931725E+01      0.6008931725E+01      0.1982204419E+00     -0.1474921288E+01
    0.6000921050E+01      0.6000921050E+01      0.2366340207E+00     -0.1513375249E+01
    0.5994820775E+01      0.5994820775E+01      0.2765169245E+00     -0.1545948954E+01
    0.5990402750E+01      0.5990402750E+01      0.3176004927E+00     -0.1572138784E+01
    0.0000000000E+00      0.2000000000E+02      0.0000000000E+00      0.0000000000E+00
    0.6014280529E+01      0.6014280529E+01     -0.1407589389E-01     -0.6618041612E+00
    0.6012905438E+01      0.6012905438E+01     -0.3380784930E-01     -0.6666734777E+00
    0.6012204105E+01      0.6012204105E+01     -0.5582304036E-01     -0.6880423986E+00
    0.6010232507E+01      0.6010232507E+01     -0.7531510962E-01     -0.7120001223E+00
    0.6007444022E+01      0.6007444022E+01     -0.9309006353E-01     -0.7440092213E+00
    0.6003620890E+01      0.6003620890E+01     -0.1079744798E+00     -0.7814950301E+00
    0.5998720939E+01      0.5998720939E+01     -0.1192346213E+00     -0.8274104241E+00
    0.5992705287E+01      0.5992705287E+01     -0.1265943212E+00     -0.8791359327E+00
    0.5985734934E+01      0.5985734934E+01     -0.1305647394E+00     -0.9374440301E+00
    0.5979442936E+01      0.5979442936E+01     -0.1295045663E+00     -0.1001064694E+01
    0.5972080795E+01      0.5972080795E+01     -0.1235873889E+00     -0.1063576705E+01
    0.5965266047E+01      0.5965266047E+01     -0.1126570432E+00     -0.1127804215E+01
    0.5958511342E+01      0.5958511342E+01     -0.9702677159E-01     -0.1191201318E+01
    0.5952836861E+01      0.5952836861E+01     -0.7668147445E-01     -0.1253174466E+01
    0.5948011832E+01      0.5948011832E+01     -0.5222331630E-01     -0.1312498057E+01
    0.5944178763E+01      0.5944178763E+01     -0.2391604234E-01     -0.1369641238E+01
    0.5941045984E+01      0.5941045984E+01      0.7855403323E-02     -0.1422864156E+01
    0.5939113819E+01      0.5939113819E+01      0.4281845406E-01     -0.1471783360E+01
    0.5938271931E+01      0.5938271931E+01      0.8051537755E-01     -0.1516032461E+01
    0.5938506139E+01      0.5938506139E+01      0.1208955054E+00     -0.1554877532E+01
    0.5940175129E+01      0.5940175129E+01      0.1629371747E+00     -0.1588727193E+01
    0.5942664020E+01      0.5942664020E+01      0.2072332352E+00     -0.1616815135E+01
    0.5946383419E+01      0.5946383419E+01      0.2527213649E+00     -0.1639602775E+01
    0.5950876392E+01      0.5950876392E+01      0.2994902779E+00     -0.1656667881E+01
    0.0000000000E+00      0.2000000000E+02      0.0000000000E+00      0.0000000000E+00
    0.5864844718E+01      0.5864844718E+01     -0.1917057144E-01     -0.7796092522E+00
    0.5863333196E+01      0.5863333196E+01     -0.4568376783E-01     -0.7844965712E+00
    0.5863281251E+01      0.5863281251E+01     -0.7515629645E-01     -0.8079662528E+00
    0.5861667342E+01      0.5861667342E+01     -0.1017207053E+00     -0.8339721349E+00
    0.5859601555E+01      0.5859601555E+01     -0.1261345521E+00     -0.8689117976E+00
    0.5857318012E+01      0.5857318012E+01     -0.1474351057E+00     -0.9092353054E+00
    0.5855477038E+01      0.5855477038E+01     -0.1645737582E+00     -0.9562959501E+00
    0.5854114824E+01      0.5854114824E+01     -0.1773013675E+00     -0.1006965031E+01
    0.5853174003E+01      0.5853174003E+01     -0.1853720340E+00     -0.1063042050E+01
    0.5853889348E+01      0.5853889348E+01     -0.1881674676E+00     -0.1123007871E+01
    0.5854481840E+01      0.5854481840E+01     -0.1835059385E+00     -0.1182800467E+01
    0.5855164109E+01      0.5855164109E+01     -0.1732377990E+00     -0.1243919494E+01
    0.5857308346E+01      0.5857308346E+01     -0.1575301184E+00     -0.1302907678E+01
    0.5859889493E+01      0.5859889493E+01     -0.1357294518E+00     -0.1360705009E+01
    0.5863431001E+01      0.5863431001E+01     -0.1086067659E+00     -0.1415660635E+01
    0.5868258987E+01      0.5868258987E+01     -0.7714750462E-01     -0.1468206778E+01
    0.5873638817E+01      0.5873638817E+01     -0.4090440634E-01     -0.1516518792E+01
    0.5880073787E+01      0.5880073787E+01     -0.1265208985E-02     -0.1560628195E+01
    0.5887170869E+01      0.5887170869E+01      0.4170537200E-01     -0.1600016290E+01
    0.5894916106E+01      0.5894916106E+01      0.8739452326E-01     -0.1634151925E+01
    0.5903396380E+01      0.5903396380E+01      0.1350525366E+00     -0.1663151122E+01
    0.5912131360E+01      0.5912131360E+01      0.1846991545E+00     -0.1686551631E+01
    0.5921355897E+01      0.5921355897E+01      0.2355019583E+00     -0.1704902446E+01
    0.5930777376E+01      0.5930777376E+01      0.2873641757E+00     -0.1717983951E+01
    0.0000000000E+00      0.2000000000E+02      0.0000000000E+00      0.0000000000E+00
    0.5776446599E+01      0.5776446599E+01     -0.2509870669E-01     -0.8131680247E+00
    0.5775066024E+01      0.5775066024E+01     -0.5880258822E-01     -0.8175873356E+00
    0.5776202026E+01      0.5776202026E+01     -0.9691365572E-01     -0.8421234727E+00
    0.5775264637E+01      0.5775264637E+01     -0.1320188887E+00     -0.8696056289E+00
    0.5774050802E+01      0.5774050802E+01     -0.1637134137E+00     -0.9070616411E+00
    0.5772763611E+01      0.5772763611E+01     -0.1907912826E+00     -0.9506771418E+00
    0.5771785655E+01      0.5771785655E+01     -0.2125083318E+00     -0.1001873059E+01
    0.5771636220E+01      0.5771636220E+01     -0.2282934963E+00     -0.1056732704E+01
    0.5772904311E+01      0.5772904311E+01     -0.2389018097E+00     -0.1116329482E+01
    0.5776363599E+01      0.5776363599E+01     -0.2439645971E+00     -0.1178229587E+01
    0.5782465150E+01      0.5782465150E+01     -0.2417134795E+00     -0.1239342662E+01
    0.5788471512E+01      0.5788471512E+01     -0.2324210045E+00     -0.1299297255E+01
    0.5795121563E+01      0.5795121563E+01     -0.2156403813E+00     -0.1360559140E+01
    0.5803268000E+01      0.5803268000E+01     -0.1926296928E+00     -0.1418278728E+01
    0.5811996518E+01      0.5811996518E+01     -0.1627397446E+00     -0.1473812103E+01
    0.5822321426E+01      0.5822321426E+01     -0.1279410381E+00     -0.1526363019E+01
    0.5832975729E+01      0.5832975729E+01     -0.8741303320E-01     -0.1574640095E+01
    0.5844829360E+01      0.5844829360E+01     -0.4314728855E-01     -0.1618351084E+01
    0.5856932608E+01      0.5856932608E+01      0.5163527268E-02     -0.1657299964E+01
    0.5869602613E+01      0.5869602613E+01      0.5615096346E-01     -0.1690589289E+01
    0.5882290659E+01      0.5882290659E+01      0.1095782968E+00     -0.1718594791E+01
    0.5894881435E+01      0.5894881435E+01      0.1646405856E+00     -0.1740771036E+01
    0.5907258099E+01      0.5907258099E+01      0.2208028487E+00     -0.1757825422E+01
    0.5919522167E+01      0.5919522167E+01      0.2775963893E+00     -0.1769613392E+01
    0.0000000000E+00      0.2000000000E+02      0.0000000000E+00      0.0000000000E+00
    0.5711817863E+01      0.5711817863E+01     -0.3094299466E-01     -0.8055552919E+00
    0.5710394385E+01      0.5710394385E+01     -0.7232084285E-01     -0.8095996182E+00
    0.5712936467E+01      0.5712936467E+01     -0.1198648806E+00     -0.8352170495E+00
    0.5713567429E+01      0.5713567429E+01     -0.1633834024E+00     -0.8637571576E+00
    0.5714675112E+01      0.5714675112E+01     -0.2030212851E+00     -0.9031905503E+00
    0.5716388568E+01      0.5716388568E+01     -0.2371863689E+00     -0.9492273201E+00
    0.5718670370E+01      0.5718670370E+01     -0.2651155256E+00     -0.1003139346E+01
    0.5721345138E+01      0.5721345138E+01     -0.2861741177E+00     -0.1061011664E+01
    0.5724346536E+01      0.5724346536E+01     -0.2997212872E+00     -0.1124224788E+01
    0.5728634007E+01      0.5728634007E+01     -0.3055842316E+00     -0.1190136420E+01
    0.5735489070E+01      0.5735489070E+01     -0.3034176976E+00     -0.1257873763E+01
    0.5742940204E+01      0.5742940204E+01     -0.2933363935E+00     -0.1321924254E+01
    0.5753562512E+01      0.5753562512E+01     -0.2775068791E+00     -0.1386386091E+01
    0.5764215264E+01      0.5764215264E+01     -0.2516141163E+00     -0.1448814540E+01
    0.5776768048E+01      0.5776768048E+01     -0.2192704279E+00     -0.1507754675E+01
    0.5790479483E+01      0.5790479483E+01     -0.1805387338E+00     -0.1563601411E+01
    0.5804700805E+01      0.5804700805E+01     -0.1355735741E+00     -0.1614731196E+01
    0.5820065101E+01      0.5820065101E+01     -0.8620229292E-01     -0.1661172865E+01
    0.5835458870E+01      0.5835458870E+01     -0.3247305769E-01     -0.1702397462E+01
    0.5851213058E+01      0.5851213058E+01      0.2422323250E-01     -0.1737780063E+01
    0.5866711999E+01      0.5866711999E+01      0.8343920717E-01     -0.1767254549E+01
    0.5881995997E+01      0.5881995997E+01      0.1444316071E+00     -0.1790322384E+01
    0.5896869674E+01      0.5896869674E+01      0.2063545363E+00     -0.1807462152E+01
    0.5911487080E+01      0.5911487080E+01      0.2685917373E+00     -0.1818671087E+01
    0.0000000000E+00      0.2000000000E+02      0.0000000000E+00      0.0000000000E+00
    0.5657206125E+01      0.5657206125E+01     -0.3732232955E-01     -0.7683793072E+00
    0.5655640337E+01      0.5655640337E+01     -0.8699746254E-01     -0.7722050863E+00
    0.5659088888E+01      0.5659088888E+01     -0.1443197941E+00     -0.8000017121E+00
    0.5660686046E+01      0.5660686046E+01     -0.1965737993E+00     -0.8306246272E+00
    0.5663101510E+01      0.5663101510E+01     -0.2444740993E+00     -0.8736334636E+00
    0.5666421228E+01      0.5666421228E+01     -0.2860436802E+00     -0.9239103601E+00
    0.5670595675E+01      0.5670595675E+01     -0.3203561234E+00     -0.9823273319E+00
    0.5675603641E+01      0.5675603641E+01     -0.3468291046E+00     -0.1044779050E+01
    0.5681467458E+01      0.5681467458E+01     -0.3649067519E+00     -0.1112565935E+01
    0.5688388651E+01      0.5688388651E+01     -0.3740291192E+00     -0.1183074199E+01
    0.5699360457E+01      0.5699360457E+01     -0.3732400384E+00     -0.1256572301E+01
    0.5707537331E+01      0.5707537331E+01     -0.3620779491E+00     -0.1326265586E+01
    0.5719072093E+01      0.5719072093E+01     -0.3440011962E+00     -0.1397178114E+01
    0.5732103451E+01      0.5732103451E+01     -0.3168157896E+00     -0.1465564120E+01
    0.5746948544E+01      0.5746948544E+01     -0.2813346538E+00     -0.1530843953E+01
    0.5762972767E+01      0.5762972767E+01     -0.2383243332E+00     -0.1592258316E+01
    0.5779630355E+01      0.5779630355E+01     -0.1883393110E+00     -0.1648443349E+01
    0.5797557909E+01      0.5797557909E+01     -0.1333340868E+00     -0.1699483100E+01
    0.5815441603E+01      0.5815441603E+01     -0.7331077268E-01     -0.1744270101E+01
    0.5833910943E+01      0.5833910943E+01     -0.1014025697E-01     -0.1782738158E+01
    0.5852087135E+01      0.5852087135E+01      0.5574362219E-01     -0.1814348482E+01
    0.5870015924E+01      0.5870015924E+01      0.1234322818E+00     -0.1838945626E+01
    0.5887457020E+01      0.5887457020E+01      0.1918644858E+00     -0.1856714112E+01
    0.5904471687E+01      0.5904471687E+01      0.2600440927E+00     -0.1867680322E+01
    0.0000000000E+00      0.2000000000E+02      0.0000000000E+00      0.0000000000E+00
    0.5614335458E+01      0.5614335458E+01     -0.4447336555E-01     -0.7009528560E+00
    0.5612505906E+01      0.5612505906E+01     -0.1035779533E+00     -0.7050086757E+00
    0.5616401312E+01      0.5616401312E+01     -0.1713050537E+00     -0.7362283919E+00
    0.5618295229E+01      0.5618295229E+01     -0.2329701705E+00     -0.7700985012E+00
    0.5621091124E+01      0.5621091124E+01     -0.2895665316E+00     -0.8180505616E+00
    0.5624825169E+01      0.5624825169E+01     -0.3390514748E+00     -0.8740493063E+00
    0.5629433504E+01      0.5629433504E+01     -0.3803719751E+00     -0.9386654902E+00
    0.5634979241E+01      0.5634979241E+01     -0.4127351951E+00     -0.1007972273E+01
    0.5641553873E+01      0.5641553873E+01     -0.4353660905E+00     -0.1083286001E+01
    0.5649565620E+01      0.5649565620E+01     -0.4477107511E+00     -0.1162015726E+01
    0.5662687715E+01      0.5662687715E+01     -0.4495894126E+00     -0.1244063425E+01
    0.5673505997E+01      0.5673505997E+01     -0.4388221778E+00     -0.1322039684E+01
    0.5686509594E+01      0.5686509594E+01     -0.4196237777E+00     -0.1400503392E+01
    0.5700725604E+01      0.5700725604E+01     -0.3897221478E+00     -0.1476308236E+01
    0.5717639419E+01      0.5717639419E+01     -0.3507776875E+00     -0.1549781180E+01
    0.5735591572E+01      0.5735591572E+01     -0.3024497328E+00     -0.1618072042E+01
    0.5754500173E+01      0.5754500173E+01     -0.2466273331E+00     -0.1680436343E+01
    0.5774557847E+01      0.5774557847E+01     -0.1853000658E+00     -0.1736709143E+01
    0.5794508232E+01      0.5794508232E+01     -0.1182837320E+00     -0.1785524648E+01
    0.5815446333E+01      0.5815446333E+01     -0.4798424136E-01     -0.1827425359E+01
    0.5836201563E+01      0.5836201563E+01      0.2557769337E-01     -0.1861547391E+01
    0.5856957937E+01      0.5856957937E+01      0.1009917129E+00     -0.1888131170E+01
    0.5877618218E+01      0.5877618218E+01      0.1770696422E+00     -0.1907102670E+01
    0.5897283419E+01      0.5897283419E+01      0.2516708865E+00     -0.1918261555E+01
    0.0000000000E+00      0.2000000000E+02      0.0000000000E+00      0.0000000000E+00
    0.5578794180E+01      0.5578794180E+01     -0.5199704055E-01     -0.6092427067E+00
    0.5576525577E+01      0.5576525577E+01     -0.1212979632E+00     -0.6138641679E+00
    0.5580508070E+01      0.5580508070E+01     -0.2001580883E+00     -0.6492393610E+00
    0.5581944397E+01      0.5581944397E+01     -0.2725788271E+00     -0.6870457121E+00
    0.5584231063E+01      0.5584231063E+01     -0.3392018948E+00     -0.7408305590E+00
    0.5587452251E+01      0.5587452251E+01     -0.3977879185E+00     -0.8039098363E+00
    0.5591563601E+01      0.5591563601E+01     -0.4470333546E+00     -0.8764701338E+00
    0.5596742248E+01      0.5596742248E+01     -0.4859820532E+00     -0.9547670527E+00
    0.5603220822E+01      0.5603220822E+01     -0.5139272466E+00     -0.1039764913E+01
    0.5611611633E+01      0.5611611633E+01     -0.5305621325E+00     -0.1129025315E+01
    0.5625097624E+01      0.5625097624E+01     -0.5358571554E+00     -0.1221098972E+01
    0.5638111625E+01      0.5638111625E+01     -0.5259592818E+00     -0.1310298007E+01
    0.5653092657E+01      0.5653092657E+01     -0.5057548592E+00     -0.1398963086E+01
    0.5668105539E+01      0.5668105539E+01     -0.4717516562E+00     -0.1483824445E+01
    0.5686932369E+01      0.5686932369E+01     -0.4290230514E+00     -0.1566687929E+01
    0.5706160366E+01      0.5706160366E+01     -0.3746365014E+00     -0.1642966888E+01
    0.5727474713E+01      0.5727474713E+01     -0.3123325749E+00     -0.1713164978E+01
    0.5749902580E+01      0.5749902580E+01     -0.2430147096E+00     -0.1775849410E+01
    0.5772468958E+01      0.5772468958E+01     -0.1676408192E+00     -0.1829727264E+01
    0.5795869457E+01      0.5795869457E+01     -0.8884285677E-01     -0.1875312303E+01
    0.5818899702E+01      0.5818899702E+01     -0.6935717961E-02     -0.1911808847E+01
    0.5841905395E+01      0.5841905395E+01      0.7662507377E-01     -0.1939783789E+01
    0.5865172843E+01      0.5865172843E+01      0.1606202856E+00     -0.1959212327E+01
    0.5887670507E+01      0.5887670507E+01      0.2428448676E+00     -0.1970703758E+01
