    0.8576610260E+01      0.8576610260E+01      0.1723238305E+01     -0.3440991427E+00
    0.8586068634E+01      0.8586068634E+01      0.1737102174E+01     -0.3137249212E+00
    0.8585246858E+01      0.8585246858E+01      0.1759546500E+01     -0.2902970183E+00
    0.8574570944E+01      0.8574570944E+01      0.1792616868E+01     -0.2743533395E+00
    0.8551475229E+01      0.8551475229E+01      0.1837870396E+01     -0.2669382040E+00
    0.8518421406E+01      0.8518421406E+01      0.1894162792E+01     -0.2675866669E+00
    0.8477208442E+01      0.8477208442E+01      0.1959153540E+01     -0.2753394343E+00
    0.8432368780E+01      0.8432368780E+01      0.2030846312E+01     -0.2886248735E+00
    0.8386644611E+01      0.8386644611E+01      0.2105592606E+01     -0.3069402715E+00
    0.8342696785E+01      0.8342696785E+01      0.2182606585E+01     -0.3284805088E+00
    0.8299520001E+01      0.8299520001E+01      0.2262402647E+01     -0.3529207307E+00
    0.8256406173E+01      0.8256406173E+01      0.2346505368E+01     -0.3797467155E+00
    0.8212814017E+01      0.8212814017E+01      0.2436427754E+01     -0.4096611116E+00
    0.8166134249E+01      0.8166134249E+01      0.2533681298E+01     -0.4412644123E+00
    0.8117845973E+01      0.8117845973E+01      0.2639993475E+01     -0.4766041348E+00
    0.8064048663E+01      0.8064048663E+01      0.2755272097E+01     -0.5117390849E+00
    0.8008207612E+01      0.8008207612E+01      0.2882381622E+01     -0.5476783543E+00
    0.7945123877E+01      0.7945123877E+01      0.3020130235E+01     -0.5802070158E+00
    0.7879570244E+01      0.7879570244E+01      0.3171751033E+01     -0.6090502461E+00
    0.7806905983E+01      0.7806905983E+01      0.3334271702E+01     -0.6308279893E+00
    0.7730004339E+01      0.7730004339E+01      0.3515079001E+01     -0.6371254241E+00
    0.7640741028E+01      0.7640741028E+01      0.3706263615E+01     -0.6225145697E+00
    0.7548524565E+01      0.7548524565E+01      0.3908639399E+01     -0.5862799822E+00
    0.7446860657E+01      0.7446860657E+01      0.4110335273E+01     -0.5230588208E+00
    0.7347073699E+01      0.7347073699E+01      0.4309938644E+01     -0.4336812747E+00
    0.8490468557E+01      0.8490468557E+01      0.1759639342E+01     -0.3929944144E+00
    0.8512410995E+01      0.8512410995E+01      0.1766246549E+01     -0.3562068814E+00
    0.8518921710E+01      0.8518921710E+01      0.1783220001E+01     -0.3287307626E+00
    0.8516528842E+01      0.8516528842E+01      0.1807640893E+01     -0.3083541689E+00
    0.8504017261E+01      0.8504017261E+01      0.1843728285E+01     -0.2970346635E+00
    0.8479586391E+01      0.8479586391E+01      0.1891040727E+01     -0.2957855920E+00
    0.8446842660E+01      0.8446842660E+01      0.1948492955E+01     -0.3036951035E+00
    0.8407716387E+01      0.8407716387E+01      0.2013350286E+01     -0.3191298512E+00
    0.8366065215E+01      0.8366065215E+01      0.2083813906E+01     -0.3408731544E+00
    0.8323920135E+01      0.8323920135E+01      0.2157275900E+01     -0.3677945835E+00
    0.8282079304E+01      0.8282079304E+01      0.2234090629E+01     -0.3986220935E+00
    0.8240074071E+01      0.8240074071E+01      0.2315243023E+01     -0.4332173914E+00
    0.8196441232E+01      0.8196441232E+01      0.2402490708E+01     -0.4706940688E+00
    0.8152265338E+01      0.8152265338E+01      0.2497221285E+01     -0.5119254060E+00
    0.8103578496E+01      0.8103578496E+01      0.2600577099E+01     -0.5548313183E+00
    0.8052865033E+01      0.8052865033E+01      0.2716031311E+01     -0.6008949933E+00
    0.7994352853E+01      0.7994352853E+01      0.2843347496E+01     -0.6465184268E+00
    0.7933502463E+01      0.7933502463E+01      0.2986562072E+01     -0.6923697605E+00
    0.7864086799E+01      0.7864086799E+01      0.3143122845E+01     -0.7327997785E+00
    0.7792015607E+01      0.7792015607E+01      0.3318292958E+01     -0.7685432753E+00
    0.7707363149E+01      0.7707363149E+01      0.3510501911E+01     -0.7876737288E+00
    0.7612960830E+01      0.7612960830E+01      0.3730992744E+01     -0.7792045901E+00
    0.7501933357E+01      0.7501933357E+01      0.3961416878E+01     -0.7393719841E+00
    0.7394363584E+01      0.7394363584E+01      0.4197527610E+01     -0.6679245488E+00
    0.7283457216E+01      0.7283457216E+01      0.4426307443E+01     -0.5659055200E+00
    0.8397507100E+01      0.8397507100E+01      0.1803048624E+01     -0.4514011939E+00
    0.8426768232E+01      0.8426768232E+01      0.1798883981E+01     -0.4093968787E+00
    0.8445775995E+01      0.8445775995E+01      0.1807724913E+01     -0.3771233564E+00
    0.8451993030E+01      0.8451993030E+01      0.1825989675E+01     -0.3534512602E+00
    0.8449199451E+01      0.8449199451E+01      0.1851588442E+01     -0.3379583960E+00
    0.8436709167E+01      0.8436709167E+01      0.1888832146E+01     -0.3325970948E+00
    0.8412995846E+01      0.8412995846E+01      0.1937077517E+01     -0.3386972458E+00
    0.8382011695E+01      0.8382011695E+01      0.1994287203E+01     -0.3537245368E+00
    0.8345773097E+01      0.8345773097E+01      0.2057976871E+01     -0.3772367351E+00
    0.8307201676E+01      0.8307201676E+01      0.2126454059E+01     -0.4074363555E+00
    0.8267908557E+01      0.8267908557E+01      0.2198932652E+01     -0.4433165363E+00
    0.8227099574E+01      0.8227099574E+01      0.2276420627E+01     -0.4841768790E+00
    0.8185198177E+01      0.8185198177E+01      0.2360608599E+01     -0.5297678142E+00
    0.8140208509E+01      0.8140208509E+01      0.2452150483E+01     -0.5791660708E+00
    0.8094132287E+01      0.8094132287E+01      0.2553376090E+01     -0.6326876366E+00
    0.8042046029E+01      0.8042046029E+01      0.2665640982E+01     -0.6890916973E+00
    0.7987231726E+01      0.7987231726E+01      0.2794087189E+01     -0.7492322478E+00
    0.7923153274E+01      0.7923153274E+01      0.2938116857E+01     -0.8091883180E+00
    0.7855559937E+01      0.7855559937E+01      0.3103506676E+01     -0.8672445383E+00
    0.7775583299E+01      0.7775583299E+01      0.3288383940E+01     -0.9184166802E+00
    0.7687804220E+01      0.7687804220E+01      0.3503439104E+01     -0.9559798336E+00
    0.7576335199E+01      0.7576335199E+01      0.3747384636E+01     -0.9597879485E+00
    0.7455132637E+01      0.7455132637E+01      0.4024839692E+01     -0.9234118051E+00
    0.7332139881E+01      0.7332139881E+01      0.4293276882E+01     -0.8504428382E+00
    0.7219664492E+01      0.7219664492E+01      0.4564451104E+01     -0.7389424039E+00
    0.8311822913E+01      0.8311822913E+01      0.1837797817E+01     -0.5033792584E+00
    0.8333037470E+01      0.8333037470E+01      0.1836591057E+01     -0.4725733330E+00
    0.8360114416E+01      0.8360114416E+01      0.1835748498E+01     -0.4353356607E+00
    0.8376992955E+01      0.8376992955E+01      0.1845961002E+01     -0.4071499033E+00
    0.8383550813E+01      0.8383550813E+01      0.1865528228E+01     -0.3879683451E+00
    0.8381502360E+01      0.8381502360E+01      0.1892139909E+01     -0.3777536907E+00
    0.8370352938E+01      0.8370352938E+01      0.1929475817E+01     -0.3794932609E+00
    0.8349566717E+01      0.8349566717E+01      0.1976313365E+01     -0.3926032870E+00
    0.8321737275E+01      0.8321737275E+01      0.2031206516E+01     -0.4160608961E+00
    0.8289381795E+01      0.8289381795E+01      0.2092483880E+01     -0.4482529210E+00
    0.8253731491E+01      0.8253731491E+01      0.2158734526E+01     -0.4880259515E+00
    0.8216433860E+01      0.8216433860E+01      0.2231214393E+01     -0.5339866346E+00
    0.8175164264E+01      0.8175164264E+01      0.2310251064E+01     -0.5857567758E+00
    0.8132636596E+01      0.8132636596E+01      0.2397835701E+01     -0.6434262473E+00
    0.8086130746E+01      0.8086130746E+01      0.2494007090E+01     -0.7069992538E+00
    0.8037692974E+01      0.8037692974E+01      0.2603404324E+01     -0.7765289111E+00
    0.7981324854E+01      0.7981324854E+01      0.2727617211E+01     -0.8512724875E+00
    0.7920558202E+01      0.7920558202E+01      0.2874013185E+01     -0.9301863463E+00
    0.7847858551E+01      0.7847858551E+01      0.3042261154E+01     -0.1008784288E+01
    0.7765759380E+01      0.7765759380E+01      0.3243974228E+01     -0.1083159185E+01
    0.7661514101E+01      0.7661514101E+01      0.3478882931E+01     -0.1141054056E+01
    0.7546964264E+01      0.7546964264E+01      0.3759350176E+01     -0.1174589242E+01
    0.7400770066E+01      0.7400770066E+01      0.4075949102E+01     -0.1153816884E+01
    0.7277793872E+01      0.7277793872E+01      0.4398176736E+01     -0.1091560190E+01
    0.7157007741E+01      0.7157007741E+01      0.4717084532E+01     -0.9767449219E+00
    0.8247212544E+01      0.8247212544E+01      0.1853357465E+01     -0.5383989964E+00
    0.8252540285E+01      0.8252540285E+01      0.1864022515E+01     -0.5245307332E+00
    0.8268067179E+01      0.8268067179E+01      0.1867577210E+01     -0.5023214722E+00
    0.8291644533E+01      0.8291644533E+01      0.1869311365E+01     -0.4731881832E+00
    0.8309411802E+01      0.8309411802E+01      0.1879289829E+01     -0.4500135556E+00
    0.8318087768E+01      0.8318087768E+01      0.1898160609E+01     -0.4367974614E+00
    0.8317810508E+01      0.8317810508E+01      0.1924345765E+01     -0.4333763568E+00
    0.8309487404E+01      0.8309487404E+01      0.1959361707E+01     -0.4421016342E+00
    0.8292004959E+01      0.8292004959E+01      0.2003525263E+01     -0.4620631080E+00
    0.8267029597E+01      0.8267029597E+01      0.2055635854E+01     -0.4933016329E+00
    0.8237504817E+01      0.8237504817E+01      0.2114782278E+01     -0.5335952437E+00
    0.8202512530E+01      0.8202512530E+01      0.2180179472E+01     -0.5827945826E+00
    0.8165998442E+01      0.8165998442E+01      0.2253650897E+01     -0.6396961483E+00
    0.8124655368E+01      0.8124655368E+01      0.2334103282E+01     -0.7049100553E+00
    0.8082462995E+01      0.8082462995E+01      0.2425150345E+01     -0.7784937161E+00
    0.8034012968E+01      0.8034012968E+01      0.2527177973E+01     -0.8608341455E+00
    0.7981534329E+01      0.7981534329E+01      0.2647610489E+01     -0.9512050123E+00
    0.7918374223E+01      0.7918374223E+01      0.2787934634E+01     -0.1049503359E+01
    0.7847651552E+01      0.7847651552E+01      0.2959724367E+01     -0.1153743599E+01
    0.7756226975E+01      0.7756226975E+01      0.3168493819E+01     -0.1258876468E+01
    0.7646115997E+01      0.7646115997E+01      0.3429969596E+01     -0.1350184028E+01
    0.7508611076E+01      0.7508611076E+01      0.3743416997E+01     -0.1428868466E+01
    0.7363558802E+01      0.7363558802E+01      0.4105973108E+01     -0.1445532959E+01
    0.7226506726E+01      0.7226506726E+01      0.4489080553E+01     -0.1415855368E+01
    0.7094004508E+01      0.7094004508E+01      0.4886822283E+01     -0.1305957307E+01
    0.8204492854E+01      0.8204492854E+01      0.1856297468E+01     -0.5562345746E+00
    0.8195334474E+01      0.8195334474E+01      0.1872221306E+01     -0.5574725588E+00
    0.8195819298E+01      0.8195819298E+01      0.1884677251E+01     -0.5521121873E+00
    0.8205195743E+01      0.8205195743E+01      0.1893014525E+01     -0.5404435039E+00
    0.8222749924E+01      0.8222749924E+01      0.1898541075E+01     -0.5223345330E+00
    0.8240944135E+01      0.8240944135E+01      0.1907422797E+01     -0.5051022954E+00
    0.8251453460E+01      0.8251453460E+01      0.1924871999E+01     -0.4971677490E+00
    0.8253217491E+01      0.8253217491E+01      0.1949320863E+01     -0.5003271096E+00
    0.8247604443E+01      0.8247604443E+01      0.1980828611E+01     -0.5147514398E+00
    0.8233699777E+01      0.8233699777E+01      0.2021186256E+01     -0.5415411499E+00
    0.8211594316E+01      0.8211594316E+01      0.2069515232E+01     -0.5811361345E+00
    0.8185327465E+01      0.8185327465E+01      0.2125567124E+01     -0.6312292933E+00
    0.8152383610E+01      0.8152383610E+01      0.2188641197E+01     -0.6932486274E+00
    0.8118018052E+01      0.8118018052E+01      0.2260992326E+01     -0.7648336474E+00
    0.8076963396E+01      0.8076963396E+01      0.2341539528E+01     -0.8475549872E+00
    0.8033314159E+01      0.8033314159E+01      0.2436087276E+01     -0.9407483638E+00
    0.7980909110E+01      0.7980909110E+01      0.2544755009E+01     -0.1046477870E+01
    0.7922108240E+01      0.7922108240E+01      0.2677998975E+01     -0.1165215469E+01
    0.7847313794E+01      0.7847313794E+01      0.2840082577E+01     -0.1296744892E+01
    0.7756256883E+01      0.7756256883E+01      0.3051316368E+01     -0.1438362134E+01
    0.7634470631E+01      0.7634470631E+01      0.3321373848E+01     -0.1579714755E+01
    0.7485832085E+01      0.7485832085E+01      0.3672674967E+01     -0.1724983716E+01
    0.7321179337E+01      0.7321179337E+01      0.4078036199E+01     -0.1812615329E+01
    0.7180894564E+01      0.7180894564E+01      0.4548910366E+01     -0.1868348583E+01
    0.7003533758E+01      0.7003533758E+01      0.5114737370E+01     -0.1754658765E+01
    0.8180383966E+01      0.8180383966E+01      0.1845662277E+01     -0.5599073895E+00
    0.8160942376E+01      0.8160942376E+01      0.1867023390E+01     -0.5713528754E+00
    0.8148336861E+01      0.8148336861E+01      0.1884601772E+01     -0.5806547566E+00
    0.8143097894E+01      0.8143097894E+01      0.1898430146E+01     -0.5854409265E+00
    0.8145379441E+01      0.8145379441E+01      0.1910659939E+01     -0.5849897016E+00
    0.8154943255E+01      0.8154943255E+01      0.1920349485E+01     -0.5799163937E+00
    0.8170549049E+01      0.8170549049E+01      0.1928714538E+01     -0.5720721166E+00
    0.8183707505E+01      0.8183707505E+01      0.1942642542E+01     -0.5704479147E+00
    0.8189203601E+01      0.8189203601E+01      0.1963677478E+01     -0.5799883659E+00
    0.8186772300E+01      0.8186772300E+01      0.1990129298E+01     -0.6016232126E+00
    0.8177533817E+01      0.8177533817E+01      0.2024993790E+01     -0.6364635119E+00
    0.8159068968E+01      0.8159068968E+01      0.2067163018E+01     -0.6862966724E+00
    0.8136224340E+01      0.8136224340E+01      0.2118212246E+01     -0.7478774124E+00
    0.8104519067E+01      0.8104519067E+01      0.2176336585E+01     -0.8239469834E+00
    0.8070626045E+01      0.8070626045E+01      0.2245240701E+01     -0.9116404367E+00
    0.8028659104E+01      0.8028659104E+01      0.2323171499E+01     -0.1014858870E+01
    0.7982496053E+01      0.7982496053E+01      0.2418509525E+01     -0.1133954994E+01
    0.7923652516E+01      0.7923652516E+01      0.2532632624E+01     -0.1272255643E+01
    0.7853095054E+01      0.7853095054E+01      0.2681257437E+01     -0.1431616103E+01
    0.7756131344E+01      0.7756131344E+01      0.2874631617E+01     -0.1612983402E+01
    0.7634349873E+01      0.7634349873E+01      0.3138537036E+01     -0.1814869286E+01
    0.7468152639E+01      0.7468152639E+01      0.3491109842E+01     -0.2043047315E+01
    0.7280000782E+01      0.7280000782E+01      0.3944002322E+01     -0.2238235797E+01
    0.7102991648E+01      0.7102991648E+01      0.4534343544E+01     -0.2514425005E+01
    0.6828076247E+01      0.6828076247E+01      0.5332213167E+01     -0.2312231208E+01
    0.8165328570E+01      0.8165328570E+01      0.1829314097E+01     -0.5554588050E+00
    0.8142926001E+01      0.8142926001E+01      0.1850487333E+01     -0.5725206061E+00
    0.8123174499E+01      0.8123174499E+01      0.1870362068E+01     -0.5893201616E+00
    0.8106473998E+01      0.8106473998E+01      0.1888520111E+01     -0.6058980210E+00
    0.8094989568E+01      0.8094989568E+01      0.1904571886E+01     -0.6209085708E+00
    0.8089882288E+01      0.8089882288E+01      0.1918096923E+01     -0.6330406688E+00
    0.8091672437E+01      0.8091672437E+01      0.1930220155E+01     -0.6420299754E+00
    0.8100329974E+01      0.8100329974E+01      0.1939983639E+01     -0.6483516654E+00
    0.8112774247E+01      0.8112774247E+01      0.1948812452E+01     -0.6558934762E+00
    0.8122614286E+01      0.8122614286E+01      0.1963481574E+01     -0.6718450878E+00
    0.8123566069E+01      0.8123566069E+01      0.1983987186E+01     -0.7012615233E+00
    0.8118420087E+01      0.8118420087E+01      0.2010750991E+01     -0.7443503864E+00
    0.8102875029E+01      0.8102875029E+01      0.2045027737E+01     -0.8044885709E+00
    0.8083281880E+01      0.8083281880E+01      0.2088550424E+01     -0.8789783788E+00
    0.8054205410E+01      0.8054205410E+01      0.2138419479E+01     -0.9722306472E+00
    0.8022517415E+01      0.8022517415E+01      0.2199802845E+01     -0.1081807652E+01
    0.7979186433E+01      0.7979186433E+01      0.2271404635E+01     -0.1212814806E+01
    0.7927773193E+01      0.7927773193E+01      0.2363710684E+01     -0.1366628410E+01
    0.7857034376E+01      0.7857034376E+01      0.2480076371E+01     -0.1549387850E+01
    0.7765897140E+01      0.7765897140E+01      0.2642339003E+01     -0.1768551849E+01
    0.7637763275E+01      0.7637763275E+01      0.2866070004E+01     -0.2031076967E+01
    0.7469290200E+01      0.7469290200E+01      0.3188936403E+01     -0.2351240057E+01
    0.7243786838E+01      0.7243786838E+01      0.3657658467E+01     -0.2713671610E+01
    0.6950222436E+01      0.6950222436E+01      0.4410588442E+01     -0.3391733133E+01
    0.6400029367E+01      0.6400029367E+01      0.5341906502E+01     -0.2833859710E+01
    0.8157567505E+01      0.8157567505E+01      0.1809476116E+01     -0.5433355088E+00
    0.8131329372E+01      0.8131329372E+01      0.1830919975E+01     -0.5656678204E+00
    0.8108983318E+01      0.8108983318E+01      0.1849398526E+01     -0.5870358717E+00
    0.8089062203E+01      0.8089062203E+01      0.1866545318E+01     -0.6083938151E+00
    0.8070564736E+01      0.8070564736E+01      0.1883168064E+01     -0.6307979288E+00
    0.8054810206E+01      0.8054810206E+01      0.1898590370E+01     -0.6542363286E+00
    0.8043869618E+01      0.8043869618E+01      0.1911974563E+01     -0.6782922156E+00
    0.8038292987E+01      0.8038292987E+01      0.1922706629E+01     -0.7021359113E+00
    0.8038062427E+01      0.8038062427E+01      0.1931988731E+01     -0.7258937234E+00
    0.8042655789E+01      0.8042655789E+01      0.1940272664E+01     -0.7502765439E+00
    0.8050415848E+01      0.8050415848E+01      0.1948363610E+01     -0.7784335038E+00
    0.8055264850E+01      0.8055264850E+01      0.1961027940E+01     -0.8168365990E+00
    0.8055118695E+01      0.8055118695E+01      0.1977006442E+01     -0.8701836948E+00
    0.8045218215E+01      0.8045218215E+01      0.2000126119E+01     -0.9438025279E+00
    0.8029489301E+01      0.8029489301E+01      0.2031326302E+01     -0.1034767149E+01
    0.8003096259E+01      0.8003096259E+01      0.2067859193E+01     -0.1147792636E+01
    0.7971854857E+01      0.7971854857E+01      0.2113875077E+01     -0.1282668935E+01
    0.7924383621E+01      0.7924383621E+01      0.2168965621E+01     -0.1446938704E+01
    0.7860940886E+01      0.7860940886E+01      0.2247830942E+01     -0.1646135301E+01
    0.7765671968E+01      0.7765671968E+01      0.2355842967E+01     -0.1895650873E+01
    0.7638192216E+01      0.7638192216E+01      0.2515374139E+01     -0.2212387148E+01
    0.7452348853E+01      0.7452348853E+01      0.2759687469E+01     -0.2632630901E+01
    0.7177184785E+01      0.7177184785E+01      0.3171537862E+01     -0.3202343191E+01
    0.6808571358E+01      0.6808571358E+01      0.3780132878E+01     -0.4289771477E+01
    0.5892932396E+01      0.5892932396E+01      0.4187588257E+01     -0.3134883715E+01
    0.8156099259E+01      0.8156099259E+01      0.1785357105E+01     -0.5241403263E+00
    0.8126356364E+01      0.8126356364E+01      0.1807078041E+01     -0.5498851933E+00
    0.8100032411E+01      0.8100032411E+01      0.1825629499E+01     -0.5759692044E+00
    0.8076912038E+01      0.8076912038E+01      0.1841590444E+01     -0.6018738339E+00
    0.8056797428E+01      0.8056797428E+01      0.1855630794E+01     -0.6282255929E+00
    0.8038971856E+01      0.8038971856E+01      0.1868316087E+01     -0.6560258422E+00
    0.8022772350E+01      0.8022772350E+01      0.1879986326E+01     -0.6863458203E+00
    0.8008758944E+01      0.8008758944E+01      0.1890018320E+01     -0.7196100467E+00
    0.7997841262E+01      0.7997841262E+01      0.1897906462E+01     -0.7558159806E+00
    0.7991016842E+01      0.7991016842E+01      0.1903571995E+01     -0.7952346731E+00
    0.7987616621E+01      0.7987616621E+01      0.1907546724E+01     -0.8387028338E+00
    0.7986462964E+01      0.7986462964E+01      0.1910863579E+01     -0.8883329741E+00
    0.7985861708E+01      0.7985861708E+01      0.1914718992E+01     -0.9461789514E+00
    0.7983494866E+01      0.7983494866E+01      0.1919935848E+01     -0.1015801744E+01
    0.7973890860E+01      0.7973890860E+01      0.1927948644E+01     -0.1103813537E+01
    0.7958232626E+01      0.7958232626E+01      0.1939770860E+01     -0.1212247790E+01
    0.7932380666E+01      0.7932380666E+01      0.1953028911E+01     -0.1347040832E+01
    0.7897884650E+01      0.7897884650E+01      0.1971666309E+01     -0.1513148169E+01
    0.7844247545E+01      0.7844247545E+01      0.1996423838E+01     -0.1718019635E+01
    0.7768953274E+01      0.7768953274E+01      0.2034467820E+01     -0.1973438285E+01
    0.7659299713E+01      0.7659299713E+01      0.2082486898E+01     -0.2318028131E+01
    0.7497699125E+01      0.7497699125E+01      0.2148880980E+01     -0.2801013126E+01
    0.7195916032E+01      0.7195916032E+01      0.2279827379E+01     -0.3505824185E+01
    0.6511306317E+01      0.6511306317E+01      0.2513791087E+01     -0.5004322336E+01
    0.4349280194E+01      0.4349280194E+01      0.2286877595E+01     -0.4210183024E+01
    0.8158202055E+01      0.8158202055E+01      0.1759602633E+01     -0.5021187317E+00
    0.8126719581E+01      0.8126719581E+01      0.1780804856E+01     -0.5283463364E+00
    0.8097481104E+01      0.8097481104E+01      0.1798944411E+01     -0.5560763940E+00
    0.8071315584E+01      0.8071315584E+01      0.1814127121E+01     -0.5854673313E+00
    0.8048418232E+01      0.8048418232E+01      0.1826843229E+01     -0.6160442934E+00
    0.8028055789E+01      0.8028055789E+01      0.1837118523E+01     -0.6478235637E+00
    0.8010195658E+01      0.8010195658E+01      0.1845124909E+01     -0.6815538576E+00
    0.7994894089E+01      0.7994894089E+01      0.1850821084E+01     -0.7183297209E+00
    0.7981955995E+01      0.7981955995E+01      0.1853887536E+01     -0.7582943719E+00
    0.7970851978E+01      0.7970851978E+01      0.1854281938E+01     -0.8034337115E+00
    0.7961925352E+01      0.7961925352E+01      0.1852101647E+01     -0.8544607462E+00
    0.7954819518E+01      0.7954819518E+01      0.1847784725E+01     -0.9122956896E+00
    0.7948599558E+01      0.7948599558E+01      0.1841576255E+01     -0.9784233465E+00
    0.7942143191E+01      0.7942143191E+01      0.1833410234E+01     -0.1055132552E+01
    0.7933640531E+01      0.7933640531E+01      0.1824280878E+01     -0.1145724622E+01
    0.7921505060E+01      0.7921505060E+01      0.1813884817E+01     -0.1254219026E+01
    0.7905749517E+01      0.7905749517E+01      0.1800700123E+01     -0.1384421954E+01
    0.7883376099E+01      0.7883376099E+01      0.1783891379E+01     -0.1541864221E+01
    0.7850232094E+01      0.7850232094E+01      0.1764712975E+01     -0.1736924063E+01
    0.7800268633E+01      0.7800268633E+01      0.1738460739E+01     -0.1984216702E+01
    0.7731157916E+01      0.7731157916E+01      0.1690789208E+01     -0.2303965718E+01
    0.7637947310E+01      0.7637947310E+01      0.1581319102E+01     -0.2735851184E+01
    0.7512366388E+01      0.7512366388E+01      0.1323598950E+01     -0.3373881287E+01
    0.7350728339E+01      0.7350728339E+01      0.7296204580E+00     -0.4116789007E+01
    0.0000000000E+00      0.2000000000E+02      0.0000000000E+00      0.0000000000E+00
    0.8161362766E+01      0.8161362766E+01      0.1733720609E+01     -0.4767620487E+00
    0.8129452616E+01      0.8129452616E+01      0.1753066932E+01     -0.5033051959E+00
    0.8099539660E+01      0.8099539660E+01      0.1769463953E+01     -0.5317679707E+00
    0.8071716292E+01      0.8071716292E+01      0.1783246698E+01     -0.5618565476E+00
    0.8046385730E+01      0.8046385730E+01      0.1794602422E+01     -0.5938099177E+00
    0.8023472244E+01      0.8023472244E+01      0.1803042974E+01     -0.6282484274E+00
    0.8003303100E+01      0.8003303100E+01      0.1808379609E+01     -0.6653067239E+00
    0.7985619811E+01      0.7985619811E+01      0.1810599774E+01     -0.7048426228E+00
    0.7970491444E+01      0.7970491444E+01      0.1808660866E+01     -0.7482513282E+00
    0.7958711791E+01      0.7958711791E+01      0.1803555902E+01     -0.7958651472E+00
    0.7949080376E+01      0.7949080376E+01      0.1794635143E+01     -0.8490573020E+00
    0.7941174490E+01      0.7941174490E+01      0.1782108723E+01     -0.9089972532E+00
    0.7934477019E+01      0.7934477019E+01      0.1766336736E+01     -0.9772980859E+00
    0.7928026817E+01      0.7928026817E+01      0.1747144729E+01     -0.1055684291E+01
    0.7920683706E+01      0.7920683706E+01      0.1724323897E+01     -0.1146596473E+01
    0.7911258796E+01      0.7911258796E+01      0.1697238247E+01     -0.1253290516E+01
    0.7898494535E+01      0.7898494535E+01      0.1663970754E+01     -0.1379033867E+01
    0.7880332606E+01      0.7880332606E+01      0.1622573176E+01     -0.1528263782E+01
    0.7851941146E+01      0.7851941146E+01      0.1570870481E+01     -0.1708358611E+01
    0.7809947049E+01      0.7809947049E+01      0.1502222530E+01     -0.1930686824E+01
    0.7753135232E+01      0.7753135232E+01      0.1398492225E+01     -0.2204855389E+01
    0.7680924901E+01      0.7680924901E+01      0.1224280168E+01     -0.2543394119E+01
    0.7597967678E+01      0.7597967678E+01      0.8611424914E+00     -0.2955713646E+01
    0.7577949517E+01      0.7577949517E+01      0.4037686391E+00     -0.3214345588E+01
    0.0000000000E+00      0.2000000000E+02      0.0000000000E+00      0.0000000000E+00
    0.8165267187E+01      0.8165267187E+01      0.1708474333E+01     -0.4493521986E+00
    0.8133318862E+01      0.8133318862E+01      0.1725835155E+01     -0.4751487362E+00
    0.8103018507E+01      0.8103018507E+01      0.1740578711E+01     -0.5033740091E+00
    0.8074645838E+01      0.8074645838E+01      0.1752556571E+01     -0.5335147267E+00
    0.8048570092E+01      0.8048570092E+01      0.1761630980E+01     -0.5659022488E+00
    0.8024704211E+01      0.8024704211E+01      0.1767441450E+01     -0.6008198690E+00
    0.8002724133E+01      0.8002724133E+01      0.1769778740E+01     -0.6381489737E+00
    0.7982840168E+01      0.7982840168E+01      0.1767568777E+01     -0.6786117546E+00
    0.7966391965E+01      0.7966391965E+01      0.1761677209E+01     -0.7234633654E+00
    0.7952912595E+01      0.7952912595E+01      0.1751526383E+01     -0.7729962738E+00
    0.7941794400E+01      0.7941794400E+01      0.1736799362E+01     -0.8279539363E+00
    0.7932849256E+01      0.7932849256E+01      0.1717433277E+01     -0.8892687409E+00
    0.7925443415E+01      0.7925443415E+01      0.1693263661E+01     -0.9581386810E+00
    0.7918653887E+01      0.7918653887E+01      0.1663837283E+01     -0.1035982151E+01
    0.7911595007E+01      0.7911595007E+01      0.1628203358E+01     -0.1124591389E+01
    0.7903134728E+01      0.7903134728E+01      0.1585528702E+01     -0.1226431463E+01
    0.7892554130E+01      0.7892554130E+01      0.1534083922E+01     -0.1344355054E+01
    0.7878805061E+01      0.7878805061E+01      0.1470968202E+01     -0.1482165010E+01
    0.7858543068E+01      0.7858543068E+01      0.1392507491E+01     -0.1645414237E+01
    0.7828465042E+01      0.7828465042E+01      0.1291308816E+01     -0.1837328465E+01
    0.7788430382E+01      0.7788430382E+01      0.1150889714E+01     -0.2059064533E+01
    0.7742092663E+01      0.7742092663E+01      0.9394920481E+00     -0.2307860131E+01
    0.7701895893E+01      0.7701895893E+01      0.6171069417E+00     -0.2537273617E+01
    0.7690435225E+01      0.7690435225E+01      0.2804052285E+00     -0.2667671275E+01
    0.0000000000E+00      0.2000000000E+02      0.0000000000E+00      0.0000000000E+00
    0.8169107150E+01      0.8169107150E+01      0.1684482202E+01     -0.4201927229E+00
    0.8137727493E+01      0.8137727493E+01      0.1699601943E+01     -0.4448423115E+00
    0.8107834906E+01      0.8107834906E+01      0.1712069794E+01     -0.4719494365E+00
    0.8079794048E+01      0.8079794048E+01      0.1721784077E+01     -0.5015804058E+00
    0.8053528811E+01      0.8053528811E+01      0.1728484541E+01     -0.5335861128E+00
    0.8028873876E+01      0.8028873876E+01      0.1731597724E+01     -0.5677310498E+00
    0.8005788460E+01      0.8005788460E+01      0.1729716607E+01     -0.6043664984E+00
    0.7986099059E+01      0.7986099059E+01      0.1724192711E+01     -0.6452286170E+00
    0.7969047640E+01      0.7969047640E+01      0.1714458551E+01     -0.6898730384E+00
    0.7954489549E+01      0.7954489549E+01      0.1699753487E+01     -0.7388576872E+00
    0.7942513325E+01      0.7942513325E+01      0.1679542984E+01     -0.7930302453E+00
    0.7932847256E+01      0.7932847256E+01      0.1653571532E+01     -0.8532222415E+00
    0.7924804035E+01      0.7924804035E+01      0.1621685356E+01     -0.9203036578E+00
    0.7917537673E+01      0.7917537673E+01      0.1583471703E+01     -0.9952597761E+00
    0.7910372521E+01      0.7910372521E+01      0.1537871718E+01     -0.1079372907E+01
    0.7902434816E+01      0.7902434816E+01      0.1483720492E+01     -0.1174323467E+01
    0.7893027443E+01      0.7893027443E+01      0.1418780403E+01     -0.1282270748E+01
    0.7881306866E+01      0.7881306866E+01      0.1339469405E+01     -0.1405333884E+01
    0.7866016509E+01      0.7866016509E+01      0.1241572893E+01     -0.1544851160E+01
    0.7845235332E+01      0.7845235332E+01      0.1118204119E+01     -0.1702073478E+01
    0.7819124904E+01      0.7819124904E+01      0.9581348674E+00     -0.1872860279E+01
    0.7793263694E+01      0.7793263694E+01      0.7447568995E+00     -0.2048068170E+01
    0.7772492010E+01      0.7772492010E+01      0.4707160520E+00     -0.2187811366E+01
    0.7771946060E+01      0.7771946060E+01      0.2134554859E+00     -0.2261104678E+01
    0.0000000000E+00      0.2000000000E+02      0.0000000000E+00      0.0000000000E+00
    0.8172592673E+01      0.8172592673E+01      0.1661909370E+01     -0.3895728679E+00
    0.8142027268E+01      0.8142027268E+01      0.1674969380E+01     -0.4127941500E+00
    0.8112719185E+01      0.8112719185E+01      0.1684918320E+01     -0.4379483296E+00
    0.8085475744E+01      0.8085475744E+01      0.1692328838E+01     -0.4660783722E+00
    0.8059324765E+01      0.8059324765E+01      0.1696299161E+01     -0.4958903494E+00
    0.8034054690E+01      0.8034054690E+01      0.1695219870E+01     -0.5284529087E+00
    0.8011718194E+01      0.8011718194E+01      0.1690774056E+01     -0.5649656707E+00
    0.7991815797E+01      0.7991815797E+01      0.1682071210E+01     -0.6046767395E+00
    0.7974514590E+01      0.7974514590E+01      0.1668398443E+01     -0.6481285716E+00
    0.7959796582E+01      0.7959796582E+01      0.1649154683E+01     -0.6959308972E+00
    0.7947432408E+01      0.7947432408E+01      0.1623999264E+01     -0.7483076812E+00
    0.7937143603E+01      0.7937143603E+01      0.1592558857E+01     -0.8057541997E+00
    0.7928694370E+01      0.7928694370E+01      0.1554209285E+01     -0.8690696843E+00
    0.7921633331E+01      0.7921633331E+01      0.1508167131E+01     -0.9393433262E+00
    0.7915337224E+01      0.7915337224E+01      0.1453551327E+01     -0.1017648215E+01
    0.7909165197E+01      0.7909165197E+01      0.1389067611E+01     -0.1105073271E+01
    0.7902517603E+01      0.7902517603E+01      0.1312856807E+01     -0.1202734429E+01
    0.7894899859E+01      0.7894899859E+01      0.1222252963E+01     -0.1310620387E+01
    0.7885239842E+01      0.7885239842E+01      0.1113124853E+01     -0.1427548661E+01
    0.7872112515E+01      0.7872112515E+01      0.9803448934E+00     -0.1550738520E+01
    0.7857292375E+01      0.7857292375E+01      0.8156471602E+00     -0.1675301389E+01
    0.7845724982E+01      0.7845724982E+01      0.6190438681E+00     -0.1796129181E+01
    0.7832336598E+01      0.7832336598E+01      0.3856223099E+00     -0.1890947525E+01
    0.7836194029E+01      0.7836194029E+01      0.1708822443E+00     -0.1933237103E+01
    0.0000000000E+00      0.2000000000E+02      0.0000000000E+00      0.0000000000E+00
    0.8175717323E+01      0.8175717323E+01      0.1640770252E+01     -0.3575696236E+00
    0.8145886628E+01      0.8145886628E+01      0.1651993178E+01     -0.3790946933E+00
    0.8117427580E+01      0.8117427580E+01      0.1659565654E+01     -0.4023503146E+00
    0.8091043780E+01      0.8091043780E+01      0.1664536294E+01     -0.4275240206E+00
    0.8065044231E+01      0.8065044231E+01      0.1664678939E+01     -0.4552060695E+00
    0.8041332732E+01      0.8041332732E+01      0.1661324664E+01     -0.4863355439E+00
    0.8019514976E+01      0.8019514976E+01      0.1653766883E+01     -0.5207000284E+00
    0.7999944106E+01      0.7999944106E+01      0.1641564693E+01     -0.5584215644E+00
    0.7982783005E+01      0.7982783005E+01      0.1624154912E+01     -0.5998093077E+00
    0.7968031106E+01      0.7968031106E+01      0.1600899694E+01     -0.6450342530E+00
    0.7955666223E+01      0.7955666223E+01      0.1571180542E+01     -0.6944178321E+00
    0.7945615590E+01      0.7945615590E+01      0.1534477394E+01     -0.7484319566E+00
    0.7937616302E+01      0.7937616302E+01      0.1490306106E+01     -0.8075356186E+00
    0.7931187155E+01      0.7931187155E+01      0.1438069031E+01     -0.8721916346E+00
    0.7925732792E+01      0.7925732792E+01      0.1376861302E+01     -0.9429657328E+00
    0.7920706250E+01      0.7920706250E+01      0.1305456726E+01     -0.1020408099E+01
    0.7915702466E+01      0.7915702466E+01      0.1222067297E+01     -0.1104743351E+01
    0.7910469130E+01      0.7910469130E+01      0.1124121070E+01     -0.1195494991E+01
    0.7904815116E+01      0.7904815116E+01      0.1008454671E+01     -0.1290003758E+01
    0.7898802360E+01      0.7898802360E+01      0.8716293941E+00     -0.1385281515E+01
    0.7894335089E+01      0.7894335089E+01      0.7141250157E+00     -0.1477309285E+01
    0.7889145857E+01      0.7889145857E+01      0.5345380996E+00     -0.1566312823E+01
    0.7880021382E+01      0.7880021382E+01      0.3300378474E+00     -0.1633432092E+01
    0.7885451612E+01      0.7885451612E+01      0.1439291628E+00     -0.1658833551E+01
    0.0000000000E+00      0.2000000000E+02      0.0000000000E+00      0.0000000000E+00
    0.8178684388E+01      0.8178684388E+01      0.1621312598E+01     -0.3242026075E+00
    0.8149165342E+01      0.8149165342E+01      0.1630662657E+01     -0.3436823158E+00
    0.8121869598E+01      0.8121869598E+01      0.1636642784E+01     -0.3651433967E+00
    0.8095304278E+01      0.8095304278E+01      0.1638512709E+01     -0.3872187768E+00
    0.8070882815E+01      0.8070882815E+01      0.1636032874E+01     -0.4126107604E+00
    0.8048402765E+01      0.8048402765E+01      0.1629785856E+01     -0.4410523617E+00
    0.8027693416E+01      0.8027693416E+01      0.1619232912E+01     -0.4725890853E+00
    0.8008923480E+01      0.8008923480E+01      0.1603758655E+01     -0.5074771069E+00
    0.7992339217E+01      0.7992339217E+01      0.1582740105E+01     -0.5457847376E+00
    0.7978082232E+01      0.7978082232E+01      0.1555649530E+01     -0.5875937530E+00
    0.7966124625E+01      0.7966124625E+01      0.1521979173E+01     -0.6331126600E+00
    0.7956338889E+01      0.7956338889E+01      0.1481134962E+01     -0.6824580324E+00
    0.7948555809E+01      0.7948555809E+01      0.1432473541E+01     -0.7358396251E+00
    0.7942599231E+01      0.7942599231E+01      0.1375288900E+01     -0.7936054264E+00
    0.7938138327E+01      0.7938138327E+01      0.1308809461E+01     -0.8561320110E+00
    0.7934735369E+01      0.7934735369E+01      0.1232066992E+01     -0.9235979336E+00
    0.7931904105E+01      0.7931904105E+01      0.1143760368E+01     -0.9955872112E+00
    0.7929378530E+01      0.7929378530E+01      0.1041679207E+01     -0.1070291023E+01
    0.7927433500E+01      0.7927433500E+01      0.9236536868E+00     -0.1145318567E+01
    0.7926997118E+01      0.7926997118E+01      0.7903074579E+00     -0.1218666888E+01
    0.7926043550E+01      0.7926043550E+01      0.6411965327E+00     -0.1290072627E+01
    0.7924836630E+01      0.7924836630E+01      0.4743540385E+00     -0.1355424378E+01
    0.7917752738E+01      0.7917752738E+01      0.2910954941E+00     -0.1404938789E+01
    0.7923790908E+01      0.7923790908E+01      0.1255735190E+00     -0.1420559105E+01
    0.0000000000E+00      0.2000000000E+02      0.0000000000E+00      0.0000000000E+00
    0.8181503946E+01      0.8181503946E+01      0.1603693232E+01     -0.2894463121E+00
    0.8152117618E+01      0.8152117618E+01      0.1611226869E+01     -0.3068331658E+00
    0.8125492366E+01      0.8125492366E+01      0.1615913116E+01     -0.3258017434E+00
    0.8099241651E+01      0.8099241651E+01      0.1614891310E+01     -0.3458149370E+00
    0.8076005147E+01      0.8076005147E+01      0.1610249742E+01     -0.3684727586E+00
    0.8054822538E+01      0.8054822538E+01      0.1601332999E+01     -0.3938669912E+00
    0.8035410456E+01      0.8035410456E+01      0.1587835869E+01     -0.4220682466E+00
    0.8017804606E+01      0.8017804606E+01      0.1569232347E+01     -0.4532730618E+00
    0.8002134747E+01      0.8002134747E+01      0.1544954297E+01     -0.4875650329E+00
    0.7988586260E+01      0.7988586260E+01      0.1514518393E+01     -0.5250564693E+00
    0.7977244222E+01      0.7977244222E+01      0.1477383009E+01     -0.5657984769E+00
    0.7968045609E+01      0.7968045609E+01      0.1432964611E+01     -0.6098087298E+00
    0.7960903554E+01      0.7960903554E+01      0.1380631489E+01     -0.6571119808E+00
    0.7955666768E+01      0.7955666768E+01      0.1319733449E+01     -0.7077721269E+00
    0.7952106369E+01      0.7952106369E+01      0.1249585044E+01     -0.7618440792E+00
    0.7949852518E+01      0.7949852518E+01      0.1169440269E+01     -0.8192171546E+00
    0.7948532985E+01      0.7948532985E+01      0.1078243026E+01     -0.8791295175E+00
    0.7947905094E+01      0.7947905094E+01      0.9745925585E+00     -0.9397591180E+00
    0.7948893697E+01      0.7948893697E+01      0.8578997481E+00     -0.9996660341E+00
    0.7949995575E+01      0.7949995575E+01      0.7286274614E+00     -0.1058736422E+01
    0.7950827468E+01      0.7950827468E+01      0.5861683509E+00     -0.1114295495E+01
    0.7951516714E+01      0.7951516714E+01      0.4304749571E+00     -0.1162840956E+01
    0.7945559798E+01      0.7945559798E+01      0.2628833648E+00     -0.1200558920E+01
    0.7951769175E+01      0.7951769175E+01      0.1125991814E+00     -0.1210298126E+01
    0.0000000000E+00      0.2000000000E+02      0.0000000000E+00      0.0000000000E+00
    0.8184061141E+01      0.8184061141E+01      0.1587826039E+01     -0.2533672927E+00
    0.8154977200E+01      0.8154977200E+01      0.1594095497E+01     -0.2686860334E+00
    0.8128127507E+01      0.8128127507E+01      0.1596912844E+01     -0.2849194684E+00
    0.8103093883E+01      0.8103093883E+01      0.1594307449E+01     -0.3029905379E+00
    0.8080658779E+01      0.8080658779E+01      0.1587391984E+01     -0.3229596379E+00
    0.8060324579E+01      0.8060324579E+01      0.1576022037E+01     -0.3451807979E+00
    0.8042015368E+01      0.8042015368E+01      0.1559921440E+01     -0.3698646172E+00
    0.8025598771E+01      0.8025598771E+01      0.1538575621E+01     -0.3970972254E+00
    0.8011045967E+01      0.8011045967E+01      0.1511449456E+01     -0.4269596195E+00
    0.7998432036E+01      0.7998432036E+01      0.1478069023E+01     -0.4595408891E+00
    0.7987873107E+01      0.7987873107E+01      0.1437988537E+01     -0.4948662684E+00
    0.7979396802E+01      0.7979396802E+01      0.1390668904E+01     -0.5329142435E+00
    0.7972926247E+01      0.7972926247E+01      0.1335488231E+01     -0.5736384800E+00
    0.7968356739E+01      0.7968356739E+01      0.1271836664E+01     -0.6169664808E+00
    0.7965511436E+01      0.7965511436E+01      0.1199160868E+01     -0.6627921230E+00
    0.7964086783E+01      0.7964086783E+01      0.1116893840E+01     -0.7108030365E+00
    0.7963629951E+01      0.7963629951E+01      0.1024272544E+01     -0.7599428171E+00
    0.7964520579E+01      0.7964520579E+01      0.9207075930E+00     -0.8088260843E+00
    0.7966441459E+01      0.7966441459E+01      0.8058777927E+00     -0.8575267992E+00
    0.7968424276E+01      0.7968424276E+01      0.6803392310E+00     -0.9045716500E+00
    0.7970253201E+01      0.7970253201E+01      0.5439973927E+00     -0.9476966858E+00
    0.7971800383E+01      0.7971800383E+01      0.3977399212E+00     -0.9841890024E+00
    0.7966450610E+01      0.7966450610E+01      0.2419683603E+00     -0.1013422729E+01
    0.7972610706E+01      0.7972610706E+01      0.1031671071E+00     -0.1019544216E+01
    0.0000000000E+00      0.2000000000E+02      0.0000000000E+00      0.0000000000E+00
    0.8186189564E+01      0.8186189564E+01      0.1573868002E+01     -0.2161627762E+00
    0.8157676877E+01      0.8157676877E+01      0.1579270866E+01     -0.2293639408E+00
    0.8130402327E+01      0.8130402327E+01      0.1580067638E+01     -0.2429039478E+00
    0.8106379891E+01      0.8106379891E+01      0.1576190634E+01     -0.2586604701E+00
    0.8084784622E+01      0.8084784622E+01      0.1567539326E+01     -0.2759467267E+00
    0.8065167586E+01      0.8065167586E+01      0.1554054691E+01     -0.2950218435E+00
    0.8047613986E+01      0.8047613986E+01      0.1535667712E+01     -0.3161122389E+00
    0.8032094305E+01      0.8032094305E+01      0.1512001651E+01     -0.3393127597E+00
    0.8018472033E+01      0.8018472033E+01      0.1482516666E+01     -0.3646728051E+00
    0.8006718482E+01      0.8006718482E+01      0.1446734716E+01     -0.3922167061E+00
    0.7996921899E+01      0.7996921899E+01      0.1404253374E+01     -0.4219528615E+00
    0.7989141826E+01      0.7989141826E+01      0.1354609479E+01     -0.4538623563E+00
    0.7983335021E+01      0.7983335021E+01      0.1297238320E+01     -0.4878763035E+00
    0.7979379121E+01      0.7979379121E+01      0.1231594233E+01     -0.5238883739E+00
    0.7977079241E+01      0.7977079241E+01      0.1157246475E+01     -0.5617378526E+00
    0.7976116669E+01      0.7976116669E+01      0.1073786407E+01     -0.6009764957E+00
    0.7976159344E+01      0.7976159344E+01      0.9811410108E+00     -0.6405156188E+00
    0.7977543920E+01      0.7977543920E+01      0.8782498844E+00     -0.6800799626E+00
    0.7979871535E+01      0.7979871535E+01      0.7653341994E+00     -0.7191558731E+00
    0.7982210338E+01      0.7982210338E+01      0.6432144333E+00     -0.7562900563E+00
    0.7984437030E+01      0.7984437030E+01      0.5120612916E+00     -0.7896850701E+00
    0.7986273583E+01      0.7986273583E+01      0.3731660782E+00     -0.8173163485E+00
    0.7981138078E+01      0.7981138078E+01      0.2264212113E+00     -0.8401368634E+00
    0.7987124991E+01      0.7987124991E+01      0.9625582613E-01     -0.8440268059E+00
    0.0000000000E+00      0.2000000000E+02      0.0000000000E+00      0.0000000000E+00
    0.8187947853E+01      0.8187947853E+01      0.1562008238E+01     -0.1780773625E+00
    0.8159877438E+01      0.8159877438E+01      0.1566758992E+01     -0.1889274843E+00
    0.8132506811E+01      0.8132506811E+01      0.1565773959E+01     -0.2000832273E+00
    0.8109189662E+01      0.8109189662E+01      0.1560678533E+01     -0.2131134007E+00
    0.8088322853E+01      0.8088322853E+01      0.1550607816E+01     -0.2275506633E+00
    0.8069364072E+01      0.8069364072E+01      0.1535442719E+01     -0.2434161188E+00
    0.8052392261E+01      0.8052392261E+01      0.1515180653E+01     -0.2608694769E+00
    0.8037459788E+01      0.8037459788E+01      0.1489607936E+01     -0.2800158951E+00
    0.8024469795E+01      0.8024469795E+01      0.1458253168E+01     -0.3008747317E+00
    0.8013339258E+01      0.8013339258E+01      0.1420621017E+01     -0.3234159438E+00
    0.8004106967E+01      0.8004106967E+01      0.1376310550E+01     -0.3476206355E+00
    0.7996845174E+01      0.7996845174E+01      0.1324910143E+01     -0.3734623936E+00
    0.7991540771E+01      0.7991540771E+01      0.1265926997E+01     -0.4008741262E+00
    0.7988071146E+01      0.7988071146E+01      0.1198880247E+01     -0.4297388094E+00
    0.7986217871E+01      0.7986217871E+01      0.1123412841E+01     -0.4598608754E+00
    0.7985632945E+01      0.7985632945E+01      0.1039423822E+01     -0.4907543842E+00
    0.7986030675E+01      0.7986030675E+01      0.9469222041E+00     -0.5217823599E+00
    0.7987787035E+01      0.7987787035E+01      0.8449402366E+00     -0.5528892448E+00
    0.7990427406E+01      0.7990427406E+01      0.7338721354E+00     -0.5833356126E+00
    0.7993066540E+01      0.7993066540E+01      0.6147332558E+00     -0.6118930401E+00
    0.7995610777E+01      0.7995610777E+01      0.4878762118E+00     -0.6371832594E+00
    0.7997674298E+01      0.7997674298E+01      0.3547747507E+00     -0.6577640884E+00
    0.7992798763E+01      0.7992798763E+01      0.2148884284E+00     -0.6751775826E+00
    0.7998654474E+01      0.7998654474E+01      0.9115970121E-01     -0.6775955979E+00
    0.0000000000E+00      0.2000000000E+02      0.0000000000E+00      0.0000000000E+00
    0.8189359695E+01      0.8189359695E+01      0.1552549876E+01     -0.1392626260E+00
    0.8161362691E+01      0.8161362691E+01      0.1556631437E+01     -0.1476511371E+00
    0.8134487694E+01      0.8134487694E+01      0.1554458258E+01     -0.1564968680E+00
    0.8111531024E+01      0.8111531024E+01      0.1548051840E+01     -0.1666591736E+00
    0.8091224716E+01      0.8091224716E+01      0.1536796593E+01     -0.1780414235E+00
    0.8072858605E+01      0.8072858605E+01      0.1520330622E+01     -0.1905636844E+00
    0.8056371103E+01      0.8056371103E+01      0.1498608665E+01     -0.2043063997E+00
    0.8041836078E+01      0.8041836078E+01      0.1471538205E+01     -0.2193433457E+00
    0.8029232790E+01      0.8029232790E+01      0.1438756303E+01     -0.2356778898E+00
    0.8018482730E+01      0.8018482730E+01      0.1399769797E+01     -0.2532543098E+00
    0.8009592669E+01      0.8009592669E+01      0.1354148262E+01     -0.2720249346E+00
    0.8002634728E+01      0.8002634728E+01      0.1301500955E+01     -0.2919519721E+00
    0.7997625845E+01      0.7997625845E+01      0.1241401743E+01     -0.3129728946E+00
    0.7994458653E+01      0.7994458653E+01      0.1173456315E+01     -0.3349766349E+00
    0.7992887940E+01      0.7992887940E+01      0.1097451195E+01     -0.3577757064E+00
    0.7992489109E+01      0.7992489109E+01      0.1013481207E+01     -0.3810065391E+00
    0.7993079926E+01      0.7993079926E+01      0.9213965449E+00     -0.4043617333E+00
    0.7995049398E+01      0.7995049398E+01      0.8204064065E+00     -0.4277156183E+00
    0.7997844525E+01      0.7997844525E+01      0.7110097473E+00     -0.4504968874E+00
    0.8000637394E+01      0.8000637394E+01      0.5942467659E+00     -0.4716169089E+00
    0.8003309562E+01      0.8003309562E+01      0.4706268989E+00     -0.4901392235E+00
    0.8005434802E+01      0.8005434802E+01      0.3416950760E+00     -0.5050458706E+00
    0.8000639414E+01      0.8000639414E+01      0.2067181405E+00     -0.5179457220E+00
    0.8006357030E+01      0.8006357030E+01      0.8757885170E-01     -0.5194219264E+00
    0.0000000000E+00      0.2000000000E+02      0.0000000000E+00      0.0000000000E+00
    0.8190396205E+01      0.8190396205E+01      0.1545689414E+01     -0.9986589673E-01
    0.8162378524E+01      0.8162378524E+01      0.1549099689E+01     -0.1058196533E+00
    0.8136002657E+01      0.8136002657E+01      0.1546174301E+01     -0.1122491913E+00
    0.8113378481E+01      0.8113378481E+01      0.1538708183E+01     -0.1195168315E+00
    0.8093467203E+01      0.8093467203E+01      0.1526448609E+01     -0.1277171777E+00
    0.8075568707E+01      0.8075568707E+01      0.1508982324E+01     -0.1367704937E+00
    0.8059478012E+01      0.8059478012E+01      0.1486177352E+01     -0.1466938188E+00
    0.8045235060E+01      0.8045235060E+01      0.1457987288E+01     -0.1575361975E+00
    0.8032865486E+01      0.8032865486E+01      0.1424149161E+01     -0.1692883224E+00
    0.8022321499E+01      0.8022321499E+01      0.1384195297E+01     -0.1818938483E+00
    0.8013597674E+01      0.8013597674E+01      0.1337664421E+01     -0.1952930102E+00
    0.8006768568E+01      0.8006768568E+01      0.1284164092E+01     -0.2094389609E+00
    0.8001881736E+01      0.8001881736E+01      0.1223308888E+01     -0.2242741401E+00
    0.7998861134E+01      0.7998861134E+01      0.1154754600E+01     -0.2397020860E+00
    0.7997473881E+01      0.7997473881E+01      0.1078341295E+01     -0.2555607241E+00
    0.7997259830E+01      0.7997259830E+01      0.9944104923E+00     -0.2716325176E+00
    0.7997967490E+01      0.7997967490E+01      0.9027245765E+00     -0.2878358832E+00
    0.8000053912E+01      0.8000053912E+01      0.8025758715E+00     -0.3039967737E+00
    0.8003021964E+01      0.8003021964E+01      0.6944088458E+00     -0.3196580512E+00
    0.8005918781E+01      0.8005918781E+01      0.5794724845E+00     -0.3340973395E+00
    0.8008700846E+01      0.8008700846E+01      0.4582761246E+00     -0.3466529324E+00
    0.8010913679E+01      0.8010913679E+01      0.3324090927E+00     -0.3566626471E+00
    0.8006286553E+01      0.8006286553E+01      0.2009508817E+00     -0.3654225280E+00
    0.8011944276E+01      0.8011944276E+01      0.8504834451E-01     -0.3662256247E+00
    0.0000000000E+00      0.2000000000E+02      0.0000000000E+00      0.0000000000E+00
    0.8191081710E+01      0.8191081710E+01      0.1541307462E+01     -0.6007860587E-01
    0.8163012408E+01      0.8163012408E+01      0.1544203822E+01     -0.6362708979E-01
    0.8137004482E+01      0.8137004482E+01      0.1540797069E+01     -0.6752564197E-01
    0.8114647680E+01      0.8114647680E+01      0.1532603947E+01     -0.7190230363E-01
    0.8095002008E+01      0.8095002008E+01      0.1519598621E+01     -0.7685255155E-01
    0.8077439673E+01      0.8077439673E+01      0.1501401373E+01     -0.8233175217E-01
    0.8061638723E+01      0.8061638723E+01      0.1477807988E+01     -0.8834182876E-01
    0.8047600439E+01      0.8047600439E+01      0.1448803050E+01     -0.9490369862E-01
    0.8035373270E+01      0.8035373270E+01      0.1414192245E+01     -0.1020076594E+00
    0.8024929544E+01      0.8024929544E+01      0.1373538447E+01     -0.1096128598E+00
    0.8016264830E+01      0.8016264830E+01      0.1326370576E+01     -0.1176710690E+00
    0.8009459031E+01      0.8009459031E+01      0.1272298869E+01     -0.1261423744E+00
    0.8004586180E+01      0.8004586180E+01      0.1210974942E+01     -0.1349810263E+00
    0.8001594295E+01      0.8001594295E+01      0.1142113436E+01     -0.1441183670E+00
    0.8000230412E+01      0.8000230412E+01      0.1065650032E+01     -0.1534550801E+00
    0.7999973992E+01      0.7999973992E+01      0.9818726145E+00     -0.1629384323E+00
    0.8000594478E+01      0.8000594478E+01      0.8906227889E+00     -0.1725111406E+00
    0.8002615329E+01      0.8002615329E+01      0.7911127066E+00     -0.1820276698E+00
    0.8005686984E+01      0.8005686984E+01      0.6837059338E+00     -0.1910833951E+00
    0.8008736510E+01      0.8008736510E+01      0.5698974895E+00     -0.1993144780E+00
    0.8011613640E+01      0.8011613640E+01      0.4502648538E+00     -0.2064767806E+00
    0.8013876213E+01      0.8013876213E+01      0.3263708646E+00     -0.2121780809E+00
    0.8009268664E+01      0.8009268664E+01      0.1971992029E+00     -0.2172864772E+00
    0.8014871212E+01      0.8014871212E+01      0.8341250786E-01     -0.2176528911E+00
    0.0000000000E+00      0.2000000000E+02      0.0000000000E+00      0.0000000000E+00
    0.8191449828E+01      0.8191449828E+01      0.1538566405E+01     -0.1999569626E-01
    0.8163333851E+01      0.8163333851E+01      0.1541133207E+01     -0.2117952356E-01
    0.8137526621E+01      0.8137526621E+01      0.1537428160E+01     -0.2246623700E-01
    0.8115332473E+01      0.8115332473E+01      0.1528783284E+01     -0.2390330720E-01
    0.8095856139E+01      0.8095856139E+01      0.1515283419E+01     -0.2552629867E-01
    0.8078486124E+01      0.8078486124E+01      0.1496573510E+01     -0.2732644594E-01
    0.8062857208E+01      0.8062857208E+01      0.1472423137E+01     -0.2930845882E-01
    0.8048942991E+01      0.8048942991E+01      0.1442826489E+01     -0.3147983531E-01
    0.8036796936E+01      0.8036796936E+01      0.1407625079E+01     -0.3383756108E-01
    0.8026401785E+01      0.8026401785E+01      0.1366396366E+01     -0.3636800512E-01
    0.8017756152E+01      0.8017756152E+01      0.1318659466E+01     -0.3905389882E-01
    0.8010948660E+01      0.8010948660E+01      0.1264021005E+01     -0.4187748783E-01
    0.8006074935E+01      0.8006074935E+01      0.1202153356E+01     -0.4481612078E-01
    0.8003104981E+01      0.8003104981E+01      0.1132812986E+01     -0.4783959969E-01
    0.8001793559E+01      0.8001793559E+01      0.1055993838E+01     -0.5091173251E-01
    0.8001592796E+01      0.8001592796E+01      0.9720759783E+00     -0.5401884500E-01
    0.8002235856E+01      0.8002235856E+01      0.8809190375E+00     -0.5715918377E-01
    0.8004183668E+01      0.8004183668E+01      0.7818502546E+00     -0.6029441763E-01
    0.8007108235E+01      0.8007108235E+01      0.6752685443E+00     -0.6328085742E-01
    0.8010032674E+01      0.8010032674E+01      0.5625915811E+00     -0.6598986235E-01
    0.8012817116E+01      0.8012817116E+01      0.4443556358E+00     -0.6835094831E-01
    0.8015009781E+01      0.8015009781E+01      0.3220207850E+00     -0.7023178292E-01
    0.8010364289E+01      0.8010364289E+01      0.1945583773E+00     -0.7193380893E-01
    0.8015894121E+01      0.8015894121E+01      0.8229010506E-01     -0.7205838669E-01
    0.0000000000E+00      0.2000000000E+02      0.0000000000E+00      0.0000000000E+00
