    0.1000000000E+02      0.1000000000E+02      0.0000000000E+00      0.0000000000E+00
    0.1000000000E+02      0.1000000000E+02      0.0000000000E+00      0.0000000000E+00
    0.1000000000E+02      0.1000000000E+02      0.0000000000E+00      0.0000000000E+00
    0.1000000000E+02      0.1000000000E+02      0.0000000000E+00      0.0000000000E+00
    0.1000000000E+02      0.1000000000E+02      0.0000000000E+00      0.0000000000E+00
    0.1000000000E+02      0.1000000000E+02      0.0000000000E+00      0.0000000000E+00
    0.1000000000E+02      0.1000000000E+02      0.0000000000E+00      0.0000000000E+00
    0.1000000000E+02      0.1000000000E+02      0.0000000000E+00      0.0000000000E+00
    0.1000000000E+02      0.1000000000E+02      0.0000000000E+00      0.0000000000E+00
    0.1000000000E+02      0.1000000000E+02      0.0000000000E+00      0.0000000000E+00
    0.1000000000E+02      0.1000000000E+02      0.0000000000E+00      0.0000000000E+00
    0.1000000000E+02      0.1000000000E+02      0.0000000000E+00      0.0000000000E+00
    0.1000000000E+02      0.1000000000E+02      0.0000000000E+00      0.0000000000E+00
    0.1000000000E+02      0.1000000000E+02      0.0000000000E+00      0.0000000000E+00
    0.1000000000E+02      0.1000000000E+02      0.0000000000E+00      0.0000000000E+00
    0.1000000000E+02      0.1000000000E+02      0.0000000000E+00      0.0000000000E+00
    0.1000000000E+02      0.1000000000E+02      0.0000000000E+00      0.0000000000E+00
    0.1000000000E+02      0.1000000000E+02      0.0000000000E+00      0.0000000000E+00
    0.1000000000E+02      0.1000000000E+02      0.0000000000E+00      0.0000000000E+00
    0.1000000000E+02      0.1000000000E+02      0.0000000000E+00      0.0000000000E+00
    0.1000000000E+02      0.1000000000E+02      0.0000000000E+00      0.0000000000E+00
    0.1000000000E+02      0.1000000000E+02      0.0000000000E+00      0.0000000000E+00
    0.1000000000E+02      0.1000000000E+02      0.0000000000E+00      0.0000000000E+00
    0.1000000000E+02      0.1000000000E+02      0.0000000000E+00      0.0000000000E+00
    0.0000000000E+00      0.2000000000E+02      0.0000000000E+00      0.0000000000E+00
    0.1000000000E+02      0.1000000000E+02      0.0000000000E+00      0.0000000000E+00
    0.1000000000E+02      0.1000000000E+02      0.0000000000E+00      0.0000000000E+00
    0.1000000000E+02      0.1000000000E+02      0.0000000000E+00      0.0000000000E+00
    0.1000000000E+02      0.1000000000E+02      0.0000000000E+00      0.0000000000E+00
    0.1000000000E+02      0.1000000000E+02      0.0000000000E+00      0.0000000000E+00
    0.1000000000E+02      0.1000000000E+02      0.0000000000E+00      0.0000000000E+00
    0.1000000000E+02      0.1000000000E+02      0.0000000000E+00      0.0000000000E+00
    0.1000000000E+02      0.1000000000E+02      0.0000000000E+00      0.0000000000E+00
    0.1000000000E+02      0.1000000000E+02      0.0000000000E+00      0.0000000000E+00
    0.1000000000E+02      0.1000000000E+02      0.0000000000E+00      0.0000000000E+00
    0.1000000000E+02      0.1000000000E+02      0.0000000000E+00      0.0000000000E+00
    0.1000000000E+02      0.1000000000E+02      0.0000000000E+00      0.0000000000E+00
    0.1000000000E+02      0.1000000000E+02      0.0000000000E+00      0.0000000000E+00
    0.1000000000E+02      0.1000000000E+02      0.0000000000E+00      0.0000000000E+00
    0.1000000000E+02      0.1000000000E+02      0.0000000000E+00      0.0000000000E+00
    0.1000000000E+02      0.1000000000E+02      0.0000000000E+00      0.0000000000E+00
    0.1000000000E+02      0.1000000000E+02      0.0000000000E+00      0.0000000000E+00
    0.1000000000E+02      0.1000000000E+02      0.0000000000E+00      0.0000000000E+00
    0.1000000000E+02      0.1000000000E+02      0.0000000000E+00      0.0000000000E+00
    0.1000000000E+02      0.1000000000E+02      0.0000000000E+00      0.0000000000E+00
    0.1000000000E+02      0.1000000000E+02      0.0000000000E+00      0.0000000000E+00
    0.1000000000E+02      0.1000000000E+02      0.0000000000E+00      0.0000000000E+00
    0.1000000000E+02      0.1000000000E+02      0.0000000000E+00      0.0000000000E+00
    0.1000000000E+02      0.1000000000E+02      0.0000000000E+00      0.0000000000E+00
    0.0000000000E+00      0.2000000000E+02      0.0000000000E+00      0.0000000000E+00
    0.1000000000E+02      0.1000000000E+02      0.0000000000E+00      0.0000000000E+00
    0.1000000000E+02      0.1000000000E+02      0.0000000000E+00      0.0000000000E+00
    0.1000000000E+02      0.1000000000E+02      0.0000000000E+00      0.0000000000E+00
    0.1000000000E+02      0.1000000000E+02      0.0000000000E+00      0.0000000000E+00
    0.1000000000E+02      0.1000000000E+02      0.0000000000E+00      0.0000000000E+00
    0.1000000000E+02      0.1000000000E+02      0.0000000000E+00      0.0000000000E+00
    0.1000000000E+02      0.1000000000E+02      0.0000000000E+00      0.0000000000E+00
    0.1000000000E+02      0.1000000000E+02      0.0000000000E+00      0.0000000000E+00
    0.1000000000E+02      0.1000000000E+02      0.0000000000E+00      0.0000000000E+00
    0.1000000000E+02      0.1000000000E+02      0.0000000000E+00      0.0000000000E+00
    0.1000000000E+02      0.1000000000E+02      0.0000000000E+00      0.0000000000E+00
    0.1000000000E+02      0.1000000000E+02      0.0000000000E+00      0.0000000000E+00
    0.1000000000E+02      0.1000000000E+02      0.0000000000E+00      0.0000000000E+00
    0.1000000000E+02      0.1000000000E+02      0.0000000000E+00      0.0000000000E+00
    0.1000000000E+02      0.1000000000E+02      0.0000000000E+00      0.0000000000E+00
    0.1000000000E+02      0.1000000000E+02      0.0000000000E+00      0.0000000000E+00
    0.1000000000E+02      0.1000000000E+02      0.0000000000E+00      0.0000000000E+00
    0.1000000000E+02      0.1000000000E+02      0.0000000000E+00      0.0000000000E+00
    0.1000000000E+02      0.1000000000E+02      0.0000000000E+00      0.0000000000E+00
    0.1000000000E+02      0.1000000000E+02      0.0000000000E+00      0.0000000000E+00
    0.1000000000E+02      0.1000000000E+02      0.0000000000E+00      0.0000000000E+00
    0.1000000000E+02      0.1000000000E+02      0.0000000000E+00      0.0000000000E+00
    0.1000000000E+02      0.1000000000E+02      0.0000000000E+00      0.0000000000E+00
    0.1000000000E+02      0.1000000000E+02      0.0000000000E+00      0.0000000000E+00
    0.0000000000E+00      0.2000000000E+02      0.0000000000E+00      0.0000000000E+00
    0.1000000000E+02      0.1000000000E+02      0.0000000000E+00      0.0000000000E+00
    0.1000000000E+02      0.1000000000E+02      0.0000000000E+00      0.0000000000E+00
    0.1000000000E+02      0.1000000000E+02      0.0000000000E+00      0.0000000000E+00
    0.1000000000E+02      0.1000000000E+02      0.0000000000E+00      0.0000000000E+00
    0.1000000000E+02      0.1000000000E+02      0.0000000000E+00      0.0000000000E+00
    0.1000000000E+02      0.1000000000E+02      0.0000000000E+00      0.0000000000E+00
    0.1000000000E+02      0.1000000000E+02      0.0000000000E+00      0.0000000000E+00
    0.1000000000E+02      0.1000000000E+02      0.0000000000E+00      0.0000000000E+00
    0.1000000000E+02      0.1000000000E+02      0.0000000000E+00      0.0000000000E+00
    0.1000000000E+02      0.1000000000E+02      0.0000000000E+00      0.0000000000E+00
    0.1000000000E+02      0.1000000000E+02      0.0000000000E+00      0.0000000000E+00
    0.1000000000E+02      0.1000000000E+02      0.0000000000E+00      0.0000000000E+00
    0.1000000000E+02      0.1000000000E+02      0.0000000000E+00      0.0000000000E+00
    0.1000000000E+02      0.1000000000E+02      0.0000000000E+00      0.0000000000E+00
    0.1000000000E+02      0.1000000000E+02      0.0000000000E+00      0.0000000000E+00
    0.1000000000E+02      0.1000000000E+02      0.0000000000E+00      0.0000000000E+00
    0.1000000000E+02      0.1000000000E+02      0.0000000000E+00      0.0000000000E+00
    0.1000000000E+02      0.1000000000E+02      0.0000000000E+00      0.0000000000E+00
    0.1000000000E+02      0.1000000000E+02      0.0000000000E+00      0.0000000000E+00
    0.1000000000E+02      0.1000000000E+02      0.0000000000E+00      0.0000000000E+00
    0.1000000000E+02      0.1000000000E+02      0.0000000000E+00      0.0000000000E+00
    0.1000000000E+02      0.1000000000E+02      0.0000000000E+00      0.0000000000E+00
    0.1000000000E+02      0.1000000000E+02      0.0000000000E+00      0.0000000000E+00
    0.1000000000E+02      0.1000000000E+02      0.0000000000E+00      0.0000000000E+00
    0.0000000000E+00      0.2000000000E+02      0.0000000000E+00      0.0000000000E+00
    0.1000000000E+02      0.1000000000E+02      0.0000000000E+00      0.0000000000E+00
    0.1000000000E+02      0.1000000000E+02      0.0000000000E+00      0.0000000000E+00
    0.1000000000E+02      0.1000000000E+02      0.0000000000E+00      0.0000000000E+00
    0.1000000000E+02      0.1000000000E+02      0.0000000000E+00      0.0000000000E+00
    0.1000000000E+02      0.1000000000E+02      0.0000000000E+00      0.0000000000E+00
    0.1000000000E+02      0.1000000000E+02      0.0000000000E+00      0.0000000000E+00
    0.1000000000E+02      0.1000000000E+02      0.0000000000E+00      0.0000000000E+00
    0.1000000000E+02      0.1000000000E+02      0.0000000000E+00      0.0000000000E+00
    0.1000000000E+02      0.1000000000E+02      0.0000000000E+00      0.0000000000E+00
    0.1000000000E+02      0.1000000000E+02      0.0000000000E+00      0.0000000000E+00
    0.1000000000E+02      0.1000000000E+02      0.0000000000E+00      0.0000000000E+00
    0.1000000000E+02      0.1000000000E+02      0.0000000000E+00      0.0000000000E+00
    0.1000000000E+02      0.1000000000E+02      0.0000000000E+00      0.0000000000E+00
    0.1000000000E+02      0.1000000000E+02      0.0000000000E+00      0.0000000000E+00
    0.1000000000E+02      0.1000000000E+02      0.0000000000E+00      0.0000000000E+00
    0.1000000000E+02      0.1000000000E+02      0.0000000000E+00      0.0000000000E+00
    0.1000000000E+02      0.1000000000E+02      0.0000000000E+00      0.0000000000E+00
    0.1000000000E+02      0.1000000000E+02      0.0000000000E+00      0.0000000000E+00
    0.1000000000E+02      0.1000000000E+02      0.0000000000E+00      0.0000000000E+00
    0.1000000000E+02      0.1000000000E+02      0.0000000000E+00      0.0000000000E+00
    0.1000000000E+02      0.1000000000E+02      0.0000000000E+00      0.0000000000E+00
    0.1000000000E+02      0.1000000000E+02      0.0000000000E+00      0.0000000000E+00
    0.1000000000E+02      0.1000000000E+02      0.0000000000E+00      0.0000000000E+00
    0.1000000000E+02      0.1000000000E+02      0.0000000000E+00      0.0000000000E+00
    0.0000000000E+00      0.2000000000E+02      0.0000000000E+00      0.0000000000E+00
    0.1000000000E+02      0.1000000000E+02      0.0000000000E+00      0.0000000000E+00
    0.1000000000E+02      0.1000000000E+02      0.0000000000E+00      0.0000000000E+00
    0.1000000000E+02      0.1000000000E+02      0.0000000000E+00      0.0000000000E+00
    0.1000000000E+02      0.1000000000E+02      0.0000000000E+00      0.0000000000E+00
    0.1000000000E+02      0.1000000000E+02      0.0000000000E+00      0.0000000000E+00
    0.1000000000E+02      0.1000000000E+02      0.0000000000E+00      0.0000000000E+00
    0.1000000000E+02      0.1000000000E+02      0.0000000000E+00      0.0000000000E+00
    0.1000000000E+02      0.1000000000E+02      0.0000000000E+00      0.0000000000E+00
    0.1000000000E+02      0.1000000000E+02      0.0000000000E+00      0.0000000000E+00
    0.1000000000E+02      0.1000000000E+02      0.0000000000E+00      0.0000000000E+00
    0.1000000000E+02      0.1000000000E+02      0.0000000000E+00      0.0000000000E+00
    0.1000000000E+02      0.1000000000E+02      0.0000000000E+00      0.0000000000E+00
    0.1000000000E+02      0.1000000000E+02      0.0000000000E+00      0.0000000000E+00
    0.1000000000E+02      0.1000000000E+02      0.0000000000E+00      0.0000000000E+00
    0.1000000000E+02      0.1000000000E+02      0.0000000000E+00      0.0000000000E+00
    0.1000000000E+02      0.1000000000E+02      0.0000000000E+00      0.0000000000E+00
    0.1000000000E+02      0.1000000000E+02      0.0000000000E+00      0.0000000000E+00
    0.1000000000E+02      0.1000000000E+02      0.0000000000E+00      0.0000000000E+00
    0.1000000000E+02      0.1000000000E+02      0.0000000000E+00      0.0000000000E+00
    0.1000000000E+02      0.1000000000E+02      0.0000000000E+00      0.0000000000E+00
    0.1000000000E+02      0.1000000000E+02      0.0000000000E+00      0.0000000000E+00
    0.1000000000E+02      0.1000000000E+02      0.0000000000E+00      0.0000000000E+00
    0.1000000000E+02      0.1000000000E+02      0.0000000000E+00      0.0000000000E+00
    0.1000000000E+02      0.1000000000E+02      0.0000000000E+00      0.0000000000E+00
    0.0000000000E+00      0.2000000000E+02      0.0000000000E+00      0.0000000000E+00
    0.1000000000E+02      0.1000000000E+02      0.0000000000E+00      0.0000000000E+00
    0.1000000000E+02      0.1000000000E+02      0.0000000000E+00      0.0000000000E+00
    0.1000000000E+02      0.1000000000E+02      0.0000000000E+00      0.0000000000E+00
    0.1000000000E+02      0.1000000000E+02      0.0000000000E+00      0.0000000000E+00
    0.1000000000E+02      0.1000000000E+02      0.0000000000E+00      0.0000000000E+00
    0.1000000000E+02      0.1000000000E+02      0.0000000000E+00      0.0000000000E+00
    0.1000000000E+02      0.1000000000E+02      0.0000000000E+00      0.0000000000E+00
    0.1000000000E+02      0.1000000000E+02      0.0000000000E+00      0.0000000000E+00
    0.1000000000E+02      0.1000000000E+02      0.0000000000E+00      0.0000000000E+00
    0.1000000000E+02      0.1000000000E+02      0.0000000000E+00      0.0000000000E+00
    0.1000000000E+02      0.1000000000E+02      0.0000000000E+00      0.0000000000E+00
    0.1000000000E+02      0.1000000000E+02      0.0000000000E+00      0.0000000000E+00
    0.1000000000E+02      0.1000000000E+02      0.0000000000E+00      0.0000000000E+00
    0.1000000000E+02      0.1000000000E+02      0.0000000000E+00      0.0000000000E+00
    0.1000000000E+02      0.1000000000E+02      0.0000000000E+00      0.0000000000E+00
    0.1000000000E+02      0.1000000000E+02      0.0000000000E+00      0.0000000000E+00
    0.1000000000E+02      0.1000000000E+02      0.0000000000E+00      0.0000000000E+00
    0.1000000000E+02      0.1000000000E+02      0.0000000000E+00      0.0000000000E+00
    0.1000000000E+02      0.1000000000E+02      0.0000000000E+00      0.0000000000E+00
    0.1000000000E+02      0.1000000000E+02      0.0000000000E+00      0.0000000000E+00
    0.1000000000E+02      0.1000000000E+02      0.0000000000E+00      0.0000000000E+00
    0.1000000000E+02      0.1000000000E+02      0.0000000000E+00      0.0000000000E+00
    0.1000000000E+02      0.1000000000E+02      0.0000000000E+00      0.0000000000E+00
    0.1000000000E+02      0.1000000000E+02      0.0000000000E+00      0.0000000000E+00
    0.0000000000E+00      0.2000000000E+02      0.0000000000E+00      0.0000000000E+00
    0.1000000000E+02      0.1000000000E+02      0.0000000000E+00      0.0000000000E+00
    0.1000000000E+02      0.1000000000E+02      0.0000000000E+00      0.0000000000E+00
    0.1000000000E+02      0.1000000000E+02      0.0000000000E+00      0.0000000000E+00
    0.1000000000E+02      0.1000000000E+02      0.0000000000E+00      0.0000000000E+00
    0.1000000000E+02      0.1000000000E+02      0.0000000000E+00      0.0000000000E+00
    0.1000000000E+02      0.1000000000E+02      0.0000000000E+00      0.0000000000E+00
    0.1000000000E+02      0.1000000000E+02      0.0000000000E+00      0.0000000000E+00
    0.1000000000E+02      0.1000000000E+02      0.0000000000E+00      0.0000000000E+00
    0.1000000000E+02      0.1000000000E+02      0.0000000000E+00      0.0000000000E+00
    0.1000000000E+02      0.1000000000E+02      0.0000000000E+00      0.0000000000E+00
    0.1000000000E+02      0.1000000000E+02      0.0000000000E+00      0.0000000000E+00
    0.1000000000E+02      0.1000000000E+02      0.0000000000E+00      0.0000000000E+00
    0.1000000000E+02      0.1000000000E+02      0.0000000000E+00      0.0000000000E+00
    0.1000000000E+02      0.1000000000E+02      0.0000000000E+00      0.0000000000E+00
    0.1000000000E+02      0.1000000000E+02      0.0000000000E+00      0.0000000000E+00
    0.1000000000E+02      0.1000000000E+02      0.0000000000E+00      0.0000000000E+00
    0.1000000000E+02      0.1000000000E+02      0.0000000000E+00      0.0000000000E+00
    0.1000000000E+02      0.1000000000E+02      0.0000000000E+00      0.0000000000E+00
    0.1000000000E+02      0.1000000000E+02      0.0000000000E+00      0.0000000000E+00
    0.1000000000E+02      0.1000000000E+02      0.0000000000E+00      0.0000000000E+00
    0.1000000000E+02      0.1000000000E+02      0.0000000000E+00      0.0000000000E+00
    0.1000000000E+02      0.1000000000E+02      0.0000000000E+00      0.0000000000E+00
    0.1000000000E+02      0.1000000000E+02      0.0000000000E+00      0.0000000000E+00
    0.1000000000E+02      0.1000000000E+02      0.0000000000E+00      0.0000000000E+00
    0.0000000000E+00      0.2000000000E+02      0.0000000000E+00      0.0000000000E+00
    0.1000000000E+02      0.1000000000E+02      0.0000000000E+00      0.0000000000E+00
    0.1000000000E+02      0.1000000000E+02      0.0000000000E+00      0.0000000000E+00
    0.1000000000E+02      0.1000000000E+02      0.0000000000E+00      0.0000000000E+00
    0.1000000000E+02      0.1000000000E+02      0.0000000000E+00      0.0000000000E+00
    0.1000000000E+02      0.1000000000E+02      0.0000000000E+00      0.0000000000E+00
    0.1000000000E+02      0.1000000000E+02      0.0000000000E+00      0.0000000000E+00
    0.1000000000E+02      0.1000000000E+02      0.0000000000E+00      0.0000000000E+00
    0.1000000000E+02      0.1000000000E+02      0.0000000000E+00      0.0000000000E+00
    0.1000000000E+02      0.1000000000E+02      0.0000000000E+00      0.0000000000E+00
    0.1000000000E+02      0.1000000000E+02      0.0000000000E+00      0.0000000000E+00
    0.1000000000E+02      0.1000000000E+02      0.0000000000E+00      0.0000000000E+00
    0.1000000000E+02      0.1000000000E+02      0.0000000000E+00      0.0000000000E+00
    0.1000000000E+02      0.1000000000E+02      0.0000000000E+00      0.0000000000E+00
    0.1000000000E+02      0.1000000000E+02      0.0000000000E+00      0.0000000000E+00
    0.1000000000E+02      0.1000000000E+02      0.0000000000E+00      0.0000000000E+00
    0.1000000000E+02      0.1000000000E+02      0.0000000000E+00      0.0000000000E+00
    0.1000000000E+02      0.1000000000E+02      0.0000000000E+00      0.0000000000E+00
    0.1000000000E+02      0.1000000000E+02      0.0000000000E+00      0.0000000000E+00
    0.1000000000E+02      0.1000000000E+02      0.0000000000E+00      0.0000000000E+00
    0.1000000000E+02      0.1000000000E+02      0.0000000000E+00      0.0000000000E+00
    0.1000000000E+02      0.1000000000E+02      0.0000000000E+00      0.0000000000E+00
    0.1000000000E+02      0.1000000000E+02      0.0000000000E+00      0.0000000000E+00
    0.1000000000E+02      0.1000000000E+02      0.0000000000E+00      0.0000000000E+00
    0.1000000000E+02      0.1000000000E+02      0.0000000000E+00      0.0000000000E+00
    0.0000000000E+00      0.2000000000E+02      0.0000000000E+00      0.0000000000E+00
    0.1000000000E+02      0.1000000000E+02      0.0000000000E+00      0.0000000000E+00
    0.1000000000E+02      0.1000000000E+02      0.0000000000E+00      0.0000000000E+00
    0.1000000000E+02      0.1000000000E+02      0.0000000000E+00      0.0000000000E+00
    0.1000000000E+02      0.1000000000E+02      0.0000000000E+00      0.0000000000E+00
    0.1000000000E+02      0.1000000000E+02      0.0000000000E+00      0.0000000000E+00
    0.1000000000E+02      0.1000000000E+02      0.0000000000E+00      0.0000000000E+00
    0.1000000000E+02      0.1000000000E+02      0.0000000000E+00      0.0000000000E+00
    0.1000000000E+02      0.1000000000E+02      0.0000000000E+00      0.0000000000E+00
    0.1000000000E+02      0.1000000000E+02      0.0000000000E+00      0.0000000000E+00
    0.1000000000E+02      0.1000000000E+02      0.0000000000E+00      0.0000000000E+00
    0.1000000000E+02      0.1000000000E+02      0.0000000000E+00      0.0000000000E+00
    0.1000000000E+02      0.1000000000E+02      0.0000000000E+00      0.0000000000E+00
    0.1000000000E+02      0.1000000000E+02      0.0000000000E+00      0.0000000000E+00
    0.1000000000E+02      0.1000000000E+02      0.0000000000E+00      0.0000000000E+00
    0.1000000000E+02      0.1000000000E+02      0.0000000000E+00      0.0000000000E+00
    0.1000000000E+02      0.1000000000E+02      0.0000000000E+00      0.0000000000E+00
    0.1000000000E+02      0.1000000000E+02      0.0000000000E+00      0.0000000000E+00
    0.1000000000E+02      0.1000000000E+02      0.0000000000E+00      0.0000000000E+00
    0.1000000000E+02      0.1000000000E+02      0.0000000000E+00      0.0000000000E+00
    0.1000000000E+02      0.1000000000E+02      0.0000000000E+00      0.0000000000E+00
    0.1000000000E+02      0.1000000000E+02      0.0000000000E+00      0.0000000000E+00
    0.1000000000E+02      0.1000000000E+02      0.0000000000E+00      0.0000000000E+00
    0.1000000000E+02      0.1000000000E+02      0.0000000000E+00      0.0000000000E+00
    0.1000000000E+02      0.1000000000E+02      0.0000000000E+00      0.0000000000E+00
    0.0000000000E+00      0.2000000000E+02      0.0000000000E+00      0.0000000000E+00
    0.1000000000E+02      0.1000000000E+02      0.0000000000E+00      0.0000000000E+00
    0.1000000000E+02      0.1000000000E+02      0.0000000000E+00      0.0000000000E+00
    0.1000000000E+02      0.1000000000E+02      0.0000000000E+00      0.0000000000E+00
    0.1000000000E+02      0.1000000000E+02      0.0000000000E+00      0.0000000000E+00
    0.1000000000E+02      0.1000000000E+02      0.0000000000E+00      0.0000000000E+00
    0.1000000000E+02      0.1000000000E+02      0.0000000000E+00      0.0000000000E+00
    0.1000000000E+02      0.1000000000E+02      0.0000000000E+00      0.0000000000E+00
    0.1000000000E+02      0.1000000000E+02      0.0000000000E+00      0.0000000000E+00
    0.1000000000E+02      0.1000000000E+02      0.0000000000E+00      0.0000000000E+00
    0.1000000000E+02      0.1000000000E+02      0.0000000000E+00      0.0000000000E+00
    0.1000000000E+02      0.1000000000E+02      0.0000000000E+00      0.0000000000E+00
    0.1000000000E+02      0.1000000000E+02      0.0000000000E+00      0.0000000000E+00
    0.1000000000E+02      0.1000000000E+02      0.0000000000E+00      0.0000000000E+00
    0.1000000000E+02      0.1000000000E+02      0.0000000000E+00      0.0000000000E+00
    0.1000000000E+02      0.1000000000E+02      0.0000000000E+00      0.0000000000E+00
    0.1000000000E+02      0.1000000000E+02      0.0000000000E+00      0.0000000000E+00
    0.1000000000E+02      0.1000000000E+02      0.0000000000E+00      0.0000000000E+00
    0.1000000000E+02      0.1000000000E+02      0.0000000000E+00      0.0000000000E+00
    0.1000000000E+02      0.1000000000E+02      0.0000000000E+00      0.0000000000E+00
    0.1000000000E+02      0.1000000000E+02      0.0000000000E+00      0.0000000000E+00
    0.1000000000E+02      0.1000000000E+02      0.0000000000E+00      0.0000000000E+00
    0.1000000000E+02      0.1000000000E+02      0.0000000000E+00      0.0000000000E+00
    0.1000000000E+02      0.1000000000E+02      0.0000000000E+00      0.0000000000E+00
    0.1000000000E+02      0.1000000000E+02      0.0000000000E+00      0.0000000000E+00
    0.0000000000E+00      0.2000000000E+02      0.0000000000E+00      0.0000000000E+00
    0.1000000000E+02      0.1000000000E+02      0.0000000000E+00      0.0000000000E+00
    0.1000000000E+02      0.1000000000E+02      0.0000000000E+00      0.0000000000E+00
    0.1000000000E+02      0.1000000000E+02      0.0000000000E+00      0.0000000000E+00
    0.1000000000E+02      0.1000000000E+02      0.0000000000E+00      0.0000000000E+00
    0.1000000000E+02      0.1000000000E+02      0.0000000000E+00      0.0000000000E+00
    0.1000000000E+02      0.1000000000E+02      0.0000000000E+00      0.0000000000E+00
    0.1000000000E+02      0.1000000000E+02      0.0000000000E+00      0.0000000000E+00
    0.1000000000E+02      0.1000000000E+02      0.0000000000E+00      0.0000000000E+00
    0.1000000000E+02      0.1000000000E+02      0.0000000000E+00      0.0000000000E+00
    0.1000000000E+02      0.1000000000E+02      0.0000000000E+00      0.0000000000E+00
    0.1000000000E+02      0.1000000000E+02      0.0000000000E+00      0.0000000000E+00
    0.1000000000E+02      0.1000000000E+02      0.0000000000E+00      0.0000000000E+00
    0.1000000000E+02      0.1000000000E+02      0.0000000000E+00      0.0000000000E+00
    0.1000000000E+02      0.1000000000E+02      0.0000000000E+00      0.0000000000E+00
    0.1000000000E+02      0.1000000000E+02      0.0000000000E+00      0.0000000000E+00
    0.1000000000E+02      0.1000000000E+02      0.0000000000E+00      0.0000000000E+00
    0.1000000000E+02      0.1000000000E+02      0.0000000000E+00      0.0000000000E+00
    0.1000000000E+02      0.1000000000E+02      0.0000000000E+00      0.0000000000E+00
    0.1000000000E+02      0.1000000000E+02      0.0000000000E+00      0.0000000000E+00
    0.1000000000E+02      0.1000000000E+02      0.0000000000E+00      0.0000000000E+00
    0.1000000000E+02      0.1000000000E+02      0.0000000000E+00      0.0000000000E+00
    0.1000000000E+02      0.1000000000E+02      0.0000000000E+00      0.0000000000E+00
    0.1000000000E+02      0.1000000000E+02      0.0000000000E+00      0.0000000000E+00
    0.1000000000E+02      0.1000000000E+02      0.0000000000E+00      0.0000000000E+00
    0.0000000000E+00      0.2000000000E+02      0.0000000000E+00      0.0000000000E+00
    0.1000000000E+02      0.1000000000E+02      0.0000000000E+00      0.0000000000E+00
    0.1000000000E+02      0.1000000000E+02      0.0000000000E+00      0.0000000000E+00
    0.1000000000E+02      0.1000000000E+02      0.0000000000E+00      0.0000000000E+00
    0.1000000000E+02      0.1000000000E+02      0.0000000000E+00      0.0000000000E+00
    0.1000000000E+02      0.1000000000E+02      0.0000000000E+00      0.0000000000E+00
    0.1000000000E+02      0.1000000000E+02      0.0000000000E+00      0.0000000000E+00
    0.1000000000E+02      0.1000000000E+02      0.0000000000E+00      0.0000000000E+00
    0.1000000000E+02      0.1000000000E+02      0.0000000000E+00      0.0000000000E+00
    0.1000000000E+02      0.1000000000E+02      0.0000000000E+00      0.0000000000E+00
    0.1000000000E+02      0.1000000000E+02      0.0000000000E+00      0.0000000000E+00
    0.1000000000E+02      0.1000000000E+02      0.0000000000E+00      0.0000000000E+00
    0.1000000000E+02      0.1000000000E+02      0.0000000000E+00      0.0000000000E+00
    0.1000000000E+02      0.1000000000E+02      0.0000000000E+00      0.0000000000E+00
    0.1000000000E+02      0.1000000000E+02      0.0000000000E+00      0.0000000000E+00
    0.1000000000E+02      0.1000000000E+02      0.0000000000E+00      0.0000000000E+00
    0.1000000000E+02      0.1000000000E+02      0.0000000000E+00      0.0000000000E+00
    0.1000000000E+02      0.1000000000E+02      0.0000000000E+00      0.0000000000E+00
    0.1000000000E+02      0.1000000000E+02      0.0000000000E+00      0.0000000000E+00
    0.1000000000E+02      0.1000000000E+02      0.0000000000E+00      0.0000000000E+00
    0.1000000000E+02      0.1000000000E+02      0.0000000000E+00      0.0000000000E+00
    0.1000000000E+02      0.1000000000E+02      0.0000000000E+00      0.0000000000E+00
    0.1000000000E+02      0.1000000000E+02      0.0000000000E+00      0.0000000000E+00
    0.1000000000E+02      0.1000000000E+02      0.0000000000E+00      0.0000000000E+00
    0.1000000000E+02      0.1000000000E+02      0.0000000000E+00      0.0000000000E+00
    0.0000000000E+00      0.2000000000E+02      0.0000000000E+00      0.0000000000E+00
    0.1000000000E+02      0.1000000000E+02      0.0000000000E+00      0.0000000000E+00
    0.1000000000E+02      0.1000000000E+02      0.0000000000E+00      0.0000000000E+00
    0.1000000000E+02      0.1000000000E+02      0.0000000000E+00      0.0000000000E+00
    0.1000000000E+02      0.1000000000E+02      0.0000000000E+00      0.0000000000E+00
    0.1000000000E+02      0.1000000000E+02      0.0000000000E+00      0.0000000000E+00
    0.1000000000E+02      0.1000000000E+02      0.0000000000E+00      0.0000000000E+00
    0.1000000000E+02      0.1000000000E+02      0.0000000000E+00      0.0000000000E+00
    0.1000000000E+02      0.1000000000E+02      0.0000000000E+00      0.0000000000E+00
    0.1000000000E+02      0.1000000000E+02      0.0000000000E+00      0.0000000000E+00
    0.1000000000E+02      0.1000000000E+02      0.0000000000E+00      0.0000000000E+00
    0.1000000000E+02      0.1000000000E+02      0.0000000000E+00      0.0000000000E+00
    0.1000000000E+02      0.1000000000E+02      0.0000000000E+00      0.0000000000E+00
    0.1000000000E+02      0.1000000000E+02      0.0000000000E+00      0.0000000000E+00
    0.1000000000E+02      0.1000000000E+02      0.0000000000E+00      0.0000000000E+00
    0.1000000000E+02      0.1000000000E+02      0.0000000000E+00      0.0000000000E+00
    0.1000000000E+02      0.1000000000E+02      0.0000000000E+00      0.0000000000E+00
    0.1000000000E+02      0.1000000000E+02      0.0000000000E+00      0.0000000000E+00
    0.1000000000E+02      0.1000000000E+02      0.0000000000E+00      0.0000000000E+00
    0.1000000000E+02      0.1000000000E+02      0.0000000000E+00      0.0000000000E+00
    0.1000000000E+02      0.1000000000E+02      0.0000000000E+00      0.0000000000E+00
    0.1000000000E+02      0.1000000000E+02      0.0000000000E+00      0.0000000000E+00
    0.1000000000E+02      0.1000000000E+02      0.0000000000E+00      0.0000000000E+00
    0.1000000000E+02      0.1000000000E+02      0.0000000000E+00      0.0000000000E+00
    0.1000000000E+02      0.1000000000E+02      0.0000000000E+00      0.0000000000E+00
    0.0000000000E+00      0.2000000000E+02      0.0000000000E+00      0.0000000000E+00
    0.1000000000E+02      0.1000000000E+02      0.0000000000E+00      0.0000000000E+00
    0.1000000000E+02      0.1000000000E+02      0.0000000000E+00      0.0000000000E+00
    0.1000000000E+02      0.1000000000E+02      0.0000000000E+00      0.0000000000E+00
    0.1000000000E+02      0.1000000000E+02      0.0000000000E+00      0.0000000000E+00
    0.1000000000E+02      0.1000000000E+02      0.0000000000E+00      0.0000000000E+00
    0.1000000000E+02      0.1000000000E+02      0.0000000000E+00      0.0000000000E+00
    0.1000000000E+02      0.1000000000E+02      0.0000000000E+00      0.0000000000E+00
    0.1000000000E+02      0.1000000000E+02      0.0000000000E+00      0.0000000000E+00
    0.1000000000E+02      0.1000000000E+02      0.0000000000E+00      0.0000000000E+00
    0.1000000000E+02      0.1000000000E+02      0.0000000000E+00      0.0000000000E+00
    0.1000000000E+02      0.1000000000E+02      0.0000000000E+00      0.0000000000E+00
    0.1000000000E+02      0.1000000000E+02      0.0000000000E+00      0.0000000000E+00
    0.1000000000E+02      0.1000000000E+02      0.0000000000E+00      0.0000000000E+00
    0.1000000000E+02      0.1000000000E+02      0.0000000000E+00      0.0000000000E+00
    0.1000000000E+02      0.1000000000E+02      0.0000000000E+00      0.0000000000E+00
    0.1000000000E+02      0.1000000000E+02      0.0000000000E+00      0.0000000000E+00
    0.1000000000E+02      0.1000000000E+02      0.0000000000E+00      0.0000000000E+00
    0.1000000000E+02      0.1000000000E+02      0.0000000000E+00      0.0000000000E+00
    0.1000000000E+02      0.1000000000E+02      0.0000000000E+00      0.0000000000E+00
    0.1000000000E+02      0.1000000000E+02      0.0000000000E+00      0.0000000000E+00
    0.1000000000E+02      0.1000000000E+02      0.0000000000E+00      0.0000000000E+00
    0.1000000000E+02      0.1000000000E+02      0.0000000000E+00      0.0000000000E+00
    0.1000000000E+02      0.1000000000E+02      0.0000000000E+00      0.0000000000E+00
    0.1000000000E+02      0.1000000000E+02      0.0000000000E+00      0.0000000000E+00
    0.0000000000E+00      0.2000000000E+02      0.0000000000E+00      0.0000000000E+00
    0.1000000000E+02      0.1000000000E+02      0.0000000000E+00      0.0000000000E+00
    0.1000000000E+02      0.1000000000E+02      0.0000000000E+00      0.0000000000E+00
    0.1000000000E+02      0.1000000000E+02      0.0000000000E+00      0.0000000000E+00
    0.1000000000E+02      0.1000000000E+02      0.0000000000E+00      0.0000000000E+00
    0.1000000000E+02      0.1000000000E+02      0.0000000000E+00      0.0000000000E+00
    0.1000000000E+02      0.1000000000E+02      0.0000000000E+00      0.0000000000E+00
    0.1000000000E+02      0.1000000000E+02      0.0000000000E+00      0.0000000000E+00
    0.1000000000E+02      0.1000000000E+02      0.0000000000E+00      0.0000000000E+00
    0.1000000000E+02      0.1000000000E+02      0.0000000000E+00      0.0000000000E+00
    0.1000000000E+02      0.1000000000E+02      0.0000000000E+00      0.0000000000E+00
    0.1000000000E+02      0.1000000000E+02      0.0000000000E+00      0.0000000000E+00
    0.1000000000E+02      0.1000000000E+02      0.0000000000E+00      0.0000000000E+00
    0.1000000000E+02      0.1000000000E+02      0.0000000000E+00      0.0000000000E+00
    0.1000000000E+02      0.1000000000E+02      0.0000000000E+00      0.0000000000E+00
    0.1000000000E+02      0.1000000000E+02      0.0000000000E+00      0.0000000000E+00
    0.1000000000E+02      0.1000000000E+02      0.0000000000E+00      0.0000000000E+00
    0.1000000000E+02      0.1000000000E+02      0.0000000000E+00      0.0000000000E+00
    0.1000000000E+02      0.1000000000E+02      0.0000000000E+00      0.0000000000E+00
    0.1000000000E+02      0.1000000000E+02      0.0000000000E+00      0.0000000000E+00
    0.1000000000E+02      0.1000000000E+02      0.0000000000E+00      0.0000000000E+00
    0.1000000000E+02      0.1000000000E+02      0.0000000000E+00      0.0000000000E+00
    0.1000000000E+02      0.1000000000E+02      0.0000000000E+00      0.0000000000E+00
    0.1000000000E+02      0.1000000000E+02      0.0000000000E+00      0.0000000000E+00
    0.1000000000E+02      0.1000000000E+02      0.0000000000E+00      0.0000000000E+00
    0.0000000000E+00      0.2000000000E+02      0.0000000000E+00      0.0000000000E+00
    0.1000000000E+02      0.1000000000E+02      0.0000000000E+00      0.0000000000E+00
    0.1000000000E+02      0.1000000000E+02      0.0000000000E+00      0.0000000000E+00
    0.1000000000E+02      0.1000000000E+02      0.0000000000E+00      0.0000000000E+00
    0.1000000000E+02      0.1000000000E+02      0.0000000000E+00      0.0000000000E+00
    0.1000000000E+02      0.1000000000E+02      0.0000000000E+00      0.0000000000E+00
    0.1000000000E+02      0.1000000000E+02      0.0000000000E+00      0.0000000000E+00
    0.1000000000E+02      0.1000000000E+02      0.0000000000E+00      0.0000000000E+00
    0.1000000000E+02      0.1000000000E+02      0.0000000000E+00      0.0000000000E+00
    0.1000000000E+02      0.1000000000E+02      0.0000000000E+00      0.0000000000E+00
    0.1000000000E+02      0.1000000000E+02      0.0000000000E+00      0.0000000000E+00
    0.1000000000E+02      0.1000000000E+02      0.0000000000E+00      0.0000000000E+00
    0.1000000000E+02      0.1000000000E+02      0.0000000000E+00      0.0000000000E+00
    0.1000000000E+02      0.1000000000E+02      0.0000000000E+00      0.0000000000E+00
    0.1000000000E+02      0.1000000000E+02      0.0000000000E+00      0.0000000000E+00
    0.1000000000E+02      0.1000000000E+02      0.0000000000E+00      0.0000000000E+00
    0.1000000000E+02      0.1000000000E+02      0.0000000000E+00      0.0000000000E+00
    0.1000000000E+02      0.1000000000E+02      0.0000000000E+00      0.0000000000E+00
    0.1000000000E+02      0.1000000000E+02      0.0000000000E+00      0.0000000000E+00
    0.1000000000E+02      0.1000000000E+02      0.0000000000E+00      0.0000000000E+00
    0.9999999796E+01      0.9999999796E+01      0.0000000000E+00      0.0000000000E+00
    0.9999998932E+01      0.9999998932E+01      0.0000000000E+00      0.0000000000E+00
    0.9999998505E+01      0.9999998505E+01      0.0000000000E+00      0.0000000000E+00
    0.9999997929E+01      0.9999997929E+01      0.0000000000E+00      0.0000000000E+00
    0.9999997090E+01      0.9999997090E+01      0.0000000000E+00      0.0000000000E+00
    0.0000000000E+00      0.2000000000E+02      0.0000000000E+00      0.0000000000E+00
    0.1000000000E+02      0.1000000000E+02      0.0000000000E+00      0.0000000000E+00
    0.1000000000E+02      0.1000000000E+02      0.0000000000E+00      0.0000000000E+00
    0.1000000000E+02      0.1000000000E+02      0.0000000000E+00      0.0000000000E+00
    0.1000000000E+02      0.1000000000E+02      0.0000000000E+00      0.0000000000E+00
    0.1000000000E+02      0.1000000000E+02      0.0000000000E+00      0.0000000000E+00
    0.1000000000E+02      0.1000000000E+02      0.0000000000E+00      0.0000000000E+00
    0.1000000000E+02      0.1000000000E+02      0.0000000000E+00      0.0000000000E+00
    0.1000000000E+02      0.1000000000E+02      0.0000000000E+00      0.0000000000E+00
    0.1000000000E+02      0.1000000000E+02      0.0000000000E+00      0.0000000000E+00
    0.1000000000E+02      0.1000000000E+02      0.0000000000E+00      0.0000000000E+00
    0.1000000000E+02      0.1000000000E+02      0.0000000000E+00      0.0000000000E+00
    0.1000000000E+02      0.1000000000E+02      0.0000000000E+00      0.0000000000E+00
    0.1000000000E+02      0.1000000000E+02      0.0000000000E+00      0.0000000000E+00
    0.1000000000E+02      0.1000000000E+02      0.0000000000E+00      0.0000000000E+00
    0.1000000000E+02      0.1000000000E+02      0.0000000000E+00      0.0000000000E+00
    0.1000000000E+02      0.1000000000E+02      0.0000000000E+00      0.0000000000E+00
    0.9999999802E+01      0.9999999802E+01      0.0000000000E+00      0.0000000000E+00
    0.9999998702E+01      0.9999998702E+01      0.0000000000E+00      0.0000000000E+00
    0.9999996824E+01      0.9999996824E+01      0.0000000000E+00      0.0000000000E+00
    0.9999992961E+01      0.9999992961E+01      0.0000000000E+00      0.0000000000E+00
    0.9999989194E+01      0.9999989194E+01      0.0000000000E+00      0.1150480813E-04
    0.9999985338E+01      0.9999985338E+01      0.0000000000E+00      0.1530594848E-04
    0.9999981747E+01      0.9999981747E+01      0.0000000000E+00      0.1838444028E-04
    0.9999977990E+01      0.9999977990E+01      0.0000000000E+00      0.2032023240E-04
    0.0000000000E+00      0.2000000000E+02      0.0000000000E+00      0.0000000000E+00
    0.1000000000E+02      0.1000000000E+02      0.0000000000E+00      0.0000000000E+00
    0.1000000000E+02      0.1000000000E+02      0.0000000000E+00      0.0000000000E+00
    0.1000000000E+02      0.1000000000E+02      0.0000000000E+00      0.0000000000E+00
    0.1000000000E+02      0.1000000000E+02      0.0000000000E+00      0.0000000000E+00
    0.1000000000E+02      0.1000000000E+02      0.0000000000E+00      0.0000000000E+00
    0.1000000000E+02      0.1000000000E+02      0.0000000000E+00      0.0000000000E+00
    0.1000000000E+02      0.1000000000E+02      0.0000000000E+00      0.0000000000E+00
    0.1000000000E+02      0.1000000000E+02      0.0000000000E+00      0.0000000000E+00
    0.1000000000E+02      0.1000000000E+02      0.0000000000E+00      0.0000000000E+00
    0.1000000000E+02      0.1000000000E+02      0.0000000000E+00      0.0000000000E+00
    0.1000000000E+02      0.1000000000E+02      0.0000000000E+00      0.0000000000E+00
    0.1000000000E+02      0.1000000000E+02      0.0000000000E+00      0.0000000000E+00
    0.1000000000E+02      0.1000000000E+02      0.0000000000E+00      0.0000000000E+00
    0.1000000000E+02      0.1000000000E+02      0.0000000000E+00      0.0000000000E+00
    0.9999999489E+01      0.9999999489E+01      0.0000000000E+00      0.0000000000E+00
    0.9999998103E+01      0.9999998103E+01      0.0000000000E+00      0.0000000000E+00
    0.9999993355E+01      0.9999993355E+01      0.0000000000E+00      0.0000000000E+00
    0.9999986671E+01      0.9999986671E+01      0.0000000000E+00      0.1373627821E-04
    0.9999976293E+01      0.9999976293E+01      0.0000000000E+00      0.2164837135E-04
    0.9999960544E+01      0.9999960544E+01      0.0000000000E+00      0.3633742132E-04
    0.9999948204E+01      0.9999948204E+01      0.0000000000E+00      0.4960868915E-04
    0.9999933373E+01      0.9999933373E+01      0.0000000000E+00      0.6202761873E-04
    0.9999921826E+01      0.9999921826E+01      0.0000000000E+00      0.7187921731E-04
    0.9999913602E+01      0.9999913602E+01      0.0000000000E+00      0.8020176035E-04
    0.0000000000E+00      0.2000000000E+02      0.0000000000E+00      0.0000000000E+00
    0.1000000000E+02      0.1000000000E+02      0.0000000000E+00      0.0000000000E+00
    0.1000000000E+02      0.1000000000E+02      0.0000000000E+00      0.0000000000E+00
    0.1000000000E+02      0.1000000000E+02      0.0000000000E+00      0.0000000000E+00
    0.1000000000E+02      0.1000000000E+02      0.0000000000E+00      0.0000000000E+00
    0.1000000000E+02      0.1000000000E+02      0.0000000000E+00      0.0000000000E+00
    0.1000000000E+02      0.1000000000E+02      0.0000000000E+00      0.0000000000E+00
    0.1000000000E+02      0.1000000000E+02      0.0000000000E+00      0.0000000000E+00
    0.1000000000E+02      0.1000000000E+02      0.0000000000E+00      0.0000000000E+00
    0.1000000000E+02      0.1000000000E+02      0.0000000000E+00      0.0000000000E+00
    0.1000000000E+02      0.1000000000E+02      0.0000000000E+00      0.0000000000E+00
    0.1000000000E+02      0.1000000000E+02      0.0000000000E+00      0.0000000000E+00
    0.1000000000E+02      0.1000000000E+02      0.0000000000E+00      0.0000000000E+00
    0.9999999822E+01      0.9999999822E+01      0.0000000000E+00      0.0000000000E+00
    0.9999998149E+01      0.9999998149E+01      0.0000000000E+00      0.0000000000E+00
    0.9999991599E+01      0.9999991599E+01      0.0000000000E+00      0.0000000000E+00
    0.9999981348E+01      0.9999981348E+01      0.0000000000E+00      0.1793579098E-04
    0.9999960610E+01      0.9999960610E+01      0.1023675605E-04      0.3607650373E-04
    0.9999937450E+01      0.9999937450E+01      0.1267274226E-04      0.5859694969E-04
    0.9999905447E+01      0.9999905447E+01      0.1529574331E-04      0.8820312827E-04
    0.9999876028E+01      0.9999876028E+01      0.1576825521E-04      0.1219380903E-03
    0.9999841075E+01      0.9999841075E+01      0.1796018266E-04      0.1539724433E-03
    0.9999810050E+01      0.9999810050E+01      0.1447079033E-04      0.1839699154E-03
    0.9999785359E+01      0.9999785359E+01      0.0000000000E+00      0.2064109773E-03
    0.9999774809E+01      0.9999774809E+01      0.0000000000E+00      0.2228047061E-03
    0.0000000000E+00      0.2000000000E+02      0.0000000000E+00      0.0000000000E+00
    0.1000000000E+02      0.1000000000E+02      0.0000000000E+00      0.0000000000E+00
    0.1000000000E+02      0.1000000000E+02      0.0000000000E+00      0.0000000000E+00
    0.1000000000E+02      0.1000000000E+02      0.0000000000E+00      0.0000000000E+00
    0.1000000000E+02      0.1000000000E+02      0.0000000000E+00      0.0000000000E+00
    0.1000000000E+02      0.1000000000E+02      0.0000000000E+00      0.0000000000E+00
    0.1000000000E+02      0.1000000000E+02      0.0000000000E+00      0.0000000000E+00
    0.1000000000E+02      0.1000000000E+02      0.0000000000E+00      0.0000000000E+00
    0.1000000000E+02      0.1000000000E+02      0.0000000000E+00      0.0000000000E+00
    0.1000000000E+02      0.1000000000E+02      0.0000000000E+00      0.0000000000E+00
    0.1000000000E+02      0.1000000000E+02      0.0000000000E+00      0.0000000000E+00
    0.1000000000E+02      0.1000000000E+02      0.0000000000E+00      0.0000000000E+00
    0.9999998651E+01      0.9999998651E+01      0.0000000000E+00      0.0000000000E+00
    0.9999995023E+01      0.9999995023E+01      0.0000000000E+00      0.0000000000E+00
    0.9999981270E+01      0.9999981270E+01      0.0000000000E+00      0.1765311242E-04
    0.9999955785E+01      0.9999955785E+01      0.1456908293E-04      0.4149160882E-04
    0.9999916974E+01      0.9999916974E+01      0.2275251224E-04      0.7354281641E-04
    0.9999866903E+01      0.9999866903E+01      0.3585674310E-04      0.1248435209E-03
    0.9999807764E+01      0.9999807764E+01      0.5024651404E-04      0.1827536017E-03
    0.9999737266E+01      0.9999737266E+01      0.6043750457E-04      0.2554158012E-03
    0.9999662585E+01      0.9999662585E+01      0.6513913075E-04      0.3307393091E-03
    0.9999590547E+01      0.9999590547E+01      0.6040471267E-04      0.4052463960E-03
    0.9999529357E+01      0.9999529357E+01      0.4955676626E-04      0.4676697167E-03
    0.9999484033E+01      0.9999484033E+01      0.3120893201E-04      0.5160127128E-03
    0.9999450053E+01      0.9999450053E+01      0.0000000000E+00      0.5505643439E-03
    0.0000000000E+00      0.2000000000E+02      0.0000000000E+00      0.0000000000E+00
    0.1000000000E+02      0.1000000000E+02      0.0000000000E+00      0.0000000000E+00
    0.1000000000E+02      0.1000000000E+02      0.0000000000E+00      0.0000000000E+00
    0.1000000000E+02      0.1000000000E+02      0.0000000000E+00      0.0000000000E+00
    0.1000000000E+02      0.1000000000E+02      0.0000000000E+00      0.0000000000E+00
    0.1000000000E+02      0.1000000000E+02      0.0000000000E+00      0.0000000000E+00
    0.1000000000E+02      0.1000000000E+02      0.0000000000E+00      0.0000000000E+00
    0.1000000000E+02      0.1000000000E+02      0.0000000000E+00      0.0000000000E+00
    0.1000000000E+02      0.1000000000E+02      0.0000000000E+00      0.0000000000E+00
    0.1000000000E+02      0.1000000000E+02      0.0000000000E+00      0.0000000000E+00
    0.9999999830E+01      0.9999999830E+01      0.0000000000E+00      0.0000000000E+00
    0.9999997365E+01      0.9999997365E+01      0.0000000000E+00      0.0000000000E+00
    0.9999986521E+01      0.9999986521E+01      0.0000000000E+00      0.1296062843E-04
    0.9999962813E+01      0.9999962813E+01      0.1394967866E-04      0.3032019634E-04
    0.9999916297E+01      0.9999916297E+01      0.2957108377E-04      0.7237835486E-04
    0.9999845577E+01      0.9999845577E+01      0.5404484590E-04      0.1364694792E-03
    0.9999754361E+01      0.9999754361E+01      0.8738378145E-04      0.2220308503E-03
    0.9999638043E+01      0.9999638043E+01      0.1170922411E-03      0.3410548788E-03
    0.9999497068E+01      0.9999497068E+01      0.1456475406E-03      0.4823328971E-03
    0.9999337937E+01      0.9999337937E+01      0.1653048459E-03      0.6430157906E-03
    0.9999168162E+01      0.9999168162E+01      0.1742042420E-03      0.8166581460E-03
    0.9999010319E+01      0.9999010319E+01      0.1584765310E-03      0.9865673896E-03
    0.9998881009E+01      0.9998881009E+01      0.1264919318E-03      0.1124951468E-02
    0.9998786649E+01      0.9998786649E+01      0.8494855728E-04      0.1223283826E-02
    0.9998732015E+01      0.9998732015E+01      0.2747354701E-04      0.1287853703E-02
    0.0000000000E+00      0.2000000000E+02      0.0000000000E+00      0.0000000000E+00
    0.1000000000E+02      0.1000000000E+02      0.0000000000E+00      0.0000000000E+00
    0.1000000000E+02      0.1000000000E+02      0.0000000000E+00      0.0000000000E+00
    0.1000000000E+02      0.1000000000E+02      0.0000000000E+00      0.0000000000E+00
    0.1000000000E+02      0.1000000000E+02      0.0000000000E+00      0.0000000000E+00
    0.1000000000E+02      0.1000000000E+02      0.0000000000E+00      0.0000000000E+00
    0.1000000000E+02      0.1000000000E+02      0.0000000000E+00      0.0000000000E+00
    0.1000000000E+02      0.1000000000E+02      0.0000000000E+00      0.0000000000E+00
    0.1000000000E+02      0.1000000000E+02      0.0000000000E+00      0.0000000000E+00
    0.9999999060E+01      0.9999999060E+01      0.0000000000E+00      0.0000000000E+00
    0.9999994641E+01      0.9999994641E+01      0.0000000000E+00      0.0000000000E+00
    0.9999976787E+01      0.9999976787E+01      0.1023847724E-04      0.2016231320E-04
    0.9999935071E+01      0.9999935071E+01      0.2860864636E-04      0.5505817768E-04
    0.9999855271E+01      0.9999855271E+01      0.5947723079E-04      0.1169237097E-03
    0.9999752032E+01      0.9999752032E+01      0.1034558167E-03      0.2154904869E-03
    0.9999593832E+01      0.9999593832E+01      0.1609907035E-03      0.3650500479E-03
    0.9999376674E+01      0.9999376674E+01      0.2287409906E-03      0.5733697046E-03
    0.9999107033E+01      0.9999107033E+01      0.2951057840E-03      0.8412922771E-03
    0.9998789397E+01      0.9998789397E+01      0.3585197353E-03      0.1161444299E-02
    0.9998439317E+01      0.9998439317E+01      0.4011430835E-03      0.1520128593E-02
    0.9998073914E+01      0.9998073914E+01      0.4084847095E-03      0.1904710504E-02
    0.9997740974E+01      0.9997740974E+01      0.3676726511E-03      0.2262545631E-02
    0.9997469199E+01      0.9997469199E+01      0.2901894993E-03      0.2556975554E-02
    0.9997274328E+01      0.9997274328E+01      0.1864537139E-03      0.2768747134E-02
    0.9997161375E+01      0.9997161375E+01      0.6139207364E-04      0.2893474334E-02
    0.0000000000E+00      0.2000000000E+02      0.0000000000E+00      0.0000000000E+00
    0.1000000000E+02      0.1000000000E+02      0.0000000000E+00      0.0000000000E+00
    0.1000000000E+02      0.1000000000E+02      0.0000000000E+00      0.0000000000E+00
    0.1000000000E+02      0.1000000000E+02      0.0000000000E+00      0.0000000000E+00
    0.1000000000E+02      0.1000000000E+02      0.0000000000E+00      0.0000000000E+00
    0.1000000000E+02      0.1000000000E+02      0.0000000000E+00      0.0000000000E+00
    0.1000000000E+02      0.1000000000E+02      0.0000000000E+00      0.0000000000E+00
    0.1000000000E+02      0.1000000000E+02      0.0000000000E+00      0.0000000000E+00
    0.9999998216E+01      0.9999998216E+01      0.0000000000E+00      0.0000000000E+00
    0.9999988530E+01      0.9999988530E+01      0.0000000000E+00      0.1036506728E-04
    0.9999962100E+01      0.9999962100E+01      0.1838720891E-04      0.2815109477E-04
    0.9999899815E+01      0.9999899815E+01      0.4757397269E-04      0.7871431608E-04
    0.9999796901E+01      0.9999796901E+01      0.9387213406E-04      0.1687339320E-03
    0.9999627765E+01      0.9999627765E+01      0.1740116893E-03      0.3189842876E-03
    0.9999368975E+01      0.9999368975E+01      0.2759697831E-03      0.5541813249E-03
    0.9999003356E+01      0.9999003356E+01      0.4076987234E-03      0.8957989840E-03
    0.9998516903E+01      0.9998516903E+01      0.5616954498E-03      0.1366854710E-02
    0.9997928042E+01      0.9997928042E+01      0.7104063998E-03      0.1956469060E-02
    0.9997249266E+01      0.9997249266E+01      0.8355495576E-03      0.2643398616E-02
    0.9996525417E+01      0.9996525417E+01      0.9171040146E-03      0.3402305195E-02
    0.9995756496E+01      0.9995756496E+01      0.9126011521E-03      0.4201519591E-02
    0.9995093320E+01      0.9995093320E+01      0.8157633902E-03      0.4931488863E-02
    0.9994545178E+01      0.9994545178E+01      0.6375516403E-03      0.5527653631E-02
    0.9994156481E+01      0.9994156481E+01      0.4044494130E-03      0.5956227099E-02
    0.9993926136E+01      0.9993926136E+01      0.1350338150E-03      0.6210577052E-02
    0.0000000000E+00      0.2000000000E+02      0.0000000000E+00      0.0000000000E+00
    0.1000000000E+02      0.1000000000E+02      0.0000000000E+00      0.0000000000E+00
    0.1000000000E+02      0.1000000000E+02      0.0000000000E+00      0.0000000000E+00
    0.1000000000E+02      0.1000000000E+02      0.0000000000E+00      0.0000000000E+00
    0.1000000000E+02      0.1000000000E+02      0.0000000000E+00      0.0000000000E+00
    0.1000000000E+02      0.1000000000E+02      0.0000000000E+00      0.0000000000E+00
    0.1000000000E+02      0.1000000000E+02      0.0000000000E+00      0.0000000000E+00
    0.9999997299E+01      0.9999997299E+01      0.0000000000E+00      0.0000000000E+00
    0.9999984147E+01      0.9999984147E+01      0.0000000000E+00      0.1380618587E-04
    0.9999943313E+01      0.9999943313E+01      0.2683527289E-04      0.4460097409E-04
    0.9999856809E+01      0.9999856809E+01      0.6940024119E-04      0.1061564860E-03
    0.9999716470E+01      0.9999716470E+01      0.1448593946E-03      0.2272039870E-03
    0.9999472449E+01      0.9999472449E+01      0.2623446922E-03      0.4421069297E-03
    0.9999082356E+01      0.9999082356E+01      0.4373429382E-03      0.7824619155E-03
    0.9998501954E+01      0.9998501954E+01      0.6778576206E-03      0.1316246531E-02
    0.9997697917E+01      0.9997697917E+01      0.9676714941E-03      0.2075878143E-02
    0.9996669179E+01      0.9996669179E+01      0.1290592103E-02      0.3076866342E-02
    0.9995448252E+01      0.9995448252E+01      0.1588457551E-02      0.4300207891E-02
    0.9994082634E+01      0.9994082634E+01      0.1833736329E-02      0.5706434159E-02
    0.9992627963E+01      0.9992627963E+01      0.1973312597E-02      0.7221151773E-02
    0.9991152123E+01      0.9991152123E+01      0.1922846176E-02      0.8800618624E-02
    0.9989876978E+01      0.9989876978E+01      0.1702281690E-02      0.1019932578E-01
    0.9988846688E+01      0.9988846688E+01      0.1320852404E-02      0.1134295196E-01
    0.9988107527E+01      0.9988107527E+01      0.8379005222E-03      0.1216171270E-01
    0.9987660596E+01      0.9987660596E+01      0.2824517197E-03      0.1265473489E-01
    0.0000000000E+00      0.2000000000E+02      0.0000000000E+00      0.0000000000E+00
