    0.7290843928E+01      0.7290843928E+01      0.4339759809E+01     -0.6436784087E+00
    0.7206795692E+01      0.7206795692E+01      0.4593327729E+01     -0.6202068858E+00
    0.7119539204E+01      0.7119539204E+01      0.4839136587E+01     -0.5836124237E+00
    0.7032673438E+01      0.7032673438E+01      0.5071083832E+01     -0.5371998217E+00
    0.6945094957E+01      0.6945094957E+01      0.5286726368E+01     -0.4825940205E+00
    0.6862222207E+01      0.6862222207E+01      0.5490136470E+01     -0.4202574375E+00
    0.6779437953E+01      0.6779437953E+01      0.5675476552E+01     -0.3508408725E+00
    0.6699380318E+01      0.6699380318E+01      0.5847026436E+01     -0.2744181675E+00
    0.6621088126E+01      0.6621088126E+01      0.6004468587E+01     -0.1893305202E+00
    0.6539886630E+01      0.6539886630E+01      0.6141859051E+01     -0.9617675023E-01
    0.6471643412E+01      0.6471643412E+01      0.6269741051E+01      0.6290617091E-02
    0.6400088450E+01      0.6400088450E+01      0.6354778515E+01      0.1173804359E+00
    0.6360420095E+01      0.6360420095E+01      0.6426114688E+01      0.2335065288E+00
    0.6318181064E+01      0.6318181064E+01      0.6432417399E+01      0.3531078038E+00
    0.6306270689E+01      0.6306270689E+01      0.6405635610E+01      0.4748902677E+00
    0.6320614307E+01      0.6320614307E+01      0.6333444921E+01      0.5839162572E+00
    0.6353004225E+01      0.6353004225E+01      0.6218230972E+01      0.6859431379E+00
    0.6400008068E+01      0.6400008068E+01      0.6069049627E+01      0.7644448345E+00
    0.6459770661E+01      0.6459770661E+01      0.5890520344E+01      0.8267838906E+00
    0.6528215038E+01      0.6528215038E+01      0.5691352485E+01      0.8670468760E+00
    0.6596205485E+01      0.6596205485E+01      0.5487043041E+01      0.8697037085E+00
    0.6658240847E+01      0.6658240847E+01      0.5284076931E+01      0.8608761904E+00
    0.6711566595E+01      0.6711566595E+01      0.5088938884E+01      0.8399365318E+00
    0.6756724999E+01      0.6756724999E+01      0.4906714616E+01      0.8075622220E+00
    0.6792451920E+01      0.6792451920E+01      0.4736308411E+01      0.7643007436E+00
    0.7272784638E+01      0.7272784638E+01      0.4369205755E+01     -0.8158942657E+00
    0.7181642545E+01      0.7181642545E+01      0.4638282998E+01     -0.7785647475E+00
    0.7088954042E+01      0.7088954042E+01      0.4892888451E+01     -0.7274051321E+00
    0.6998606922E+01      0.6998606922E+01      0.5133508287E+01     -0.6664376381E+00
    0.6907904881E+01      0.6907904881E+01      0.5356363743E+01     -0.5980150507E+00
    0.6821744975E+01      0.6821744975E+01      0.5566926392E+01     -0.5216031008E+00
    0.6736193657E+01      0.6736193657E+01      0.5760139360E+01     -0.4379404051E+00
    0.6652758131E+01      0.6652758131E+01      0.5941045643E+01     -0.3460450719E+00
    0.6569892530E+01      0.6569892530E+01      0.6109154956E+01     -0.2445798642E+00
    0.6484697768E+01      0.6484697768E+01      0.6259171647E+01     -0.1330950264E+00
    0.6412009669E+01      0.6412009669E+01      0.6398208057E+01     -0.1016204844E-01
    0.6335259689E+01      0.6335259689E+01      0.6493418826E+01      0.1235355349E+00
    0.6293345396E+01      0.6293345396E+01      0.6572012784E+01      0.2660945847E+00
    0.6247885383E+01      0.6247885383E+01      0.6574491120E+01      0.4137296379E+00
    0.6239408636E+01      0.6239408636E+01      0.6543668208E+01      0.5612367660E+00
    0.6257755000E+01      0.6257755000E+01      0.6460030374E+01      0.7014046354E+00
    0.6300038943E+01      0.6300038943E+01      0.6323544305E+01      0.8254305070E+00
    0.6358379320E+01      0.6358379320E+01      0.6149600119E+01      0.9199234198E+00
    0.6430741985E+01      0.6430741985E+01      0.5943380696E+01      0.9961096755E+00
    0.6508936231E+01      0.6508936231E+01      0.5719103955E+01      0.1047167806E+01
    0.6583139388E+01      0.6583139388E+01      0.5492301607E+01      0.1054546769E+01
    0.6649163259E+01      0.6649163259E+01      0.5270785798E+01      0.1045865748E+01
    0.6705887933E+01      0.6705887933E+01      0.5060201139E+01      0.1022889183E+01
    0.6754276320E+01      0.6754276320E+01      0.4865044524E+01      0.9850917447E+00
    0.6792592844E+01      0.6792592844E+01      0.4683786503E+01      0.9351034257E+00
    0.7242549782E+01      0.7242549782E+01      0.4414230177E+01     -0.9994917287E+00
    0.7143786934E+01      0.7143786934E+01      0.4701786206E+01     -0.9468268512E+00
    0.7043899462E+01      0.7043899462E+01      0.4974872936E+01     -0.8803829405E+00
    0.6948680006E+01      0.6948680006E+01      0.5236491393E+01     -0.8019520189E+00
    0.6853531636E+01      0.6853531636E+01      0.5468227915E+01     -0.7139647730E+00
    0.6767447456E+01      0.6767447456E+01      0.5676251894E+01     -0.6233843223E+00
    0.6681386789E+01      0.6681386789E+01      0.5871744016E+01     -0.5289054924E+00
    0.6594189204E+01      0.6594189204E+01      0.6059270963E+01     -0.4255938556E+00
    0.6505660949E+01      0.6505660949E+01      0.6241533907E+01     -0.3098097353E+00
    0.6414044072E+01      0.6414044072E+01      0.6407098638E+01     -0.1789620641E+00
    0.6335435272E+01      0.6335435272E+01      0.6560960685E+01     -0.3389616034E-01
    0.6251568021E+01      0.6251568021E+01      0.6668683787E+01      0.1253311184E+00
    0.6207320205E+01      0.6207320205E+01      0.6758299551E+01      0.2968570960E+00
    0.6160611755E+01      0.6160611755E+01      0.6758704212E+01      0.4752143911E+00
    0.6154448236E+01      0.6154448236E+01      0.6723442176E+01      0.6518280418E+00
    0.6178909556E+01      0.6178909556E+01      0.6625390004E+01      0.8271654052E+00
    0.6232172284E+01      0.6232172284E+01      0.6462488429E+01      0.9817579923E+00
    0.6303859986E+01      0.6303859986E+01      0.6257049917E+01      0.1094825706E+01
    0.6387973939E+01      0.6387973939E+01      0.6016768632E+01      0.1191695714E+01
    0.6477280489E+01      0.6477280489E+01      0.5760567823E+01      0.1256698738E+01
    0.6557961588E+01      0.6557961588E+01      0.5503701110E+01      0.1266319459E+01
    0.6630146695E+01      0.6630146695E+01      0.5258789432E+01      0.1256557310E+01
    0.6691323835E+01      0.6691323835E+01      0.5027396136E+01      0.1229487413E+01
    0.6744234541E+01      0.6744234541E+01      0.4815068494E+01      0.1183681685E+01
    0.6787921006E+01      0.6787921006E+01      0.4621122617E+01      0.1121754244E+01
    0.7194858500E+01      0.7194858500E+01      0.4484836088E+01     -0.1206558351E+01
    0.7087655076E+01      0.7087655076E+01      0.4820606717E+01     -0.1139545158E+01
    0.6979150257E+01      0.6979150257E+01      0.5128094757E+01     -0.1045716317E+01
    0.6879946575E+01      0.6879946575E+01      0.5380859497E+01     -0.9350330834E+00
    0.6788506912E+01      0.6788506912E+01      0.5588627233E+01     -0.8193952120E+00
    0.6704925422E+01      0.6704925422E+01      0.5771070856E+01     -0.7184009415E+00
    0.6617906725E+01      0.6617906725E+01      0.5955204495E+01     -0.6171659481E+00
    0.6525842925E+01      0.6525842925E+01      0.6142244642E+01     -0.5075780480E+00
    0.6429340051E+01      0.6429340051E+01      0.6333386815E+01     -0.3821683499E+00
    0.6327104626E+01      0.6327104626E+01      0.6514002732E+01     -0.2353909481E+00
    0.6240505450E+01      0.6240505450E+01      0.6692715905E+01     -0.6790406440E-01
    0.6146621201E+01      0.6146621201E+01      0.6815053917E+01      0.1189273371E+00
    0.6099449319E+01      0.6099449319E+01      0.6926877888E+01      0.3212171566E+00
    0.6052557330E+01      0.6052557330E+01      0.6940208470E+01      0.5320328782E+00
    0.6045288252E+01      0.6045288252E+01      0.6911181428E+01      0.7463967568E+00
    0.6077774439E+01      0.6077774439E+01      0.6808289007E+01      0.9589318299E+00
    0.6137972276E+01      0.6137972276E+01      0.6631415925E+01      0.1163613784E+01
    0.6228060411E+01      0.6228060411E+01      0.6389385100E+01      0.1298241620E+01
    0.6324803772E+01      0.6324803772E+01      0.6112949408E+01      0.1425452297E+01
    0.6428282909E+01      0.6428282909E+01      0.5815469491E+01      0.1504606929E+01
    0.6520425064E+01      0.6520425064E+01      0.5521299848E+01      0.1512139610E+01
    0.6600773069E+01      0.6600773069E+01      0.5244208776E+01      0.1498093478E+01
    0.6669161728E+01      0.6669161728E+01      0.4986974008E+01      0.1462327980E+01
    0.6727905412E+01      0.6727905412E+01      0.4752628272E+01      0.1404305263E+01
    0.6777017385E+01      0.6777017385E+01      0.4542270728E+01      0.1326578724E+01
    0.7131598937E+01      0.7131598937E+01      0.4636839661E+01     -0.1463931869E+01
    0.7009715557E+01      0.7009715557E+01      0.5004419388E+01     -0.1348192522E+01
    0.6891685198E+01      0.6891685198E+01      0.5258208258E+01     -0.1191374269E+01
    0.6799905721E+01      0.6799905721E+01      0.5457223491E+01     -0.1038798233E+01
    0.6715975939E+01      0.6715975939E+01      0.5626584159E+01     -0.8987382184E+00
    0.6638380154E+01      0.6638380154E+01      0.5783869058E+01     -0.7944168894E+00
    0.6550850717E+01      0.6550850717E+01      0.5954691674E+01     -0.6958286895E+00
    0.6450498130E+01      0.6450498130E+01      0.6142241369E+01     -0.5864215679E+00
    0.6343612738E+01      0.6343612738E+01      0.6338001159E+01     -0.4574453624E+00
    0.6230343686E+01      0.6230343686E+01      0.6532907958E+01     -0.3021336376E+00
    0.6129352123E+01      0.6129352123E+01      0.6736009658E+01     -0.1143256883E+00
    0.6028079639E+01      0.6028079639E+01      0.6872594654E+01      0.9620668121E-01
    0.5968098355E+01      0.5968098355E+01      0.7001900436E+01      0.3316298526E+00
    0.5923556136E+01      0.5923556136E+01      0.7042502605E+01      0.5769425141E+00
    0.5915346181E+01      0.5915346181E+01      0.7025380195E+01      0.8299750093E+00
    0.5952780320E+01      0.5952780320E+01      0.6933605887E+01      0.1083714722E+01
    0.6022861747E+01      0.6022861747E+01      0.6768473785E+01      0.1343639147E+01
    0.6124762034E+01      0.6124762034E+01      0.6529442660E+01      0.1518307824E+01
    0.6236520831E+01      0.6236520831E+01      0.6241562427E+01      0.1687334453E+01
    0.6356327042E+01      0.6356327042E+01      0.5910439745E+01      0.1799318908E+01
    0.6470164304E+01      0.6470164304E+01      0.5565804674E+01      0.1800978574E+01
    0.6562681579E+01      0.6562681579E+01      0.5240738744E+01      0.1777769757E+01
    0.6641880924E+01      0.6641880924E+01      0.4944335016E+01      0.1725047617E+01
    0.6709683873E+01      0.6709683873E+01      0.4680528879E+01      0.1645669409E+01
    0.6766067595E+01      0.6766067595E+01      0.4449273748E+01      0.1544936531E+01
    0.7017444299E+01      0.7017444299E+01      0.4803629756E+01     -0.1730070278E+01
    0.6871976206E+01      0.6871976206E+01      0.5088772083E+01     -0.1510137288E+01
    0.6778135561E+01      0.6778135561E+01      0.5249268527E+01     -0.1281844217E+01
    0.6708007235E+01      0.6708007235E+01      0.5356787891E+01     -0.1107087119E+01
    0.6637723755E+01      0.6637723755E+01      0.5453838359E+01     -0.9561851728E+00
    0.6567633883E+01      0.6567633883E+01      0.5551279575E+01     -0.8546189819E+00
    0.6475661276E+01      0.6475661276E+01      0.5678840267E+01     -0.7664398432E+00
    0.6371016484E+01      0.6371016484E+01      0.5830210539E+01     -0.6614413286E+00
    0.6258174257E+01      0.6258174257E+01      0.6002220607E+01     -0.5331937672E+00
    0.6132142595E+01      0.6132142595E+01      0.6199732956E+01     -0.3748735662E+00
    0.6008096613E+01      0.6008096613E+01      0.6402592130E+01     -0.1799931109E+00
    0.5892619399E+01      0.5892619399E+01      0.6609081665E+01      0.4945067692E-01
    0.5809903349E+01      0.5809903349E+01      0.6770955547E+01      0.3156506152E+00
    0.5769451632E+01      0.5769451632E+01      0.6865868834E+01      0.6026499460E+00
    0.5772052869E+01      0.5772052869E+01      0.6879979337E+01      0.8904147579E+00
    0.5806156185E+01      0.5806156185E+01      0.6827317542E+01      0.1187781518E+01
    0.5887672312E+01      0.5887672312E+01      0.6688157519E+01      0.1497878067E+01
    0.6004019358E+01      0.6004019358E+01      0.6469352027E+01      0.1724538073E+01
    0.6131976304E+01      0.6131976304E+01      0.6202108106E+01      0.1938584532E+01
    0.6255956934E+01      0.6255956934E+01      0.5889863788E+01      0.2123749130E+01
    0.6391652080E+01      0.6391652080E+01      0.5540983383E+01      0.2136307380E+01
    0.6505280518E+01      0.6505280518E+01      0.5191396080E+01      0.2099389157E+01
    0.6603130561E+01      0.6603130561E+01      0.4863611321E+01      0.2021758428E+01
    0.6686203659E+01      0.6686203659E+01      0.4573780227E+01      0.1910132267E+01
    0.6754147499E+01      0.6754147499E+01      0.4324394935E+01      0.1776217917E+01
    0.6849097138E+01      0.6849097138E+01      0.4780618941E+01     -0.1904214581E+01
    0.6774098066E+01      0.6774098066E+01      0.4833164236E+01     -0.1541577830E+01
    0.6710795785E+01      0.6710795785E+01      0.4824362835E+01     -0.1253637918E+01
    0.6656902052E+01      0.6656902052E+01      0.4797579743E+01     -0.1060586889E+01
    0.6597086523E+01      0.6597086523E+01      0.4775771545E+01     -0.9175768765E+00
    0.6535917116E+01      0.6535917116E+01      0.4774310192E+01     -0.8201702622E+00
    0.6446169216E+01      0.6446169216E+01      0.4827203611E+01     -0.7626005618E+00
    0.6316273035E+01      0.6316273035E+01      0.4959830593E+01     -0.6929587942E+00
    0.6180786855E+01      0.6180786855E+01      0.5131377127E+01     -0.5936672373E+00
    0.6033110401E+01      0.6033110401E+01      0.5349457330E+01     -0.4576229815E+00
    0.5893816181E+01      0.5893816181E+01      0.5591433150E+01     -0.2800024568E+00
    0.5760257709E+01      0.5760257709E+01      0.5841737651E+01     -0.4973530588E-01
    0.5661656255E+01      0.5661656255E+01      0.6082354445E+01      0.2286125703E+00
    0.5587831243E+01      0.5587831243E+01      0.6269193301E+01      0.5500702016E+00
    0.5590572341E+01      0.5590572341E+01      0.6425851103E+01      0.8925395753E+00
    0.5630197554E+01      0.5630197554E+01      0.6423597540E+01      0.1243053143E+01
    0.5731022222E+01      0.5731022222E+01      0.6342682962E+01      0.1609557552E+01
    0.5864033479E+01      0.5864033479E+01      0.6194705453E+01      0.1896551545E+01
    0.6008626557E+01      0.6008626557E+01      0.5994219353E+01      0.2157938097E+01
    0.6150120699E+01      0.6150120699E+01      0.5740018297E+01      0.2412046653E+01
    0.6309325227E+01      0.6309325227E+01      0.5413495141E+01      0.2462742392E+01
    0.6454976368E+01      0.6454976368E+01      0.5068404503E+01      0.2423754535E+01
    0.6569410547E+01      0.6569410547E+01      0.4726966244E+01      0.2327122920E+01
    0.6666792616E+01      0.6666792616E+01      0.4421884723E+01      0.2184566829E+01
    0.6743769887E+01      0.6743769887E+01      0.4158551419E+01      0.2014542833E+01
    0.6710418175E+01      0.6710418175E+01      0.4260600781E+01     -0.1874419251E+01
    0.6671884879E+01      0.6671884879E+01      0.4072259348E+01     -0.1406445343E+01
    0.6649952897E+01      0.6649952897E+01      0.3824309940E+01     -0.1028405465E+01
    0.6622777467E+01      0.6622777467E+01      0.3564804615E+01     -0.8549352118E+00
    0.6574593384E+01      0.6574593384E+01      0.3452704993E+01     -0.7978165312E+00
    0.6499881913E+01      0.6499881913E+01      0.3486679102E+01     -0.7663504971E+00
    0.6386188020E+01      0.6386188020E+01      0.3622725398E+01     -0.7796797020E+00
    0.6253167168E+01      0.6253167168E+01      0.3866130497E+01     -0.8114890902E+00
    0.6098576005E+01      0.6098576005E+01      0.4202185679E+01     -0.7742681636E+00
    0.5936918647E+01      0.5936918647E+01      0.4582078943E+01     -0.6707811781E+00
    0.5786211519E+01      0.5786211519E+01      0.4969818783E+01     -0.4866544461E+00
    0.5636917743E+01      0.5636917743E+01      0.5309292960E+01     -0.2279143656E+00
    0.5530927004E+01      0.5530927004E+01      0.5600586295E+01      0.9039999047E-01
    0.5441412280E+01      0.5441412280E+01      0.5769724370E+01      0.4519546483E+00
    0.5426947843E+01      0.5426947843E+01      0.5898452658E+01      0.8594528838E+00
    0.5469323077E+01      0.5469323077E+01      0.5884134933E+01      0.1256685362E+01
    0.5567984856E+01      0.5567984856E+01      0.5823640331E+01      0.1648657249E+01
    0.5699883449E+01      0.5699883449E+01      0.5727348477E+01      0.1986527263E+01
    0.5866268542E+01      0.5866268542E+01      0.5577952401E+01      0.2303781973E+01
    0.6038650247E+01      0.6038650247E+01      0.5387482736E+01      0.2633561501E+01
    0.6223132182E+01      0.6223132182E+01      0.5123593427E+01      0.2761351229E+01
    0.6400438611E+01      0.6400438611E+01      0.4823581116E+01      0.2734890340E+01
    0.6539953967E+01      0.6539953967E+01      0.4510163945E+01      0.2632685053E+01
    0.6650638167E+01      0.6650638167E+01      0.4210728198E+01      0.2462123059E+01
    0.6736354301E+01      0.6736354301E+01      0.3945423001E+01      0.2251887006E+01
    0.6628786787E+01      0.6628786787E+01      0.2938743984E+01     -0.1252830934E+01
    0.6650647178E+01      0.6650647178E+01      0.2215887096E+01     -0.9485621601E+00
    0.6617736691E+01      0.6617736691E+01      0.2015976270E+01     -0.7504147109E+00
    0.6575405113E+01      0.6575405113E+01      0.2025688504E+01     -0.7061493893E+00
    0.6500117496E+01      0.6500117496E+01      0.2138391245E+01     -0.7758580460E+00
    0.6438848207E+01      0.6438848207E+01      0.2352834155E+01     -0.8858403575E+00
    0.6343423820E+01      0.6343423820E+01      0.2720907021E+01     -0.1024630518E+01
    0.6212304415E+01      0.6212304415E+01      0.3195037364E+01     -0.1160342678E+01
    0.6044088861E+01      0.6044088861E+01      0.3718636762E+01     -0.1144748611E+01
    0.5862351091E+01      0.5862351091E+01      0.4241842403E+01     -0.1041580085E+01
    0.5676640935E+01      0.5676640935E+01      0.4749071380E+01     -0.8202256055E+00
    0.5490095188E+01      0.5490095188E+01      0.5174700860E+01     -0.4873721660E+00
    0.5353964277E+01      0.5353964277E+01      0.5521052186E+01     -0.6514607191E-01
    0.5271347579E+01      0.5271347579E+01      0.5687425822E+01      0.3895009723E+00
    0.5241934482E+01      0.5241934482E+01      0.5698477340E+01      0.8885046819E+00
    0.5314080658E+01      0.5314080658E+01      0.5580192222E+01      0.1330464228E+01
    0.5435961516E+01      0.5435961516E+01      0.5409974233E+01      0.1728444049E+01
    0.5578098198E+01      0.5578098198E+01      0.5243420999E+01      0.2086812822E+01
    0.5746236263E+01      0.5746236263E+01      0.5073809038E+01      0.2418301020E+01
    0.5932314667E+01      0.5932314667E+01      0.4897057516E+01      0.2773628078E+01
    0.6134844795E+01      0.6134844795E+01      0.4675342729E+01      0.2980207918E+01
    0.6338398341E+01      0.6338398341E+01      0.4430012302E+01      0.2985497259E+01
    0.6507807269E+01      0.6507807269E+01      0.4173865806E+01      0.2904145554E+01
    0.6639522920E+01      0.6639522920E+01      0.3916867323E+01      0.2723992326E+01
    0.6734313340E+01      0.6734313340E+01      0.3678533790E+01      0.2476463413E+01
    0.6173258435E+01      0.6173258435E+01      0.5510664331E+00     -0.7142813687E+00
    0.6507441281E+01      0.6507441281E+01      0.4435415995E+00     -0.7532384759E+00
    0.6491793566E+01      0.6491793566E+01      0.6525717561E+00     -0.8217503034E+00
    0.6493194532E+01      0.6493194532E+01      0.9735915634E+00     -0.9060277308E+00
    0.6470401566E+01      0.6470401566E+01      0.1381522368E+01     -0.1058402762E+01
    0.6420546093E+01      0.6420546093E+01      0.1843607824E+01     -0.1257566081E+01
    0.6313552491E+01      0.6313552491E+01      0.2361801291E+01     -0.1483562126E+01
    0.6159780522E+01      0.6159780522E+01      0.2890142413E+01     -0.1627141113E+01
    0.5972632029E+01      0.5972632029E+01      0.3403056968E+01     -0.1597947523E+01
    0.5757667760E+01      0.5757667760E+01      0.3916873705E+01     -0.1462952276E+01
    0.5528048378E+01      0.5528048378E+01      0.4419782517E+01     -0.1186161610E+01
    0.5306642325E+01      0.5306642325E+01      0.4870588063E+01     -0.7777026502E+00
    0.5126551419E+01      0.5126551419E+01      0.5222733234E+01     -0.2317569829E+00
    0.5042813111E+01      0.5042813111E+01      0.5403231754E+01      0.3689735934E+00
    0.5013853636E+01      0.5013853636E+01      0.5411220557E+01      0.9780038829E+00
    0.5107832178E+01      0.5107832178E+01      0.5235926535E+01      0.1516844034E+01
    0.5265595668E+01      0.5265595668E+01      0.4964050143E+01      0.1923943788E+01
    0.5443829518E+01      0.5443829518E+01      0.4701156030E+01      0.2241730045E+01
    0.5639878430E+01      0.5639878430E+01      0.4487128109E+01      0.2549975593E+01
    0.5852970909E+01      0.5852970909E+01      0.4299459823E+01      0.2905018412E+01
    0.6077176564E+01      0.6077176564E+01      0.4107006774E+01      0.3153909122E+01
    0.6293046472E+01      0.6293046472E+01      0.3917437083E+01      0.3180900796E+01
    0.6477759413E+01      0.6477759413E+01      0.3727212088E+01      0.3110540970E+01
    0.6627349335E+01      0.6627349335E+01      0.3534736342E+01      0.2931524997E+01
    0.6734943020E+01      0.6734943020E+01      0.3352236062E+01      0.2659543975E+01
    0.0000000000E+00      0.2000000000E+02      0.0000000000E+00      0.0000000000E+00
    0.6499099715E+01      0.6499099715E+01      0.2384744450E+00     -0.9765555208E+00
    0.6516978834E+01      0.6516978834E+01      0.5162439677E+00     -0.1101974881E+01
    0.6484733155E+01      0.6484733155E+01      0.8785175510E+00     -0.1256843124E+01
    0.6451388810E+01      0.6451388810E+01      0.1231846680E+01     -0.1449689089E+01
    0.6377834449E+01      0.6377834449E+01      0.1606104988E+01     -0.1662415476E+01
    0.6258805569E+01      0.6258805569E+01      0.1973585639E+01     -0.1889318746E+01
    0.6094018812E+01      0.6094018812E+01      0.2330138946E+01     -0.2016029369E+01
    0.5883595161E+01      0.5883595161E+01      0.2716568894E+01     -0.1993181002E+01
    0.5632451358E+01      0.5632451358E+01      0.3136826421E+01     -0.1857342739E+01
    0.5357067812E+01      0.5357067812E+01      0.3564170057E+01     -0.1561755845E+01
    0.5107052373E+01      0.5107052373E+01      0.3993375540E+01     -0.1078271612E+01
    0.4883060347E+01      0.4883060347E+01      0.4299563807E+01     -0.4413241276E+00
    0.4779439195E+01      0.4779439195E+01      0.4556848035E+01      0.3017289959E+00
    0.4792855934E+01      0.4792855934E+01      0.4637832492E+01      0.1029171796E+01
    0.4927533549E+01      0.4927533549E+01      0.4501970162E+01      0.1693950111E+01
    0.5122586833E+01      0.5122586833E+01      0.4280124964E+01      0.2144517094E+01
    0.5336839259E+01      0.5336839259E+01      0.4029188873E+01      0.2431702731E+01
    0.5558671331E+01      0.5558671331E+01      0.3801152924E+01      0.2700898144E+01
    0.5790139229E+01      0.5790139229E+01      0.3605736636E+01      0.3033078660E+01
    0.6033056183E+01      0.6033056183E+01      0.3444307983E+01      0.3270489783E+01
    0.6258540845E+01      0.6258540845E+01      0.3309115687E+01      0.3302993950E+01
    0.6460526051E+01      0.6460526051E+01      0.3190723405E+01      0.3247980573E+01
    0.6624188845E+01      0.6624188845E+01      0.3077699138E+01      0.3076402141E+01
    0.6742583622E+01      0.6742583622E+01      0.2976530715E+01      0.2780292134E+01
    0.0000000000E+00      0.2000000000E+02      0.0000000000E+00      0.0000000000E+00
    0.6484197377E+01      0.6484197377E+01      0.1855387538E+00     -0.1276140339E+01
    0.6485082740E+01      0.6485082740E+01      0.3926371080E+00     -0.1346904893E+01
    0.6450680222E+01      0.6450680222E+01      0.6421591975E+00     -0.1524301515E+01
    0.6405021874E+01      0.6405021874E+01      0.8747222671E+00     -0.1730785446E+01
    0.6321938967E+01      0.6321938967E+01      0.1115371619E+01     -0.1953641132E+01
    0.6194501585E+01      0.6194501585E+01      0.1348882112E+01     -0.2169842750E+01
    0.6023436917E+01      0.6023436917E+01      0.1579440884E+01     -0.2300278963E+01
    0.5795797468E+01      0.5795797468E+01      0.1851320062E+01     -0.2318987485E+01
    0.5514515276E+01      0.5514515276E+01      0.2161924743E+01     -0.2204150578E+01
    0.5214576730E+01      0.5214576730E+01      0.2473051965E+01     -0.1893352766E+01
    0.4923598385E+01      0.4923598385E+01      0.2757910814E+01     -0.1355087754E+01
    0.4681504749E+01      0.4681504749E+01      0.2993451129E+01     -0.6714874673E+00
    0.4561404265E+01      0.4561404265E+01      0.3241433933E+01      0.1703237240E+00
    0.4599840568E+01      0.4599840568E+01      0.3388613010E+01      0.1016200278E+01
    0.4764514591E+01      0.4764514591E+01      0.3335525096E+01      0.1755425304E+01
    0.5002304166E+01      0.5002304166E+01      0.3240348072E+01      0.2262300511E+01
    0.5250727487E+01      0.5250727487E+01      0.3121034011E+01      0.2574461870E+01
    0.5507285640E+01      0.5507285640E+01      0.2960109511E+01      0.2843870179E+01
    0.5762296622E+01      0.5762296622E+01      0.2797585831E+01      0.3159046879E+01
    0.6025310953E+01      0.6025310953E+01      0.2703594194E+01      0.3357492654E+01
    0.6257274331E+01      0.6257274331E+01      0.2647320410E+01      0.3380465896E+01
    0.6458448103E+01      0.6458448103E+01      0.2613728420E+01      0.3320792075E+01
    0.6619328638E+01      0.6619328638E+01      0.2589703933E+01      0.3136013211E+01
    0.6742103313E+01      0.6742103313E+01      0.2582025019E+01      0.2819421200E+01
    0.0000000000E+00      0.2000000000E+02      0.0000000000E+00      0.0000000000E+00
    0.6448477431E+01      0.6448477431E+01      0.1159514801E+00     -0.1478098907E+01
    0.6444321969E+01      0.6444321969E+01      0.2444382352E+00     -0.1523845039E+01
    0.6408202253E+01      0.6408202253E+01      0.4026885318E+00     -0.1702813948E+01
    0.6352493040E+01      0.6352493040E+01      0.5376916960E+00     -0.1916657435E+01
    0.6262213934E+01      0.6262213934E+01      0.6594613991E+00     -0.2141615089E+01
    0.6123654342E+01      0.6123654342E+01      0.7604337403E+00     -0.2361142575E+01
    0.5938309493E+01      0.5938309493E+01      0.8454358495E+00     -0.2513495856E+01
    0.5704924013E+01      0.5704924013E+01      0.9364207629E+00     -0.2578161072E+01
    0.5415852060E+01      0.5415852060E+01      0.1051794562E+01     -0.2470924977E+01
    0.5106127651E+01      0.5106127651E+01      0.1172860787E+01     -0.2138933124E+01
    0.4801961565E+01      0.4801961565E+01      0.1277114125E+01     -0.1560985943E+01
    0.4565999814E+01      0.4565999814E+01      0.1404121431E+01     -0.8581706337E+00
    0.4435062112E+01      0.4435062112E+01      0.1606829419E+01      0.2476516131E-01
    0.4500636162E+01      0.4500636162E+01      0.1820441531E+01      0.9617951405E+00
    0.4680685139E+01      0.4680685139E+01      0.1916166788E+01      0.1722204553E+01
    0.4934210235E+01      0.4934210235E+01      0.1970562250E+01      0.2243501915E+01
    0.5205889424E+01      0.5205889424E+01      0.1991265113E+01      0.2619933319E+01
    0.5492893091E+01      0.5492893091E+01      0.1961697352E+01      0.2953865219E+01
    0.5766000459E+01      0.5766000459E+01      0.1926201191E+01      0.3237433770E+01
    0.6027349604E+01      0.6027349604E+01      0.1934253258E+01      0.3377672572E+01
    0.6254480016E+01      0.6254480016E+01      0.1961464951E+01      0.3381350677E+01
    0.6455995816E+01      0.6455995816E+01      0.2010335579E+01      0.3306898435E+01
    0.6622238602E+01      0.6622238602E+01      0.2077149890E+01      0.3102984027E+01
    0.6747351155E+01      0.6747351155E+01      0.2158001512E+01      0.2772655693E+01
    0.0000000000E+00      0.2000000000E+02      0.0000000000E+00      0.0000000000E+00
    0.6402572356E+01      0.6402572356E+01      0.5464102248E-01     -0.1606283640E+01
    0.6394257179E+01      0.6394257179E+01      0.1079339546E+00     -0.1639670482E+01
    0.6361458828E+01      0.6361458828E+01      0.1738047036E+00     -0.1811230838E+01
    0.6304950806E+01      0.6304950806E+01      0.2102649301E+00     -0.2014257859E+01
    0.6217117079E+01      0.6217117079E+01      0.2190644283E+00     -0.2228538871E+01
    0.6098349777E+01      0.6098349777E+01      0.1915728824E+00     -0.2416091002E+01
    0.5932746997E+01      0.5932746997E+01      0.1414575408E+00     -0.2551959426E+01
    0.5713617228E+01      0.5713617228E+01      0.7061573400E-01     -0.2623043765E+01
    0.5436629491E+01      0.5436629491E+01      0.1493897587E-02     -0.2521999475E+01
    0.5135858576E+01      0.5135858576E+01     -0.5470323560E-01     -0.2184510696E+01
    0.4836518554E+01      0.4836518554E+01     -0.1134445656E+00     -0.1603814410E+01
    0.4616331875E+01      0.4616331875E+01     -0.1220680853E+00     -0.9241238871E+00
    0.4506289183E+01      0.4506289183E+01     -0.7470806405E-02     -0.8026711282E-01
    0.4549531182E+01      0.4549531182E+01      0.2386188794E+00      0.8514007668E+00
    0.4724790630E+01      0.4724790630E+01      0.4576457241E+00      0.1607409082E+01
    0.4970110737E+01      0.4970110737E+01      0.6525019725E+00      0.2156212752E+01
    0.5239569984E+01      0.5239569984E+01      0.7963721726E+00      0.2580226313E+01
    0.5520262618E+01      0.5520262618E+01      0.8884268135E+00      0.2934909086E+01
    0.5806926851E+01      0.5806926851E+01      0.9903165520E+00      0.3188363670E+01
    0.6076178266E+01      0.6076178266E+01      0.1119978313E+01      0.3283894740E+01
    0.6306273452E+01      0.6306273452E+01      0.1260143778E+01      0.3274611521E+01
    0.6502092260E+01      0.6502092260E+01      0.1413161700E+01      0.3184518825E+01
    0.6658075299E+01      0.6658075299E+01      0.1580098460E+01      0.2967055440E+01
    0.6776697071E+01      0.6776697071E+01      0.1760408860E+01      0.2632824461E+01
    0.0000000000E+00      0.2000000000E+02      0.0000000000E+00      0.0000000000E+00
    0.6379340647E+01      0.6379340647E+01      0.1588237057E-02     -0.1644653462E+01
    0.6369080834E+01      0.6369080834E+01     -0.9056336613E-02     -0.1672319041E+01
    0.6336770037E+01      0.6336770037E+01     -0.1733811998E-01     -0.1833800644E+01
    0.6287230421E+01      0.6287230421E+01     -0.5717341168E-01     -0.2007245598E+01
    0.6202741322E+01      0.6202741322E+01     -0.1343611715E+00     -0.2188193862E+01
    0.6089048417E+01      0.6089048417E+01     -0.2684318213E+00     -0.2340010376E+01
    0.5934882294E+01      0.5934882294E+01     -0.4447275590E+00     -0.2450130216E+01
    0.5738425081E+01      0.5738425081E+01     -0.6613056076E+00     -0.2505116755E+01
    0.5499908058E+01      0.5499908058E+01     -0.8956297811E+00     -0.2424342841E+01
    0.5239655356E+01      0.5239655356E+01     -0.1109738195E+01     -0.2128515060E+01
    0.4985636511E+01      0.4985636511E+01     -0.1288086568E+01     -0.1616507657E+01
    0.4766972901E+01      0.4766972901E+01     -0.1423947532E+01     -0.9538778758E+00
    0.4697967204E+01      0.4697967204E+01     -0.1366450510E+01     -0.2117054215E+00
    0.4745084269E+01      0.4745084269E+01     -0.1156106646E+01      0.6248404859E+00
    0.4898906685E+01      0.4898906685E+01     -0.8911280159E+00      0.1364675704E+01
    0.5114493126E+01      0.5114493126E+01     -0.6184270348E+00      0.1955588704E+01
    0.5360811484E+01      0.5360811484E+01     -0.3735987714E+00      0.2426723962E+01
    0.5626892189E+01      0.5626892189E+01     -0.1488029411E+00      0.2790889605E+01
    0.5892530061E+01      0.5892530061E+01      0.1026905136E+00      0.3031209572E+01
    0.6139771968E+01      0.6139771968E+01      0.3585356241E+00      0.3118448346E+01
    0.6356664236E+01      0.6356664236E+01      0.6108642660E+00      0.3104459574E+01
    0.6540808660E+01      0.6540808660E+01      0.8713237886E+00      0.2990754539E+01
    0.6686119736E+01      0.6686119736E+01      0.1142227406E+01      0.2753585071E+01
    0.6801604657E+01      0.6801604657E+01      0.1413285109E+01      0.2430353640E+01
    0.0000000000E+00      0.2000000000E+02      0.0000000000E+00      0.0000000000E+00
    0.6358809255E+01      0.6358809255E+01     -0.3329774660E-01     -0.1616046150E+01
    0.6346144072E+01      0.6346144072E+01     -0.9064649362E-01     -0.1641152732E+01
    0.6312997018E+01      0.6312997018E+01     -0.1635924504E+00     -0.1786559670E+01
    0.6260759732E+01      0.6260759732E+01     -0.2774702701E+00     -0.1921691000E+01
    0.6184154118E+01      0.6184154118E+01     -0.4382043448E+00     -0.2061689370E+01
    0.6079983090E+01      0.6079983090E+01     -0.6454757458E+00     -0.2174089811E+01
    0.5944732251E+01      0.5944732251E+01     -0.8967681792E+00     -0.2250947799E+01
    0.5775730157E+01      0.5775730157E+01     -0.1190744204E+01     -0.2275732055E+01
    0.5578559646E+01      0.5578559646E+01     -0.1521654687E+01     -0.2187539637E+01
    0.5366159555E+01      0.5366159555E+01     -0.1843214772E+01     -0.1929256082E+01
    0.5158074713E+01      0.5158074713E+01     -0.2125271994E+01     -0.1496284346E+01
    0.4987807605E+01      0.4987807605E+01     -0.2318360661E+01     -0.9301110880E+00
    0.4952598402E+01      0.4952598402E+01     -0.2306728913E+01     -0.2589979124E+00
    0.4998827966E+01      0.4998827966E+01     -0.2169684105E+01      0.4668395115E+00
    0.5126477343E+01      0.5126477343E+01     -0.1922093914E+01      0.1138632291E+01
    0.5311498349E+01      0.5311498349E+01     -0.1621984198E+01      0.1728118801E+01
    0.5537237883E+01      0.5537237883E+01     -0.1307010369E+01      0.2194672093E+01
    0.5781238074E+01      0.5781238074E+01     -0.9741553780E+00      0.2542176086E+01
    0.6021814916E+01      0.6021814916E+01     -0.6077253019E+00      0.2753945664E+01
    0.6241172839E+01      0.6241172839E+01     -0.2475056687E+00      0.2839468297E+01
    0.6435853617E+01      0.6435853617E+01      0.1110770979E+00      0.2818822185E+01
    0.6599897443E+01      0.6599897443E+01      0.4755507380E+00      0.2688590585E+01
    0.6732462560E+01      0.6732462560E+01      0.8327261822E+00      0.2459268756E+01
    0.6828858212E+01      0.6828858212E+01      0.1143869771E+01      0.2183329418E+01
    0.0000000000E+00      0.2000000000E+02      0.0000000000E+00      0.0000000000E+00
    0.6337384758E+01      0.6337384758E+01     -0.6246747481E-01     -0.1541937959E+01
    0.6322921575E+01      0.6322921575E+01     -0.1595039342E+00     -0.1563646705E+01
    0.6292422515E+01      0.6292422515E+01     -0.2877878669E+00     -0.1678059420E+01
    0.6244513678E+01      0.6244513678E+01     -0.4564454973E+00     -0.1772324747E+01
    0.6176972861E+01      0.6176972861E+01     -0.6669315504E+00     -0.1871745553E+01
    0.6087031644E+01      0.6087031644E+01     -0.9157733166E+00     -0.1952865703E+01
    0.5974342354E+01      0.5974342354E+01     -0.1203837976E+01     -0.2002566365E+01
    0.5837219823E+01      0.5837219823E+01     -0.1531070294E+01     -0.1998755359E+01
    0.5678373612E+01      0.5678373612E+01     -0.1888976380E+01     -0.1895521354E+01
    0.5517257928E+01      0.5517257928E+01     -0.2239170417E+01     -0.1668410931E+01
    0.5357340857E+01      0.5357340857E+01     -0.2559343376E+01     -0.1301523532E+01
    0.5228767598E+01      0.5228767598E+01     -0.2801847563E+01     -0.8155893907E+00
    0.5226009826E+01      0.5226009826E+01     -0.2835680644E+01     -0.2294817398E+00
    0.5272456008E+01      0.5272456008E+01     -0.2746334969E+01      0.3717674988E+00
    0.5384345023E+01      0.5384345023E+01     -0.2556557319E+01      0.9439668832E+00
    0.5537792756E+01      0.5537792756E+01     -0.2250974244E+01      0.1478571892E+01
    0.5738870533E+01      0.5738870533E+01     -0.1893196848E+01      0.1907032898E+01
    0.5946677578E+01      0.5946677578E+01     -0.1482634799E+01      0.2225552828E+01
    0.6152918980E+01      0.6152918980E+01     -0.1047605653E+01      0.2415401514E+01
    0.6342426192E+01      0.6342426192E+01     -0.6163066183E+00      0.2494089103E+01
    0.6513517162E+01      0.6513517162E+01     -0.1814688043E+00      0.2462956788E+01
    0.6658021051E+01      0.6658021051E+01      0.2419848947E+00      0.2335180522E+01
    0.6770010087E+01      0.6770010087E+01      0.6245229730E+00      0.2143276325E+01
    0.6849696213E+01      0.6849696213E+01      0.9382443990E+00      0.1923399659E+01
    0.0000000000E+00      0.2000000000E+02      0.0000000000E+00      0.0000000000E+00
    0.6322552546E+01      0.6322552546E+01     -0.8465814851E-01     -0.1428303799E+01
    0.6306796400E+01      0.6306796400E+01     -0.2120834865E+00     -0.1444349513E+01
    0.6281247186E+01      0.6281247186E+01     -0.3812508141E+00     -0.1519896178E+01
    0.6238112628E+01      0.6238112628E+01     -0.5813430733E+00     -0.1578854967E+01
    0.6180268782E+01      0.6180268782E+01     -0.8171964525E+00     -0.1646392516E+01
    0.6103002681E+01      0.6103002681E+01     -0.1083754555E+01     -0.1700885412E+01
    0.6010384259E+01      0.6010384259E+01     -0.1385430676E+01     -0.1725367307E+01
    0.5898978798E+01      0.5898978798E+01     -0.1711544589E+01     -0.1691663137E+01
    0.5777382055E+01      0.5777382055E+01     -0.2054691600E+01     -0.1583606636E+01
    0.5661049950E+01      0.5661049950E+01     -0.2378994543E+01     -0.1374889777E+01
    0.5535779039E+01      0.5535779039E+01     -0.2682804402E+01     -0.1072777244E+01
    0.5451507178E+01      0.5451507178E+01     -0.2892989116E+01     -0.6625919154E+00
    0.5469238978E+01      0.5469238978E+01     -0.2940325508E+01     -0.1779595722E+00
    0.5526769292E+01      0.5526769292E+01     -0.2867355683E+01      0.3236694096E+00
    0.5631679514E+01      0.5631679514E+01     -0.2698851286E+01      0.8037127880E+00
    0.5758938335E+01      0.5758938335E+01     -0.2407035445E+01      0.1247470830E+01
    0.5932836545E+01      0.5932836545E+01     -0.2063355021E+01      0.1612448869E+01
    0.6105040359E+01      0.6105040359E+01     -0.1647146017E+01      0.1883287910E+01
    0.6277417968E+01      0.6277417968E+01     -0.1202314355E+01      0.2045810946E+01
    0.6439102615E+01      0.6439102615E+01     -0.7475356450E+00      0.2111273161E+01
    0.6585129360E+01      0.6585129360E+01     -0.2983610996E+00      0.2078535633E+01
    0.6700616233E+01      0.6700616233E+01      0.1101924586E+00      0.1970640152E+01
    0.6793843659E+01      0.6793843659E+01      0.4710866432E+00      0.1827168573E+01
    0.6862598020E+01      0.6862598020E+01      0.7714330278E+00      0.1663456082E+01
    0.0000000000E+00      0.2000000000E+02      0.0000000000E+00      0.0000000000E+00
    0.6314719789E+01      0.6314719789E+01     -0.1014648874E+00     -0.1282465478E+01
    0.6298435440E+01      0.6298435440E+01     -0.2509699333E+00     -0.1292244947E+01
    0.6278288138E+01      0.6278288138E+01     -0.4455865332E+00     -0.1329409543E+01
    0.6239427728E+01      0.6239427728E+01     -0.6566470849E+00     -0.1364911593E+01
    0.6190520290E+01      0.6190520290E+01     -0.8994350795E+00     -0.1406957072E+01
    0.6127054914E+01      0.6127054914E+01     -0.1167903442E+01     -0.1436572522E+01
    0.6052503839E+01      0.6052503839E+01     -0.1464323092E+01     -0.1436274791E+01
    0.5970393192E+01      0.5970393192E+01     -0.1779521255E+01     -0.1386313128E+01
    0.5872754378E+01      0.5872754378E+01     -0.2095027309E+01     -0.1284962320E+01
    0.5788186952E+01      0.5788186952E+01     -0.2382605405E+01     -0.1101017073E+01
    0.5689743076E+01      0.5689743076E+01     -0.2647401419E+01     -0.8586540956E+00
    0.5646443684E+01      0.5646443684E+01     -0.2804270221E+01     -0.5129454378E+00
    0.5676021247E+01      0.5676021247E+01     -0.2849100160E+01     -0.1237026192E+00
    0.5734040462E+01      0.5734040462E+01     -0.2775409807E+01      0.2822214572E+00
    0.5832615377E+01      0.5832615377E+01     -0.2616912497E+01      0.6721461106E+00
    0.5938945301E+01      0.5938945301E+01     -0.2335659590E+01      0.1024941585E+01
    0.6085653375E+01      0.6085653375E+01     -0.2005875677E+01      0.1320807624E+01
    0.6227656270E+01      0.6227656270E+01     -0.1609234956E+01      0.1537584440E+01
    0.6371176509E+01      0.6371176509E+01     -0.1187908810E+01      0.1671786377E+01
    0.6508719590E+01      0.6508719590E+01     -0.7598834825E+00      0.1727696788E+01
    0.6631261408E+01      0.6631261408E+01     -0.3485510785E+00      0.1707358907E+01
    0.6730231308E+01      0.6730231308E+01      0.2508017439E-01      0.1633254854E+01
    0.6811960723E+01      0.6811960723E+01      0.3573242555E+00      0.1531686512E+01
    0.6873259791E+01      0.6873259791E+01      0.6402498477E+00      0.1411779427E+01
    0.0000000000E+00      0.2000000000E+02      0.0000000000E+00      0.0000000000E+00
    0.6312354059E+01      0.6312354059E+01     -0.1140357970E+00     -0.1110891237E+01
    0.6296464973E+01      0.6296464973E+01     -0.2803940641E+00     -0.1114299972E+01
    0.6282751437E+01      0.6282751437E+01     -0.4879436825E+00     -0.1128374378E+01
    0.6247035013E+01      0.6247035013E+01     -0.6972963466E+00     -0.1151471816E+01
    0.6206710066E+01      0.6206710066E+01     -0.9357546019E+00     -0.1168264580E+01
    0.6153508738E+01      0.6153508738E+01     -0.1187568860E+01     -0.1176861039E+01
    0.6091169020E+01      0.6091169020E+01     -0.1455126094E+01     -0.1158856217E+01
    0.6024437264E+01      0.6024437264E+01     -0.1729524894E+01     -0.1107852478E+01
    0.5950120518E+01      0.5950120518E+01     -0.2003936103E+01     -0.1015162841E+01
    0.5891314037E+01      0.5891314037E+01     -0.2250350686E+01     -0.8567555862E+00
    0.5817981567E+01      0.5817981567E+01     -0.2478205453E+01     -0.6622534436E+00
    0.5801979519E+01      0.5801979519E+01     -0.2598112771E+01     -0.3810191331E+00
    0.5839126646E+01      0.5839126646E+01     -0.2639174628E+01     -0.7630103000E-01
    0.5893822975E+01      0.5893822975E+01     -0.2566344138E+01      0.2396561175E+00
    0.5983145712E+01      0.5983145712E+01     -0.2422750277E+01      0.5418977692E+00
    0.6073222949E+01      0.6073222949E+01     -0.2168863384E+01      0.8091644688E+00
    0.6197193619E+01      0.6197193619E+01     -0.1870010157E+01      0.1040628784E+01
    0.6317097862E+01      0.6317097862E+01     -0.1512647822E+01      0.1210569779E+01
    0.6439059024E+01      0.6439059024E+01     -0.1134881668E+01      0.1322850921E+01
    0.6557779645E+01      0.6557779645E+01     -0.7481432270E+00      0.1378239921E+01
    0.6663611005E+01      0.6663611005E+01     -0.3789385145E+00      0.1372668984E+01
    0.6751683509E+01      0.6751683509E+01     -0.4008868126E-01      0.1326752056E+01
    0.6824684227E+01      0.6824684227E+01      0.2648825785E+00      0.1256983826E+01
    0.6881547144E+01      0.6881547144E+01      0.5316454944E+00      0.1170828370E+01
    0.0000000000E+00      0.2000000000E+02      0.0000000000E+00      0.0000000000E+00
    0.6314937460E+01      0.6314937460E+01     -0.1223929677E+00     -0.9232852898E+00
    0.6299679677E+01      0.6299679677E+01     -0.2982103562E+00     -0.9230682593E+00
    0.6288428248E+01      0.6288428248E+01     -0.5098072020E+00     -0.9224086581E+00
    0.6257159741E+01      0.6257159741E+01     -0.7185159272E+00     -0.9378333874E+00
    0.6224495267E+01      0.6224495267E+01     -0.9504340441E+00     -0.9351274526E+00
    0.6178751886E+01      0.6178751886E+01     -0.1186097412E+01     -0.9327565063E+00
    0.6127476992E+01      0.6127476992E+01     -0.1430136853E+01     -0.9046086509E+00
    0.6070800491E+01      0.6070800491E+01     -0.1670766489E+01     -0.8573486335E+00
    0.6013401931E+01      0.6013401931E+01     -0.1904563501E+01     -0.7748237620E+00
    0.5966020017E+01      0.5966020017E+01     -0.2110607913E+01     -0.6490374328E+00
    0.5916173011E+01      0.5916173011E+01     -0.2291549081E+01     -0.4917211803E+00
    0.5915811194E+01      0.5915811194E+01     -0.2374808479E+01     -0.2732156553E+00
    0.5960088326E+01      0.5960088326E+01     -0.2400766445E+01     -0.3920860089E-01
    0.6007801557E+01      0.6007801557E+01     -0.2320337872E+01      0.1954603666E+00
    0.6091295686E+01      0.6091295686E+01     -0.2189860884E+01      0.4238299664E+00
    0.6174031889E+01      0.6174031889E+01     -0.1967474940E+01      0.6218662562E+00
    0.6281207805E+01      0.6281207805E+01     -0.1703863435E+01      0.7972951080E+00
    0.6387627803E+01      0.6387627803E+01     -0.1393934405E+01      0.9288179897E+00
    0.6493737875E+01      0.6493737875E+01     -0.1064560836E+01      0.1020075118E+01
    0.6595514250E+01      0.6595514250E+01     -0.7269960999E+00      0.1070145839E+01
    0.6688662072E+01      0.6688662072E+01     -0.3975182416E+00      0.1075396662E+01
    0.6768582293E+01      0.6768582293E+01     -0.8868068794E-01      0.1049181087E+01
    0.6835005167E+01      0.6835005167E+01      0.1939493992E+00      0.1002360862E+01
    0.6888409966E+01      0.6888409966E+01      0.4475022134E+00      0.9415000582E+00
    0.0000000000E+00      0.2000000000E+02      0.0000000000E+00      0.0000000000E+00
    0.6317847768E+01      0.6317847768E+01     -0.1278803548E+00     -0.7232180845E+00
    0.6303385659E+01      0.6303385659E+01     -0.3095705526E+00     -0.7210100916E+00
    0.6294166842E+01      0.6294166842E+01     -0.5218107461E+00     -0.7167523882E+00
    0.6266419653E+01      0.6266419653E+01     -0.7267081288E+00     -0.7266895921E+00
    0.6238218803E+01      0.6238218803E+01     -0.9489453637E+00     -0.7152181411E+00
    0.6198526676E+01      0.6198526676E+01     -0.1169536512E+01     -0.7071977686E+00
    0.6155143004E+01      0.6155143004E+01     -0.1394202158E+01     -0.6772040087E+00
    0.6105442612E+01      0.6105442612E+01     -0.1612778989E+01     -0.6372514876E+00
    0.6061461139E+01      0.6061461139E+01     -0.1812579209E+01     -0.5671736639E+00
    0.6019502813E+01      0.6019502813E+01     -0.1992509666E+01     -0.4753819298E+00
    0.5988031664E+01      0.5988031664E+01     -0.2131988924E+01     -0.3524752215E+00
    0.5994756951E+01      0.5994756951E+01     -0.2195491737E+01     -0.1932714808E+00
    0.6043736099E+01      0.6043736099E+01     -0.2205190515E+01     -0.1813300692E-01
    0.6086716613E+01      0.6086716613E+01     -0.2123319841E+01      0.1467711396E+00
    0.6165240123E+01      0.6165240123E+01     -0.2000888824E+01      0.3169844436E+00
    0.6244873085E+01      0.6244873085E+01     -0.1803572277E+01      0.4592569937E+00
    0.6340016234E+01      0.6340016234E+01     -0.1567264994E+01      0.5877122753E+00
    0.6437229190E+01      0.6437229190E+01     -0.1295703789E+01      0.6858403577E+00
    0.6531922902E+01      0.6531922902E+01     -0.1004570089E+01      0.7556390055E+00
    0.6621892152E+01      0.6621892152E+01     -0.7052771685E+00      0.7963691587E+00
    0.6706176613E+01      0.6706176613E+01     -0.4075507212E+00      0.8062070483E+00
    0.6779827367E+01      0.6779827367E+01     -0.1231135670E+00      0.7919838742E+00
    0.6841813051E+01      0.6841813051E+01      0.1418903567E+00      0.7615215261E+00
    0.6893367275E+01      0.6893367275E+01      0.3852345115E+00      0.7202110078E+00
    0.0000000000E+00      0.2000000000E+02      0.0000000000E+00      0.0000000000E+00
    0.6321763910E+01      0.6321763910E+01     -0.1320967990E+00     -0.5166116160E+00
    0.6308454100E+01      0.6308454100E+01     -0.3164719350E+00     -0.5145592211E+00
    0.6300884271E+01      0.6300884271E+01     -0.5285891687E+00     -0.5116298282E+00
    0.6276050408E+01      0.6276050408E+01     -0.7312990041E+00     -0.5177601422E+00
    0.6249211672E+01      0.6249211672E+01     -0.9445586314E+00     -0.5057771245E+00
    0.6213678298E+01      0.6213678298E+01     -0.1154065553E+01     -0.4962739633E+00
    0.6175170607E+01      0.6175170607E+01     -0.1363400723E+01     -0.4695217345E+00
    0.6131578001E+01      0.6131578001E+01     -0.1565685300E+01     -0.4383327378E+00
    0.6098053538E+01      0.6098053538E+01     -0.1741741423E+01     -0.3825612409E+00
    0.6060442812E+01      0.6060442812E+01     -0.1898908769E+01     -0.3203675612E+00
    0.6042496098E+01      0.6042496098E+01     -0.2006622631E+01     -0.2307942560E+00
    0.6053403550E+01      0.6053403550E+01     -0.2055299369E+01     -0.1244135214E+00
    0.6102029609E+01      0.6102029609E+01     -0.2055870191E+01     -0.3927779682E-02
    0.6144043692E+01      0.6144043692E+01     -0.1977619561E+01      0.1047489767E+00
    0.6215569995E+01      0.6215569995E+01     -0.1857754848E+01      0.2208342854E+00
    0.6294311239E+01      0.6294311239E+01     -0.1682601355E+01      0.3173356241E+00
    0.6379423545E+01      0.6379423545E+01     -0.1465340479E+01      0.4037553711E+00
    0.6470254293E+01      0.6470254293E+01     -0.1221006399E+01      0.4714882347E+00
    0.6557187762E+01      0.6557187762E+01     -0.9556528470E+00      0.5198971739E+00
    0.6640268231E+01      0.6640268231E+01     -0.6811315039E+00      0.5493207663E+00
    0.6718864262E+01      0.6718864262E+01     -0.4045606263E+00      0.5597644380E+00
    0.6788380626E+01      0.6788380626E+01     -0.1372397253E+00      0.5526959605E+00
    0.6847720751E+01      0.6847720751E+01      0.1150178182E+00      0.5338639662E+00
    0.6898258370E+01      0.6898258370E+01      0.3502412997E+00      0.5075915140E+00
    0.0000000000E+00      0.2000000000E+02      0.0000000000E+00      0.0000000000E+00
    0.6324503726E+01      0.6324503726E+01     -0.1332274198E+00     -0.3086825101E+00
    0.6312720853E+01      0.6312720853E+01     -0.3172731592E+00     -0.3071093384E+00
    0.6307077456E+01      0.6307077456E+01     -0.5277990483E+00     -0.3053752278E+00
    0.6285512601E+01      0.6285512601E+01     -0.7283666410E+00     -0.3081476903E+00
    0.6259699612E+01      0.6259699612E+01     -0.9356730485E+00     -0.3003894222E+00
    0.6225200745E+01      0.6225200745E+01     -0.1137930066E+01     -0.2939735170E+00
    0.6187549877E+01      0.6187549877E+01     -0.1337584806E+01     -0.2768368804E+00
    0.6146783546E+01      0.6146783546E+01     -0.1530216595E+01     -0.2580126222E+00
    0.6119021717E+01      0.6119021717E+01     -0.1694007941E+01     -0.2222783996E+00
    0.6083704379E+01      0.6083704379E+01     -0.1840469501E+01     -0.1873719923E+00
    0.6073843126E+01      0.6073843126E+01     -0.1931431846E+01     -0.1326384923E+00
    0.6087559873E+01      0.6087559873E+01     -0.1972801074E+01     -0.7150900136E-01
    0.6134528379E+01      0.6134528379E+01     -0.1963572189E+01      0.6875829470E-04
    0.6178590734E+01      0.6178590734E+01     -0.1882769196E+01      0.6173839270E-01
    0.6246486556E+01      0.6246486556E+01     -0.1763701596E+01      0.1309338392E+00
    0.6323952880E+01      0.6323952880E+01     -0.1599762709E+01      0.1870599292E+00
    0.6403424551E+01      0.6403424551E+01     -0.1394684205E+01      0.2365959046E+00
    0.6490246260E+01      0.6490246260E+01     -0.1166766955E+01      0.2759057519E+00
    0.6572985278E+01      0.6572985278E+01     -0.9175015357E+00      0.3038803342E+00
    0.6652689975E+01      0.6652689975E+01     -0.6585926631E+00      0.3213533911E+00
    0.6727540504E+01      0.6727540504E+01     -0.3974915605E+00      0.3286670412E+00
    0.6794073370E+01      0.6794073370E+01     -0.1426956521E+00      0.3255415618E+00
    0.6851930323E+01      0.6851930323E+01      0.1004546016E+00      0.3154454442E+00
    0.6901855357E+01      0.6901855357E+01      0.3294020189E+00      0.3010905609E+00
    0.0000000000E+00      0.2000000000E+02      0.0000000000E+00      0.0000000000E+00
    0.6325464758E+01      0.6325464758E+01     -0.1330497909E+00     -0.1024568000E+00
    0.6314880171E+01      0.6314880171E+01     -0.3159882657E+00     -0.1016047537E+00
    0.6311096533E+01      0.6311096533E+01     -0.5247435947E+00     -0.1005784478E+00
    0.6291750911E+01      0.6291750911E+01     -0.7234571319E+00     -0.1009092019E+00
    0.6266995321E+01      0.6266995321E+01     -0.9276126236E+00     -0.9796261970E-01
    0.6233561029E+01      0.6233561029E+01     -0.1126220591E+01     -0.9542020280E-01
    0.6195582641E+01      0.6195582641E+01     -0.1320828133E+01     -0.8957726815E-01
    0.6157146144E+01      0.6157146144E+01     -0.1505902154E+01     -0.8261907393E-01
    0.6131461986E+01      0.6131461986E+01     -0.1662534922E+01     -0.7018966230E-01
    0.6099100114E+01      0.6099100114E+01     -0.1801955294E+01     -0.5787373281E-01
    0.6093902397E+01      0.6093902397E+01     -0.1882978270E+01     -0.3874464466E-01
    0.6109728965E+01      0.6109728965E+01     -0.1919838720E+01     -0.1855610610E-01
    0.6152439262E+01      0.6152439262E+01     -0.1906210568E+01      0.3526264472E-02
    0.6198579104E+01      0.6198579104E+01     -0.1833766611E+01      0.2384175549E-01
    0.6262407811E+01      0.6262407811E+01     -0.1715859432E+01      0.4638779513E-01
    0.6339292927E+01      0.6339292927E+01     -0.1557699957E+01      0.6472057262E-01
    0.6416316658E+01      0.6416316658E+01     -0.1357464051E+01      0.8059238836E-01
    0.6501622700E+01      0.6501622700E+01     -0.1135660631E+01      0.9325101695E-01
    0.6582867914E+01      0.6582867914E+01     -0.8924370484E+00      0.1021662069E+00
    0.6661152930E+01      0.6661152930E+01     -0.6398825000E+00      0.1076523048E+00
    0.6734195982E+01      0.6734195982E+01     -0.3857481912E+00      0.1098290531E+00
    0.6798970215E+01      0.6798970215E+01     -0.1372090954E+00      0.1086211002E+00
    0.6855912176E+01      0.6855912176E+01      0.1013562452E+00      0.1052348945E+00
    0.6905168221E+01      0.6905168221E+01      0.3266187434E+00      0.1004650891E+00
