    0.6029217566E+01      0.6029217566E+01      0.4245582785E+01     -0.3353904693E+01
    0.6110811838E+01      0.6110811838E+01      0.4068157871E+01     -0.3190302090E+01
    0.6182296668E+01      0.6182296668E+01      0.3921930335E+01     -0.3033529060E+01
    0.6242118492E+01      0.6242118492E+01      0.3796065434E+01     -0.2885374500E+01
    0.6291645433E+01      0.6291645433E+01      0.3685243226E+01     -0.2746513275E+01
    0.6334105440E+01      0.6334105440E+01      0.3587801128E+01     -0.2617189302E+01
    0.6368675924E+01      0.6368675924E+01      0.3499168752E+01     -0.2497860480E+01
    0.6396298065E+01      0.6396298065E+01      0.3418129044E+01     -0.2385617080E+01
    0.6420631812E+01      0.6420631812E+01      0.3347513662E+01     -0.2278263241E+01
    0.6443889272E+01      0.6443889272E+01      0.3288609962E+01     -0.2176114790E+01
    0.6465189149E+01      0.6465189149E+01      0.3238812977E+01     -0.2079018368E+01
    0.6482532466E+01      0.6482532466E+01      0.3194230307E+01     -0.1986517044E+01
    0.6496317403E+01      0.6496317403E+01      0.3153486311E+01     -0.1899926716E+01
    0.6507934473E+01      0.6507934473E+01      0.3116734261E+01     -0.1820402589E+01
    0.6517099950E+01      0.6517099950E+01      0.3083031884E+01     -0.1746833530E+01
    0.6522362447E+01      0.6522362447E+01      0.3050483253E+01     -0.1677439562E+01
    0.6523704485E+01      0.6523704485E+01      0.3018767659E+01     -0.1610833084E+01
    0.6523122910E+01      0.6523122910E+01      0.2990307889E+01     -0.1547063324E+01
    0.6520951711E+01      0.6520951711E+01      0.2965246488E+01     -0.1485602425E+01
    0.6516615023E+01      0.6516615023E+01      0.2942295081E+01     -0.1425869690E+01
    0.6509122337E+01      0.6509122337E+01      0.2919896459E+01     -0.1366498207E+01
    0.6498698194E+01      0.6498698194E+01      0.2895957652E+01     -0.1306971536E+01
    0.6484907253E+01      0.6484907253E+01      0.2867340345E+01     -0.1247508310E+01
    0.6468695001E+01      0.6468695001E+01      0.2830788429E+01     -0.1187789157E+01
    0.6432460339E+01      0.6432460339E+01      0.2774889269E+01     -0.1089463187E+01
    0.6083255460E+01      0.6083255460E+01      0.4396043231E+01     -0.3140021363E+01
    0.6156332056E+01      0.6156332056E+01      0.4214399395E+01     -0.3002488315E+01
    0.6220964904E+01      0.6220964904E+01      0.4061993981E+01     -0.2868127335E+01
    0.6275537162E+01      0.6275537162E+01      0.3929104417E+01     -0.2738865626E+01
    0.6320990965E+01      0.6320990965E+01      0.3811095327E+01     -0.2615052231E+01
    0.6359972870E+01      0.6359972870E+01      0.3706506304E+01     -0.2498155468E+01
    0.6392071072E+01      0.6392071072E+01      0.3611546406E+01     -0.2389394469E+01
    0.6418019330E+01      0.6418019330E+01      0.3524548935E+01     -0.2286597115E+01
    0.6440486511E+01      0.6440486511E+01      0.3447326131E+01     -0.2188039167E+01
    0.6461886777E+01      0.6461886777E+01      0.3381742635E+01     -0.2093932956E+01
    0.6482010079E+01      0.6482010079E+01      0.3326259194E+01     -0.2004414160E+01
    0.6498670163E+01      0.6498670163E+01      0.3276864874E+01     -0.1918536674E+01
    0.6511271659E+01      0.6511271659E+01      0.3231316489E+01     -0.1837064306E+01
    0.6521219121E+01      0.6521219121E+01      0.3189793131E+01     -0.1761644929E+01
    0.6529469016E+01      0.6529469016E+01      0.3152601704E+01     -0.1692033600E+01
    0.6535022757E+01      0.6535022757E+01      0.3118176345E+01     -0.1626772284E+01
    0.6536776890E+01      0.6536776890E+01      0.3084875215E+01     -0.1564417243E+01
    0.6536435247E+01      0.6536435247E+01      0.3054694851E+01     -0.1504947696E+01
    0.6534886218E+01      0.6534886218E+01      0.3028190372E+01     -0.1448069632E+01
    0.6532115585E+01      0.6532115585E+01      0.3003997988E+01     -0.1393627679E+01
    0.6527929701E+01      0.6527929701E+01      0.2980773402E+01     -0.1340727850E+01
    0.6522733600E+01      0.6522733600E+01      0.2956074129E+01     -0.1289399002E+01
    0.6517048862E+01      0.6517048862E+01      0.2927679474E+01     -0.1238629185E+01
    0.6509322358E+01      0.6509322358E+01      0.2894046436E+01     -0.1188304592E+01
    0.6477974451E+01      0.6477974451E+01      0.2845982127E+01     -0.1102647760E+01
    0.6135379068E+01      0.6135379068E+01      0.4522250493E+01     -0.2925336234E+01
    0.6200937699E+01      0.6200937699E+01      0.4340231373E+01     -0.2810901220E+01
    0.6259049823E+01      0.6259049823E+01      0.4184337706E+01     -0.2696736138E+01
    0.6308528094E+01      0.6308528094E+01      0.4046678778E+01     -0.2585610273E+01
    0.6350051687E+01      0.6350051687E+01      0.3923338146E+01     -0.2476976989E+01
    0.6385565288E+01      0.6385565288E+01      0.3813043809E+01     -0.2372900208E+01
    0.6415214206E+01      0.6415214206E+01      0.3713054887E+01     -0.2274725515E+01
    0.6439513574E+01      0.6439513574E+01      0.3621523334E+01     -0.2181337855E+01
    0.6460260009E+01      0.6460260009E+01      0.3539247892E+01     -0.2091640317E+01
    0.6479728205E+01      0.6479728205E+01      0.3468025611E+01     -0.2005786473E+01
    0.6498291973E+01      0.6498291973E+01      0.3407262932E+01     -0.1923935120E+01
    0.6514155256E+01      0.6514155256E+01      0.3353556501E+01     -0.1845057274E+01
    0.6525886189E+01      0.6525886189E+01      0.3304001747E+01     -0.1769356970E+01
    0.6534312632E+01      0.6534312632E+01      0.3258264668E+01     -0.1698431412E+01
    0.6541262020E+01      0.6541262020E+01      0.3217594465E+01     -0.1632852537E+01
    0.6546304031E+01      0.6546304031E+01      0.3180982142E+01     -0.1571403993E+01
    0.6547870449E+01      0.6547870449E+01      0.3145945864E+01     -0.1513089131E+01
    0.6547488261E+01      0.6547488261E+01      0.3114267389E+01     -0.1457731346E+01
    0.6546222583E+01      0.6546222583E+01      0.3086131289E+01     -0.1405027231E+01
    0.6544483480E+01      0.6544483480E+01      0.3060095442E+01     -0.1355276545E+01
    0.6542583052E+01      0.6542583052E+01      0.3034675872E+01     -0.1308003982E+01
    0.6541619991E+01      0.6541619991E+01      0.3007925427E+01     -0.1263637955E+01
    0.6541138559E+01      0.6541138559E+01      0.2978532882E+01     -0.1220754912E+01
    0.6538558526E+01      0.6538558526E+01      0.2947017385E+01     -0.1177147408E+01
    0.6514022031E+01      0.6514022031E+01      0.2909260981E+01     -0.1103385146E+01
    0.6186326190E+01      0.6186326190E+01      0.4627218194E+01     -0.2711556379E+01
    0.6244168664E+01      0.6244168664E+01      0.4447138452E+01     -0.2617597526E+01
    0.6296120540E+01      0.6296120540E+01      0.4289919880E+01     -0.2522244601E+01
    0.6340881108E+01      0.6340881108E+01      0.4149451548E+01     -0.2427785710E+01
    0.6378672776E+01      0.6378672776E+01      0.4022355755E+01     -0.2334100650E+01
    0.6410878109E+01      0.6410878109E+01      0.3907688418E+01     -0.2242893717E+01
    0.6438194545E+01      0.6438194545E+01      0.3803784332E+01     -0.2155394677E+01
    0.6460859711E+01      0.6460859711E+01      0.3708806186E+01     -0.2071461962E+01
    0.6480012264E+01      0.6480012264E+01      0.3622766956E+01     -0.1990593667E+01
    0.6497599507E+01      0.6497599507E+01      0.3547039545E+01     -0.1912991229E+01
    0.6514463679E+01      0.6514463679E+01      0.3481669438E+01     -0.1838746012E+01
    0.6529390001E+01      0.6529390001E+01      0.3424167481E+01     -0.1767016720E+01
    0.6540416643E+01      0.6540416643E+01      0.3371285557E+01     -0.1697500380E+01
    0.6547533816E+01      0.6547533816E+01      0.3321946070E+01     -0.1631583205E+01
    0.6553105619E+01      0.6553105619E+01      0.3278116854E+01     -0.1570337243E+01
    0.6557099015E+01      0.6557099015E+01      0.3239104205E+01     -0.1512678521E+01
    0.6558018106E+01      0.6558018106E+01      0.3202205063E+01     -0.1458405718E+01
    0.6557504240E+01      0.6557504240E+01      0.3169216109E+01     -0.1407043289E+01
    0.6556486639E+01      0.6556486639E+01      0.3139275491E+01     -0.1358417808E+01
    0.6555805219E+01      0.6555805219E+01      0.3110783137E+01     -0.1313164429E+01
    0.6556012076E+01      0.6556012076E+01      0.3082457734E+01     -0.1271123740E+01
    0.6557902055E+01      0.6557902055E+01      0.3052946357E+01     -0.1232556271E+01
    0.6560168759E+01      0.6560168759E+01      0.3022886974E+01     -0.1195367957E+01
    0.6559529766E+01      0.6559529766E+01      0.2992991033E+01     -0.1157260688E+01
    0.6539662744E+01      0.6539662744E+01      0.2962570575E+01     -0.1093362377E+01
    0.6233928364E+01      0.6233928364E+01      0.4711585004E+01     -0.2502147657E+01
    0.6285713860E+01      0.6285713860E+01      0.4535545771E+01     -0.2425953413E+01
    0.6332004274E+01      0.6332004274E+01      0.4379603134E+01     -0.2346885107E+01
    0.6372484678E+01      0.6372484678E+01      0.4238375962E+01     -0.2267472869E+01
    0.6406763170E+01      0.6406763170E+01      0.4108909644E+01     -0.2187896327E+01
    0.6435904789E+01      0.6435904789E+01      0.3991040589E+01     -0.2109261334E+01
    0.6460982324E+01      0.6460982324E+01      0.3884136069E+01     -0.2032525556E+01
    0.6482018293E+01      0.6482018293E+01      0.3786518361E+01     -0.1958157742E+01
    0.6499668003E+01      0.6499668003E+01      0.3697685096E+01     -0.1886101090E+01
    0.6515550135E+01      0.6515550135E+01      0.3618543019E+01     -0.1816637622E+01
    0.6530724980E+01      0.6530724980E+01      0.3549372769E+01     -0.1749812639E+01
    0.6544613031E+01      0.6544613031E+01      0.3488633599E+01     -0.1685184725E+01
    0.6554956092E+01      0.6554956092E+01      0.3432958507E+01     -0.1622095469E+01
    0.6560957249E+01      0.6560957249E+01      0.3380611565E+01     -0.1561822831E+01
    0.6565210577E+01      0.6565210577E+01      0.3334094951E+01     -0.1505207937E+01
    0.6567755006E+01      0.6567755006E+01      0.3292434502E+01     -0.1451490573E+01
    0.6567874816E+01      0.6567874816E+01      0.3253874706E+01     -0.1401394785E+01
    0.6567299612E+01      0.6567299612E+01      0.3219543019E+01     -0.1353982073E+01
    0.6566715341E+01      0.6566715341E+01      0.3187225194E+01     -0.1309461435E+01
    0.6567247768E+01      0.6567247768E+01      0.3156167173E+01     -0.1268470963E+01
    0.6569416994E+01      0.6569416994E+01      0.3124650864E+01     -0.1231471814E+01
    0.6573139786E+01      0.6573139786E+01      0.3092694523E+01     -0.1197939005E+01
    0.6575786914E+01      0.6575786914E+01      0.3062437613E+01     -0.1164679265E+01
    0.6575047202E+01      0.6575047202E+01      0.3034228796E+01     -0.1130711564E+01
    0.6557660439E+01      0.6557660439E+01      0.3008748177E+01     -0.1075670088E+01
    0.6279780998E+01      0.6279780998E+01      0.4779056624E+01     -0.2297956994E+01
    0.6325461947E+01      0.6325461947E+01      0.4607484071E+01     -0.2237098969E+01
    0.6366982984E+01      0.6366982984E+01      0.4454271540E+01     -0.2172552325E+01
    0.6403446760E+01      0.6403446760E+01      0.4314239172E+01     -0.2106437962E+01
    0.6434268668E+01      0.6434268668E+01      0.4183873232E+01     -0.2039802197E+01
    0.6460595208E+01      0.6460595208E+01      0.4063861302E+01     -0.1973067798E+01
    0.6483489569E+01      0.6483489569E+01      0.3954679338E+01     -0.1907027468E+01
    0.6502889196E+01      0.6502889196E+01      0.3855016094E+01     -0.1842314027E+01
    0.6519127755E+01      0.6519127755E+01      0.3764097274E+01     -0.1779077092E+01
    0.6533566682E+01      0.6533566682E+01      0.3682493364E+01     -0.1717621779E+01
    0.6547185135E+01      0.6547185135E+01      0.3610361301E+01     -0.1658061527E+01
    0.6559958549E+01      0.6559958549E+01      0.3546955548E+01     -0.1600334632E+01
    0.6569472334E+01      0.6569472334E+01      0.3488829884E+01     -0.1543721543E+01
    0.6574531452E+01      0.6574531452E+01      0.3434161996E+01     -0.1489696724E+01
    0.6577423697E+01      0.6577423697E+01      0.3385297926E+01     -0.1437650070E+01
    0.6578335575E+01      0.6578335575E+01      0.3340842541E+01     -0.1388438609E+01
    0.6577891244E+01      0.6577891244E+01      0.3301192554E+01     -0.1342556281E+01
    0.6577305714E+01      0.6577305714E+01      0.3264777167E+01     -0.1299174783E+01
    0.6577560205E+01      0.6577560205E+01      0.3230172915E+01     -0.1259010245E+01
    0.6579408939E+01      0.6579408939E+01      0.3196059946E+01     -0.1222343409E+01
    0.6583219831E+01      0.6583219831E+01      0.3161374192E+01     -0.1189988855E+01
    0.6587713806E+01      0.6587713806E+01      0.3128584767E+01     -0.1160764003E+01
    0.6589398657E+01      0.6589398657E+01      0.3098030377E+01     -0.1130663238E+01
    0.6587637328E+01      0.6587637328E+01      0.3071872823E+01     -0.1100092910E+01
    0.6571460955E+01      0.6571460955E+01      0.3049286363E+01     -0.1052388618E+01
    0.6322656731E+01      0.6322656731E+01      0.4830657076E+01     -0.2100337798E+01
    0.6363566881E+01      0.6363566881E+01      0.4664592103E+01     -0.2052903616E+01
    0.6400704321E+01      0.6400704321E+01      0.4514783755E+01     -0.2000762884E+01
    0.6433769895E+01      0.6433769895E+01      0.4377167454E+01     -0.1946416621E+01
    0.6461348900E+01      0.6461348900E+01      0.4247672717E+01     -0.1891145305E+01
    0.6484865337E+01      0.6484865337E+01      0.4126835910E+01     -0.1835531034E+01
    0.6505595237E+01      0.6505595237E+01      0.4016055855E+01     -0.1779796500E+01
    0.6523355798E+01      0.6523355798E+01      0.3914796733E+01     -0.1724649096E+01
    0.6538323732E+01      0.6538323732E+01      0.3822368808E+01     -0.1670208372E+01
    0.6551545683E+01      0.6551545683E+01      0.3739033336E+01     -0.1616576506E+01
    0.6563842828E+01      0.6563842828E+01      0.3664725952E+01     -0.1564220919E+01
    0.6575446253E+01      0.6575446253E+01      0.3599147595E+01     -0.1513122200E+01
    0.6583908602E+01      0.6583908602E+01      0.3538867641E+01     -0.1463099907E+01
    0.6588053482E+01      0.6588053482E+01      0.3482572891E+01     -0.1415234301E+01
    0.6589398764E+01      0.6589398764E+01      0.3431182933E+01     -0.1367988976E+01
    0.6589045232E+01      0.6589045232E+01      0.3384940539E+01     -0.1323819826E+01
    0.6588264612E+01      0.6588264612E+01      0.3343637684E+01     -0.1282283938E+01
    0.6588010829E+01      0.6588010829E+01      0.3304912223E+01     -0.1243316637E+01
    0.6589522281E+01      0.6589522281E+01      0.3267684391E+01     -0.1207820083E+01
    0.6593083655E+01      0.6593083655E+01      0.3230372351E+01     -0.1175840221E+01
    0.6597442870E+01      0.6597442870E+01      0.3193454053E+01     -0.1147619789E+01
    0.6601909340E+01      0.6601909340E+01      0.3161143330E+01     -0.1121667781E+01
    0.6601925828E+01      0.6601925828E+01      0.3130374710E+01     -0.1094752754E+01
    0.6599084087E+01      0.6599084087E+01      0.3106423046E+01     -0.1067286010E+01
    0.6583203013E+01      0.6583203013E+01      0.3085203206E+01     -0.1025751221E+01
    0.6363653024E+01      0.6363653024E+01      0.4868977987E+01     -0.1910118130E+01
    0.6400302753E+01      0.6400302753E+01      0.4708876726E+01     -0.1873515118E+01
    0.6433668931E+01      0.6433668931E+01      0.4563106299E+01     -0.1832457309E+01
    0.6463251978E+01      0.6463251978E+01      0.4428024982E+01     -0.1788692329E+01
    0.6487937320E+01      0.6487937320E+01      0.4300247077E+01     -0.1743539641E+01
    0.6508859474E+01      0.6508859474E+01      0.4180121821E+01     -0.1697727510E+01
    0.6527256088E+01      0.6527256088E+01      0.4068772177E+01     -0.1651760030E+01
    0.6543346561E+01      0.6543346561E+01      0.3966425956E+01     -0.1605843787E+01
    0.6557214379E+01      0.6557214379E+01      0.3873000213E+01     -0.1560023903E+01
    0.6569440766E+01      0.6569440766E+01      0.3788460591E+01     -0.1514068573E+01
    0.6580646736E+01      0.6580646736E+01      0.3712648668E+01     -0.1468844594E+01
    0.6590975888E+01      0.6590975888E+01      0.3645247509E+01     -0.1424128827E+01
    0.6598240674E+01      0.6598240674E+01      0.3583297880E+01     -0.1380849766E+01
    0.6601155416E+01      0.6601155416E+01      0.3525464272E+01     -0.1338433138E+01
    0.6601109998E+01      0.6601109998E+01      0.3471859887E+01     -0.1296915408E+01
    0.6600148990E+01      0.6600148990E+01      0.3424685985E+01     -0.1257868590E+01
    0.6599243185E+01      0.6599243185E+01      0.3380820213E+01     -0.1221013055E+01
    0.6600111177E+01      0.6600111177E+01      0.3339753342E+01     -0.1187085395E+01
    0.6603153071E+01      0.6603153071E+01      0.3299235202E+01     -0.1156675223E+01
    0.6607870915E+01      0.6607870915E+01      0.3259359378E+01     -0.1129236050E+01
    0.6612679225E+01      0.6612679225E+01      0.3222254354E+01     -0.1105235514E+01
    0.6615649138E+01      0.6615649138E+01      0.3189741930E+01     -0.1081420417E+01
    0.6614205178E+01      0.6614205178E+01      0.3160366477E+01     -0.1057532818E+01
    0.6610213204E+01      0.6610213204E+01      0.3137720954E+01     -0.1033265960E+01
    0.6594199161E+01      0.6594199161E+01      0.3116937807E+01     -0.9972593134E+00
    0.6403016214E+01      0.6403016214E+01      0.4896412002E+01     -0.1726767017E+01
    0.6435884036E+01      0.6435884036E+01      0.4742056874E+01     -0.1700024976E+01
    0.6465450476E+01      0.6465450476E+01      0.4600339960E+01     -0.1668637918E+01
    0.6491706957E+01      0.6491706957E+01      0.4468166499E+01     -0.1634497009E+01
    0.6513494211E+01      0.6513494211E+01      0.4342320468E+01     -0.1598548296E+01
    0.6532020358E+01      0.6532020358E+01      0.4223465096E+01     -0.1561484630E+01
    0.6548497782E+01      0.6548497782E+01      0.4112787410E+01     -0.1524047983E+01
    0.6562974052E+01      0.6562974052E+01      0.4010339824E+01     -0.1486699658E+01
    0.6575814620E+01      0.6575814620E+01      0.3916458187E+01     -0.1449035306E+01
    0.6587248648E+01      0.6587248648E+01      0.3831176484E+01     -0.1410671751E+01
    0.6597455846E+01      0.6597455846E+01      0.3754317326E+01     -0.1372251910E+01
    0.6606502531E+01      0.6606502531E+01      0.3685449373E+01     -0.1334055573E+01
    0.6612351988E+01      0.6612351988E+01      0.3622197438E+01     -0.1296996560E+01
    0.6613655353E+01      0.6613655353E+01      0.3562284149E+01     -0.1260262022E+01
    0.6612928110E+01      0.6612928110E+01      0.3508322088E+01     -0.1224643523E+01
    0.6611606038E+01      0.6611606038E+01      0.3459002672E+01     -0.1190711992E+01
    0.6611461260E+01      0.6611461260E+01      0.3412854985E+01     -0.1159248950E+01
    0.6613701794E+01      0.6613701794E+01      0.3368579848E+01     -0.1130846717E+01
    0.6618171452E+01      0.6618171452E+01      0.3325204171E+01     -0.1105616338E+01
    0.6623211518E+01      0.6623211518E+01      0.3283878462E+01     -0.1082261615E+01
    0.6628063092E+01      0.6628063092E+01      0.3247926678E+01     -0.1061888364E+01
    0.6629043032E+01      0.6629043032E+01      0.3214786822E+01     -0.1040537052E+01
    0.6626367803E+01      0.6626367803E+01      0.3187390180E+01     -0.1019521138E+01
    0.6621430623E+01      0.6621430623E+01      0.3165592946E+01     -0.9984651054E+00
    0.6605106432E+01      0.6605106432E+01      0.3144727710E+01     -0.9676745475E+00
    0.6441078473E+01      0.6441078473E+01      0.4915091247E+01     -0.1550765918E+01
    0.6470253971E+01      0.6470253971E+01      0.4765845488E+01     -0.1532386774E+01
    0.6496311665E+01      0.6496311665E+01      0.4627872343E+01     -0.1509654970E+01
    0.6519386678E+01      0.6519386678E+01      0.4498540772E+01     -0.1483937106E+01
    0.6538522861E+01      0.6538522861E+01      0.4374932422E+01     -0.1456276481E+01
    0.6554749293E+01      0.6554749293E+01      0.4257693005E+01     -0.1427211052E+01
    0.6569311569E+01      0.6569311569E+01      0.4148141218E+01     -0.1397561838E+01
    0.6582490031E+01      0.6582490031E+01      0.4046553789E+01     -0.1367890094E+01
    0.6594360496E+01      0.6594360496E+01      0.3953014936E+01     -0.1337819924E+01
    0.6604947334E+01      0.6604947334E+01      0.3867473060E+01     -0.1306733160E+01
    0.6614207612E+01      0.6614207612E+01      0.3789868387E+01     -0.1275018047E+01
    0.6622040887E+01      0.6622040887E+01      0.3720059052E+01     -0.1243242215E+01
    0.6625952098E+01      0.6625952098E+01      0.3655077783E+01     -0.1211996011E+01
    0.6626001391E+01      0.6626001391E+01      0.3594161290E+01     -0.1181417754E+01
    0.6624986505E+01      0.6624986505E+01      0.3539552423E+01     -0.1151401104E+01
    0.6623874678E+01      0.6623874678E+01      0.3487688174E+01     -0.1123003462E+01
    0.6625144705E+01      0.6625144705E+01      0.3439181348E+01     -0.1097537161E+01
    0.6628796450E+01      0.6628796450E+01      0.3391821239E+01     -0.1074681037E+01
    0.6633992858E+01      0.6633992858E+01      0.3346237746E+01     -0.1054205059E+01
    0.6638992780E+01      0.6638992780E+01      0.3304816257E+01     -0.1035299545E+01
    0.6642822292E+01      0.6642822292E+01      0.3269661283E+01     -0.1017273970E+01
    0.6642194421E+01      0.6642194421E+01      0.3236734133E+01     -0.9990981743E+00
    0.6638458828E+01      0.6638458828E+01      0.3210958924E+01     -0.9810611613E+00
    0.6632826425E+01      0.6632826425E+01      0.3189714955E+01     -0.9631810614E+00
    0.6616149682E+01      0.6616149682E+01      0.3168575516E+01     -0.9373602568E+00
    0.6477842580E+01      0.6477842580E+01      0.4926379571E+01     -0.1381487670E+01
    0.6503420567E+01      0.6503420567E+01      0.4781930756E+01     -0.1370668624E+01
    0.6526260164E+01      0.6526260164E+01      0.4647377239E+01     -0.1355416883E+01
    0.6546283167E+01      0.6546283167E+01      0.4520575260E+01     -0.1337346255E+01
    0.6562744735E+01      0.6562744735E+01      0.4399054411E+01     -0.1317513000E+01
    0.6576669880E+01      0.6576669880E+01      0.4283473452E+01     -0.1296086091E+01
    0.6589451560E+01      0.6589451560E+01      0.4175285296E+01     -0.1273571129E+01
    0.6601563814E+01      0.6601563814E+01      0.4074964669E+01     -0.1250678078E+01
    0.6612858492E+01      0.6612858492E+01      0.3982459996E+01     -0.1227234845E+01
    0.6622767017E+01      0.6622767017E+01      0.3897278715E+01     -0.1202817969E+01
    0.6631095782E+01      0.6631095782E+01      0.3819486792E+01     -0.1177674994E+01
    0.6637471814E+01      0.6637471814E+01      0.3748958401E+01     -0.1151987579E+01
    0.6639342460E+01      0.6639342460E+01      0.3682110073E+01     -0.1126794097E+01
    0.6638774863E+01      0.6638774863E+01      0.3621210336E+01     -0.1102338032E+01
    0.6637665917E+01      0.6637665917E+01      0.3564508514E+01     -0.1077947663E+01
    0.6637743759E+01      0.6637743759E+01      0.3511044621E+01     -0.1055739524E+01
    0.6640256079E+01      0.6640256079E+01      0.3459595654E+01     -0.1036050307E+01
    0.6645069841E+01      0.6645069841E+01      0.3409743202E+01     -0.1018663016E+01
    0.6650371176E+01      0.6650371176E+01      0.3363146163E+01     -0.1002487650E+01
    0.6655181529E+01      0.6655181529E+01      0.3322535039E+01     -0.9880101153E+00
    0.6657208163E+01      0.6657208163E+01      0.3286905298E+01     -0.9723869125E+00
    0.6655366119E+01      0.6655366119E+01      0.3255866674E+01     -0.9572763843E+00
    0.6650630429E+01      0.6650630429E+01      0.3230888907E+01     -0.9423033999E+00
    0.6644370320E+01      0.6644370320E+01      0.3209830760E+01     -0.9275393588E+00
    0.6627426719E+01      0.6627426719E+01      0.3188397158E+01     -0.9065364160E+00
    0.6513646058E+01      0.6513646058E+01      0.4931217700E+01     -0.1218530565E+01
    0.6535434408E+01      0.6535434408E+01      0.4791325689E+01     -0.1214468796E+01
    0.6554722991E+01      0.6554722991E+01      0.4659923511E+01     -0.1206512533E+01
    0.6571568657E+01      0.6571568657E+01      0.4535154101E+01     -0.1195839603E+01
    0.6585549175E+01      0.6585549175E+01      0.4415489018E+01     -0.1183337649E+01
    0.6597742076E+01      0.6597742076E+01      0.4301691707E+01     -0.1168708686E+01
    0.6609317824E+01      0.6609317824E+01      0.4195096702E+01     -0.1152301643E+01
    0.6620822159E+01      0.6620822159E+01      0.4096463348E+01     -0.1135333492E+01
    0.6631730295E+01      0.6631730295E+01      0.4005292701E+01     -0.1117902746E+01
    0.6640905038E+01      0.6640905038E+01      0.3920608346E+01     -0.1099689225E+01
    0.6648429693E+01      0.6648429693E+01      0.3843201760E+01     -0.1080793381E+01
    0.6652922138E+01      0.6652922138E+01      0.3771541931E+01     -0.1060974892E+01
    0.6653220260E+01      0.6653220260E+01      0.3703968890E+01     -0.1042155182E+01
    0.6652494644E+01      0.6652494644E+01      0.3642401288E+01     -0.1023641629E+01
    0.6651667624E+01      0.6651667624E+01      0.3583582495E+01     -0.1005399517E+01
    0.6653119259E+01      0.6653119259E+01      0.3528390067E+01     -0.9892706789E+00
    0.6657053726E+01      0.6657053726E+01      0.3474422009E+01     -0.9753770143E+00
    0.6662495555E+01      0.6662495555E+01      0.3422928815E+01     -0.9629412481E+00
    0.6667460682E+01      0.6667460682E+01      0.3376249442E+01     -0.9512156224E+00
    0.6671431245E+01      0.6671431245E+01      0.3336688715E+01     -0.9399640897E+00
    0.6671663596E+01      0.6671663596E+01      0.3300520925E+01     -0.9275913757E+00
    0.6668835972E+01      0.6668835972E+01      0.3271293427E+01     -0.9155125566E+00
    0.6663251590E+01      0.6663251590E+01      0.3247012124E+01     -0.9036589050E+00
    0.6656379080E+01      0.6656379080E+01      0.3226029679E+01     -0.8919227221E+00
    0.6639101761E+01      0.6639101761E+01      0.3204260264E+01     -0.8754784534E+00
    0.6545798163E+01      0.6545798163E+01      0.4931396879E+01     -0.1063928983E+01
    0.6564985476E+01      0.6564985476E+01      0.4794413166E+01     -0.1065231419E+01
    0.6581207705E+01      0.6581207705E+01      0.4665663574E+01     -0.1063504133E+01
    0.6595283348E+01      0.6595283348E+01      0.4543132584E+01     -0.1059585620E+01
    0.6607652066E+01      0.6607652066E+01      0.4425631826E+01     -0.1053257721E+01
    0.6618964880E+01      0.6618964880E+01      0.4313887375E+01     -0.1044501391E+01
    0.6629891785E+01      0.6629891785E+01      0.4208955960E+01     -0.1033880455E+01
    0.6641011329E+01      0.6641011329E+01      0.4111826881E+01     -0.1022449486E+01
    0.6651493818E+01      0.6651493818E+01      0.4021890316E+01     -0.1010523549E+01
    0.6659885049E+01      0.6659885049E+01      0.3937926167E+01     -0.9981776038E+00
    0.6666429798E+01      0.6666429798E+01      0.3860986868E+01     -0.9849658116E+00
    0.6668718725E+01      0.6668718725E+01      0.3787877365E+01     -0.9712691199E+00
    0.6668351189E+01      0.6668351189E+01      0.3720486258E+01     -0.9587951284E+00
    0.6667372443E+01      0.6667372443E+01      0.3656967511E+01     -0.9461559116E+00
    0.6667691494E+01      0.6667691494E+01      0.3597114220E+01     -0.9346361187E+00
    0.6670491468E+01      0.6670491468E+01      0.3539384691E+01     -0.9244073636E+00
    0.6675580170E+01      0.6675580170E+01      0.3483632680E+01     -0.9160857496E+00
    0.6681376722E+01      0.6681376722E+01      0.3431982737E+01     -0.9082031389E+00
    0.6685671991E+01      0.6685671991E+01      0.3385662722E+01     -0.9008724841E+00
    0.6688292673E+01      0.6688292673E+01      0.3346303220E+01     -0.8924368376E+00
    0.6686965525E+01      0.6686965525E+01      0.3311266084E+01     -0.8834442379E+00
    0.6682941493E+01      0.6682941493E+01      0.3282970440E+01     -0.8744536179E+00
    0.6676554585E+01      0.6676554585E+01      0.3259137747E+01     -0.8656324735E+00
    0.6669124296E+01      0.6669124296E+01      0.3238245203E+01     -0.8568514431E+00
    0.6651561054E+01      0.6651561054E+01      0.3216202789E+01     -0.8447118304E+00
    0.6574465269E+01      0.6574465269E+01      0.4926975669E+01     -0.9158517582E+00
    0.6591426587E+01      0.6591426587E+01      0.4792935750E+01     -0.9230822056E+00
    0.6605654249E+01      0.6605654249E+01      0.4666088221E+01     -0.9266478693E+00
    0.6618642164E+01      0.6618642164E+01      0.4545612256E+01     -0.9276834186E+00
    0.6630279315E+01      0.6630279315E+01      0.4430537067E+01     -0.9267992286E+00
    0.6641222140E+01      0.6641222140E+01      0.4321028295E+01     -0.9236026699E+00
    0.6652046656E+01      0.6652046656E+01      0.4217854257E+01     -0.9185033472E+00
    0.6663057433E+01      0.6663057433E+01      0.4122185396E+01     -0.9124201211E+00
    0.6672767493E+01      0.6672767493E+01      0.4032880635E+01     -0.9057992789E+00
    0.6680329413E+01      0.6680329413E+01      0.3949685897E+01     -0.8990350263E+00
    0.6685043102E+01      0.6685043102E+01      0.3872278046E+01     -0.8912253703E+00
    0.6685568178E+01      0.6685568178E+01      0.3798871139E+01     -0.8841139466E+00
    0.6685030236E+01      0.6685030236E+01      0.3731064197E+01     -0.8774934146E+00
    0.6684354970E+01      0.6684354970E+01      0.3665821259E+01     -0.8713184890E+00
    0.6686044071E+01      0.6686044071E+01      0.3604271127E+01     -0.8662551099E+00
    0.6690381725E+01      0.6690381725E+01      0.3544438194E+01     -0.8620959716E+00
    0.6696229851E+01      0.6696229851E+01      0.3487688629E+01     -0.8589016115E+00
    0.6701944723E+01      0.6701944723E+01      0.3436700491E+01     -0.8554171561E+00
    0.6705525935E+01      0.6705525935E+01      0.3391840191E+01     -0.8519232333E+00
    0.6705994956E+01      0.6705994956E+01      0.3351902889E+01     -0.8464705547E+00
    0.6703395545E+01      0.6703395545E+01      0.3318915630E+01     -0.8406388222E+00
    0.6698188873E+01      0.6698188873E+01      0.3291260366E+01     -0.8347460037E+00
    0.6690968315E+01      0.6690968315E+01      0.3267557055E+01     -0.8288465378E+00
    0.6682962344E+01      0.6682962344E+01      0.3246654299E+01     -0.8228654440E+00
    0.6665039107E+01      0.6665039107E+01      0.3224313866E+01     -0.8147202367E+00
    0.6600291675E+01      0.6600291675E+01      0.4917204170E+01     -0.7742662051E+00
    0.6616221088E+01      0.6616221088E+01      0.4786225067E+01     -0.7858592899E+00
    0.6629673060E+01      0.6629673060E+01      0.4661623359E+01     -0.7936906295E+00
    0.6642162079E+01      0.6642162079E+01      0.4543332816E+01     -0.7998545020E+00
    0.6654043310E+01      0.6654043310E+01      0.4430613904E+01     -0.8042683989E+00
    0.6665515261E+01      0.6665515261E+01      0.4323378088E+01     -0.8061212136E+00
    0.6676710102E+01      0.6676710102E+01      0.4222266692E+01     -0.8063172309E+00
    0.6687403116E+01      0.6687403116E+01      0.4127758762E+01     -0.8056047111E+00
    0.6695834303E+01      0.6695834303E+01      0.4038639780E+01     -0.8044173704E+00
    0.6702035624E+01      0.6702035624E+01      0.3956047724E+01     -0.8028689785E+00
    0.6704343316E+01      0.6704343316E+01      0.3877659749E+01     -0.8008589776E+00
    0.6704109231E+01      0.6704109231E+01      0.3804793158E+01     -0.7999706639E+00
    0.6703351596E+01      0.6703351596E+01      0.3735378545E+01     -0.7990953564E+00
    0.6703945763E+01      0.6703945763E+01      0.3669620112E+01     -0.7997095589E+00
    0.6707116470E+01      0.6707116470E+01      0.3605766392E+01     -0.8009186451E+00
    0.6712757494E+01      0.6712757494E+01      0.3544684033E+01     -0.8026324725E+00
    0.6719151735E+01      0.6719151735E+01      0.3488376778E+01     -0.8043313826E+00
    0.6724239563E+01      0.6724239563E+01      0.3438313654E+01     -0.8052421694E+00
    0.6726639858E+01      0.6726639858E+01      0.3394651099E+01     -0.8045555403E+00
    0.6725256988E+01      0.6725256988E+01      0.3355482884E+01     -0.8026235744E+00
    0.6721139377E+01      0.6721139377E+01      0.3323704468E+01     -0.7997183079E+00
    0.6714798799E+01      0.6714798799E+01      0.3296386456E+01     -0.7967398601E+00
    0.6706774777E+01      0.6706774777E+01      0.3272682353E+01     -0.7937242348E+00
    0.6698163553E+01      0.6698163553E+01      0.3251688913E+01     -0.7904233942E+00
    0.6679832809E+01      0.6679832809E+01      0.3228929941E+01     -0.7859770032E+00
    0.6624770265E+01      0.6624770265E+01      0.4903786765E+01     -0.6376522111E+00
    0.6640978940E+01      0.6640978940E+01      0.4775799290E+01     -0.6522929557E+00
    0.6654569983E+01      0.6654569983E+01      0.4653128671E+01     -0.6644784206E+00
    0.6667140287E+01      0.6667140287E+01      0.4536302094E+01     -0.6754413651E+00
    0.6679853032E+01      0.6679853032E+01      0.4425748325E+01     -0.6848235485E+00
    0.6692321029E+01      0.6692321029E+01      0.4320767599E+01     -0.6919493935E+00
    0.6703680237E+01      0.6703680237E+01      0.4221078264E+01     -0.6976178635E+00
    0.6713279008E+01      0.6713279008E+01      0.4127231866E+01     -0.7023117274E+00
    0.6719832155E+01      0.6719832155E+01      0.4038755962E+01     -0.7066825444E+00
    0.6724053348E+01      0.6724053348E+01      0.3956760777E+01     -0.7099752306E+00
    0.6724498019E+01      0.6724498019E+01      0.3878463933E+01     -0.7141216875E+00
    0.6724028878E+01      0.6724028878E+01      0.3805532916E+01     -0.7186780132E+00
    0.6723686438E+01      0.6723686438E+01      0.3735210572E+01     -0.7241334477E+00
    0.6725834447E+01      0.6725834447E+01      0.3668163711E+01     -0.7309159844E+00
    0.6730813744E+01      0.6730813744E+01      0.3602923571E+01     -0.7385052488E+00
    0.6737257983E+01      0.6737257983E+01      0.3541281462E+01     -0.7458600985E+00
    0.6743559480E+01      0.6743559480E+01      0.3486336669E+01     -0.7518927923E+00
    0.6747731865E+01      0.6747731865E+01      0.3437870906E+01     -0.7568892797E+00
    0.6748185387E+01      0.6748185387E+01      0.3394137448E+01     -0.7587122418E+00
    0.6745484253E+01      0.6745484253E+01      0.3357222493E+01     -0.7603292938E+00
    0.6740098204E+01      0.6740098204E+01      0.3325973698E+01     -0.7602820808E+00
    0.6732705478E+01      0.6732705478E+01      0.3298667331E+01     -0.7602897765E+00
    0.6723926263E+01      0.6723926263E+01      0.3274777112E+01     -0.7602665270E+00
    0.6714718615E+01      0.6714718615E+01      0.3253778216E+01     -0.7595877420E+00
    0.6696063941E+01      0.6696063941E+01      0.3230618089E+01     -0.7587022954E+00
    0.6649593891E+01      0.6649593891E+01      0.4887730822E+01     -0.5046011049E+00
    0.6666937442E+01      0.6666937442E+01      0.4762000455E+01     -0.5221431922E+00
    0.6681477715E+01      0.6681477715E+01      0.4640896725E+01     -0.5381955707E+00
    0.6694800270E+01      0.6694800270E+01      0.4524892531E+01     -0.5535576004E+00
    0.6708389590E+01      0.6708389590E+01      0.4414872278E+01     -0.5677106048E+00
    0.6721169658E+01      0.6721169658E+01      0.4310183911E+01     -0.5802514258E+00
    0.6731693280E+01      0.6731693280E+01      0.4210610002E+01     -0.5915430910E+00
    0.6739166656E+01      0.6739166656E+01      0.4116436581E+01     -0.6021587944E+00
    0.6743600015E+01      0.6743600015E+01      0.4028643762E+01     -0.6119162623E+00
    0.6745354694E+01      0.6745354694E+01      0.3946368746E+01     -0.6208118952E+00
    0.6745019248E+01      0.6745019248E+01      0.3869791776E+01     -0.6302975607E+00
    0.6744287415E+01      0.6744287415E+01      0.3796576372E+01     -0.6402181540E+00
    0.6745442356E+01      0.6745442356E+01      0.3727392223E+01     -0.6518687137E+00
    0.6749436729E+01      0.6749436729E+01      0.3659370142E+01     -0.6648009446E+00
    0.6755710055E+01      0.6755710055E+01      0.3594026483E+01     -0.6780008972E+00
    0.6762454191E+01      0.6762454191E+01      0.3533946815E+01     -0.6900122146E+00
    0.6768061105E+01      0.6768061105E+01      0.3480824765E+01     -0.7001875843E+00
    0.6770925496E+01      0.6770925496E+01      0.3434032939E+01     -0.7077242654E+00
    0.6769725763E+01      0.6769725763E+01      0.3391314852E+01     -0.7135068840E+00
    0.6765693998E+01      0.6765693998E+01      0.3356044051E+01     -0.7183889961E+00
    0.6759343533E+01      0.6759343533E+01      0.3325286298E+01     -0.7214851376E+00
    0.6751201383E+01      0.6751201383E+01      0.3298045637E+01     -0.7246659617E+00
    0.6741854930E+01      0.6741854930E+01      0.3274060178E+01     -0.7279758355E+00
    0.6732341143E+01      0.6732341143E+01      0.3252962738E+01     -0.7299695006E+00
    0.6713566895E+01      0.6713566895E+01      0.3229556466E+01     -0.7327650258E+00
    0.6675967484E+01      0.6675967484E+01      0.4870293871E+01     -0.3742114187E+00
    0.6695124165E+01      0.6695124165E+01      0.4745742301E+01     -0.3945213549E+00
    0.6711030437E+01      0.6711030437E+01      0.4625298255E+01     -0.4140045488E+00
    0.6725035265E+01      0.6725035265E+01      0.4509195043E+01     -0.4329459059E+00
    0.6738401900E+01      0.6738401900E+01      0.4398590402E+01     -0.4515660994E+00
    0.6750035834E+01      0.6750035834E+01      0.4293187978E+01     -0.4701372034E+00
    0.6758648337E+01      0.6758648337E+01      0.4193174930E+01     -0.4878238594E+00
    0.6763399323E+01      0.6763399323E+01      0.4098594783E+01     -0.5048830756E+00
    0.6765903418E+01      0.6765903418E+01      0.4011401946E+01     -0.5194231242E+00
    0.6765843859E+01      0.6765843859E+01      0.3929311939E+01     -0.5342417255E+00
    0.6765030645E+01      0.6765030645E+01      0.3853190355E+01     -0.5487699397E+00
    0.6765157630E+01      0.6765157630E+01      0.3780968372E+01     -0.5644728227E+00
    0.6767829121E+01      0.6767829121E+01      0.3710958377E+01     -0.5816812272E+00
    0.6773404409E+01      0.6773404409E+01      0.3643109636E+01     -0.6000865817E+00
    0.6780403628E+01      0.6780403628E+01      0.3579133864E+01     -0.6179334764E+00
    0.6786860668E+01      0.6786860668E+01      0.3521532107E+01     -0.6337880244E+00
    0.6791839930E+01      0.6791839930E+01      0.3471168704E+01     -0.6477889303E+00
    0.6792666393E+01      0.6792666393E+01      0.3425058620E+01     -0.6583828785E+00
    0.6790341090E+01      0.6790341090E+01      0.3385359549E+01     -0.6680164432E+00
    0.6785310636E+01      0.6785310636E+01      0.3351264004E+01     -0.6763005064E+00
    0.6778190987E+01      0.6778190987E+01      0.3320904882E+01     -0.6826515525E+00
    0.6769583663E+01      0.6769583663E+01      0.3293800834E+01     -0.6890773325E+00
    0.6759993482E+01      0.6759993482E+01      0.3269717000E+01     -0.6958891004E+00
    0.6750526374E+01      0.6750526374E+01      0.3248480119E+01     -0.7009625296E+00
    0.6731884828E+01      0.6731884828E+01      0.3224939945E+01     -0.7076458933E+00
    0.6704423056E+01      0.6704423056E+01      0.4849524110E+01     -0.2448861451E+00
    0.6725186146E+01      0.6725186146E+01      0.4725222395E+01     -0.2677553769E+00
    0.6741561090E+01      0.6741561090E+01      0.4604632453E+01     -0.2905559726E+00
    0.6754893792E+01      0.6754893792E+01      0.4488106498E+01     -0.3137403662E+00
    0.6766778304E+01      0.6766778304E+01      0.4377042279E+01     -0.3377182924E+00
    0.6776611395E+01      0.6776611395E+01      0.4271592672E+01     -0.3623932806E+00
    0.6782875381E+01      0.6782875381E+01      0.4171521915E+01     -0.3864595330E+00
    0.6785460190E+01      0.6785460190E+01      0.4077593193E+01     -0.4090038299E+00
    0.6786030380E+01      0.6786030380E+01      0.3990294568E+01     -0.4287949615E+00
    0.6785367983E+01      0.6785367983E+01      0.3909854695E+01     -0.4485741993E+00
    0.6784595175E+01      0.6784595175E+01      0.3833423876E+01     -0.4686930783E+00
    0.6785992611E+01      0.6785992611E+01      0.3761232599E+01     -0.4897922902E+00
    0.6790305694E+01      0.6790305694E+01      0.3690884724E+01     -0.5123122630E+00
    0.6796953664E+01      0.6796953664E+01      0.3623617566E+01     -0.5354445148E+00
    0.6804053217E+01      0.6804053217E+01      0.3561997156E+01     -0.5570108065E+00
    0.6809856929E+01      0.6809856929E+01      0.3506615265E+01     -0.5772765592E+00
    0.6813434073E+01      0.6813434073E+01      0.3458437549E+01     -0.5937651751E+00
    0.6812795114E+01      0.6812795114E+01      0.3413432353E+01     -0.6084317957E+00
    0.6809366884E+01      0.6809366884E+01      0.3375954291E+01     -0.6217742117E+00
    0.6803581200E+01      0.6803581200E+01      0.3342705790E+01     -0.6335754340E+00
    0.6796072774E+01      0.6796072774E+01      0.3312717688E+01     -0.6434477759E+00
    0.6787335308E+01      0.6787335308E+01      0.3285779076E+01     -0.6532090929E+00
    0.6777769034E+01      0.6777769034E+01      0.3261549623E+01     -0.6633715926E+00
    0.6768700766E+01      0.6768700766E+01      0.3240373147E+01     -0.6716138517E+00
    0.6750495705E+01      0.6750495705E+01      0.3217071468E+01     -0.6825375985E+00
    0.6732670293E+01      0.6732670293E+01      0.4823231241E+01     -0.1157252406E+00
    0.6753680765E+01      0.6753680765E+01      0.4697992071E+01     -0.1424851645E+00
    0.6769435886E+01      0.6769435886E+01      0.4576750843E+01     -0.1697348860E+00
    0.6781529422E+01      0.6781529422E+01      0.4459838620E+01     -0.1975142903E+00
    0.6791883761E+01      0.6791883761E+01      0.4348832417E+01     -0.2264218311E+00
    0.6799998521E+01      0.6799998521E+01      0.4243826295E+01     -0.2564153429E+00
    0.6804163327E+01      0.6804163327E+01      0.4144112099E+01     -0.2864367766E+00
    0.6805197739E+01      0.6805197739E+01      0.4051146422E+01     -0.3134461217E+00
    0.6804721023E+01      0.6804721023E+01      0.3964658300E+01     -0.3387647050E+00
    0.6803498276E+01      0.6803498276E+01      0.3884583142E+01     -0.3635265096E+00
    0.6803872598E+01      0.6803872598E+01      0.3809299273E+01     -0.3888017575E+00
    0.6806657820E+01      0.6806657820E+01      0.3736363112E+01     -0.4151723766E+00
    0.6812216638E+01      0.6812216638E+01      0.3666191355E+01     -0.4425844276E+00
    0.6819320252E+01      0.6819320252E+01      0.3600615308E+01     -0.4701840011E+00
    0.6825713466E+01      0.6825713466E+01      0.3541253206E+01     -0.4951495567E+00
    0.6830646697E+01      0.6830646697E+01      0.3488732343E+01     -0.5192296610E+00
    0.6832120625E+01      0.6832120625E+01      0.3441177457E+01     -0.5384723744E+00
    0.6830376250E+01      0.6830376250E+01      0.3399112706E+01     -0.5572641225E+00
    0.6826159310E+01      0.6826159310E+01      0.3362833271E+01     -0.5743114524E+00
    0.6820018937E+01      0.6820018937E+01      0.3330101650E+01     -0.5898192684E+00
    0.6812471590E+01      0.6812471590E+01      0.3300380248E+01     -0.6034985931E+00
    0.6803951304E+01      0.6803951304E+01      0.3273652769E+01     -0.6166247214E+00
    0.6794728021E+01      0.6794728021E+01      0.3249403836E+01     -0.6301040849E+00
    0.6786215995E+01      0.6786215995E+01      0.3228360684E+01     -0.6414361705E+00
    0.6768648362E+01      0.6768648362E+01      0.3205576615E+01     -0.6566420823E+00
    0.6757645357E+01      0.6757645357E+01      0.4792694241E+01      0.1228616790E-01
    0.6778554495E+01      0.6778554495E+01      0.4666003405E+01     -0.1827336319E-01
    0.6793820433E+01      0.6793820433E+01      0.4543932828E+01     -0.4974512823E-01
    0.6804858392E+01      0.6804858392E+01      0.4426363596E+01     -0.8192196220E-01
    0.6813933038E+01      0.6813933038E+01      0.4315349136E+01     -0.1154985055E+00
    0.6820461404E+01      0.6820461404E+01      0.4210959773E+01     -0.1505517165E+00
    0.6823026166E+01      0.6823026166E+01      0.4112256565E+01     -0.1861005935E+00
    0.6822875143E+01      0.6822875143E+01      0.4019918184E+01     -0.2177876043E+00
    0.6821963154E+01      0.6821963154E+01      0.3934857136E+01     -0.2482617847E+00
    0.6821158514E+01      0.6821158514E+01      0.3854901846E+01     -0.2782608358E+00
    0.6822540761E+01      0.6822540761E+01      0.3779464102E+01     -0.3087061130E+00
    0.6826702685E+01      0.6826702685E+01      0.3706762823E+01     -0.3401721395E+00
    0.6833033374E+01      0.6833033374E+01      0.3637807670E+01     -0.3723525512E+00
    0.6839922872E+01      0.6839922872E+01      0.3574953003E+01     -0.4035005627E+00
    0.6845107591E+01      0.6845107591E+01      0.3517543204E+01     -0.4325362341E+00
    0.6848364541E+01      0.6848364541E+01      0.3467435590E+01     -0.4592148145E+00
    0.6848025019E+01      0.6848025019E+01      0.3420586862E+01     -0.4824693795E+00
    0.6845324757E+01      0.6845324757E+01      0.3381146793E+01     -0.5049734005E+00
    0.6840682856E+01      0.6840682856E+01      0.3345766362E+01     -0.5257181053E+00
    0.6834563549E+01      0.6834563549E+01      0.3313325923E+01     -0.5450528735E+00
    0.6827324786E+01      0.6827324786E+01      0.3283783021E+01     -0.5626808535E+00
    0.6819285656E+01      0.6819285656E+01      0.3257273769E+01     -0.5791303641E+00
    0.6810630056E+01      0.6810630056E+01      0.3233216331E+01     -0.5958168775E+00
    0.6802785839E+01      0.6802785839E+01      0.3212463301E+01     -0.6102016662E+00
    0.6785931033E+01      0.6785931033E+01      0.3190426703E+01     -0.6297967117E+00
    0.6778523829E+01      0.6778523829E+01      0.4758198835E+01      0.1420191720E+00
    0.6799056994E+01      0.6799056994E+01      0.4629702005E+01      0.1076803129E+00
    0.6813970539E+01      0.6813970539E+01      0.4506695068E+01      0.7184811254E-01
    0.6824211839E+01      0.6824211839E+01      0.4388563891E+01      0.3494803298E-01
    0.6832403930E+01      0.6832403930E+01      0.4277813553E+01     -0.3558229387E-02
    0.6837828557E+01      0.6837828557E+01      0.4174033828E+01     -0.4383415234E-01
    0.6839524181E+01      0.6839524181E+01      0.4076113643E+01     -0.8459013926E-01
    0.6839063969E+01      0.6839063969E+01      0.3984710059E+01     -0.1215551968E+00
    0.6838002709E+01      0.6838002709E+01      0.3900057760E+01     -0.1571600430E+00
    0.6838317907E+01      0.6838317907E+01      0.3820763546E+01     -0.1923664559E+00
    0.6840913709E+01      0.6840913709E+01      0.3745106570E+01     -0.2281011719E+00
    0.6846166350E+01      0.6846166350E+01      0.3673069656E+01     -0.2645029643E+00
    0.6852662973E+01      0.6852662973E+01      0.3606034923E+01     -0.3012999825E+00
    0.6858404236E+01      0.6858404236E+01      0.3545355047E+01     -0.3359015291E+00
    0.6862088418E+01      0.6862088418E+01      0.3490486019E+01     -0.3692718385E+00
    0.6863202751E+01      0.6863202751E+01      0.3441301857E+01     -0.3988205541E+00
    0.6861630419E+01      0.6861630419E+01      0.3397421126E+01     -0.4261635092E+00
    0.6858222102E+01      0.6858222102E+01      0.3359226811E+01     -0.4523898770E+00
    0.6853463710E+01      0.6853463710E+01      0.3324521436E+01     -0.4767620989E+00
    0.6847633004E+01      0.6847633004E+01      0.3292427452E+01     -0.4997799471E+00
    0.6840918866E+01      0.6840918866E+01      0.3263133965E+01     -0.5212100239E+00
    0.6833478599E+01      0.6833478599E+01      0.3236906736E+01     -0.5407908126E+00
    0.6825442228E+01      0.6825442228E+01      0.3213184144E+01     -0.5604813666E+00
    0.6818220997E+01      0.6818220997E+01      0.3192790740E+01     -0.5778184816E+00
    0.6802079807E+01      0.6802079807E+01      0.3171592919E+01     -0.6018192619E+00
    0.6794869612E+01      0.6794869612E+01      0.4720118338E+01      0.2752652492E+00
    0.6815180405E+01      0.6815180405E+01      0.4589275998E+01      0.2366917590E+00
    0.6830107457E+01      0.6830107457E+01      0.4465128977E+01      0.1961037483E+00
    0.6840002714E+01      0.6840002714E+01      0.4346266768E+01      0.1540956058E+00
    0.6847696997E+01      0.6847696997E+01      0.4235473644E+01      0.1104265422E+00
    0.6852532311E+01      0.6852532311E+01      0.4131959504E+01      0.6461498332E-01
    0.6854241985E+01      0.6854241985E+01      0.4035110499E+01      0.1837798209E-01
    0.6854017054E+01      0.6854017054E+01      0.3944722555E+01     -0.2423442810E-01
    0.6853696825E+01      0.6853696825E+01      0.3860499220E+01     -0.6524517646E-01
    0.6855073952E+01      0.6855073952E+01      0.3781235931E+01     -0.1061275088E+00
    0.6858909240E+01      0.6858909240E+01      0.3706117785E+01     -0.1475391006E+00
    0.6864493806E+01      0.6864493806E+01      0.3635429038E+01     -0.1891317838E+00
    0.6870325721E+01      0.6870325721E+01      0.3570940465E+01     -0.2302501012E+00
    0.6874449440E+01      0.6874449440E+01      0.3512018552E+01     -0.2690239739E+00
    0.6876558671E+01      0.6876558671E+01      0.3459504093E+01     -0.3059989239E+00
    0.6875949305E+01      0.6875949305E+01      0.3411630969E+01     -0.3394481341E+00
    0.6873578046E+01      0.6873578046E+01      0.3370366934E+01     -0.3702989404E+00
    0.6869906831E+01      0.6869906831E+01      0.3333221594E+01     -0.4002167464E+00
    0.6865322174E+01      0.6865322174E+01      0.3299134223E+01     -0.4281074669E+00
    0.6859912675E+01      0.6859912675E+01      0.3267537852E+01     -0.4545356978E+00
    0.6853683013E+01      0.6853683013E+01      0.3238663974E+01     -0.4794057664E+00
    0.6846786457E+01      0.6846786457E+01      0.3212818218E+01     -0.5018598021E+00
    0.6839252127E+01      0.6839252127E+01      0.3189585967E+01     -0.5243023919E+00
    0.6832482601E+01      0.6832482601E+01      0.3169667711E+01     -0.5444282872E+00
    0.6816960245E+01      0.6816960245E+01      0.3149338124E+01     -0.5727440596E+00
    0.6806987091E+01      0.6806987091E+01      0.4678187489E+01      0.4135758102E+00
    0.6827608074E+01      0.6827608074E+01      0.4544135834E+01      0.3700134014E+00
    0.6842962939E+01      0.6842962939E+01      0.4417961254E+01      0.3239790761E+00
    0.6852972317E+01      0.6852972317E+01      0.4297897343E+01      0.2761795844E+00
    0.6860423324E+01      0.6860423324E+01      0.4186737829E+01      0.2267659491E+00
    0.6865391088E+01      0.6865391088E+01      0.4083957024E+01      0.1749480966E+00
    0.6867805363E+01      0.6867805363E+01      0.3988538388E+01      0.1226736180E+00
    0.6868306531E+01      0.6868306531E+01      0.3899097056E+01      0.7420396659E-01
    0.6869409204E+01      0.6869409204E+01      0.3815410070E+01      0.2738471782E-01
    0.6872267461E+01      0.6872267461E+01      0.3736859290E+01     -0.1946091856E-01
    0.6876953079E+01      0.6876953079E+01      0.3662645275E+01     -0.6639933495E-01
    0.6882302166E+01      0.6882302166E+01      0.3593921709E+01     -0.1134208009E+00
    0.6886447854E+01      0.6886447854E+01      0.3531408415E+01     -0.1589586611E+00
    0.6888984958E+01      0.6888984958E+01      0.3474963726E+01     -0.2026573627E+00
    0.6888942531E+01      0.6888942531E+01      0.3423914716E+01     -0.2437401663E+00
    0.6887302954E+01      0.6887302954E+01      0.3378922684E+01     -0.2813492734E+00
    0.6884347121E+01      0.6884347121E+01      0.3339213587E+01     -0.3158427175E+00
    0.6880664092E+01      0.6880664092E+01      0.3303092534E+01     -0.3493113895E+00
    0.6876473342E+01      0.6876473342E+01      0.3269752014E+01     -0.3804494254E+00
    0.6871625636E+01      0.6871625636E+01      0.3238916295E+01     -0.4098546990E+00
    0.6865926548E+01      0.6865926548E+01      0.3210757514E+01     -0.4376376924E+00
    0.6859446679E+01      0.6859446679E+01      0.3185439438E+01     -0.4626778859E+00
    0.6852212399E+01      0.6852212399E+01      0.3162777331E+01     -0.4876310428E+00
    0.6845632477E+01      0.6845632477E+01      0.3143374467E+01     -0.5103098663E+00
    0.6830577336E+01      0.6830577336E+01      0.3123806967E+01     -0.5427502354E+00
    0.6815310926E+01      0.6815310926E+01      0.4631412033E+01      0.5587325968E+00
    0.6836886241E+01      0.6836886241E+01      0.4493063492E+01      0.5090028935E+00
    0.6853158090E+01      0.6853158090E+01      0.4364074507E+01      0.4563051898E+00
    0.6863856926E+01      0.6863856926E+01      0.4242678009E+01      0.4015885224E+00
    0.6871443865E+01      0.6871443865E+01      0.4131072679E+01      0.3453517139E+00
    0.6877218779E+01      0.6877218779E+01      0.4029599695E+01      0.2865812133E+00
    0.6880742705E+01      0.6880742705E+01      0.3935882052E+01      0.2277309080E+00
    0.6882666371E+01      0.6882666371E+01      0.3847620615E+01      0.1729935809E+00
    0.6884984827E+01      0.6884984827E+01      0.3765135214E+01      0.1192281907E+00
    0.6888378329E+01      0.6888378329E+01      0.3687358889E+01      0.6536079172E-01
    0.6892508679E+01      0.6892508679E+01      0.3614531472E+01      0.1181981566E-01
    0.6896660129E+01      0.6896660129E+01      0.3548081764E+01     -0.4109975206E-01
    0.6899317142E+01      0.6899317142E+01      0.3487930048E+01     -0.9121116517E-01
    0.6900386953E+01      0.6900386953E+01      0.3433683453E+01     -0.1396037932E+00
    0.6899430536E+01      0.6899430536E+01      0.3385119635E+01     -0.1843620202E+00
    0.6897265433E+01      0.6897265433E+01      0.3342146912E+01     -0.2254397208E+00
    0.6894443948E+01      0.6894443948E+01      0.3303815873E+01     -0.2632998790E+00
    0.6891221057E+01      0.6891221057E+01      0.3268906329E+01     -0.2998013739E+00
    0.6887607979E+01      0.6887607979E+01      0.3236559894E+01     -0.3337754392E+00
    0.6883267604E+01      0.6883267604E+01      0.3206761246E+01     -0.3657604627E+00
    0.6877948129E+01      0.6877948129E+01      0.3179562991E+01     -0.3960288927E+00
    0.6871689811E+01      0.6871689811E+01      0.3155018417E+01     -0.4234422503E+00
    0.6864510776E+01      0.6864510776E+01      0.3133086503E+01     -0.4508433074E+00
    0.6857816179E+01      0.6857816179E+01      0.3114318184E+01     -0.4759038742E+00
    0.6843057235E+01      0.6843057235E+01      0.3095397604E+01     -0.5121654980E+00
