    0.7568836366E+01      0.7568836366E+01      0.6108898759E+00      0.9195936450E+00
    0.7568016413E+01      0.7568016413E+01      0.6747904773E+00      0.8853880523E+00
    0.7565825638E+01      0.7565825638E+01      0.7426094001E+00      0.8501069546E+00
    0.7561582508E+01      0.7561582508E+01      0.8152482488E+00      0.8138026575E+00
    0.7554069484E+01      0.7554069484E+01      0.8938541062E+00      0.7768675767E+00
    0.7543090193E+01      0.7543090193E+01      0.9785102889E+00      0.7398202136E+00
    0.7530058844E+01      0.7530058844E+01      0.1067443160E+01      0.7018796905E+00
    0.7513724315E+01      0.7513724315E+01      0.1162008444E+01      0.6627624973E+00
    0.7492714823E+01      0.7492714823E+01      0.1263921444E+01      0.6220383681E+00
    0.7470515151E+01      0.7470515151E+01      0.1369074122E+01      0.5787233813E+00
    0.7446987662E+01      0.7446987662E+01      0.1477376697E+01      0.5335941154E+00
    0.7420239095E+01      0.7420239095E+01      0.1590929286E+01      0.4854146160E+00
    0.7391463639E+01      0.7391463639E+01      0.1708143153E+01      0.4347676362E+00
    0.7357233826E+01      0.7357233826E+01      0.1832750253E+01      0.3808928522E+00
    0.7319789388E+01      0.7319789388E+01      0.1961848922E+01      0.3241271745E+00
    0.7279401845E+01      0.7279401845E+01      0.2094864315E+01      0.2636756269E+00
    0.7236370843E+01      0.7236370843E+01      0.2231378013E+01      0.1998673026E+00
    0.7188501986E+01      0.7188501986E+01      0.2374183747E+01      0.1330939027E+00
    0.7135074242E+01      0.7135074242E+01      0.2524798016E+01      0.6401095343E-01
    0.7076895066E+01      0.7076895066E+01      0.2682962813E+01     -0.7458772223E-02
    0.7016070485E+01      0.7016070485E+01      0.2847241391E+01     -0.7755934546E-01
    0.6950556606E+01      0.6950556606E+01      0.3020794526E+01     -0.1493026539E+00
    0.6876214123E+01      0.6876214123E+01      0.3208772572E+01     -0.2096914867E+00
    0.6800459572E+01      0.6800459572E+01      0.3402633561E+01     -0.2681436571E+00
    0.6719651035E+01      0.6719651035E+01      0.3609154626E+01     -0.3211988673E+00
    0.7567060922E+01      0.7567060922E+01      0.5774750871E+00      0.8788611764E+00
    0.7566094987E+01      0.7566094987E+01      0.6402189356E+00      0.8436644994E+00
    0.7563468357E+01      0.7563468357E+01      0.7070672649E+00      0.8071458695E+00
    0.7558297754E+01      0.7558297754E+01      0.7790607112E+00      0.7694859326E+00
    0.7549354280E+01      0.7549354280E+01      0.8571690962E+00      0.7313054863E+00
    0.7537219039E+01      0.7537219039E+01      0.9408546740E+00      0.6931024486E+00
    0.7523455072E+01      0.7523455072E+01      0.1028207681E+01      0.6535003634E+00
    0.7505981433E+01      0.7505981433E+01      0.1121600136E+01      0.6126476510E+00
    0.7484466164E+01      0.7484466164E+01      0.1221449118E+01      0.5696157048E+00
    0.7461885830E+01      0.7461885830E+01      0.1324137813E+01      0.5237424731E+00
    0.7438126568E+01      0.7438126568E+01      0.1429641776E+01      0.4758525143E+00
    0.7411457985E+01      0.7411457985E+01      0.1539840295E+01      0.4241628667E+00
    0.7382282339E+01      0.7382282339E+01      0.1654098243E+01      0.3694575366E+00
    0.7347875415E+01      0.7347875415E+01      0.1775333021E+01      0.3107546137E+00
    0.7310245206E+01      0.7310245206E+01      0.1901055897E+01      0.2482631951E+00
    0.7270131150E+01      0.7270131150E+01      0.2030303465E+01      0.1811957416E+00
    0.7227082608E+01      0.7227082608E+01      0.2163581688E+01      0.1099633860E+00
    0.7179184495E+01      0.7179184495E+01      0.2303777408E+01      0.3479174965E-01
    0.7125631127E+01      0.7125631127E+01      0.2452668571E+01     -0.4361408156E-01
    0.7067375924E+01      0.7067375924E+01      0.2610537973E+01     -0.1251057407E+00
    0.7006526422E+01      0.7006526422E+01      0.2775981564E+01     -0.2057170846E+00
    0.6940371943E+01      0.6940371943E+01      0.2954140443E+01     -0.2883774920E+00
    0.6865400649E+01      0.6865400649E+01      0.3148339304E+01     -0.3574002138E+00
    0.6789608494E+01      0.6789608494E+01      0.3351918104E+01     -0.4250682318E+00
    0.6706721588E+01      0.6706721588E+01      0.3571233191E+01     -0.4872060814E+00
    0.7562568560E+01      0.7562568560E+01      0.5432766597E+00      0.8383880050E+00
    0.7561421335E+01      0.7561421335E+01      0.6047332769E+00      0.8022086050E+00
    0.7558221538E+01      0.7558221538E+01      0.6704439528E+00      0.7645214591E+00
    0.7551902125E+01      0.7551902125E+01      0.7416226388E+00      0.7257701096E+00
    0.7541428841E+01      0.7541428841E+01      0.8189951960E+00      0.6867242701E+00
    0.7528320870E+01      0.7528320870E+01      0.9011940585E+00      0.6471325767E+00
    0.7513587941E+01      0.7513587941E+01      0.9869322880E+00      0.6058668856E+00
    0.7494819715E+01      0.7494819715E+01      0.1078998666E+01      0.5631931828E+00
    0.7472938707E+01      0.7472938707E+01      0.1176258039E+01      0.5178878957E+00
    0.7449893233E+01      0.7449893233E+01      0.1276213618E+01      0.4696346676E+00
    0.7425865937E+01      0.7425865937E+01      0.1378586995E+01      0.4189301114E+00
    0.7399254951E+01      0.7399254951E+01      0.1485009181E+01      0.3638419552E+00
    0.7369556781E+01      0.7369556781E+01      0.1595840371E+01      0.3050926006E+00
    0.7334996054E+01      0.7334996054E+01      0.1712842886E+01      0.2415110972E+00
    0.7297315472E+01      0.7297315472E+01      0.1833940773E+01      0.1728910280E+00
    0.7257662189E+01      0.7257662189E+01      0.1957902138E+01      0.9837980985E-01
    0.7214899226E+01      0.7214899226E+01      0.2086620373E+01      0.1840220560E-01
    0.7167043339E+01      0.7167043339E+01      0.2223115100E+01     -0.6673939918E-01
    0.7113693182E+01      0.7113693182E+01      0.2369334410E+01     -0.1564311058E+00
    0.7055488409E+01      0.7055488409E+01      0.2526004347E+01     -0.2504171897E+00
    0.6994884373E+01      0.6994884373E+01      0.2692571815E+01     -0.3445730902E+00
    0.6927215009E+01      0.6927215009E+01      0.2875949081E+01     -0.4415057351E+00
    0.6851387759E+01      0.6851387759E+01      0.3078772366E+01     -0.5212770309E+00
    0.6773308667E+01      0.6773308667E+01      0.3295176188E+01     -0.6018638986E+00
    0.6686608539E+01      0.6686608539E+01      0.3535354819E+01     -0.6749498464E+00
    0.7555075953E+01      0.7555075953E+01      0.5081958314E+00      0.7979877945E+00
    0.7553809339E+01      0.7553809339E+01      0.5682042407E+00      0.7608558473E+00
    0.7549963799E+01      0.7549963799E+01      0.6326834205E+00      0.7222284289E+00
    0.7542305236E+01      0.7542305236E+01      0.7029536115E+00      0.6827792009E+00
    0.7530403050E+01      0.7530403050E+01      0.7792291394E+00      0.6431100234E+00
    0.7516561616E+01      0.7516561616E+01      0.8594041865E+00      0.6019244270E+00
    0.7500452394E+01      0.7500452394E+01      0.9437038304E+00      0.5590754317E+00
    0.7480309719E+01      0.7480309719E+01      0.1034178932E+01      0.5144442868E+00
    0.7457989883E+01      0.7457989883E+01      0.1128495804E+01      0.4669741851E+00
    0.7434338138E+01      0.7434338138E+01      0.1225418274E+01      0.4164120645E+00
    0.7409914123E+01      0.7409914123E+01      0.1324337300E+01      0.3627423595E+00
    0.7383143620E+01      0.7383143620E+01      0.1426625923E+01      0.3043949173E+00
    0.7352805616E+01      0.7352805616E+01      0.1533418854E+01      0.2416959317E+00
    0.7318143945E+01      0.7318143945E+01      0.1645248378E+01      0.1732998281E+00
    0.7280550395E+01      0.7280550395E+01      0.1760518419E+01      0.9838427470E-01
    0.7241137139E+01      0.7241137139E+01      0.1878178614E+01      0.1621940364E-01
    0.7198192442E+01      0.7198192442E+01      0.2000997703E+01     -0.7308221393E-01
    0.7150207556E+01      0.7150207556E+01      0.2132255817E+01     -0.1693201943E+00
    0.7096692364E+01      0.7096692364E+01      0.2274417991E+01     -0.2720579841E+00
    0.7038256712E+01      0.7038256712E+01      0.2429074986E+01     -0.3804680482E+00
    0.6976190883E+01      0.6976190883E+01      0.2597149236E+01     -0.4905908302E+00
    0.6906106128E+01      0.6906106128E+01      0.2787322251E+01     -0.6044431358E+00
    0.6827734135E+01      0.6827734135E+01      0.3000429350E+01     -0.6994741561E+00
    0.6748110520E+01      0.6748110520E+01      0.3235609799E+01     -0.8001118209E+00
    0.6652021005E+01      0.6652021005E+01      0.3509207922E+01     -0.8913175842E+00
    0.7544680820E+01      0.7544680820E+01      0.4721051650E+00      0.7578969883E+00
    0.7543344782E+01      0.7543344782E+01      0.5305749530E+00      0.7198091027E+00
    0.7538704636E+01      0.7538704636E+01      0.5939044570E+00      0.6804716500E+00
    0.7529561505E+01      0.7529561505E+01      0.6632695458E+00      0.6407302676E+00
    0.7516600990E+01      0.7516600990E+01      0.7379195818E+00      0.6004395727E+00
    0.7502098558E+01      0.7502098558E+01      0.8157107356E+00      0.5576767321E+00
    0.7484259997E+01      0.7484259997E+01      0.8986650343E+00      0.5133530547E+00
    0.7462727057E+01      0.7462727057E+01      0.9871184875E+00      0.4667498877E+00
    0.7439661947E+01      0.7439661947E+01      0.1078296040E+01      0.4172803691E+00
    0.7415317590E+01      0.7415317590E+01      0.1171749970E+01      0.3643335709E+00
    0.7390171728E+01      0.7390171728E+01      0.1266888027E+01      0.3075376097E+00
    0.7362796454E+01      0.7362796454E+01      0.1364794124E+01      0.2460562243E+00
    0.7331658008E+01      0.7331658008E+01      0.1466857750E+01      0.1794760573E+00
    0.7296853903E+01      0.7296853903E+01      0.1572593560E+01      0.1062354328E+00
    0.7259365457E+01      0.7259365457E+01      0.1680863273E+01      0.2495862168E-01
    0.7219814166E+01      0.7219814166E+01      0.1791236538E+01     -0.6497960750E-01
    0.7176400575E+01      0.7176400575E+01      0.1906784027E+01     -0.1638605572E+00
    0.7128136960E+01      0.7128136960E+01      0.2030439871E+01     -0.2721187342E+00
    0.7075050477E+01      0.7075050477E+01      0.2164901318E+01     -0.3898456504E+00
    0.7016893478E+01      0.7016893478E+01      0.2314088117E+01     -0.5164566476E+00
    0.6953247275E+01      0.6953247275E+01      0.2482644947E+01     -0.6469256283E+00
    0.6880239834E+01      0.6880239834E+01      0.2678733077E+01     -0.7837974876E+00
    0.6799788488E+01      0.6799788488E+01      0.2904648565E+01     -0.9018502308E+00
    0.6717277954E+01      0.6717277954E+01      0.3168665490E+01     -0.1041061446E+01
    0.6605128429E+01      0.6605128429E+01      0.3502509481E+01     -0.1166722771E+01
    0.7531937262E+01      0.7531937262E+01      0.4351276027E+00      0.7184089759E+00
    0.7530324637E+01      0.7530324637E+01      0.4920754610E+00      0.6794047847E+00
    0.7524588447E+01      0.7524588447E+01      0.5544987736E+00      0.6396500165E+00
    0.7513976188E+01      0.7513976188E+01      0.6229118626E+00      0.5998890828E+00
    0.7500454212E+01      0.7500454212E+01      0.6953173101E+00      0.5587798934E+00
    0.7485079079E+01      0.7485079079E+01      0.7707376484E+00      0.5148026900E+00
    0.7465383523E+01      0.7465383523E+01      0.8521859671E+00      0.4690888471E+00
    0.7442480939E+01      0.7442480939E+01      0.9381322149E+00      0.4207480200E+00
    0.7418319846E+01      0.7418319846E+01      0.1026138717E+01      0.3694150120E+00
    0.7393153449E+01      0.7393153449E+01      0.1115758344E+01      0.3139580566E+00
    0.7366779378E+01      0.7366779378E+01      0.1207011109E+01      0.2540502274E+00
    0.7338202189E+01      0.7338202189E+01      0.1300399408E+01      0.1894695653E+00
    0.7306047020E+01      0.7306047020E+01      0.1396960427E+01      0.1189592699E+00
    0.7270871362E+01      0.7270871362E+01      0.1495605761E+01      0.4077858959E-01
    0.7233192339E+01      0.7233192339E+01      0.1595453919E+01     -0.4664957452E-01
    0.7193029333E+01      0.7193029333E+01      0.1696709464E+01     -0.1439725991E+00
    0.7148938561E+01      0.7148938561E+01      0.1802249078E+01     -0.2521991235E+00
    0.7100318676E+01      0.7100318676E+01      0.1914937940E+01     -0.3724851926E+00
    0.7047173149E+01      0.7047173149E+01      0.2038065189E+01     -0.5057076979E+00
    0.6988897492E+01      0.6988897492E+01      0.2176765905E+01     -0.6521581853E+00
    0.6925105356E+01      0.6925105356E+01      0.2337986408E+01     -0.8095059495E+00
    0.6848830442E+01      0.6848830442E+01      0.2536679368E+01     -0.9770046698E+00
    0.6761507551E+01      0.6761507551E+01      0.2780451018E+01     -0.1131682979E+01
    0.6671913666E+01      0.6671913666E+01      0.3102019860E+01     -0.1355823713E+01
    0.6526757142E+01      0.6526757142E+01      0.3540854711E+01     -0.1493313042E+01
    0.7518022182E+01      0.7518022182E+01      0.3976803557E+00      0.6795622300E+00
    0.7515252157E+01      0.7515252157E+01      0.4532451063E+00      0.6401367350E+00
    0.7507980977E+01      0.7507980977E+01      0.5148832107E+00      0.6003364837E+00
    0.7496142972E+01      0.7496142972E+01      0.5819886383E+00      0.5605653945E+00
    0.7482389037E+01      0.7482389037E+01      0.6516671297E+00      0.5184833607E+00
    0.7465725509E+01      0.7465725509E+01      0.7250201249E+00      0.4737956792E+00
    0.7444280290E+01      0.7444280290E+01      0.8045024569E+00      0.4267934308E+00
    0.7420089875E+01      0.7420089875E+01      0.8874600354E+00      0.3771494221E+00
    0.7394618806E+01      0.7394618806E+01      0.9721352912E+00      0.3239526035E+00
    0.7368294515E+01      0.7368294515E+01      0.1057753589E+01      0.2660944884E+00
    0.7340168400E+01      0.7340168400E+01      0.1144863200E+01      0.2034042030E+00
    0.7309842137E+01      0.7309842137E+01      0.1233172891E+01      0.1357723372E+00
    0.7276390993E+01      0.7276390993E+01      0.1322971719E+01      0.6139603176E-01
    0.7240464398E+01      0.7240464398E+01      0.1412838910E+01     -0.2149893090E-01
    0.7201896318E+01      0.7201896318E+01      0.1502047959E+01     -0.1143370613E+00
    0.7160660412E+01      0.7160660412E+01      0.1591095996E+01     -0.2180409344E+00
    0.7115815306E+01      0.7115815306E+01      0.1682418816E+01     -0.3347458699E+00
    0.7066842490E+01      0.7066842490E+01      0.1779103804E+01     -0.4666057010E+00
    0.7013555533E+01      0.7013555533E+01      0.1885364383E+01     -0.6157584004E+00
    0.6955024091E+01      0.6955024091E+01      0.2007398191E+01     -0.7836770729E+00
    0.6890481650E+01      0.6890481650E+01      0.2153545866E+01     -0.9707049569E+00
    0.6813901066E+01      0.6813901066E+01      0.2341931612E+01     -0.1180060857E+01
    0.6720646892E+01      0.6720646892E+01      0.2597847896E+01     -0.1398079718E+01
    0.6616848906E+01      0.6616848906E+01      0.2983722551E+01     -0.1807582883E+01
    0.6449883436E+01      0.6449883436E+01      0.3457951570E+01     -0.1774079558E+01
    0.7503899878E+01      0.7503899878E+01      0.3605588651E+00      0.6408557582E+00
    0.7498999889E+01      0.7498999889E+01      0.4145011564E+00      0.6024063202E+00
    0.7489526196E+01      0.7489526196E+01      0.4751795484E+00      0.5631165713E+00
    0.7476811873E+01      0.7476811873E+01      0.5403502970E+00      0.5231166445E+00
    0.7462687429E+01      0.7462687429E+01      0.6072919008E+00      0.4801934577E+00
    0.7444353283E+01      0.7444353283E+01      0.6789746407E+00      0.4351203584E+00
    0.7421359835E+01      0.7421359835E+01      0.7560606634E+00      0.3870799949E+00
    0.7395941837E+01      0.7395941837E+01      0.8358143665E+00      0.3364785246E+00
    0.7369079279E+01      0.7369079279E+01      0.9170606334E+00      0.2814984892E+00
    0.7341063748E+01      0.7341063748E+01      0.9987435869E+00      0.2218154952E+00
    0.7310984329E+01      0.7310984329E+01      0.1080936364E+01      0.1571067932E+00
    0.7278731904E+01      0.7278731904E+01      0.1162703198E+01      0.8687215588E-01
    0.7243974242E+01      0.7243974242E+01      0.1243126206E+01      0.9267069945E-02
    0.7206729205E+01      0.7206729205E+01      0.1320906088E+01     -0.7724219793E-01
    0.7166755064E+01      0.7166755064E+01      0.1395543990E+01     -0.1742433808E+00
    0.7123832115E+01      0.7123832115E+01      0.1468105427E+01     -0.2832057222E+00
    0.7078050924E+01      0.7078050924E+01      0.1540642104E+01     -0.4070600199E+00
    0.7028309138E+01      0.7028309138E+01      0.1616869897E+01     -0.5492051368E+00
    0.6974279483E+01      0.6974279483E+01      0.1701179254E+01     -0.7133583135E+00
    0.6915030807E+01      0.6915030807E+01      0.1799907999E+01     -0.9024514275E+00
    0.6849386452E+01      0.6849386452E+01      0.1921733394E+01     -0.1120557255E+01
    0.6769616368E+01      0.6769616368E+01      0.2087367887E+01     -0.1377447203E+01
    0.6667078156E+01      0.6667078156E+01      0.2327889755E+01     -0.1682814430E+01
    0.6550064447E+01      0.6550064447E+01      0.2651636113E+01     -0.2265358331E+01
    0.6308823906E+01      0.6308823906E+01      0.2887785726E+01     -0.1900896105E+01
    0.7491135852E+01      0.7491135852E+01      0.3246922449E+00      0.6028012205E+00
    0.7482595765E+01      0.7482595765E+01      0.3765697658E+00      0.5659156013E+00
    0.7470509843E+01      0.7470509843E+01      0.4355317517E+00      0.5279431724E+00
    0.7456765056E+01      0.7456765056E+01      0.4980697189E+00      0.4878250687E+00
    0.7441578443E+01      0.7441578443E+01      0.5626699976E+00      0.4445741372E+00
    0.7421397654E+01      0.7421397654E+01      0.6327068810E+00      0.3991971182E+00
    0.7397011031E+01      0.7397011031E+01      0.7069352981E+00      0.3504956526E+00
    0.7370308392E+01      0.7370308392E+01      0.7832923368E+00      0.2989986608E+00
    0.7342099695E+01      0.7342099695E+01      0.8603057681E+00      0.2428873010E+00
    0.7312313048E+01      0.7312313048E+01      0.9366872205E+00      0.1824732178E+00
    0.7280450874E+01      0.7280450874E+01      0.1011587000E+01      0.1170381897E+00
    0.7246295129E+01      0.7246295129E+01      0.1083817786E+01      0.4536704008E-01
    0.7209682072E+01      0.7209682072E+01      0.1152286504E+01     -0.3398602108E-01
    0.7170426887E+01      0.7170426887E+01      0.1216234486E+01     -0.1225267911E+00
    0.7128339033E+01      0.7128339033E+01      0.1275722441E+01     -0.2223083453E+00
    0.7083378518E+01      0.7083378518E+01      0.1331916287E+01     -0.3358123864E+00
    0.7035738234E+01      0.7035738234E+01      0.1386723573E+01     -0.4654980725E+00
    0.6984662491E+01      0.6984662491E+01      0.1442875516E+01     -0.6157833079E+00
    0.6929485829E+01      0.6929485829E+01      0.1502192515E+01     -0.7912520159E+00
    0.6870318900E+01      0.6870318900E+01      0.1565371851E+01     -0.9972824671E+00
    0.6806611919E+01      0.6806611919E+01      0.1636197081E+01     -0.1242382679E+01
    0.6728410110E+01      0.6728410110E+01      0.1735714327E+01     -0.1542841866E+01
    0.6631775486E+01      0.6631775486E+01      0.1881084615E+01     -0.1921630054E+01
    0.6544988702E+01      0.6544988702E+01      0.2076744476E+01     -0.2562754069E+01
    0.6175393634E+01      0.6175393634E+01      0.2055170877E+01     -0.1785199190E+01
    0.7480557704E+01      0.7480557704E+01      0.2908659575E+00      0.5653729828E+00
    0.7467475056E+01      0.7467475056E+01      0.3402255512E+00      0.5307567886E+00
    0.7452007976E+01      0.7452007976E+01      0.3964633846E+00      0.4942580532E+00
    0.7436570034E+01      0.7436570034E+01      0.4558048887E+00      0.4546167014E+00
    0.7419419868E+01      0.7419419868E+01      0.5182992614E+00      0.4120645177E+00
    0.7397326323E+01      0.7397326323E+01      0.5863721250E+00      0.3665337172E+00
    0.7371595826E+01      0.7371595826E+01      0.6573268749E+00      0.3176537339E+00
    0.7343674375E+01      0.7343674375E+01      0.7294355865E+00      0.2654501688E+00
    0.7314045544E+01      0.7314045544E+01      0.8007141017E+00      0.2096674781E+00
    0.7282494507E+01      0.7282494507E+01      0.8702133377E+00      0.1499605159E+00
    0.7248714373E+01      0.7248714373E+01      0.9368082313E+00      0.8496358205E-01
    0.7212404452E+01      0.7212404452E+01      0.9995390443E+00      0.1311587166E-01
    0.7173385371E+01      0.7173385371E+01      0.1057391635E+01     -0.6691948513E-01
    0.7131598120E+01      0.7131598120E+01      0.1109726387E+01     -0.1566726564E+00
    0.7087033313E+01      0.7087033313E+01      0.1156654887E+01     -0.2585263560E+00
    0.7039832812E+01      0.7039832812E+01      0.1198774834E+01     -0.3752361982E+00
    0.6990377730E+01      0.6990377730E+01      0.1236391591E+01     -0.5087267795E+00
    0.6938447456E+01      0.6938447456E+01      0.1268510456E+01     -0.6625283715E+00
    0.6883894527E+01      0.6883894527E+01      0.1291972111E+01     -0.8414643037E+00
    0.6826578881E+01      0.6826578881E+01      0.1304845370E+01     -0.1053105735E+01
    0.6766895815E+01      0.6766895815E+01      0.1311263838E+01     -0.1312601124E+01
    0.6691307631E+01      0.6691307631E+01      0.1327064151E+01     -0.1641444499E+01
    0.6570163680E+01      0.6570163680E+01      0.1380855961E+01     -0.2090823098E+01
    0.6360853285E+01      0.6360853285E+01      0.1503646076E+01     -0.2827357815E+01
    0.5609031762E+01      0.5609031762E+01      0.1073466010E+01     -0.1945955434E+01
    0.7472997159E+01      0.7472997159E+01      0.2590952271E+00      0.5285697894E+00
    0.7454809683E+01      0.7454809683E+01      0.3056762447E+00      0.4969726976E+00
    0.7435553403E+01      0.7435553403E+01      0.3582200070E+00      0.4623570366E+00
    0.7417196375E+01      0.7417196375E+01      0.4142975351E+00      0.4238920438E+00
    0.7396957006E+01      0.7396957006E+01      0.4747308232E+00      0.3825920320E+00
    0.7372760495E+01      0.7372760495E+01      0.5399729807E+00      0.3375958733E+00
    0.7345532140E+01      0.7345532140E+01      0.6071576576E+00      0.2891534594E+00
    0.7316316978E+01      0.7316316978E+01      0.6740403686E+00      0.2374166220E+00
    0.7284964525E+01      0.7284964525E+01      0.7390900818E+00      0.1830490500E+00
    0.7251421640E+01      0.7251421640E+01      0.8016326346E+00      0.1246287173E+00
    0.7215421514E+01      0.7215421514E+01      0.8607639733E+00      0.6037622118E-01
    0.7176618775E+01      0.7176618775E+01      0.9153960214E+00     -0.1128105429E-01
    0.7134880570E+01      0.7134880570E+01      0.9643737668E+00     -0.9149735722E-01
    0.7090371735E+01      0.7090371735E+01      0.1006949140E+01     -0.1818496521E+00
    0.7043371901E+01      0.7043371901E+01      0.1042815230E+01     -0.2844473670E+00
    0.6994436447E+01      0.6994436447E+01      0.1071026418E+01     -0.4015712568E+00
    0.6944358408E+01      0.6944358408E+01      0.1089365715E+01     -0.5336116932E+00
    0.6892443958E+01      0.6892443958E+01      0.1096199614E+01     -0.6829853209E+00
    0.6842072636E+01      0.6842072636E+01      0.1089289216E+01     -0.8541233920E+00
    0.6796581962E+01      0.6796581962E+01      0.1070754486E+01     -0.1054126430E+01
    0.6752846970E+01      0.6752846970E+01      0.1028179990E+01     -0.1296001889E+01
    0.6711290848E+01      0.6711290848E+01      0.9405687310E+00     -0.1595819197E+01
    0.6668705944E+01      0.6668705944E+01      0.7560331068E+00     -0.1997550298E+01
    0.6635448487E+01      0.6635448487E+01      0.4314314341E+00     -0.2473844070E+01
    0.0000000000E+00      0.2000000000E+02      0.0000000000E+00      0.0000000000E+00
    0.7468730594E+01      0.7468730594E+01      0.2297014311E+00      0.4914167673E+00
    0.7445223839E+01      0.7445223839E+01      0.2734946458E+00      0.4637362228E+00
    0.7421750721E+01      0.7421750721E+01      0.3218502052E+00      0.4318041853E+00
    0.7399113921E+01      0.7399113921E+01      0.3744397653E+00      0.3953542998E+00
    0.7374877831E+01      0.7374877831E+01      0.4320481433E+00      0.3557539417E+00
    0.7348182437E+01      0.7348182437E+01      0.4933941547E+00      0.3125588294E+00
    0.7319187597E+01      0.7319187597E+01      0.5563014061E+00      0.2655525524E+00
    0.7288165011E+01      0.7288165011E+01      0.6182595677E+00      0.2155621352E+00
    0.7254760442E+01      0.7254760442E+01      0.6779492533E+00      0.1626940762E+00
    0.7218895250E+01      0.7218895250E+01      0.7345488820E+00      0.1053244755E+00
    0.7180279941E+01      0.7180279941E+01      0.7871231852E+00      0.4164954371E-01
    0.7138675397E+01      0.7138675397E+01      0.8343231576E+00     -0.2962341779E-01
    0.7094103684E+01      0.7094103684E+01      0.8748254677E+00     -0.1094628617E+00
    0.7046885956E+01      0.7046885956E+01      0.9077978629E+00     -0.1993738848E+00
    0.6997626369E+01      0.6997626369E+01      0.9324985232E+00     -0.3006293871E+00
    0.6946826028E+01      0.6946826028E+01      0.9473532424E+00     -0.4144520368E+00
    0.6894185504E+01      0.6894185504E+01      0.9518888975E+00     -0.5406988246E+00
    0.6842199421E+01      0.6842199421E+01      0.9492212416E+00     -0.6839581249E+00
    0.6792244349E+01      0.6792244349E+01      0.9348733923E+00     -0.8416776073E+00
    0.6745202781E+01      0.6745202781E+01      0.9020569015E+00     -0.1018057709E+01
    0.6700905692E+01      0.6700905692E+01      0.8433964396E+00     -0.1221392005E+01
    0.6659494323E+01      0.6659494323E+01      0.7400229942E+00     -0.1459899819E+01
    0.6622563188E+01      0.6622563188E+01      0.5359091469E+00     -0.1748156265E+01
    0.6612966003E+01      0.6612966003E+01      0.2658597825E+00     -0.1959778828E+01
    0.0000000000E+00      0.2000000000E+02      0.0000000000E+00      0.0000000000E+00
    0.7468422410E+01      0.7468422410E+01      0.2038297628E+00      0.4543603088E+00
    0.7439424119E+01      0.7439424119E+01      0.2441316764E+00      0.4299560235E+00
    0.7411042585E+01      0.7411042585E+01      0.2884943607E+00      0.4022099356E+00
    0.7383408103E+01      0.7383408103E+01      0.3371092917E+00      0.3693037124E+00
    0.7354580544E+01      0.7354580544E+01      0.3907129225E+00      0.3323220524E+00
    0.7324609514E+01      0.7324609514E+01      0.4473274296E+00      0.2919020650E+00
    0.7292760150E+01      0.7292760150E+01      0.5060156379E+00      0.2468752432E+00
    0.7259341297E+01      0.7259341297E+01      0.5637172689E+00      0.1987859544E+00
    0.7223453909E+01      0.7223453909E+01      0.6191192012E+00      0.1473090935E+00
    0.7184779046E+01      0.7184779046E+01      0.6706615691E+00      0.9076389395E-01
    0.7143109347E+01      0.7143109347E+01      0.7170980256E+00      0.2773631789E-01
    0.7098442706E+01      0.7098442706E+01      0.7568902190E+00     -0.4271924111E-01
    0.7050935332E+01      0.7050935332E+01      0.7887997757E+00     -0.1213386403E+00
    0.7000985600E+01      0.7000985600E+01      0.8122368230E+00     -0.2094067776E+00
    0.6949375276E+01      0.6949375276E+01      0.8266705601E+00     -0.3076721699E+00
    0.6895775124E+01      0.6895775124E+01      0.8321291850E+00     -0.4168464096E+00
    0.6842195630E+01      0.6842195630E+01      0.8285359921E+00     -0.5398103812E+00
    0.6791289849E+01      0.6791289849E+01      0.8138400606E+00     -0.6735234553E+00
    0.6744498079E+01      0.6744498079E+01      0.7843312801E+00     -0.8148699570E+00
    0.6702211080E+01      0.6702211080E+01      0.7376122200E+00     -0.9684621790E+00
    0.6665177980E+01      0.6665177980E+01      0.6686189615E+00     -0.1139637188E+01
    0.6632312054E+01      0.6632312054E+01      0.5591987604E+00     -0.1323256631E+01
    0.6606537961E+01      0.6606537961E+01      0.3786807217E+00     -0.1513301156E+01
    0.6600679554E+01      0.6600679554E+01      0.1777381703E+00     -0.1613810494E+01
    0.0000000000E+00      0.2000000000E+02      0.0000000000E+00      0.0000000000E+00
    0.7473480500E+01      0.7473480500E+01      0.1836177738E+00      0.4155392811E+00
    0.7438257720E+01      0.7438257720E+01      0.2182156124E+00      0.3960020474E+00
    0.7403941066E+01      0.7403941066E+01      0.2584407839E+00      0.3729871452E+00
    0.7370369611E+01      0.7370369611E+01      0.3027969441E+00      0.3447269140E+00
    0.7336651477E+01      0.7336651477E+01      0.3511353939E+00      0.3118799997E+00
    0.7302271872E+01      0.7302271872E+01      0.4034421704E+00      0.2745200667E+00
    0.7266723521E+01      0.7266723521E+01      0.4581717914E+00      0.2319883826E+00
    0.7230240384E+01      0.7230240384E+01      0.5119871884E+00      0.1858721167E+00
    0.7191283829E+01      0.7191283829E+01      0.5631585350E+00      0.1357625074E+00
    0.7149258171E+01      0.7149258171E+01      0.6094206188E+00      0.8017326100E-01
    0.7104098512E+01      0.7104098512E+01      0.6492361509E+00      0.1819195025E-01
    0.7056022246E+01      0.7056022246E+01      0.6813129701E+00     -0.5086480215E-01
    0.7005269772E+01      0.7005269772E+01      0.7051183791E+00     -0.1274535134E+00
    0.6952431116E+01      0.6952431116E+01      0.7206340212E+00     -0.2130786042E+00
    0.6898083986E+01      0.6898083986E+01      0.7280987574E+00     -0.3084275383E+00
    0.6841303481E+01      0.6841303481E+01      0.7272265594E+00     -0.4133315221E+00
    0.6787810709E+01      0.6787810709E+01      0.7156480657E+00     -0.5286609344E+00
    0.6738546870E+01      0.6738546870E+01      0.6916945305E+00     -0.6487219269E+00
    0.6694407587E+01      0.6694407587E+01      0.6554751542E+00     -0.7728720947E+00
    0.6656320500E+01      0.6656320500E+01      0.6049273346E+00     -0.9042672629E+00
    0.6624369125E+01      0.6624369125E+01      0.5321350118E+00     -0.1042879558E+01
    0.6599268385E+01      0.6599268385E+01      0.4261341200E+00     -0.1178381697E+01
    0.6582195949E+01      0.6582195949E+01      0.2762349034E+00     -0.1303371686E+01
    0.6577724261E+01      0.6577724261E+01      0.1257830666E+00     -0.1356931335E+01
    0.0000000000E+00      0.2000000000E+02      0.0000000000E+00      0.0000000000E+00
    0.7486757847E+01      0.7486757847E+01      0.1710283688E+00      0.3726029985E+00
    0.7442219705E+01      0.7442219705E+01      0.1976920968E+00      0.3616334857E+00
    0.7401101814E+01      0.7401101814E+01      0.2324758104E+00      0.3432023428E+00
    0.7360779138E+01      0.7360779138E+01      0.2720388236E+00      0.3209199088E+00
    0.7321522105E+01      0.7321522105E+01      0.3156551624E+00      0.2931382435E+00
    0.7281899819E+01      0.7281899819E+01      0.3636736466E+00      0.2590267841E+00
    0.7241836844E+01      0.7241836844E+01      0.4141226113E+00      0.2197359321E+00
    0.7201352405E+01      0.7201352405E+01      0.4635444249E+00      0.1759182461E+00
    0.7158520928E+01      0.7158520928E+01      0.5098148052E+00      0.1275564228E+00
    0.7112540999E+01      0.7112540999E+01      0.5502560910E+00      0.7331809906E-01
    0.7063473223E+01      0.7063473223E+01      0.5833291020E+00      0.1281258493E-01
    0.7011704766E+01      0.7011704766E+01      0.6083303658E+00     -0.5450997569E-01
    0.6957818272E+01      0.6957818272E+01      0.6252746566E+00     -0.1292792558E+00
    0.6902207424E+01      0.6902207424E+01      0.6344815666E+00     -0.2131647218E+00
    0.6843537741E+01      0.6843537741E+01      0.6363449270E+00     -0.3040973354E+00
    0.6786995226E+01      0.6786995226E+01      0.6284120864E+00     -0.4037988834E+00
    0.6734355905E+01      0.6734355905E+01      0.6104363267E+00     -0.5077874963E+00
    0.6687400426E+01      0.6687400426E+01      0.5822094734E+00     -0.6136002396E+00
    0.6647081161E+01      0.6647081161E+01      0.5439549194E+00     -0.7215539988E+00
    0.6613445189E+01      0.6613445189E+01      0.4938088050E+00     -0.8331182678E+00
    0.6586176164E+01      0.6586176164E+01      0.4239667446E+00     -0.9424638230E+00
    0.6566632159E+01      0.6566632159E+01      0.3305310040E+00     -0.1042301522E+01
    0.6552702826E+01      0.6552702826E+01      0.2087163554E+00     -0.1127463746E+01
    0.6550284909E+01      0.6550284909E+01      0.9449925293E-01     -0.1159150804E+01
    0.0000000000E+00      0.2000000000E+02      0.0000000000E+00      0.0000000000E+00
    0.7508661921E+01      0.7508661921E+01      0.1675848909E+00      0.3257753496E+00
    0.7453543502E+01      0.7453543502E+01      0.1847935573E+00      0.3241840622E+00
    0.7402900910E+01      0.7402900910E+01      0.2122883313E+00      0.3137578086E+00
    0.7355648022E+01      0.7355648022E+01      0.2465411032E+00      0.2960960429E+00
    0.7309543430E+01      0.7309543430E+01      0.2855238846E+00      0.2744799886E+00
    0.7264184939E+01      0.7264184939E+01      0.3287281553E+00      0.2443410931E+00
    0.7218831190E+01      0.7218831190E+01      0.3741843164E+00      0.2091987231E+00
    0.7173230665E+01      0.7173230665E+01      0.4182906688E+00      0.1681893324E+00
    0.7125526771E+01      0.7125526771E+01      0.4587081753E+00      0.1219871265E+00
    0.7074869260E+01      0.7074869260E+01      0.4929535821E+00      0.6950739840E-01
    0.7021541825E+01      0.7021541825E+01      0.5197365429E+00      0.1064749388E-01
    0.6966248542E+01      0.6966248542E+01      0.5386846875E+00     -0.5521570112E-01
    0.6909199031E+01      0.6909199031E+01      0.5500427380E+00     -0.1284616453E+00
    0.6848861701E+01      0.6848861701E+01      0.5539539458E+00     -0.2080479828E+00
    0.6789331075E+01      0.6789331075E+01      0.5489564773E+00     -0.2953143044E+00
    0.6733403787E+01      0.6733403787E+01      0.5364498991E+00     -0.3864215377E+00
    0.6683069813E+01      0.6683069813E+01      0.5157845702E+00     -0.4785878439E+00
    0.6639311201E+01      0.6639311201E+01      0.4870276259E+00     -0.5704521228E+00
    0.6602842245E+01      0.6602842245E+01      0.4501376054E+00     -0.6632696784E+00
    0.6573314242E+01      0.6573314242E+01      0.4026497830E+00     -0.7568566198E+00
    0.6550345911E+01      0.6550345911E+01      0.3398851694E+00     -0.8415821039E+00
    0.6534152682E+01      0.6534152682E+01      0.2609739556E+00     -0.9170757984E+00
    0.6522185859E+01      0.6522185859E+01      0.1618750859E+00     -0.9797532714E+00
    0.6521014334E+01      0.6521014334E+01      0.7296752690E-01     -0.9974128068E+00
    0.0000000000E+00      0.2000000000E+02      0.0000000000E+00      0.0000000000E+00
    0.7538464961E+01      0.7538464961E+01      0.1736463292E+00      0.2759418174E+00
    0.7473205725E+01      0.7473205725E+01      0.1824264304E+00      0.2827412661E+00
    0.7411820469E+01      0.7411820469E+01      0.2004788339E+00      0.2810639284E+00
    0.7355606709E+01      0.7355606709E+01      0.2279148072E+00      0.2709251715E+00
    0.7301974253E+01      0.7301974253E+01      0.2614002257E+00      0.2544793054E+00
    0.7249579001E+01      0.7249579001E+01      0.2987843908E+00      0.2291913169E+00
    0.7197750378E+01      0.7197750378E+01      0.3380677143E+00      0.1988695745E+00
    0.7146035324E+01      0.7146035324E+01      0.3759128221E+00      0.1613893010E+00
    0.7092605080E+01      0.7092605080E+01      0.4100470665E+00      0.1178200436E+00
    0.7036705255E+01      0.7036705255E+01      0.4382005898E+00      0.6743834893E-01
    0.6978832788E+01      0.6978832788E+01      0.4591991227E+00      0.1020935823E-01
    0.6919703126E+01      0.6919703126E+01      0.4725889710E+00     -0.5371422402E-01
    0.6858182984E+01      0.6858182984E+01      0.4784130852E+00     -0.1235473391E+00
    0.6795857124E+01      0.6795857124E+01      0.4759467463E+00     -0.2002065157E+00
    0.6736684673E+01      0.6736684673E+01      0.4679719401E+00     -0.2807281541E+00
    0.6682677937E+01      0.6682677937E+01      0.4536416474E+00     -0.3622783797E+00
    0.6635350953E+01      0.6635350953E+01      0.4328807253E+00     -0.4427063885E+00
    0.6595326524E+01      0.6595326524E+01      0.4059145756E+00     -0.5212630329E+00
    0.6562713955E+01      0.6562713955E+01      0.3723283584E+00     -0.6000054259E+00
    0.6536832301E+01      0.6536832301E+01      0.3291136285E+00     -0.6770410413E+00
    0.6517456526E+01      0.6517456526E+01      0.2747721380E+00     -0.7434897655E+00
    0.6503513592E+01      0.6503513592E+01      0.2091978518E+00     -0.8019532080E+00
    0.6492999714E+01      0.6492999714E+01      0.1282728216E+00     -0.8502900409E+00
    0.6492122509E+01      0.6492122509E+01      0.5745027333E-01     -0.8597461390E+00
    0.0000000000E+00      0.2000000000E+02      0.0000000000E+00      0.0000000000E+00
    0.7569400637E+01      0.7569400637E+01      0.1836017906E+00      0.2272555350E+00
    0.7500068957E+01      0.7500068957E+01      0.1899677964E+00      0.2386851917E+00
    0.7429114450E+01      0.7429114450E+01      0.1995134301E+00      0.2448848120E+00
    0.7362027852E+01      0.7362027852E+01      0.2173002928E+00      0.2433833138E+00
    0.7299751234E+01      0.7299751234E+01      0.2433510794E+00      0.2322265745E+00
    0.7238694003E+01      0.7238694003E+01      0.2737140661E+00      0.2126648513E+00
    0.7179220433E+01      0.7179220433E+01      0.3057905214E+00      0.1874422484E+00
    0.7120209990E+01      0.7120209990E+01      0.3366235327E+00      0.1536946112E+00
    0.7060076190E+01      0.7060076190E+01      0.3640314706E+00      0.1130914364E+00
    0.6998486986E+01      0.6998486986E+01      0.3860222593E+00      0.6529942195E-01
    0.6935800356E+01      0.6935800356E+01      0.4012209808E+00      0.1076980201E-01
    0.6872222670E+01      0.6872222670E+01      0.4086997179E+00     -0.5014004089E-01
    0.6807109670E+01      0.6807109670E+01      0.4085694332E+00     -0.1173835227E+00
    0.6744958125E+01      0.6744958125E+01      0.4036593010E+00     -0.1884254132E+00
    0.6687252777E+01      0.6687252777E+01      0.3944807353E+00     -0.2609746295E+00
    0.6635951885E+01      0.6635951885E+01      0.3806099944E+00     -0.3325337384E+00
    0.6592183785E+01      0.6592183785E+01      0.3616120207E+00     -0.4013194392E+00
    0.6556109478E+01      0.6556109478E+01      0.3377483674E+00     -0.4673407007E+00
    0.6527243055E+01      0.6527243055E+01      0.3082799390E+00     -0.5331963101E+00
    0.6504624538E+01      0.6504624538E+01      0.2703912401E+00     -0.5954330641E+00
    0.6488153554E+01      0.6488153554E+01      0.2243098694E+00     -0.6486505405E+00
    0.6476024706E+01      0.6476024706E+01      0.1699383897E+00     -0.6943636544E+00
    0.6466742649E+01      0.6466742649E+01      0.1033457864E+00     -0.7323418825E+00
    0.6465783031E+01      0.6465783031E+01      0.4591968976E-01     -0.7369368827E+00
    0.0000000000E+00      0.2000000000E+02      0.0000000000E+00      0.0000000000E+00
    0.7597215017E+01      0.7597215017E+01      0.1915294505E+00      0.1838205275E+00
    0.7527888735E+01      0.7527888735E+01      0.1995878566E+00      0.1959804919E+00
    0.7452513227E+01      0.7452513227E+01      0.2069144689E+00      0.2068261526E+00
    0.7376195985E+01      0.7376195985E+01      0.2159450547E+00      0.2122018558E+00
    0.7302850752E+01      0.7302850752E+01      0.2324457238E+00      0.2079944083E+00
    0.7232210292E+01      0.7232210292E+01      0.2539658930E+00      0.1936682647E+00
    0.7163764487E+01      0.7163764487E+01      0.2776793546E+00      0.1736451523E+00
    0.7096549342E+01      0.7096549342E+01      0.3008952151E+00      0.1440949546E+00
    0.7029248330E+01      0.7029248330E+01      0.3210846067E+00      0.1068334798E+00
    0.6961421995E+01      0.6961421995E+01      0.3363497285E+00      0.6253002918E-01
    0.6893371505E+01      0.6893371505E+01      0.3451345992E+00      0.1119693466E-01
    0.6824605468E+01      0.6824605468E+01      0.3468178494E+00     -0.4658511748E-01
    0.6758527123E+01      0.6758527123E+01      0.3435855208E+00     -0.1090516054E+00
    0.6697299007E+01      0.6697299007E+01      0.3375616933E+00     -0.1729080433E+00
    0.6642138090E+01      0.6642138090E+01      0.3291694213E+00     -0.2367783477E+00
    0.6594149684E+01      0.6594149684E+01      0.3173109512E+00     -0.2979948583E+00
    0.6554197733E+01      0.6554197733E+01      0.3013189170E+00     -0.3554941218E+00
    0.6521997277E+01      0.6521997277E+01      0.2812956548E+00     -0.4098715736E+00
    0.6496585749E+01      0.6496585749E+01      0.2561129986E+00     -0.4639732760E+00
    0.6476888651E+01      0.6476888651E+01      0.2240561562E+00     -0.5138501875E+00
    0.6462280542E+01      0.6462280542E+01      0.1853043374E+00     -0.5572207808E+00
    0.6451471125E+01      0.6451471125E+01      0.1398709529E+00     -0.5931116576E+00
    0.6442958118E+01      0.6442958118E+01      0.8436221086E-01     -0.6235373611E+00
    0.6441808134E+01      0.6441808134E+01      0.3716258453E-01     -0.6253281121E+00
    0.0000000000E+00      0.2000000000E+02      0.0000000000E+00      0.0000000000E+00
    0.7619100924E+01      0.7619100924E+01      0.1967196737E+00      0.1445521347E+00
    0.7553005865E+01      0.7553005865E+01      0.2076476820E+00      0.1570220768E+00
    0.7477448885E+01      0.7477448885E+01      0.2163139085E+00      0.1687977282E+00
    0.7395407518E+01      0.7395407518E+01      0.2228462550E+00      0.1783170531E+00
    0.7311995780E+01      0.7311995780E+01      0.2293731484E+00      0.1803012350E+00
    0.7230575211E+01      0.7230575211E+01      0.2395545186E+00      0.1719767230E+00
    0.7151769230E+01      0.7151769230E+01      0.2534209371E+00      0.1566050049E+00
    0.7075615971E+01      0.7075615971E+01      0.2684914876E+00      0.1315566485E+00
    0.7000705098E+01      0.7000705098E+01      0.2812491125E+00      0.9839512999E-01
    0.6926004826E+01      0.6926004826E+01      0.2892474853E+00      0.5804999969E-01
    0.6851584582E+01      0.6851584582E+01      0.2915655462E+00      0.1021964540E-01
    0.6779749229E+01      0.6779749229E+01      0.2894056294E+00     -0.4285131528E-01
    0.6713469805E+01      0.6713469805E+01      0.2847282921E+00     -0.9835792624E-01
    0.6654152989E+01      0.6654152989E+01      0.2790872492E+00     -0.1539564352E+00
    0.6602232069E+01      0.6602232069E+01      0.2724311525E+00     -0.2085184756E+00
    0.6557878315E+01      0.6557878315E+01      0.2634800096E+00     -0.2594582591E+00
    0.6521647328E+01      0.6521647328E+01      0.2512483227E+00     -0.3062993488E+00
    0.6493061886E+01      0.6493061886E+01      0.2353420024E+00     -0.3499919730E+00
    0.6470603326E+01      0.6470603326E+01      0.2142471177E+00     -0.3933593625E+00
    0.6453363141E+01      0.6453363141E+01      0.1873026971E+00     -0.4330328083E+00
    0.6440415665E+01      0.6440415665E+01      0.1546057114E+00     -0.4679035743E+00
    0.6430762649E+01      0.6430762649E+01      0.1162985770E+00     -0.4957129163E+00
    0.6422980347E+01      0.6422980347E+01      0.6961536063E-01     -0.5200791179E+00
    0.6421865746E+01      0.6421865746E+01      0.3046786290E-01     -0.5201368929E+00
    0.0000000000E+00      0.2000000000E+02      0.0000000000E+00      0.0000000000E+00
    0.7636988801E+01      0.7636988801E+01      0.2032190110E+00      0.1118606342E+00
    0.7574337552E+01      0.7574337552E+01      0.2168806380E+00      0.1220238216E+00
    0.7500308894E+01      0.7500308894E+01      0.2269148101E+00      0.1334436222E+00
    0.7416438950E+01      0.7416438950E+01      0.2325298962E+00      0.1435340278E+00
    0.7325085956E+01      0.7325085956E+01      0.2339781218E+00      0.1499730635E+00
    0.7233011402E+01      0.7233011402E+01      0.2327732096E+00      0.1485638394E+00
    0.7143554519E+01      0.7143554519E+01      0.2347016612E+00      0.1369754702E+00
    0.7057722683E+01      0.7057722683E+01      0.2401626836E+00      0.1154217041E+00
    0.6974861704E+01      0.6974861704E+01      0.2451466236E+00      0.8677203713E-01
    0.6892670389E+01      0.6892670389E+01      0.2460958678E+00      0.5050326920E-01
    0.6813320845E+01      0.6813320845E+01      0.2434376576E+00      0.7923805540E-02
    0.6739532223E+01      0.6739532223E+01      0.2387735509E+00     -0.3817007655E-01
    0.6673446204E+01      0.6673446204E+01      0.2336344799E+00     -0.8557412635E-01
    0.6616490524E+01      0.6616490524E+01      0.2292668822E+00     -0.1318108532E+00
    0.6568076849E+01      0.6568076849E+01      0.2246369134E+00     -0.1766064972E+00
    0.6527447864E+01      0.6527447864E+01      0.2190306841E+00     -0.2175166482E+00
    0.6494711074E+01      0.6494711074E+01      0.2107126580E+00     -0.2545464446E+00
    0.6469149862E+01      0.6469149862E+01      0.1985395835E+00     -0.2886276787E+00
    0.6449087596E+01      0.6449087596E+01      0.1813645660E+00     -0.3223546245E+00
    0.6433605098E+01      0.6433605098E+01      0.1588262950E+00     -0.3534600918E+00
    0.6421890425E+01      0.6421890425E+01      0.1308920783E+00     -0.3809986312E+00
    0.6413053609E+01      0.6413053609E+01      0.9811695597E-01     -0.4022453896E+00
    0.6405923730E+01      0.6405923730E+01      0.5841932768E-01     -0.4215290292E+00
    0.6404857678E+01      0.6404857678E+01      0.2542755672E-01     -0.4207258264E+00
    0.0000000000E+00      0.2000000000E+02      0.0000000000E+00      0.0000000000E+00
    0.7649778521E+01      0.7649778521E+01      0.2100829734E+00      0.8310159348E-01
    0.7591313215E+01      0.7591313215E+01      0.2265729006E+00      0.9116398896E-01
    0.7519823117E+01      0.7519823117E+01      0.2377746959E+00      0.1007351962E+00
    0.7435097078E+01      0.7435097078E+01      0.2426855559E+00      0.1096141652E+00
    0.7340270193E+01      0.7340270193E+01      0.2408224198E+00      0.1174845762E+00
    0.7239035630E+01      0.7239035630E+01      0.2322578593E+00      0.1209822268E+00
    0.7137927669E+01      0.7137927669E+01      0.2230403601E+00      0.1136806588E+00
    0.7042967540E+01      0.7042967540E+01      0.2187812392E+00      0.9611903864E-01
    0.6951492435E+01      0.6951492435E+01      0.2150885889E+00      0.7126416460E-01
    0.6863352186E+01      0.6863352186E+01      0.2095953920E+00      0.4032013526E-01
    0.6780232499E+01      0.6780232499E+01      0.2026721116E+00      0.4986523556E-02
    0.6705339266E+01      0.6705339266E+01      0.1966155963E+00     -0.3257690127E-01
    0.6640043969E+01      0.6640043969E+01      0.1919497111E+00     -0.7060650448E-01
    0.6585226943E+01      0.6585226943E+01      0.1888654303E+00     -0.1067381397E+00
    0.6540004985E+01      0.6540004985E+01      0.1861531865E+00     -0.1415458530E+00
    0.6503104219E+01      0.6503104219E+01      0.1837868388E+00     -0.1726596151E+00
    0.6473333212E+01      0.6473333212E+01      0.1788978224E+00     -0.2006991321E+00
    0.6450120489E+01      0.6450120489E+01      0.1695776173E+00     -0.2261441525E+00
    0.6432089581E+01      0.6432089581E+01      0.1553201626E+00     -0.2509264892E+00
    0.6418367999E+01      0.6418367999E+01      0.1361582895E+00     -0.2739995671E+00
    0.6407750069E+01      0.6407750069E+01      0.1118985842E+00     -0.2947190892E+00
    0.6399767827E+01      0.6399767827E+01      0.8368497253E-01     -0.3101638749E+00
    0.6393386649E+01      0.6393386649E+01      0.4959770089E-01     -0.3247108298E+00
    0.6392451911E+01      0.6392451911E+01      0.2148808933E-01     -0.3234964252E+00
    0.0000000000E+00      0.2000000000E+02      0.0000000000E+00      0.0000000000E+00
    0.7659203621E+01      0.7659203621E+01      0.2166036597E+00      0.5806156988E-01
    0.7603903937E+01      0.7603903937E+01      0.2355432509E+00      0.6369717800E-01
    0.7534831855E+01      0.7534831855E+01      0.2480826920E+00      0.7047294395E-01
    0.7450150745E+01      0.7450150745E+01      0.2527173340E+00      0.7726224405E-01
    0.7353734623E+01      0.7353734623E+01      0.2483847796E+00      0.8510413615E-01
    0.7247058940E+01      0.7247058940E+01      0.2355688039E+00      0.8928836300E-01
    0.7135424608E+01      0.7135424608E+01      0.2159761497E+00      0.8593186063E-01
    0.7030001787E+01      0.7030001787E+01      0.2015259238E+00      0.7254037710E-01
    0.6931748031E+01      0.6931748031E+01      0.1908024262E+00      0.5224050901E-01
    0.6838966630E+01      0.6838966630E+01      0.1805340036E+00      0.2820785474E-01
    0.6753892133E+01      0.6753892133E+01      0.1714202740E+00      0.2178631325E-02
    0.6678778146E+01      0.6678778146E+01      0.1645783744E+00     -0.2568623586E-01
    0.6614404407E+01      0.6614404407E+01      0.1600613237E+00     -0.5328126231E-01
    0.6561175939E+01      0.6561175939E+01      0.1577557402E+00     -0.7911929921E-01
    0.6518363144E+01      0.6518363144E+01      0.1567992298E+00     -0.1038395518E+00
    0.6484929685E+01      0.6484929685E+01      0.1570619758E+00     -0.1253301914E+00
    0.6457363738E+01      0.6457363738E+01      0.1546565183E+00     -0.1452438559E+00
    0.6435817907E+01      0.6435817907E+01      0.1477513464E+00     -0.1627787195E+00
    0.6419425454E+01      0.6419425454E+01      0.1361008595E+00     -0.1794839404E+00
    0.6406848881E+01      0.6406848881E+01      0.1194727790E+00     -0.1954494873E+00
    0.6397101337E+01      0.6397101337E+01      0.9803535810E-01     -0.2098348179E+00
    0.6389879062E+01      0.6389879062E+01      0.7334793371E-01     -0.2202342655E+00
    0.6383991178E+01      0.6383991178E+01      0.4321056680E-01     -0.2304769308E+00
    0.6383147923E+01      0.6383147923E+01      0.1861474853E-01     -0.2293038028E+00
    0.0000000000E+00      0.2000000000E+02      0.0000000000E+00      0.0000000000E+00
    0.7663949433E+01      0.7663949433E+01      0.2200458650E+00      0.3366360479E-01
    0.7611125133E+01      0.7611125133E+01      0.2408971094E+00      0.3719592438E-01
    0.7544296244E+01      0.7544296244E+01      0.2551273485E+00      0.4145543135E-01
    0.7460769723E+01      0.7460769723E+01      0.2604365049E+00      0.4615059845E-01
    0.7363875615E+01      0.7363875615E+01      0.2555253217E+00      0.5204596710E-01
    0.7253630259E+01      0.7253630259E+01      0.2392390886E+00      0.5570534361E-01
    0.7134295091E+01      0.7134295091E+01      0.2121634463E+00      0.5401234534E-01
    0.7019718679E+01      0.7019718679E+01      0.1884836655E+00      0.4529403950E-01
    0.6916382214E+01      0.6916382214E+01      0.1726979537E+00      0.3202962760E-01
    0.6821788748E+01      0.6821788748E+01      0.1602234466E+00      0.1647868623E-01
    0.6735808538E+01      0.6735808538E+01      0.1496452874E+00      0.7295154414E-04
    0.6660582602E+01      0.6660582602E+01      0.1420272603E+00     -0.1730696141E-01
    0.6596993298E+01      0.6596993298E+01      0.1374799509E+00     -0.3400107454E-01
    0.6544912090E+01      0.6544912090E+01      0.1356958989E+00     -0.4946177262E-01
    0.6503793821E+01      0.6503793821E+01      0.1361204389E+00     -0.6402704328E-01
    0.6472646798E+01      0.6472646798E+01      0.1380449591E+00     -0.7635004070E-01
    0.6446810572E+01      0.6446810572E+01      0.1373773707E+00     -0.8835566638E-01
    0.6426413064E+01      0.6426413064E+01      0.1320480946E+00     -0.9842602905E-01
    0.6411228079E+01      0.6411228079E+01      0.1220537471E+00     -0.1078821323E+00
    0.6399508513E+01      0.6399508513E+01      0.1072153069E+00     -0.1170636552E+00
    0.6390490777E+01      0.6390490777E+01      0.8795998733E-01     -0.1253595892E+00
    0.6383858840E+01      0.6383858840E+01      0.6581650209E-01     -0.1312456495E+00
    0.6378250473E+01      0.6378250473E+01      0.3843601546E-01     -0.1373239660E+00
    0.6377607609E+01      0.6377607609E+01      0.1649907694E-01     -0.1363721458E+00
    0.0000000000E+00      0.2000000000E+02      0.0000000000E+00      0.0000000000E+00
    0.7666984609E+01      0.7666984609E+01      0.2217546547E+00      0.1176476810E-01
    0.7615574360E+01      0.7615574360E+01      0.2434445374E+00      0.1318698732E-01
    0.7549860236E+01      0.7549860236E+01      0.2582737330E+00      0.1476029588E-01
    0.7466779185E+01      0.7466779185E+01      0.2636865861E+00      0.1643618458E-01
    0.7369516852E+01      0.7369516852E+01      0.2583115755E+00      0.1831231042E-01
    0.7257506912E+01      0.7257506912E+01      0.2396735288E+00      0.1915304714E-01
    0.7133004395E+01      0.7133004395E+01      0.2077348961E+00      0.1746084253E-01
    0.7012752798E+01      0.7012752798E+01      0.1782537531E+00      0.1361337078E-01
    0.6906279182E+01      0.6906279182E+01      0.1593832702E+00      0.8654931636E-02
    0.6810865189E+01      0.6810865189E+01      0.1460066434E+00      0.3264793651E-02
    0.6726119700E+01      0.6726119700E+01      0.1361297482E+00     -0.1904802262E-02
    0.6651254906E+01      0.6651254906E+01      0.1285225532E+00     -0.7759530333E-02
    0.6588178616E+01      0.6588178616E+01      0.1238148271E+00     -0.1323508618E-01
    0.6536796230E+01      0.6536796230E+01      0.1220479691E+00     -0.1823381148E-01
    0.6496512629E+01      0.6496512629E+01      0.1231501038E+00     -0.2283640979E-01
    0.6466400874E+01      0.6466400874E+01      0.1259380416E+00     -0.2668419489E-01
    0.6441591599E+01      0.6441591599E+01      0.1265550428E+00     -0.3050113292E-01
    0.6421725897E+01      0.6421725897E+01      0.1224570606E+00     -0.3367249460E-01
    0.6406998278E+01      0.6406998278E+01      0.1136807657E+00     -0.3671838082E-01
    0.6395569683E+01      0.6395569683E+01      0.1000147031E+00     -0.3969264816E-01
    0.6386809540E+01      0.6386809540E+01      0.8210484285E-01     -0.4237196915E-01
    0.6380367728E+01      0.6380367728E+01      0.6141878979E-01     -0.4426221648E-01
    0.6374880844E+01      0.6374880844E+01      0.3572413837E-01     -0.4624779761E-01
    0.6374282010E+01      0.6374282010E+01      0.1527905157E-01     -0.4589059692E-01
    0.0000000000E+00      0.2000000000E+02      0.0000000000E+00      0.0000000000E+00
