    0.8858614408E+01      0.8858614408E+01      0.1868521612E-01      0.6759905520E+00
    0.8860798175E+01      0.8860798175E+01      0.5490042025E-01      0.6770639754E+00
    0.8865041035E+01      0.8865041035E+01      0.9131976109E-01      0.6780541779E+00
    0.8871423773E+01      0.8871423773E+01      0.1279379557E+00      0.6795954675E+00
    0.8879919774E+01      0.8879919774E+01      0.1648422164E+00      0.6817268487E+00
    0.8890521115E+01      0.8890521115E+01      0.2020801343E+00      0.6844335216E+00
    0.8903228553E+01      0.8903228553E+01      0.2396660781E+00      0.6876976233E+00
    0.8918052860E+01      0.8918052860E+01      0.2775913329E+00      0.6915571661E+00
    0.8935010883E+01      0.8935010883E+01      0.3158333393E+00      0.6959599370E+00
    0.8954073202E+01      0.8954073202E+01      0.3544253024E+00      0.7008958572E+00
    0.8975250467E+01      0.8975250467E+01      0.3934030354E+00      0.7064025067E+00
    0.8998699118E+01      0.8998699118E+01      0.4327376398E+00      0.7123961967E+00
    0.9024208301E+01      0.9024208301E+01      0.4723687686E+00      0.7188903621E+00
    0.9048398888E+01      0.9048398888E+01      0.5092682369E+00      0.7270756317E+00
    0.9069457084E+01      0.9069457084E+01      0.5415023798E+00      0.7374649232E+00
    0.9086919503E+01      0.9086919503E+01      0.5687655961E+00      0.7501487556E+00
    0.9100618978E+01      0.9100618978E+01      0.5909512087E+00      0.7650427355E+00
    0.9110670247E+01      0.9110670247E+01      0.6081995049E+00      0.7820690658E+00
    0.9117009192E+01      0.9117009192E+01      0.6204288385E+00      0.8008143924E+00
    0.9120045032E+01      0.9120045032E+01      0.6281792575E+00      0.8214792828E+00
    0.9120649500E+01      0.9120649500E+01      0.6319116006E+00      0.8436665702E+00
    0.9118168119E+01      0.9118168119E+01      0.6327156386E+00      0.8674216092E+00
    0.9114550567E+01      0.9114550567E+01      0.6297840952E+00      0.8917469708E+00
    0.9109261657E+01      0.9109261657E+01      0.6240966504E+00      0.9167772990E+00
    0.9102923746E+01      0.9102923746E+01      0.6160130786E+00      0.9422858885E+00
    0.8818856238E+01      0.8818856238E+01      0.1898074920E-01      0.6920130122E+00
    0.8821053965E+01      0.8821053965E+01      0.5577771650E-01      0.6931524099E+00
    0.8825330278E+01      0.8825330278E+01      0.9277717132E-01      0.6942192254E+00
    0.8831779313E+01      0.8831779313E+01      0.1299644433E+00      0.6958636832E+00
    0.8840364812E+01      0.8840364812E+01      0.1674416696E+00      0.6981371958E+00
    0.8851086391E+01      0.8851086391E+01      0.2052535557E+00      0.7010200215E+00
    0.8863953300E+01      0.8863953300E+01      0.2434103607E+00      0.7044992702E+00
    0.8878979313E+01      0.8878979313E+01      0.2818996973E+00      0.7086086214E+00
    0.8896164750E+01      0.8896164750E+01      0.3207109065E+00      0.7133002385E+00
    0.8915480215E+01      0.8915480215E+01      0.3598677111E+00      0.7185731351E+00
    0.8936915727E+01      0.8936915727E+01      0.3993953168E+00      0.7244595157E+00
    0.8960537267E+01      0.8960537267E+01      0.4393439261E+00      0.7309180735E+00
    0.8986574241E+01      0.8986574241E+01      0.4796657639E+00      0.7378334273E+00
    0.9012493064E+01      0.9012493064E+01      0.5185992217E+00      0.7460714066E+00
    0.9035472151E+01      0.9035472151E+01      0.5530696297E+00      0.7564613247E+00
    0.9054934715E+01      0.9054934715E+01      0.5825956913E+00      0.7691382028E+00
    0.9070578413E+01      0.9070578413E+01      0.6070125374E+00      0.7840385185E+00
    0.9082537771E+01      0.9082537771E+01      0.6262810774E+00      0.8011454202E+00
    0.9090506001E+01      0.9090506001E+01      0.6404931915E+00      0.8200858051E+00
    0.9095096213E+01      0.9095096213E+01      0.6497269411E+00      0.8409027760E+00
    0.9096773131E+01      0.9096773131E+01      0.6547167395E+00      0.8634140960E+00
    0.9095479269E+01      0.9095479269E+01      0.6566405735E+00      0.8875814535E+00
    0.9092559147E+01      0.9092559147E+01      0.6547185328E+00      0.9126285675E+00
    0.9087974809E+01      0.9087974809E+01      0.6498558215E+00      0.9384140529E+00
    0.9082079193E+01      0.9082079193E+01      0.6422674256E+00      0.9648888326E+00
    0.8778883086E+01      0.8778883086E+01      0.1929623694E-01      0.7074318814E+00
    0.8781100686E+01      0.8781100686E+01      0.5671107224E-01      0.7086343672E+00
    0.8785422722E+01      0.8785422722E+01      0.9432533716E-01      0.7097688294E+00
    0.8791953994E+01      0.8791953994E+01      0.1321175199E+00      0.7115061277E+00
    0.8800649450E+01      0.8800649450E+01      0.1702031796E+00      0.7139136665E+00
    0.8811517229E+01      0.8811517229E+01      0.2086217119E+00      0.7169652243E+00
    0.8824572223E+01      0.8824572223E+01      0.2473835543E+00      0.7206484773E+00
    0.8839829213E+01      0.8839829213E+01      0.2864755406E+00      0.7249991123E+00
    0.8857271426E+01      0.8857271426E+01      0.3258966569E+00      0.7299754265E+00
    0.8876862616E+01      0.8876862616E+01      0.3656663418E+00      0.7355747118E+00
    0.8898585113E+01      0.8898585113E+01      0.4058080250E+00      0.7418533552E+00
    0.8922428302E+01      0.8922428302E+01      0.4463845454E+00      0.7487786545E+00
    0.8948751402E+01      0.8948751402E+01      0.4873093881E+00      0.7562161576E+00
    0.8976064957E+01      0.8976064957E+01      0.5279840963E+00      0.7646404671E+00
    0.9000887366E+01      0.9000887366E+01      0.5646712294E+00      0.7750993297E+00
    0.9022294068E+01      0.9022294068E+01      0.5964649052E+00      0.7878238738E+00
    0.9039919909E+01      0.9039919909E+01      0.6230952757E+00      0.8027803929E+00
    0.9053688566E+01      0.9053688566E+01      0.6445333883E+00      0.8199768207E+00
    0.9063522188E+01      0.9063522188E+01      0.6606537225E+00      0.8391530699E+00
    0.9069628958E+01      0.9069628958E+01      0.6716505246E+00      0.8600530769E+00
    0.9072370546E+01      0.9072370546E+01      0.6782136049E+00      0.8830066341E+00
    0.9072280679E+01      0.9072280679E+01      0.6809678505E+00      0.9075673590E+00
    0.9069874904E+01      0.9069874904E+01      0.6803548212E+00      0.9335128385E+00
    0.9066001033E+01      0.9066001033E+01      0.6764387525E+00      0.9601679002E+00
    0.9060424344E+01      0.9060424344E+01      0.6695204612E+00      0.9876342470E+00
    0.8738678586E+01      0.8738678586E+01      0.1962978194E-01      0.7222129166E+00
    0.8740924069E+01      0.8740924069E+01      0.5769401687E-01      0.7234767710E+00
    0.8745306340E+01      0.8745306340E+01      0.9595482035E-01      0.7246722653E+00
    0.8751935285E+01      0.8751935285E+01      0.1343881538E+00      0.7264941305E+00
    0.8760761153E+01      0.8760761153E+01      0.1731177598E+00      0.7290288958E+00
    0.8771802136E+01      0.8771802136E+01      0.2121748426E+00      0.7322438950E+00
    0.8785072924E+01      0.8785072924E+01      0.2515756864E+00      0.7361210311E+00
    0.8800584263E+01      0.8800584263E+01      0.2913114464E+00      0.7407059768E+00
    0.8818307112E+01      0.8818307112E+01      0.3313883741E+00      0.7459674853E+00
    0.8838203695E+01      0.8838203695E+01      0.3718187609E+00      0.7518943219E+00
    0.8860229188E+01      0.8860229188E+01      0.4126320076E+00      0.7585523895E+00
    0.8884385286E+01      0.8884385286E+01      0.4538647558E+00      0.7659333441E+00
    0.8910849820E+01      0.8910849820E+01      0.4955112674E+00      0.7739371179E+00
    0.8939183695E+01      0.8939183695E+01      0.5374730801E+00      0.7827024147E+00
    0.8965804233E+01      0.8965804233E+01      0.5763414143E+00      0.7932950207E+00
    0.8989097686E+01      0.8989097686E+01      0.6103870660E+00      0.8060954079E+00
    0.9008660782E+01      0.9008660782E+01      0.6392767373E+00      0.8211577985E+00
    0.9024314553E+01      0.9024314553E+01      0.6628735944E+00      0.8384901956E+00
    0.9035929527E+01      0.9035929527E+01      0.6810825445E+00      0.8578528028E+00
    0.9043500550E+01      0.9043500550E+01      0.6940459441E+00      0.8790706718E+00
    0.9047407454E+01      0.9047407454E+01      0.7022787563E+00      0.9024620310E+00
    0.9048415979E+01      0.9048415979E+01      0.7059781066E+00      0.9275837161E+00
    0.9046343165E+01      0.9046343165E+01      0.7068122118E+00      0.9545439887E+00
    0.9042901896E+01      0.9042901896E+01      0.7039616800E+00      0.9822983986E+00
    0.9037527332E+01      0.9037527332E+01      0.6980637035E+00      0.1011133273E+01
    0.8698232018E+01      0.8698232018E+01      0.1998127376E-01      0.7363182436E+00
    0.8700513697E+01      0.8700513697E+01      0.5872618800E-01      0.7376428505E+00
    0.8704971525E+01      0.8704971525E+01      0.9766451374E-01      0.7388961959E+00
    0.8711714184E+01      0.8711714184E+01      0.1367736939E+00      0.7407979646E+00
    0.8720691135E+01      0.8720691135E+01      0.1761809187E+00      0.7434537068E+00
    0.8731930814E+01      0.8731930814E+01      0.2159085871E+00      0.7468266296E+00
    0.8745442067E+01      0.8745442067E+01      0.2559832079E+00      0.7508893711E+00
    0.8761227537E+01      0.8761227537E+01      0.2964045076E+00      0.7557044391E+00
    0.8779249633E+01      0.8779249633E+01      0.3371863660E+00      0.7612504042E+00
    0.8799470791E+01      0.8799470791E+01      0.3783335191E+00      0.7675064379E+00
    0.8821831322E+01      0.8821831322E+01      0.4198777041E+00      0.7745532216E+00
    0.8846316432E+01      0.8846316432E+01      0.4618359608E+00      0.7823824355E+00
    0.8873013828E+01      0.8873013828E+01      0.5042512791E+00      0.7909260529E+00
    0.8902004523E+01      0.8902004523E+01      0.5471726848E+00      0.8001369345E+00
    0.8930319275E+01      0.8930319275E+01      0.5881526106E+00      0.8109247060E+00
    0.8955450690E+01      0.8955450690E+01      0.6244098627E+00      0.8238580001E+00
    0.8976894154E+01      0.8976894154E+01      0.6555861062E+00      0.8390675506E+00
    0.8994336713E+01      0.8994336713E+01      0.6814320541E+00      0.8565883761E+00
    0.9007644598E+01      0.9007644598E+01      0.7018827141E+00      0.8762993354E+00
    0.9016595969E+01      0.9016595969E+01      0.7169719709E+00      0.8979866384E+00
    0.9021691405E+01      0.9021691405E+01      0.7268739650E+00      0.9219803336E+00
    0.9023288772E+01      0.9023288772E+01      0.7320876806E+00      0.9479677709E+00
    0.9021822464E+01      0.9021822464E+01      0.7343189119E+00      0.9759100192E+00
    0.9018116799E+01      0.9018116799E+01      0.7328409424E+00      0.1005448897E+01
    0.9012515551E+01      0.9012515551E+01      0.7281448153E+00      0.1036034820E+01
    0.8657538604E+01      0.8657538604E+01      0.2034985630E-01      0.7497123965E+00
    0.8659862847E+01      0.8659862847E+01      0.5980592725E-01      0.7510977827E+00
    0.8664408920E+01      0.8664408920E+01      0.9945177091E-01      0.7524080034E+00
    0.8671281076E+01      0.8671281076E+01      0.1392683506E+00      0.7543877037E+00
    0.8680429962E+01      0.8680429962E+01      0.1793841934E+00      0.7571576273E+00
    0.8691890881E+01      0.8691890881E+01      0.2198163581E+00      0.7606814342E+00
    0.8705663007E+01      0.8705663007E+01      0.2606036242E+00      0.7649235847E+00
    0.8721742241E+01      0.8721742241E+01      0.3017540631E+00      0.7699666566E+00
    0.8740084942E+01      0.8740084942E+01      0.3432877928E+00      0.7757947642E+00
    0.8760653621E+01      0.8760653621E+01      0.3852016362E+00      0.7823808976E+00
    0.8783377070E+01      0.8783377070E+01      0.4275303042E+00      0.7898040913E+00
    0.8808245868E+01      0.8808245868E+01      0.4702736789E+00      0.7980673548E+00
    0.8835257649E+01      0.8835257649E+01      0.5135142377E+00      0.8070916069E+00
    0.8864728366E+01      0.8864728366E+01      0.5572262252E+00      0.8168402171E+00
    0.8894539530E+01      0.8894539530E+01      0.6001379398E+00      0.8278852925E+00
    0.8921386794E+01      0.8921386794E+01      0.6386326849E+00      0.8410168516E+00
    0.8944598790E+01      0.8944598790E+01      0.6721339324E+00      0.8564858890E+00
    0.8963653473E+01      0.8963653473E+01      0.7003488561E+00      0.8743475488E+00
    0.8978445163E+01      0.8978445163E+01      0.7231686108E+00      0.8945968738E+00
    0.8988735256E+01      0.8988735256E+01      0.7405204035E+00      0.9170184972E+00
    0.8994666803E+01      0.8994666803E+01      0.7524852854E+00      0.9418846620E+00
    0.8996420224E+01      0.8996420224E+01      0.7594179189E+00      0.9691775829E+00
    0.8995677082E+01      0.8995677082E+01      0.7630429206E+00      0.9982519548E+00
    0.8991890017E+01      0.8991890017E+01      0.7631493455E+00      0.1029379263E+01
    0.8987498772E+01      0.8987498772E+01      0.7591005927E+00      0.1060535547E+01
    0.8616591484E+01      0.8616591484E+01      0.2073449114E-01      0.7623661320E+00
    0.8618962894E+01      0.8618962894E+01      0.6093085575E-01      0.7638125577E+00
    0.8623607128E+01      0.8623607128E+01      0.1013131677E+00      0.7651780724E+00
    0.8630624227E+01      0.8630624227E+01      0.1418664080E+00      0.7672329257E+00
    0.8639966200E+01      0.8639966200E+01      0.1827206318E+00      0.7701088314E+00
    0.8651669108E+01      0.8651669108E+01      0.2238937688E+00      0.7737756438E+00
    0.8665721279E+01      0.8665721279E+01      0.2654354937E+00      0.7781928680E+00
    0.8682116403E+01      0.8682116403E+01      0.3073584284E+00      0.7834598411E+00
    0.8700807361E+01      0.8700807361E+01      0.3496874224E+00      0.7895650264E+00
    0.8721758527E+01      0.8721758527E+01      0.3924136004E+00      0.7964767674E+00
    0.8744899495E+01      0.8744899495E+01      0.4355694013E+00      0.8042532458E+00
    0.8770198750E+01      0.8770198750E+01      0.4791534460E+00      0.8128888710E+00
    0.8797639932E+01      0.8797639932E+01      0.5232234093E+00      0.8223770108E+00
    0.8827454007E+01      0.8827454007E+01      0.5677698916E+00      0.8326706185E+00
    0.8858450486E+01      0.8858450486E+01      0.6123965569E+00      0.8441035049E+00
    0.8886877272E+01      0.8886877272E+01      0.6531740415E+00      0.8575844624E+00
    0.8911579639E+01      0.8911579639E+01      0.6891261753E+00      0.8734993258E+00
    0.8932048750E+01      0.8932048750E+01      0.7197748147E+00      0.8919879040E+00
    0.8948047687E+01      0.8948047687E+01      0.7451694123E+00      0.9130039696E+00
    0.8959359996E+01      0.8959359996E+01      0.7650840722E+00      0.9365100013E+00
    0.8965875593E+01      0.8965875593E+01      0.7792521656E+00      0.9626512762E+00
    0.8968402219E+01      0.8968402219E+01      0.7878378974E+00      0.9908896835E+00
    0.8968979441E+01      0.8968979441E+01      0.7924882550E+00      0.1020471511E+01
    0.8966698072E+01      0.8966698072E+01      0.7938023171E+00      0.1051586361E+01
    0.8964194127E+01      0.8964194127E+01      0.7900592659E+00      0.1082491817E+01
    0.8575376843E+01      0.8575376843E+01      0.2113405294E-01      0.7742528124E+00
    0.8577800722E+01      0.8577800722E+01      0.6209736775E-01      0.7757603097E+00
    0.8582553938E+01      0.8582553938E+01      0.1032428871E+00      0.7771773995E+00
    0.8589733035E+01      0.8589733035E+01      0.1445600686E+00      0.7793014552E+00
    0.8599289780E+01      0.8599289780E+01      0.1861818430E+00      0.7822739452E+00
    0.8611255268E+01      0.8611255268E+01      0.2281331075E+00      0.7860757640E+00
    0.8625609607E+01      0.8625609607E+01      0.2704706804E+00      0.7906643337E+00
    0.8642348710E+01      0.8642348710E+01      0.3132079562E+00      0.7961456775E+00
    0.8661425086E+01      0.8661425086E+01      0.3563722401E+00      0.8025124934E+00
    0.8682808888E+01      0.8682808888E+01      0.3999482897E+00      0.8097260277E+00
    0.8706428350E+01      0.8706428350E+01      0.4439633281E+00      0.8178118208E+00
    0.8732214852E+01      0.8732214852E+01      0.4884326843E+00      0.8268181228E+00
    0.8760123612E+01      0.8760123612E+01      0.5334002540E+00      0.8367431854E+00
    0.8790223117E+01      0.8790223117E+01      0.5789361106E+00      0.8476112265E+00
    0.8821979621E+01      0.8821979621E+01      0.6250623974E+00      0.8596285076E+00
    0.8851664707E+01      0.8851664707E+01      0.6682571763E+00      0.8737037405E+00
    0.8877587152E+01      0.8877587152E+01      0.7067443354E+00      0.8903967180E+00
    0.8899056504E+01      0.8899056504E+01      0.7401018957E+00      0.9097870943E+00
    0.8916053143E+01      0.8916053143E+01      0.7681733674E+00      0.9318937172E+00
    0.8928640392E+01      0.8928640392E+01      0.7905253298E+00      0.9564968858E+00
    0.8936735911E+01      0.8936735911E+01      0.8064890142E+00      0.9830649872E+00
    0.8941249025E+01      0.8941249025E+01      0.8164572280E+00      0.1010918033E+01
    0.8943804658E+01      0.8943804658E+01      0.8222456329E+00      0.1040190727E+01
    0.8943785852E+01      0.8943785852E+01      0.8238433754E+00      0.1070785202E+01
    0.8944018562E+01      0.8944018562E+01      0.8204143089E+00      0.1100793527E+01
    0.8533881688E+01      0.8533881688E+01      0.2154737869E-01      0.7853401921E+00
    0.8536365824E+01      0.8536365824E+01      0.6330107656E-01      0.7869077597E+00
    0.8541241988E+01      0.8541241988E+01      0.1052339351E+00      0.7883713562E+00
    0.8548602623E+01      0.8548602623E+01      0.1473409259E+00      0.7905562503E+00
    0.8558395959E+01      0.8558395959E+01      0.1897599720E+00      0.7936160872E+00
    0.8570645741E+01      0.8570645741E+01      0.2325258537E+00      0.7975436567E+00
    0.8585330226E+01      0.8585330226E+01      0.2756970618E+00      0.8022956245E+00
    0.8602450679E+01      0.8602450679E+01      0.3192844277E+00      0.8079732606E+00
    0.8621961120E+01      0.8621961120E+01      0.3633158447E+00      0.8145738911E+00
    0.8643830979E+01      0.8643830979E+01      0.4077767879E+00      0.8220520413E+00
    0.8667963080E+01      0.8667963080E+01      0.4527016996E+00      0.8304284857E+00
    0.8694259555E+01      0.8694259555E+01      0.4981213796E+00      0.8398076768E+00
    0.8722591950E+01      0.8722591950E+01      0.5441070591E+00      0.8502110025E+00
    0.8752877444E+01      0.8752877444E+01      0.5907827634E+00      0.8617762790E+00
    0.8784856545E+01      0.8784856545E+01      0.6384656235E+00      0.8746618056E+00
    0.8815452126E+01      0.8815452126E+01      0.6841520809E+00      0.8896983486E+00
    0.8842218501E+01      0.8842218501E+01      0.7253674714E+00      0.9074390645E+00
    0.8864819344E+01      0.8864819344E+01      0.7612726276E+00      0.9278411831E+00
    0.8883424733E+01      0.8883424733E+01      0.7917036185E+00      0.9505138474E+00
    0.8898174562E+01      0.8898174562E+01      0.8161614659E+00      0.9752086760E+00
    0.8908757557E+01      0.8908757557E+01      0.8335307083E+00      0.1001158346E+01
    0.8916044075E+01      0.8916044075E+01      0.8446332341E+00      0.1028145119E+01
    0.8921776030E+01      0.8921776030E+01      0.8514235184E+00      0.1056196310E+01
    0.8924634269E+01      0.8924634269E+01      0.8526936013E+00      0.1085565419E+01
    0.8927872918E+01      0.8927872918E+01      0.8496753318E+00      0.1114321088E+01
    0.8492108116E+01      0.8492108116E+01      0.2197260655E-01      0.7955806771E+00
    0.8494661739E+01      0.8494661739E+01      0.6453602649E-01      0.7972061029E+00
    0.8499675077E+01      0.8499675077E+01      0.1072785958E+00      0.7987126972E+00
    0.8507236544E+01      0.8507236544E+01      0.1502008230E+00      0.8009505604E+00
    0.8517287411E+01      0.8517287411E+01      0.1934476852E+00      0.8040901290E+00
    0.8529846733E+01      0.8529846733E+01      0.2370611757E+00      0.8081314640E+00
    0.8544897144E+01      0.8544897144E+01      0.2810968390E+00      0.8130307421E+00
    0.8562444544E+01      0.8562444544E+01      0.3255628988E+00      0.8188789390E+00
    0.8582441486E+01      0.8582441486E+01      0.3704889914E+00      0.8256810598E+00
    0.8604834496E+01      0.8604834496E+01      0.4158764317E+00      0.8333973396E+00
    0.8629484221E+01      0.8629484221E+01      0.4617870967E+00      0.8420813788E+00
    0.8656225223E+01      0.8656225223E+01      0.5082845255E+00      0.8518678178E+00
    0.8684823722E+01      0.8684823722E+01      0.5554711380E+00      0.8629031992E+00
    0.8715012998E+01      0.8715012998E+01      0.6035721322E+00      0.8754316548E+00
    0.8746860790E+01      0.8746860790E+01      0.6528951592E+00      0.8895124496E+00
    0.8778136178E+01      0.8778136178E+01      0.7010687170E+00      0.9056599620E+00
    0.8806159189E+01      0.8806159189E+01      0.7446645349E+00      0.9243112553E+00
    0.8830472637E+01      0.8830472637E+01      0.7827772619E+00      0.9448642510E+00
    0.8851485381E+01      0.8851485381E+01      0.8151426380E+00      0.9672161162E+00
    0.8869332669E+01      0.8869332669E+01      0.8411970681E+00      0.9912458791E+00
    0.8883195123E+01      0.8883195123E+01      0.8597019486E+00      0.1016105264E+01
    0.8894025197E+01      0.8894025197E+01      0.8715283145E+00      0.1041488920E+01
    0.8903779080E+01      0.8903779080E+01      0.8790777619E+00      0.1067770209E+01
    0.8910015730E+01      0.8910015730E+01      0.8802318143E+00      0.1095168795E+01
    0.8916515956E+01      0.8916515956E+01      0.8774072945E+00      0.1122329546E+01
    0.8450075845E+01      0.8450075845E+01      0.2240811786E-01      0.8049095148E+00
    0.8452707006E+01      0.8452707006E+01      0.6579789305E-01      0.8065906035E+00
    0.8457867905E+01      0.8457867905E+01      0.1093724015E+00      0.8081410890E+00
    0.8465646169E+01      0.8465646169E+01      0.1531346606E+00      0.8104273384E+00
    0.8475974804E+01      0.8475974804E+01      0.1972380963E+00      0.8136410895E+00
    0.8488875195E+01      0.8488875195E+01      0.2417249312E+00      0.8177808217E+00
    0.8504334340E+01      0.8504334340E+01      0.2866485276E+00      0.8228035715E+00
    0.8522353416E+01      0.8522353416E+01      0.3320215474E+00      0.8287946811E+00
    0.8542870563E+01      0.8542870563E+01      0.3778833590E+00      0.8357785421E+00
    0.8565781995E+01      0.8565781995E+01      0.4242708384E+00      0.8437464086E+00
    0.8590885727E+01      0.8590885727E+01      0.4712840183E+00      0.8527931948E+00
    0.8617898056E+01      0.8617898056E+01      0.5190491984E+00      0.8631434809E+00
    0.8646467336E+01      0.8646467336E+01      0.5677254609E+00      0.8750995154E+00
    0.8676354121E+01      0.8676354121E+01      0.6175496302E+00      0.8888586211E+00
    0.8708105020E+01      0.8708105020E+01      0.6683548893E+00      0.9041285277E+00
    0.8740484114E+01      0.8740484114E+01      0.7185694989E+00      0.9209960369E+00
    0.8770360668E+01      0.8770360668E+01      0.7641560960E+00      0.9395669785E+00
    0.8797286733E+01      0.8797286733E+01      0.8039244452E+00      0.9595630784E+00
    0.8821561686E+01      0.8821561686E+01      0.8376761773E+00      0.9810417500E+00
    0.8843222026E+01      0.8843222026E+01      0.8649726889E+00      0.1003659264E+01
    0.8861043345E+01      0.8861043345E+01      0.8843463022E+00      0.1026858787E+01
    0.8876105522E+01      0.8876105522E+01      0.8967429616E+00      0.1049958147E+01
    0.8890155638E+01      0.8890155638E+01      0.9048676262E+00      0.1074314730E+01
    0.8900078554E+01      0.8900078554E+01      0.9061378982E+00      0.1099644620E+01
    0.8909502709E+01      0.8909502709E+01      0.9038051405E+00      0.1125288823E+01
    0.8407809229E+01      0.8407809229E+01      0.2285139465E-01      0.8132568488E+00
    0.8410523220E+01      0.8410523220E+01      0.6708056436E-01      0.8149929877E+00
    0.8415837972E+01      0.8415837972E+01      0.1115078191E+00      0.8165919589E+00
    0.8423846222E+01      0.8423846222E+01      0.1561336306E+00      0.8189251756E+00
    0.8434474739E+01      0.8434474739E+01      0.2011193031E+00      0.8222072364E+00
    0.8447753807E+01      0.8447753807E+01      0.2464995697E+00      0.8264265662E+00
    0.8463663923E+01      0.8463663923E+01      0.2923336072E+00      0.8315480753E+00
    0.8482182030E+01      0.8482182030E+01      0.3386521225E+00      0.8376667434E+00
    0.8503208889E+01      0.8503208889E+01      0.3855185440E+00      0.8448471609E+00
    0.8526565689E+01      0.8526565689E+01      0.4330267723E+00      0.8531337991E+00
    0.8551955753E+01      0.8551955753E+01      0.4813360738E+00      0.8626883313E+00
    0.8578977056E+01      0.8578977056E+01      0.5306377847E+00      0.8738711939E+00
    0.8607325768E+01      0.8607325768E+01      0.5810397283E+00      0.8870188934E+00
    0.8637143472E+01      0.8637143472E+01      0.6325125229E+00      0.9018796570E+00
    0.8669409650E+01      0.8669409650E+01      0.6845271454E+00      0.9176350278E+00
    0.8703507340E+01      0.8703507340E+01      0.7360279776E+00      0.9343674082E+00
    0.8736168045E+01      0.8736168045E+01      0.7830512535E+00      0.9523257454E+00
    0.8766444183E+01      0.8766444183E+01      0.8239689066E+00      0.9711374756E+00
    0.8794667907E+01      0.8794667907E+01      0.8587340158E+00      0.9910407810E+00
    0.8820838941E+01      0.8820838941E+01      0.8869356499E+00      0.1011534518E+01
    0.8843134526E+01      0.8843134526E+01      0.9068159692E+00      0.1032819352E+01
    0.8862370283E+01      0.8862370283E+01      0.9201129862E+00      0.1053746344E+01
    0.8880249507E+01      0.8880249507E+01      0.9291073305E+00      0.1075491897E+01
    0.8893541812E+01      0.8893541812E+01      0.9308250682E+00      0.1098024530E+01
    0.8906003549E+01      0.8906003549E+01      0.9291935328E+00      0.1122221168E+01
    0.8365322142E+01      0.8365322142E+01      0.2330082130E-01      0.8205660488E+00
    0.8368122465E+01      0.8368122465E+01      0.6838017073E-01      0.8223576373E+00
    0.8373598050E+01      0.8373598050E+01      0.1136776011E+00      0.8240062218E+00
    0.8381851615E+01      0.8381851615E+01      0.1591868353E+00      0.8263827705E+00
    0.8392806922E+01      0.8392806922E+01      0.2050748182E+00      0.8297230042E+00
    0.8406500914E+01      0.8406500914E+01      0.2513681830E+00      0.8340041693E+00
    0.8422885057E+01      0.8422885057E+01      0.2981480287E+00      0.8392152828E+00
    0.8441888047E+01      0.8441888047E+01      0.3454796529E+00      0.8454814510E+00
    0.8463350891E+01      0.8463350891E+01      0.3934679538E+00      0.8529278048E+00
    0.8487000703E+01      0.8487000703E+01      0.4422781471E+00      0.8616650676E+00
    0.8512435488E+01      0.8512435488E+01      0.4921315672E+00      0.8719562783E+00
    0.8539285289E+01      0.8539285289E+01      0.5431677654E+00      0.8842280958E+00
    0.8567710809E+01      0.8567710809E+01      0.5952209250E+00      0.8984037207E+00
    0.8598219331E+01      0.8598219331E+01      0.6479824431E+00      0.9133763084E+00
    0.8631853675E+01      0.8631853675E+01      0.7007445041E+00      0.9290571533E+00
    0.8668319930E+01      0.8668319930E+01      0.7527799796E+00      0.9451064635E+00
    0.8704533702E+01      0.8704533702E+01      0.8007154240E+00      0.9616249570E+00
    0.8739004380E+01      0.8739004380E+01      0.8422585134E+00      0.9786636946E+00
    0.8771772521E+01      0.8771772521E+01      0.8776305124E+00      0.9966829970E+00
    0.8802272006E+01      0.8802272006E+01      0.9069569491E+00      0.1014672741E+01
    0.8828540938E+01      0.8828540938E+01      0.9277327417E+00      0.1032891899E+01
    0.8852701678E+01      0.8852701678E+01      0.9413829649E+00      0.1050608723E+01
    0.8875811378E+01      0.8875811378E+01      0.9510791564E+00      0.1069967081E+01
    0.8893278568E+01      0.8893278568E+01      0.9539415599E+00      0.1091743161E+01
    0.8908562462E+01      0.8908562462E+01      0.9530345481E+00      0.1114165470E+01
    0.8322618950E+01      0.8322618950E+01      0.2375590884E-01      0.8267934116E+00
    0.8325509810E+01      0.8325509810E+01      0.6969453932E-01      0.8286398216E+00
    0.8331158912E+01      0.8331158912E+01      0.1158730636E+00      0.8303286747E+00
    0.8339678499E+01      0.8339678499E+01      0.1622791687E+00      0.8327384166E+00
    0.8350988695E+01      0.8350988695E+01      0.2090864306E+00      0.8361235135E+00
    0.8365115134E+01      0.8365115134E+01      0.2563267394E+00      0.8404618762E+00
    0.8381951871E+01      0.8381951871E+01      0.3041220649E+00      0.8457915339E+00
    0.8401365850E+01      0.8401365850E+01      0.3525804535E+00      0.8522791555E+00
    0.8423124277E+01      0.8423124277E+01      0.4018617958E+00      0.8601160686E+00
    0.8446858637E+01      0.8446858637E+01      0.4521927935E+00      0.8694983829E+00
    0.8472183045E+01      0.8472183045E+01      0.5037636275E+00      0.8807484759E+00
    0.8499184480E+01      0.8499184480E+01      0.5564446223E+00      0.8939438499E+00
    0.8528416928E+01      0.8528416928E+01      0.6097669680E+00      0.9081964803E+00
    0.8560579512E+01      0.8560579512E+01      0.6632801777E+00      0.9227270454E+00
    0.8596473620E+01      0.8596473620E+01      0.7163272519E+00      0.9375346297E+00
    0.8636073768E+01      0.8636073768E+01      0.7680561980E+00      0.9522657315E+00
    0.8676461821E+01      0.8676461821E+01      0.8163468481E+00      0.9670096321E+00
    0.8715126453E+01      0.8715126453E+01      0.8589062369E+00      0.9817498718E+00
    0.8752114105E+01      0.8752114105E+01      0.8948829102E+00      0.9963697530E+00
    0.8788524348E+01      0.8788524348E+01      0.9241712478E+00      0.1010668802E+01
    0.8821169348E+01      0.8821169348E+01      0.9449780745E+00      0.1025854301E+01
    0.8850042320E+01      0.8850042320E+01      0.9600069671E+00      0.1041637926E+01
    0.8877083073E+01      0.8877083073E+01      0.9711017312E+00      0.1059457757E+01
    0.8899724605E+01      0.8899724605E+01      0.9743413874E+00      0.1077144812E+01
    0.8921863519E+01      0.8921863519E+01      0.9728763463E+00      0.1094184939E+01
    0.8279711086E+01      0.8279711086E+01      0.2421436067E-01      0.8318894432E+00
    0.8282699173E+01      0.8282699173E+01      0.7101499909E-01      0.8337877480E+00
    0.8288538587E+01      0.8288538587E+01      0.1180752102E+00      0.8354986352E+00
    0.8297344420E+01      0.8297344420E+01      0.1653851381E+00      0.8379277021E+00
    0.8309022606E+01      0.8309022606E+01      0.2131369696E+00      0.8413497615E+00
    0.8323554532E+01      0.8323554532E+01      0.2613935099E+00      0.8457730936E+00
    0.8340762176E+01      0.8340762176E+01      0.3103256311E+00      0.8513064050E+00
    0.8360459456E+01      0.8360459456E+01      0.3600735548E+00      0.8581438412E+00
    0.8382336118E+01      0.8382336118E+01      0.4108505882E+00      0.8665385382E+00
    0.8406031177E+01      0.8406031177E+01      0.4628596823E+00      0.8767540235E+00
    0.8431532813E+01      0.8431532813E+01      0.5160351320E+00      0.8888472659E+00
    0.8459389134E+01      0.8459389134E+01      0.5699486976E+00      0.9020538358E+00
    0.8490435418E+01      0.8490435418E+01      0.6240415202E+00      0.9155687519E+00
    0.8525214274E+01      0.8525214274E+01      0.6776161763E+00      0.9291234378E+00
    0.8564238494E+01      0.8564238494E+01      0.7303124708E+00      0.9426505815E+00
    0.8607104806E+01      0.8607104806E+01      0.7819237826E+00      0.9554536543E+00
    0.8651453819E+01      0.8651453819E+01      0.8304389869E+00      0.9669203398E+00
    0.8696150048E+01      0.8696150048E+01      0.8724610527E+00      0.9779346780E+00
    0.8740028523E+01      0.8740028523E+01      0.9077380814E+00      0.9892474272E+00
    0.8782328627E+01      0.8782328627E+01      0.9377483491E+00      0.9999363053E+00
    0.8819731997E+01      0.8819731997E+01      0.9601236424E+00      0.1012496914E+01
    0.8854009402E+01      0.8854009402E+01      0.9757093645E+00      0.1025590486E+01
    0.8888562339E+01      0.8888562339E+01      0.9859960962E+00      0.1037547490E+01
    0.8920209845E+01      0.8920209845E+01      0.9881240718E+00      0.1047801151E+01
    0.8951550071E+01      0.8951550071E+01      0.9860112270E+00      0.1056415434E+01
    0.8236625665E+01      0.8236625665E+01      0.2467427448E-01      0.8357845634E+00
    0.8239719287E+01      0.8239719287E+01      0.7233447165E-01      0.8377305311E+00
    0.8245759893E+01      0.8245759893E+01      0.1202726261E+00      0.8394502307E+00
    0.8254857928E+01      0.8254857928E+01      0.1684943616E+00      0.8418910692E+00
    0.8266877063E+01      0.8266877063E+01      0.2172347759E+00      0.8453647874E+00
    0.8281724867E+01      0.8281724867E+01      0.2666115067E+00      0.8499531463E+00
    0.8299175396E+01      0.8299175396E+01      0.3168339374E+00      0.8558198049E+00
    0.8319008997E+01      0.8319008997E+01      0.3680564980E+00      0.8631617077E+00
    0.8340891008E+01      0.8340891008E+01      0.4204854910E+00      0.8722850135E+00
    0.8364774962E+01      0.8364774962E+01      0.4740920112E+00      0.8832810438E+00
    0.8391197501E+01      0.8391197501E+01      0.5284931996E+00      0.8953040642E+00
    0.8420935080E+01      0.8420935080E+01      0.5830800248E+00      0.9077429336E+00
    0.8454702201E+01      0.8454702201E+01      0.6371476424E+00      0.9201305109E+00
    0.8492563257E+01      0.8492563257E+01      0.6905091308E+00      0.9322351080E+00
    0.8534896072E+01      0.8534896072E+01      0.7430879460E+00      0.9429402756E+00
    0.8582621809E+01      0.8582621809E+01      0.7934488575E+00      0.9521740274E+00
    0.8633590419E+01      0.8633590419E+01      0.8398262755E+00      0.9603465214E+00
    0.8684896074E+01      0.8684896074E+01      0.8815256134E+00      0.9676803783E+00
    0.8734670754E+01      0.8734670754E+01      0.9176804970E+00      0.9744137647E+00
    0.8782509170E+01      0.8782509170E+01      0.9487802432E+00      0.9828584388E+00
    0.8827112750E+01      0.8827112750E+01      0.9703683220E+00      0.9901480514E+00
    0.8871554602E+01      0.8871554602E+01      0.9841186108E+00      0.9954064997E+00
    0.8916342534E+01      0.8916342534E+01      0.9915911881E+00      0.9990422772E+00
    0.8956159818E+01      0.8956159818E+01      0.9947221346E+00      0.1001550814E+01
    0.8987503919E+01      0.8987503919E+01      0.9977042517E+00      0.1011072338E+01
    0.8193424198E+01      0.8193424198E+01      0.2510356573E-01      0.8384019127E+00
    0.8196626201E+01      0.8196626201E+01      0.7356201960E-01      0.8403941127E+00
    0.8202855706E+01      0.8202855706E+01      0.1223388799E+00      0.8421291840E+00
    0.8212205442E+01      0.8212205442E+01      0.1714692962E+00      0.8445974247E+00
    0.8224453407E+01      0.8224453407E+01      0.2212694758E+00      0.8481949473E+00
    0.8239472952E+01      0.8239472952E+01      0.2719021599E+00      0.8530725214E+00
    0.8257041183E+01      0.8257041183E+01      0.3235763383E+00      0.8593908876E+00
    0.8276918939E+01      0.8276918939E+01      0.3764293611E+00      0.8673680857E+00
    0.8299019487E+01      0.8299019487E+01      0.4304980749E+00      0.8771666285E+00
    0.8323797083E+01      0.8323797083E+01      0.4853896783E+00      0.8880917745E+00
    0.8352145692E+01      0.8352145692E+01      0.5403774451E+00      0.8994732392E+00
    0.8384559217E+01      0.8384559217E+01      0.5950428244E+00      0.9106953980E+00
    0.8421191775E+01      0.8421191775E+01      0.6491629939E+00      0.9208993297E+00
    0.8463409404E+01      0.8463409404E+01      0.7016988794E+00      0.9296312422E+00
    0.8512038890E+01      0.8512038890E+01      0.7519094556E+00      0.9370158842E+00
    0.8565954311E+01      0.8565954311E+01      0.7999242584E+00      0.9427331097E+00
    0.8622893673E+01      0.8622893673E+01      0.8452684437E+00      0.9464395763E+00
    0.8680536012E+01      0.8680536012E+01      0.8875293195E+00      0.9495118533E+00
    0.8736784759E+01      0.8736784759E+01      0.9240975405E+00      0.9532158146E+00
    0.8793558165E+01      0.8793558165E+01      0.9523717710E+00      0.9544061227E+00
    0.8851067169E+01      0.8851067169E+01      0.9709784625E+00      0.9514375302E+00
    0.8905391527E+01      0.8905391527E+01      0.9829603722E+00      0.9485605680E+00
    0.8952299223E+01      0.8952299223E+01      0.9940188808E+00      0.9504635180E+00
    0.8987872443E+01      0.8987872443E+01      0.1004389863E+01      0.9574021681E+00
    0.9013470724E+01      0.9013470724E+01      0.1014246899E+01      0.9724938001E+00
    0.8150048693E+01      0.8150048693E+01      0.2555935993E-01      0.8396974926E+00
    0.8153369109E+01      0.8153369109E+01      0.7486248264E-01      0.8417337244E+00
    0.8159765609E+01      0.8159765609E+01      0.1245445267E+00      0.8435107426E+00
    0.8169266665E+01      0.8169266665E+01      0.1746621171E+00      0.8461003568E+00
    0.8181616213E+01      0.8181616213E+01      0.2255866328E+00      0.8499575359E+00
    0.8196719268E+01      0.8196719268E+01      0.2774853827E+00      0.8552087677E+00
    0.8214316945E+01      0.8214316945E+01      0.3306075820E+00      0.8620484342E+00
    0.8234418451E+01      0.8234418451E+01      0.3849764418E+00      0.8705806023E+00
    0.8257411373E+01      0.8257411373E+01      0.4402629381E+00      0.8803850252E+00
    0.8283991861E+01      0.8283991861E+01      0.4959093658E+00      0.8907163982E+00
    0.8314702716E+01      0.8314702716E+01      0.5513799534E+00      0.9005034957E+00
    0.8350607372E+01      0.8350607372E+01      0.6057225097E+00      0.9088935657E+00
    0.8392880873E+01      0.8392880873E+01      0.6579680086E+00      0.9159613569E+00
    0.8441501389E+01      0.8441501389E+01      0.7079717911E+00      0.9212775548E+00
    0.8496352541E+01      0.8496352541E+01      0.7560120556E+00      0.9244358668E+00
    0.8556654239E+01      0.8556654239E+01      0.8024569646E+00      0.9253086270E+00
    0.8619825179E+01      0.8619825179E+01      0.8474810547E+00      0.9248533918E+00
    0.8684840456E+01      0.8684840456E+01      0.8885508821E+00      0.9238858844E+00
    0.8752683979E+01      0.8752683979E+01      0.9209627639E+00      0.9183719779E+00
    0.8822272370E+01      0.8822272370E+01      0.9446034718E+00      0.9089131390E+00
    0.8886199143E+01      0.8886199143E+01      0.9649782872E+00      0.9002474907E+00
    0.8938307139E+01      0.8938307139E+01      0.9832638404E+00      0.9006730268E+00
    0.8979050353E+01      0.8979050353E+01      0.1001800944E+01      0.9071872088E+00
    0.9008669258E+01      0.9008669258E+01      0.1019554418E+01      0.9198540287E+00
    0.9029050115E+01      0.9029050115E+01      0.1036005026E+01      0.9401721024E+00
    0.8106043495E+01      0.8106043495E+01      0.2615233055E-01      0.8394823189E+00
    0.8109410202E+01      0.8109410202E+01      0.7659066827E-01      0.8416423983E+00
    0.8115888178E+01      0.8115888178E+01      0.1274039423E+00      0.8436416303E+00
    0.8125581131E+01      0.8125581131E+01      0.1786254959E+00      0.8465749414E+00
    0.8138173288E+01      0.8138173288E+01      0.2306738222E+00      0.8507659992E+00
    0.8153447321E+01      0.8153447321E+01      0.2838086218E+00      0.8564066249E+00
    0.8171258299E+01      0.8171258299E+01      0.3382667867E+00      0.8637384081E+00
    0.8192037216E+01      0.8192037216E+01      0.3937382078E+00      0.8722563896E+00
    0.8216458535E+01      0.8216458535E+01      0.4498285968E+00      0.8809028785E+00
    0.8245829896E+01      0.8245829896E+01      0.5054818029E+00      0.8891229870E+00
    0.8281139332E+01      0.8281139332E+01      0.5597423394E+00      0.8964369803E+00
    0.8322787263E+01      0.8322787263E+01      0.6121530239E+00      0.9019067066E+00
    0.8371181348E+01      0.8371181348E+01      0.6621739879E+00      0.9050892602E+00
    0.8426508377E+01      0.8426508377E+01      0.7096594277E+00      0.9059489193E+00
    0.8488348492E+01      0.8488348492E+01      0.7555891564E+00      0.9038916129E+00
    0.8555203915E+01      0.8555203915E+01      0.8010620586E+00      0.9005583545E+00
    0.8626888008E+01      0.8626888008E+01      0.8436295850E+00      0.8946918988E+00
    0.8704618248E+01      0.8704618248E+01      0.8783326728E+00      0.8836656053E+00
    0.8783835742E+01      0.8783835742E+01      0.9069613363E+00      0.8679834641E+00
    0.8855858324E+01      0.8855858324E+01      0.9355751763E+00      0.8567394487E+00
    0.8914421667E+01      0.8914421667E+01      0.9624536087E+00      0.8536644532E+00
    0.8961027648E+01      0.8961027648E+01      0.9887874767E+00      0.8594871632E+00
    0.8996106207E+01      0.8996106207E+01      0.1014660710E+01      0.8709723850E+00
    0.9020899144E+01      0.9020899144E+01      0.1039172924E+01      0.8888575727E+00
    0.9037362877E+01      0.9037362877E+01      0.1061666047E+01      0.9132958351E+00
    0.8062382416E+01      0.8062382416E+01      0.2673437455E-01      0.8376136292E+00
    0.8065789059E+01      0.8065789059E+01      0.7831148898E-01      0.8399163939E+00
    0.8072255213E+01      0.8072255213E+01      0.1303802674E+00      0.8421697202E+00
    0.8081819828E+01      0.8081819828E+01      0.1830246775E+00      0.8454363948E+00
    0.8094150293E+01      0.8094150293E+01      0.2366713371E+00      0.8502791804E+00
    0.8109320351E+01      0.8109320351E+01      0.2913519381E+00      0.8565724422E+00
    0.8127810481E+01      0.8127810481E+01      0.3468398088E+00      0.8636217306E+00
    0.8150576432E+01      0.8150576432E+01      0.4026290800E+00      0.8707331199E+00
    0.8178595357E+01      0.8178595357E+01      0.4579240106E+00      0.8776212134E+00
    0.8212457138E+01      0.8212457138E+01      0.5121723589E+00      0.8834324922E+00
    0.8253014806E+01      0.8253014806E+01      0.5646571916E+00      0.8872776295E+00
    0.8300965637E+01      0.8300965637E+01      0.6145789071E+00      0.8887671681E+00
    0.8356374371E+01      0.8356374371E+01      0.6616219257E+00      0.8874638987E+00
    0.8419126032E+01      0.8419126032E+01      0.7066718236E+00      0.8827550400E+00
    0.8488168219E+01      0.8488168219E+01      0.7510366942E+00      0.8765776473E+00
    0.8564637866E+01      0.8564637866E+01      0.7926980819E+00      0.8663921444E+00
    0.8649772382E+01      0.8649772382E+01      0.8275037999E+00      0.8499631399E+00
    0.8736646403E+01      0.8736646403E+01      0.8598601265E+00      0.8301197943E+00
    0.8814501661E+01      0.8814501661E+01      0.8949018681E+00      0.8165447993E+00
    0.8879992678E+01      0.8879992678E+01      0.9309700158E+00      0.8108596574E+00
    0.8932646332E+01      0.8932646332E+01      0.9658022750E+00      0.8135449124E+00
    0.8973727117E+01      0.8973727117E+01      0.9997332842E+00      0.8236539130E+00
    0.9004166878E+01      0.9004166878E+01      0.1032355270E+01      0.8394678572E+00
    0.9025629742E+01      0.9025629742E+01      0.1062546327E+01      0.8612345934E+00
    0.9039640366E+01      0.9039640366E+01      0.1090108560E+01      0.8880836609E+00
    0.8018280190E+01      0.8018280190E+01      0.2734513644E-01      0.8344205074E+00
    0.8021672851E+01      0.8021672851E+01      0.8014687060E-01      0.8369321972E+00
    0.8028047275E+01      0.8028047275E+01      0.1335600793E+00      0.8395582941E+00
    0.8037459911E+01      0.8037459911E+01      0.1876727046E+00      0.8433505776E+00
    0.8049895468E+01      0.8049895468E+01      0.2427750786E+00      0.8484302204E+00
    0.8066004545E+01      0.8066004545E+01      0.2985425935E+00      0.8542980466E+00
    0.8086636780E+01      0.8086636780E+01      0.3544804316E+00      0.8603307369E+00
    0.8112563628E+01      0.8112563628E+01      0.4098558917E+00      0.8658365838E+00
    0.8144653828E+01      0.8144653828E+01      0.4640562688E+00      0.8701750473E+00
    0.8183807331E+01      0.8183807331E+01      0.5162693681E+00      0.8726722798E+00
    0.8230719495E+01      0.8230719495E+01      0.5658782726E+00      0.8724923347E+00
    0.8285750779E+01      0.8285750779E+01      0.6124355205E+00      0.8692272650E+00
    0.8349094000E+01      0.8349094000E+01      0.6564836368E+00      0.8620834241E+00
    0.8419667781E+01      0.8419667781E+01      0.6991612263E+00      0.8531055350E+00
    0.8499241610E+01      0.8499241610E+01      0.7386727222E+00      0.8391598369E+00
    0.8589305002E+01      0.8589305002E+01      0.7720364716E+00      0.8182055182E+00
    0.8681795458E+01      0.8681795458E+01      0.8057034494E+00      0.7952975412E+00
    0.8764679829E+01      0.8764679829E+01      0.8450579756E+00      0.7795362625E+00
    0.8835704608E+01      0.8835704608E+01      0.8875779252E+00      0.7714487617E+00
    0.8895068092E+01      0.8895068092E+01      0.9311671248E+00      0.7717721246E+00
    0.8942626232E+01      0.8942626232E+01      0.9736476922E+00      0.7792735404E+00
    0.8979584390E+01      0.8979584390E+01      0.1014759263E+01      0.7930034384E+00
    0.9007040300E+01      0.9007040300E+01      0.1053154613E+01      0.8116233581E+00
    0.9026129055E+01      0.9026129055E+01      0.1088426650E+01      0.8353001329E+00
    0.9038350113E+01      0.9038350113E+01      0.1121500109E+01      0.8635234545E+00
    0.7973577326E+01      0.7973577326E+01      0.2802538008E-01      0.8299852945E+00
    0.7976969669E+01      0.7976969669E+01      0.8218972129E-01      0.8326988626E+00
    0.7983337064E+01      0.7983337064E+01      0.1370017751E+00      0.8356416541E+00
    0.7993073299E+01      0.7993073299E+01      0.1923510843E+00      0.8394916434E+00
    0.8006597590E+01      0.8006597590E+01      0.2482690896E+00      0.8440557536E+00
    0.8024661157E+01      0.8024661157E+01      0.3043785349E+00      0.8488432992E+00
    0.8048219178E+01      0.8048219178E+01      0.3600256801E+00      0.8532129971E+00
    0.8078078001E+01      0.8078078001E+01      0.4144930575E+00      0.8564913754E+00
    0.8115199120E+01      0.8115199120E+01      0.4669737041E+00      0.8578211981E+00
    0.8160550729E+01      0.8160550729E+01      0.5165348888E+00      0.8563727898E+00
    0.8214692264E+01      0.8214692264E+01      0.5626351221E+00      0.8515060758E+00
    0.8278075841E+01      0.8278075841E+01      0.6056430761E+00      0.8421840739E+00
    0.8349753427E+01      0.8349753427E+01      0.6464638838E+00      0.8305098877E+00
    0.8431348859E+01      0.8431348859E+01      0.6835525846E+00      0.8134696114E+00
    0.8524437405E+01      0.8524437405E+01      0.7146117752E+00      0.7889847157E+00
    0.8620570692E+01      0.8620570692E+01      0.7473513687E+00      0.7629423419E+00
    0.8707251274E+01      0.8707251274E+01      0.7887096678E+00      0.7446537915E+00
    0.8783067862E+01      0.8783067862E+01      0.8360261724E+00      0.7342713562E+00
    0.8847586838E+01      0.8847586838E+01      0.8860694991E+00      0.7319050920E+00
    0.8901899819E+01      0.8901899819E+01      0.9366241535E+00      0.7370608064E+00
    0.8945823853E+01      0.8945823853E+01      0.9857109152E+00      0.7479859763E+00
    0.8980349928E+01      0.8980349928E+01      0.1032552129E+01      0.7637115607E+00
    0.9005647708E+01      0.9005647708E+01      0.1076125875E+01      0.7842818272E+00
    0.9022786931E+01      0.9022786931E+01      0.1116426644E+01      0.8099201156E+00
    0.9033482821E+01      0.9033482821E+01      0.1155336509E+01      0.8408843363E+00
    0.7928263517E+01      0.7928263517E+01      0.2877650821E-01      0.8242361111E+00
    0.7931733201E+01      0.7931733201E+01      0.8439309304E-01      0.8271070066E+00
    0.7938518028E+01      0.7938518028E+01      0.1404805578E+00      0.8299538908E+00
    0.7949441515E+01      0.7949441515E+01      0.1966029596E+00      0.8331610676E+00
    0.7964906658E+01      0.7964906658E+01      0.2527916704E+00      0.8366241826E+00
    0.7985811195E+01      0.7985811195E+01      0.3085248193E+00      0.8397842779E+00
    0.8013048758E+01      0.8013048758E+01      0.3631554469E+00      0.8419351147E+00
    0.8047728262E+01      0.8047728262E+01      0.4158297909E+00      0.8422727064E+00
    0.8090896150E+01      0.8090896150E+01      0.4656147531E+00      0.8399326321E+00
    0.8143396435E+01      0.8143396435E+01      0.5117509043E+00      0.8340282481E+00
    0.8206046163E+01      0.8206046163E+01      0.5540510138E+00      0.8231190284E+00
    0.8278265670E+01      0.8278265670E+01      0.5932366234E+00      0.8089925510E+00
    0.8360965330E+01      0.8360965330E+01      0.6282449348E+00      0.7895635222E+00
    0.8455880610E+01      0.8455880610E+01      0.6569328501E+00      0.7623223429E+00
    0.8554866632E+01      0.8554866632E+01      0.6871680606E+00      0.7333154466E+00
    0.8644927831E+01      0.8644927831E+01      0.7278758315E+00      0.7126917053E+00
    0.8724691831E+01      0.8724691831E+01      0.7770595047E+00      0.7000174816E+00
    0.8793758755E+01      0.8793758755E+01      0.8318704130E+00      0.6950751854E+00
    0.8853028282E+01      0.8853028282E+01      0.8888819779E+00      0.6974759492E+00
    0.8903694572E+01      0.8903694572E+01      0.9456600186E+00      0.7053323098E+00
    0.8945043774E+01      0.8945043774E+01      0.1000564398E+01      0.7178855905E+00
    0.8977493090E+01      0.8977493090E+01      0.1052687546E+01      0.7354368886E+00
    0.9000940522E+01      0.9000940522E+01      0.1101124218E+01      0.7583293553E+00
    0.9016467949E+01      0.9016467949E+01      0.1146998244E+01      0.7851733953E+00
    0.9024510540E+01      0.9024510540E+01      0.1190159568E+01      0.8192328379E+00
    0.7882311685E+01      0.7882311685E+01      0.2952256773E-01      0.8171671098E+00
    0.7886171778E+01      0.7886171778E+01      0.8642839060E-01      0.8198876878E+00
    0.7894284717E+01      0.7894284717E+01      0.1433049710E+00      0.8218715749E+00
    0.7907106623E+01      0.7907106623E+01      0.1998102964E+00      0.8239239807E+00
    0.7925322864E+01      0.7925322864E+01      0.2558023492E+00      0.8257717568E+00
    0.7949809443E+01      0.7949809443E+01      0.3106483532E+00      0.8267713908E+00
    0.7981677899E+01      0.7981677899E+01      0.3635463491E+00      0.8261399505E+00
    0.8022123998E+01      0.8022123998E+01      0.4135499531E+00      0.8229429978E+00
    0.8072298888E+01      0.8072298888E+01      0.4597488671E+00      0.8162626803E+00
    0.8133333635E+01      0.8133333635E+01      0.5015742953E+00      0.8045674235E+00
    0.8205297190E+01      0.8205297190E+01      0.5393719118E+00      0.7884363600E+00
    0.8288173958E+01      0.8288173958E+01      0.5725685642E+00      0.7673484237E+00
    0.8383927496E+01      0.8383927496E+01      0.5991532769E+00      0.7382129649E+00
    0.8485189841E+01      0.8485189841E+01      0.6263795788E+00      0.7060146596E+00
    0.8577995963E+01      0.8577995963E+01      0.6651309390E+00      0.6824865716E+00
    0.8660728666E+01      0.8660728666E+01      0.7140015620E+00      0.6670579360E+00
    0.8733563442E+01      0.8733563442E+01      0.7710112159E+00      0.6595479652E+00
    0.8797535138E+01      0.8797535138E+01      0.8324907634E+00      0.6594229293E+00
    0.8853711283E+01      0.8853711283E+01      0.8951683018E+00      0.6645231163E+00
    0.8901718791E+01      0.8901718791E+01      0.9574481745E+00      0.6743554271E+00
    0.8941136889E+01      0.8941136889E+01      0.1017627363E+01      0.6888595471E+00
    0.8971687461E+01      0.8971687461E+01      0.1074871855E+01      0.7083483549E+00
    0.8992904015E+01      0.8992904015E+01      0.1128104320E+01      0.7325730678E+00
    0.9007569935E+01      0.9007569935E+01      0.1179965081E+01      0.7608516460E+00
    0.9013546398E+01      0.9013546398E+01      0.1225970286E+01      0.7961308472E+00
    0.7836311139E+01      0.7836311139E+01      0.3012741110E-01      0.8080213033E+00
    0.7841136282E+01      0.7841136282E+01      0.8773228130E-01      0.8101564501E+00
    0.7851053713E+01      0.7851053713E+01      0.1449148530E+00      0.8110275843E+00
    0.7866509696E+01      0.7866509696E+01      0.2014144468E+00      0.8114525212E+00
    0.7888210704E+01      0.7888210704E+01      0.2567209326E+00      0.8111530529E+00
    0.7917169989E+01      0.7917169989E+01      0.3100957551E+00      0.8094505047E+00
    0.7954589230E+01      0.7954589230E+01      0.3606134806E+00      0.8055038980E+00
    0.8001836058E+01      0.8001836058E+01      0.4071753502E+00      0.7981997303E+00
    0.8060318861E+01      0.8060318861E+01      0.4488270423E+00      0.7861158272E+00
    0.8131068459E+01      0.8131068459E+01      0.4855032922E+00      0.7684819748E+00
    0.8213217201E+01      0.8213217201E+01      0.5171826615E+00      0.7465003028E+00
    0.8308725085E+01      0.8308725085E+01      0.5420275938E+00      0.7165225837E+00
    0.8412021303E+01      0.8412021303E+01      0.5655575989E+00      0.6816110273E+00
    0.8508162013E+01      0.8508162013E+01      0.6007658731E+00      0.6548166155E+00
    0.8593848523E+01      0.8593848523E+01      0.6473397949E+00      0.6367361065E+00
    0.8669691412E+01      0.8669691412E+01      0.7043316419E+00      0.6262878407E+00
    0.8737039057E+01      0.8737039057E+01      0.7682943356E+00      0.6231019481E+00
    0.8797457256E+01      0.8797457256E+01      0.8354957742E+00      0.6255968396E+00
    0.8851077898E+01      0.8851077898E+01      0.9037198586E+00      0.6326726210E+00
    0.8896997583E+01      0.8896997583E+01      0.9711332970E+00      0.6444817848E+00
    0.8934369547E+01      0.8934369547E+01      0.1036526462E+01      0.6604978742E+00
    0.8962845042E+01      0.8962845042E+01      0.1098715362E+01      0.6816900699E+00
    0.8982661181E+01      0.8982661181E+01      0.1156969062E+01      0.7062714860E+00
    0.8996844090E+01      0.8996844090E+01      0.1213175937E+01      0.7361195379E+00
    0.9003737913E+01      0.9003737913E+01      0.1261766288E+01      0.7696286950E+00
