    0.8063244429E+01      0.8063244429E+01      0.4817687055E-01      0.5165758224E+00
    0.8069367266E+01      0.8069367266E+01      0.1409753171E+00      0.5210214952E+00
    0.8081359740E+01      0.8081359740E+01      0.2336776730E+00      0.5268846529E+00
    0.8098890609E+01      0.8098890609E+01      0.3262455231E+00      0.5353783830E+00
    0.8121612191E+01      0.8121612191E+01      0.4186828902E+00      0.5466705757E+00
    0.8149302801E+01      0.8149302801E+01      0.5109121070E+00      0.5604495125E+00
    0.8181965717E+01      0.8181965717E+01      0.6026848297E+00      0.5763285141E+00
    0.8219609214E+01      0.8219609214E+01      0.6936196413E+00      0.5935321918E+00
    0.8262304131E+01      0.8262304131E+01      0.7830677832E+00      0.6116364874E+00
    0.8310337237E+01      0.8310337237E+01      0.8698679965E+00      0.6300617246E+00
    0.8363596066E+01      0.8363596066E+01      0.9522341639E+00      0.6476855745E+00
    0.8420764927E+01      0.8420764927E+01      0.1027234583E+01      0.6630398047E+00
    0.8480428842E+01      0.8480428842E+01      0.1091734190E+01      0.6760217269E+00
    0.8542686268E+01      0.8542686268E+01      0.1144714829E+01      0.6851533605E+00
    0.8606402924E+01      0.8606402924E+01      0.1187335349E+01      0.6906814571E+00
    0.8672908328E+01      0.8672908328E+01      0.1217459481E+01      0.6914593390E+00
    0.8744732368E+01      0.8744732368E+01      0.1230729873E+01      0.6852424290E+00
    0.8819639505E+01      0.8819639505E+01      0.1231095246E+01      0.6717328431E+00
    0.8890402505E+01      0.8890402505E+01      0.1231230534E+01      0.6548780710E+00
    0.8944306091E+01      0.8944306091E+01      0.1235503298E+01      0.6465235283E+00
    0.8981907175E+01      0.8981907175E+01      0.1244275307E+01      0.6471948726E+00
    0.9005415275E+01      0.9005415275E+01      0.1257407235E+01      0.6561365737E+00
    0.9017740220E+01      0.9017740220E+01      0.1274481754E+01      0.6723439124E+00
    0.9022382577E+01      0.9022382577E+01      0.1294810593E+01      0.6938021560E+00
    0.9021690054E+01      0.9021690054E+01      0.1316534033E+01      0.7202117047E+00
    0.8016993809E+01      0.8016993809E+01      0.4973748209E-01      0.5010515739E+00
    0.8023174961E+01      0.8023174961E+01      0.1455994096E+00      0.5058623403E+00
    0.8035296477E+01      0.8035296477E+01      0.2413546761E+00      0.5123968563E+00
    0.8053158762E+01      0.8053158762E+01      0.3368671927E+00      0.5216951248E+00
    0.8076667223E+01      0.8076667223E+01      0.4319555602E+00      0.5336273487E+00
    0.8105815453E+01      0.8105815453E+01      0.5263690447E+00      0.5478436091E+00
    0.8140667808E+01      0.8140667808E+01      0.6197762573E+00      0.5636948139E+00
    0.8181344267E+01      0.8181344267E+01      0.7116904468E+00      0.5803502658E+00
    0.8227960623E+01      0.8227960623E+01      0.8012654499E+00      0.5973901785E+00
    0.8280752182E+01      0.8280752182E+01      0.8872524410E+00      0.6140799944E+00
    0.8339637419E+01      0.8339637419E+01      0.9676993960E+00      0.6291634196E+00
    0.8403510187E+01      0.8403510187E+01      0.1039713962E+01      0.6411165693E+00
    0.8471262703E+01      0.8471262703E+01      0.1100728214E+01      0.6494326707E+00
    0.8542109947E+01      0.8542109947E+01      0.1150406952E+01      0.6537550467E+00
    0.8616569666E+01      0.8616569666E+01      0.1187640011E+01      0.6524479300E+00
    0.8697788856E+01      0.8697788856E+01      0.1207408709E+01      0.6438418420E+00
    0.8782348053E+01      0.8782348053E+01      0.1212282629E+01      0.6287512588E+00
    0.8862902335E+01      0.8862902335E+01      0.1214916342E+01      0.6099398374E+00
    0.8926370451E+01      0.8926370451E+01      0.1221956971E+01      0.5983065512E+00
    0.8972106743E+01      0.8972106743E+01      0.1234345688E+01      0.5957710531E+00
    0.9002010292E+01      0.9002010292E+01      0.1251299773E+01      0.6013967213E+00
    0.9018698364E+01      0.9018698364E+01      0.1271754683E+01      0.6140995293E+00
    0.9025982255E+01      0.9025982255E+01      0.1294744041E+01      0.6325352661E+00
    0.9027188691E+01      0.9027188691E+01      0.1319100348E+01      0.6552067633E+00
    0.9022970711E+01      0.9022970711E+01      0.1346350700E+01      0.6831107829E+00
    0.7970600656E+01      0.7970600656E+01      0.5146931037E-01      0.4838005103E+00
    0.7976832445E+01      0.7976832445E+01      0.1507339254E+00      0.4889989565E+00
    0.7989188002E+01      0.7989188002E+01      0.2497496744E+00      0.4961071772E+00
    0.8007688040E+01      0.8007688040E+01      0.3482016867E+00      0.5060094492E+00
    0.8032436345E+01      0.8032436345E+01      0.4457346702E+00      0.5183832837E+00
    0.8063589257E+01      0.8063589257E+01      0.5419625458E+00      0.5326770040E+00
    0.8101317666E+01      0.8101317666E+01      0.6364839124E+00      0.5481137078E+00
    0.8145723031E+01      0.8145723031E+01      0.7287480179E+00      0.5638832190E+00
    0.8197010491E+01      0.8197010491E+01      0.8178001392E+00      0.5794295225E+00
    0.8255438999E+01      0.8255438999E+01      0.9022220280E+00      0.5938576507E+00
    0.8320846164E+01      0.8320846164E+01      0.9798664024E+00      0.6058759775E+00
    0.8392287189E+01      0.8392287189E+01      0.1048086909E+01      0.6137215375E+00
    0.8468897451E+01      0.8468897451E+01      0.1105156028E+01      0.6169669026E+00
    0.8549861122E+01      0.8549861122E+01      0.1149718157E+01      0.6155977117E+00
    0.8638930334E+01      0.8638930334E+01      0.1176723063E+01      0.6052603261E+00
    0.8732520044E+01      0.8732520044E+01      0.1186898385E+01      0.5888349368E+00
    0.8822913271E+01      0.8822913271E+01      0.1192865331E+01      0.5687167671E+00
    0.8896995314E+01      0.8896995314E+01      0.1203027373E+01      0.5538281814E+00
    0.8952626873E+01      0.8952626873E+01      0.1218460799E+01      0.5471136391E+00
    0.8990912674E+01      0.8990912674E+01      0.1238661641E+01      0.5494846938E+00
    0.9014360917E+01      0.9014360917E+01      0.1262533803E+01      0.5586587083E+00
    0.9026217089E+01      0.9026217089E+01      0.1288687738E+01      0.5739267872E+00
    0.9030356794E+01      0.9030356794E+01      0.1316249452E+01      0.5933490863E+00
    0.9028831748E+01      0.9028831748E+01      0.1344322658E+01      0.6172894263E+00
    0.9020350614E+01      0.9020350614E+01      0.1377523123E+01      0.6462182772E+00
    0.7924039748E+01      0.7924039748E+01      0.5337579908E-01      0.4648356000E+00
    0.7930441644E+01      0.7930441644E+01      0.1563252127E+00      0.4703008850E+00
    0.7943290669E+01      0.7943290669E+01      0.2587224917E+00      0.4778250667E+00
    0.7962835682E+01      0.7962835682E+01      0.3600154574E+00      0.4880878315E+00
    0.7989373471E+01      0.7989373471E+01      0.4596860464E+00      0.5005837199E+00
    0.8023164234E+01      0.8023164234E+01      0.5572841327E+00      0.5146157644E+00
    0.8064402685E+01      0.8064402685E+01      0.6523884787E+00      0.5293049108E+00
    0.8113233824E+01      0.8113233824E+01      0.7443903380E+00      0.5438848007E+00
    0.8169980970E+01      0.8169980970E+01      0.8322013985E+00      0.5574709199E+00
    0.8234876994E+01      0.8234876994E+01      0.9142598424E+00      0.5691582240E+00
    0.8307615594E+01      0.8307615594E+01      0.9883163545E+00      0.5776331509E+00
    0.8387807582E+01      0.8387807582E+01      0.1052169467E+01      0.5803319368E+00
    0.8473801654E+01      0.8473801654E+01      0.1103935178E+01      0.5792781913E+00
    0.8568808673E+01      0.8568808673E+01      0.1139054132E+01      0.5692550856E+00
    0.8670175799E+01      0.8670175799E+01      0.1155628831E+01      0.5516858571E+00
    0.8770197865E+01      0.8770197865E+01      0.1164769965E+01      0.5313524836E+00
    0.8856653827E+01      0.8856653827E+01      0.1177392435E+01      0.5136523582E+00
    0.8923666859E+01      0.8923666859E+01      0.1195162489E+01      0.5035126701E+00
    0.8971898082E+01      0.8971898082E+01      0.1218415618E+01      0.5015617367E+00
    0.9003744519E+01      0.9003744519E+01      0.1245897094E+01      0.5073076207E+00
    0.9022009914E+01      0.9022009914E+01      0.1275869020E+01      0.5188161823E+00
    0.9030604730E+01      0.9030604730E+01      0.1306924026E+01      0.5351013670E+00
    0.9032405756E+01      0.9032405756E+01      0.1337679754E+01      0.5549492513E+00
    0.9027183055E+01      0.9027183055E+01      0.1371431661E+01      0.5794244905E+00
    0.9015048227E+01      0.9015048227E+01      0.1409951235E+01      0.6096306021E+00
    0.7877446913E+01      0.7877446913E+01      0.5542871871E-01      0.4440181825E+00
    0.7884217892E+01      0.7884217892E+01      0.1622337969E+00      0.4496425752E+00
    0.7897949032E+01      0.7897949032E+01      0.2680266357E+00      0.4573540708E+00
    0.7919063653E+01      0.7919063653E+01      0.3719902854E+00      0.4676575844E+00
    0.7947988186E+01      0.7947988186E+01      0.4734690659E+00      0.4799250343E+00
    0.7985035903E+01      0.7985035903E+01      0.5719861662E+00      0.4933571628E+00
    0.8030426525E+01      0.8030426525E+01      0.6671399264E+00      0.5070109039E+00
    0.8084384633E+01      0.8084384633E+01      0.7582358856E+00      0.5200877256E+00
    0.8147345935E+01      0.8147345935E+01      0.8440660282E+00      0.5312755204E+00
    0.8219385902E+01      0.8219385902E+01      0.9229952202E+00      0.5398991044E+00
    0.8300462030E+01      0.8300462030E+01      0.9928092236E+00      0.5439357015E+00
    0.8389742705E+01      0.8389742705E+01      0.1051332977E+01      0.5428183943E+00
    0.8488429803E+01      0.8488429803E+01      0.1094757540E+01      0.5343709537E+00
    0.8596054649E+01      0.8596054649E+01      0.1118520955E+01      0.5170713842E+00
    0.8704401189E+01      0.8704401189E+01      0.1131864968E+01      0.4960121552E+00
    0.8802951523E+01      0.8802951523E+01      0.1146535080E+01      0.4766115461E+00
    0.8882162237E+01      0.8882162237E+01      0.1166272046E+01      0.4626069653E+00
    0.8942258565E+01      0.8942258565E+01      0.1192146200E+01      0.4568494084E+00
    0.8984514865E+01      0.8984514865E+01      0.1222652336E+01      0.4587431617E+00
    0.9011300253E+01      0.9011300253E+01      0.1256110872E+01      0.4669394373E+00
    0.9026094672E+01      0.9026094672E+01      0.1290795086E+01      0.4799245455E+00
    0.9032532386E+01      0.9032532386E+01      0.1325847627E+01      0.4965678397E+00
    0.9032155557E+01      0.9032155557E+01      0.1359344696E+01      0.5163590841E+00
    0.9022863238E+01      0.9022863238E+01      0.1399234500E+01      0.5421007022E+00
    0.9008340597E+01      0.9008340597E+01      0.1442197436E+01      0.5719733257E+00
    0.7831102488E+01      0.7831102488E+01      0.5756697916E-01      0.4212417273E+00
    0.7838501719E+01      0.7838501719E+01      0.1682416966E+00      0.4268507495E+00
    0.7853578061E+01      0.7853578061E+01      0.2773369301E+00      0.4344518130E+00
    0.7876843689E+01      0.7876843689E+01      0.3837559033E+00      0.4444377886E+00
    0.7908765740E+01      0.7908765740E+01      0.4867199840E+00      0.4561344225E+00
    0.7949678580E+01      0.7949678580E+01      0.5857416023E+00      0.4686619022E+00
    0.7999852147E+01      0.7999852147E+01      0.6804090956E+00      0.4810137649E+00
    0.8059599067E+01      0.8059599067E+01      0.7699620929E+00      0.4923067176E+00
    0.8129369816E+01      0.8129369816E+01      0.8531340231E+00      0.5007777918E+00
    0.8209164523E+01      0.8209164523E+01      0.9282615659E+00      0.5060402595E+00
    0.8299447430E+01      0.8299447430E+01      0.9929388739E+00      0.5057167192E+00
    0.8399465440E+01      0.8399465440E+01      0.1044126235E+01      0.4992457937E+00
    0.8510979808E+01      0.8510979808E+01      0.1076366291E+01      0.4839272322E+00
    0.8626750084E+01      0.8626750084E+01      0.1094230734E+01      0.4629663784E+00
    0.8736474812E+01      0.8736474812E+01      0.1110463805E+01      0.4424961789E+00
    0.8829243662E+01      0.8829243662E+01      0.1131564753E+01      0.4263274931E+00
    0.8902005409E+01      0.8902005409E+01      0.1158860217E+01      0.4162685267E+00
    0.8955753277E+01      0.8955753277E+01      0.1191912503E+01      0.4141480788E+00
    0.8992663720E+01      0.8992663720E+01      0.1228889826E+01      0.4186125336E+00
    0.9015562702E+01      0.9015562702E+01      0.1267483286E+01      0.4283450959E+00
    0.9028030954E+01      0.9028030954E+01      0.1306111077E+01      0.4419007905E+00
    0.9032570381E+01      0.9032570381E+01      0.1343921147E+01      0.4579830167E+00
    0.9029385049E+01      0.9029385049E+01      0.1382415151E+01      0.4782603060E+00
    0.9016701696E+01      0.9016701696E+01      0.1427462432E+01      0.5041615868E+00
    0.9001827674E+01      0.9001827674E+01      0.1472652992E+01      0.5325299687E+00
    0.7785446218E+01      0.7785446218E+01      0.5971599746E-01      0.3962960315E+00
    0.7793752791E+01      0.7793752791E+01      0.1741106709E+00      0.4016919118E+00
    0.7810658968E+01      0.7810658968E+01      0.2862982715E+00      0.4088745171E+00
    0.7836646894E+01      0.7836646894E+01      0.3949081592E+00      0.4182013837E+00
    0.7872145233E+01      0.7872145233E+01      0.4990433437E+00      0.4290127901E+00
    0.7917489965E+01      0.7917489965E+01      0.5981880193E+00      0.4403681326E+00
    0.7973018659E+01      0.7973018659E+01      0.6919027881E+00      0.4511651487E+00
    0.8039082568E+01      0.8039082568E+01      0.7794049657E+00      0.4604720895E+00
    0.8116100868E+01      0.8116100868E+01      0.8593768885E+00      0.4660746035E+00
    0.8204525836E+01      0.8204525836E+01      0.9299904743E+00      0.4674453941E+00
    0.8304179498E+01      0.8304179498E+01      0.9882043172E+00      0.4634857668E+00
    0.8416815930E+01      0.8416815930E+01      0.1029522278E+01      0.4510112121E+00
    0.8537702615E+01      0.8537702615E+01      0.1052858199E+01      0.4312666600E+00
    0.8656446640E+01      0.8656446640E+01      0.1071033950E+01      0.4100468104E+00
    0.8762848988E+01      0.8762848988E+01      0.1092763017E+01      0.3917468953E+00
    0.8849192422E+01      0.8849192422E+01      0.1120778778E+01      0.3788285666E+00
    0.8915557237E+01      0.8915557237E+01      0.1155382841E+01      0.3724352527E+00
    0.8963958199E+01      0.8963958199E+01      0.1195079842E+01      0.3734149366E+00
    0.8996735620E+01      0.8996735620E+01      0.1237396169E+01      0.3797710040E+00
    0.9017145336E+01      0.9017145336E+01      0.1279934484E+01      0.3903847633E+00
    0.9028170865E+01      0.9028170865E+01      0.1321710508E+01      0.4037183440E+00
    0.9030840175E+01      0.9030840175E+01      0.1361836806E+01      0.4194950443E+00
    0.9023736335E+01      0.9023736335E+01      0.1405960993E+01      0.4408999302E+00
    0.9009148072E+01      0.9009148072E+01      0.1454522013E+01      0.4659473862E+00
    0.8993922258E+01      0.8993922258E+01      0.1500934673E+01      0.4927261227E+00
    0.7741086288E+01      0.7741086288E+01      0.6178388973E-01      0.3689061087E+00
    0.7750552820E+01      0.7750552820E+01      0.1795807279E+00      0.3739069334E+00
    0.7769710422E+01      0.7769710422E+01      0.2945634575E+00      0.3804062137E+00
    0.7798908798E+01      0.7798908798E+01      0.4050980532E+00      0.3887967145E+00
    0.7838483615E+01      0.7838483615E+01      0.5101346680E+00      0.3984604704E+00
    0.7888749958E+01      0.7888749958E+01      0.6090809915E+00      0.4084263155E+00
    0.7950090320E+01      0.7950090320E+01      0.7014582453E+00      0.4174641169E+00
    0.8022840293E+01      0.8022840293E+01      0.7864927169E+00      0.4246912874E+00
    0.8107516490E+01      0.8107516490E+01      0.8627098488E+00      0.4273627751E+00
    0.8204983823E+01      0.8204983823E+01      0.9277775273E+00      0.4257040297E+00
    0.8315594358E+01      0.8315594358E+01      0.9778259496E+00      0.4169035571E+00
    0.8438555358E+01      0.8438555358E+01      0.1008953630E+01      0.4001137095E+00
    0.8564606334E+01      0.8564606334E+01      0.1029112356E+01      0.3790989787E+00
    0.8683370749E+01      0.8683370749E+01      0.1050471153E+01      0.3597561575E+00
    0.8784249707E+01      0.8784249707E+01      0.1078060067E+01      0.3445890694E+00
    0.8864425508E+01      0.8864425508E+01      0.1113084002E+01      0.3348695248E+00
    0.8925015898E+01      0.8925015898E+01      0.1154262121E+01      0.3316413531E+00
    0.8968564716E+01      0.8968564716E+01      0.1199560007E+01      0.3349334351E+00
    0.8998334493E+01      0.8998334493E+01      0.1246257243E+01      0.3423543027E+00
    0.9016922031E+01      0.9016922031E+01      0.1292221875E+01      0.3528498578E+00
    0.9026289380E+01      0.9026289380E+01      0.1337553154E+01      0.3660370060E+00
    0.9026242297E+01      0.9026242297E+01      0.1379863804E+01      0.3822989476E+00
    0.9014663708E+01      0.9014663708E+01      0.1430041803E+01      0.4047893548E+00
    0.8999145099E+01      0.8999145099E+01      0.1480694558E+01      0.4290919841E+00
    0.8982691086E+01      0.8982691086E+01      0.1528384727E+01      0.4551921054E+00
    0.7698758685E+01      0.7698758685E+01      0.6369771565E-01      0.3387670308E+00
    0.7709563193E+01      0.7709563193E+01      0.1844731856E+00      0.3432466635E+00
    0.7731265837E+01      0.7731265837E+01      0.3018976540E+00      0.3488874867E+00
    0.7764026559E+01      0.7764026559E+01      0.4140902632E+00      0.3561531457E+00
    0.7808050327E+01      0.7808050327E+01      0.5198151524E+00      0.3644727868E+00
    0.7863595905E+01      0.7863595905E+01      0.6183458121E+00      0.3728996503E+00
    0.7931047512E+01      0.7931047512E+01      0.7091193727E+00      0.3800712032E+00
    0.8010732031E+01      0.8010732031E+01      0.7913057295E+00      0.3852674906E+00
    0.8103582582E+01      0.8103582582E+01      0.8631177440E+00      0.3848542664E+00
    0.8210066825E+01      0.8210066825E+01      0.9215544429E+00      0.3805822941E+00
    0.8331464389E+01      0.8331464389E+01      0.9622735478E+00      0.3675390388E+00
    0.8461752926E+01      0.8461752926E+01      0.9864365997E+00      0.3487288271E+00
    0.8589875245E+01      0.8589875245E+01      0.1007359935E+01      0.3286285400E+00
    0.8705363492E+01      0.8705363492E+01      0.1033284185E+01      0.3117163604E+00
    0.8800164781E+01      0.8800164781E+01      0.1067277334E+01      0.2995802452E+00
    0.8874252779E+01      0.8874252779E+01      0.1109012104E+01      0.2929284961E+00
    0.8929775949E+01      0.8929775949E+01      0.1156130477E+01      0.2926795513E+00
    0.8969959127E+01      0.8969959127E+01      0.1205841821E+01      0.2975035496E+00
    0.8997582494E+01      0.8997582494E+01      0.1255910886E+01      0.3052980432E+00
    0.9014288574E+01      0.9014288574E+01      0.1304967915E+01      0.3162193681E+00
    0.9021075109E+01      0.9021075109E+01      0.1352843128E+01      0.3299646715E+00
    0.9017340187E+01      0.9017340187E+01      0.1399933067E+01      0.3478910061E+00
    0.9002236196E+01      0.9002236196E+01      0.1454322198E+01      0.3708176893E+00
    0.8985407970E+01      0.8985407970E+01      0.1506038047E+01      0.3949914599E+00
    0.8967222439E+01      0.8967222439E+01      0.1555455814E+01      0.4208316254E+00
    0.7659265659E+01      0.7659265659E+01      0.6538386259E-01      0.3056348973E+00
    0.7671478818E+01      0.7671478818E+01      0.1886363846E+00      0.3095347080E+00
    0.7695853061E+01      0.7695853061E+01      0.3081039105E+00      0.3142440909E+00
    0.7732354573E+01      0.7732354573E+01      0.4216737862E+00      0.3202897567E+00
    0.7781036005E+01      0.7781036005E+01      0.5278987906E+00      0.3271492219E+00
    0.7842051061E+01      0.7842051061E+01      0.6258662321E+00      0.3339716245E+00
    0.7915740377E+01      0.7915740377E+01      0.7148660665E+00      0.3392793005E+00
    0.8002499634E+01      0.8002499634E+01      0.7938860977E+00      0.3425804391E+00
    0.8103669962E+01      0.8103669962E+01      0.8606117411E+00      0.3398963636E+00
    0.8219749009E+01      0.8219749009E+01      0.9115342704E+00      0.3326949294E+00
    0.8350003388E+01      0.8350003388E+01      0.9435333633E+00      0.3171071824E+00
    0.8484227773E+01      0.8484227773E+01      0.9648459757E+00      0.2985966150E+00
    0.8612444334E+01      0.8612444334E+01      0.9880794611E+00      0.2807283864E+00
    0.8723031274E+01      0.8723031274E+01      0.1018998682E+01      0.2668062516E+00
    0.8811852706E+01      0.8811852706E+01      0.1059255052E+01      0.2577420699E+00
    0.8880309036E+01      0.8880309036E+01      0.1106926958E+01      0.2540850581E+00
    0.8931684590E+01      0.8931684590E+01      0.1159016222E+01      0.2559867919E+00
    0.8968798444E+01      0.8968798444E+01      0.1212752759E+01      0.2611731654E+00
    0.8993820787E+01      0.8993820787E+01      0.1266094601E+01      0.2702085340E+00
    0.9008216155E+01      0.9008216155E+01      0.1318636272E+01      0.2819008608E+00
    0.9011494511E+01      0.9011494511E+01      0.1368195026E+01      0.2966831295E+00
    0.9002850402E+01      0.9002850402E+01      0.1421448944E+01      0.3174439612E+00
    0.8985958607E+01      0.8985958607E+01      0.1478208589E+01      0.3402037664E+00
    0.8967278271E+01      0.8967278271E+01      0.1530977086E+01      0.3645194263E+00
    0.8946961382E+01      0.8946961382E+01      0.1582302240E+01      0.3904517302E+00
    0.7623381563E+01      0.7623381563E+01      0.6682480129E-01      0.2693638336E+00
    0.7636969868E+01      0.7636969868E+01      0.1920801597E+00      0.2726880315E+00
    0.7663972887E+01      0.7663972887E+01      0.3132110504E+00      0.2764833176E+00
    0.7704203656E+01      0.7704203656E+01      0.4278855825E+00      0.2813064852E+00
    0.7757562628E+01      0.7757562628E+01      0.5344275086E+00      0.2866926808E+00
    0.7824057558E+01      0.7824057558E+01      0.6317041329E+00      0.2919448122E+00
    0.7903950214E+01      0.7903950214E+01      0.7188054439E+00      0.2954819809E+00
    0.7997840004E+01      0.7997840004E+01      0.7943889452E+00      0.2970277403E+00
    0.8106904127E+01      0.8106904127E+01      0.8555309101E+00      0.2926360576E+00
    0.8232111593E+01      0.8232111593E+01      0.8986736277E+00      0.2831528308E+00
    0.8368209275E+01      0.8368209275E+01      0.9243754209E+00      0.2670740374E+00
    0.8504953553E+01      0.8504953553E+01      0.9456185547E+00      0.2498158471E+00
    0.8630601181E+01      0.8630601181E+01      0.9722890504E+00      0.2348894539E+00
    0.8735623607E+01      0.8735623607E+01      0.1008659907E+01      0.2241356176E+00
    0.8818489005E+01      0.8818489005E+01      0.1054739754E+01      0.2181861323E+00
    0.8882322506E+01      0.8882322506E+01      0.1107433560E+01      0.2172355331E+00
    0.8930226479E+01      0.8930226479E+01      0.1163759495E+01      0.2202159346E+00
    0.8964215954E+01      0.8964215954E+01      0.1221181459E+01      0.2273997073E+00
    0.8985911498E+01      0.8985911498E+01      0.1277750447E+01      0.2379413771E+00
    0.8997528625E+01      0.8997528625E+01      0.1334046306E+01      0.2512049053E+00
    0.8996663908E+01      0.8996663908E+01      0.1385005198E+01      0.2678525836E+00
    0.8983086565E+01      0.8983086565E+01      0.1444033367E+01      0.2906487669E+00
    0.8965223786E+01      0.8965223786E+01      0.1501805237E+01      0.3136171039E+00
    0.8944608569E+01      0.8944608569E+01      0.1556083445E+01      0.3380552136E+00
    0.8921942417E+01      0.8921942417E+01      0.1609231373E+01      0.3640759882E+00
    0.7591813519E+01      0.7591813519E+01      0.6797255197E-01      0.2300336403E+00
    0.7606659015E+01      0.7606659015E+01      0.1947395653E+00      0.2327886975E+00
    0.7636099967E+01      0.7636099967E+01      0.3171523089E+00      0.2357125306E+00
    0.7679857877E+01      0.7679857877E+01      0.4326666158E+00      0.2393646272E+00
    0.7737709822E+01      0.7737709822E+01      0.5393681975E+00      0.2433511457E+00
    0.7809508272E+01      0.7809508272E+01      0.6358863525E+00      0.2471569875E+00
    0.7895418773E+01      0.7895418773E+01      0.7210406134E+00      0.2491128819E+00
    0.7996269208E+01      0.7996269208E+01      0.7930667512E+00      0.2491253624E+00
    0.8112953479E+01      0.8112953479E+01      0.8486347196E+00      0.2436054741E+00
    0.8245542769E+01      0.8245542769E+01      0.8847163659E+00      0.2330327198E+00
    0.8385363385E+01      0.8385363385E+01      0.9067007352E+00      0.2183092569E+00
    0.8522625719E+01      0.8522625719E+01      0.9291278257E+00      0.2035598722E+00
    0.8644726693E+01      0.8644726693E+01      0.9595856988E+00      0.1919856942E+00
    0.8744029050E+01      0.8744029050E+01      0.1001290357E+01      0.1848101876E+00
    0.8821679892E+01      0.8821679892E+01      0.1052370234E+01      0.1817863347E+00
    0.8881107196E+01      0.8881107196E+01      0.1109638918E+01      0.1824060823E+00
    0.8924685792E+01      0.8924685792E+01      0.1170187617E+01      0.1877645810E+00
    0.8954934526E+01      0.8954934526E+01      0.1231079286E+01      0.1972877343E+00
    0.8973679622E+01      0.8973679622E+01      0.1290952804E+01      0.2093147675E+00
    0.8981003920E+01      0.8981003920E+01      0.1348782329E+01      0.2247159839E+00
    0.8975678357E+01      0.8975678357E+01      0.1405411485E+01      0.2443686011E+00
    0.8959597146E+01      0.8959597146E+01      0.1467084014E+01      0.2672705853E+00
    0.8940087151E+01      0.8940087151E+01      0.1525037303E+01      0.2907996923E+00
    0.8917595540E+01      0.8917595540E+01      0.1580916571E+01      0.3154503367E+00
    0.8892650703E+01      0.8892650703E+01      0.1635806003E+01      0.3414376477E+00
    0.7565129574E+01      0.7565129574E+01      0.6889822768E-01      0.1878144057E+00
    0.7581073258E+01      0.7581073258E+01      0.1968196969E+00      0.1900247372E+00
    0.7612668039E+01      0.7612668039E+01      0.3201816805E+00      0.1921524040E+00
    0.7659599752E+01      0.7659599752E+01      0.4362478740E+00      0.1947354700E+00
    0.7721566102E+01      0.7721566102E+01      0.5429104640E+00      0.1974543837E+00
    0.7798288963E+01      0.7798288963E+01      0.6386018755E+00      0.1999765408E+00
    0.7889799675E+01      0.7889799675E+01      0.7218517143E+00      0.2006151781E+00
    0.7996948030E+01      0.7996948030E+01      0.7903803856E+00      0.1997603675E+00
    0.8120496190E+01      0.8120496190E+01      0.8406400771E+00      0.1933051515E+00
    0.8258201979E+01      0.8258201979E+01      0.8713902885E+00      0.1835175027E+00
    0.8399814558E+01      0.8399814558E+01      0.8919942422E+00      0.1709949032E+00
    0.8536031341E+01      0.8536031341E+01      0.9165323094E+00      0.1596374425E+00
    0.8653450121E+01      0.8653450121E+01      0.9510848413E+00      0.1514994286E+00
    0.8747550527E+01      0.8747550527E+01      0.9973418169E+00      0.1477645106E+00
    0.8820542579E+01      0.8820542579E+01      0.1052924366E+01      0.1470028935E+00
    0.8875055659E+01      0.8875055659E+01      0.1114755365E+01      0.1511226473E+00
    0.8914061608E+01      0.8914061608E+01      0.1179255656E+01      0.1595937041E+00
    0.8940579490E+01      0.8940579490E+01      0.1243184753E+01      0.1715067022E+00
    0.8956474069E+01      0.8956474069E+01      0.1306492291E+01      0.1852079358E+00
    0.8959423801E+01      0.8959423801E+01      0.1364802827E+01      0.2022891110E+00
    0.8949233966E+01      0.8949233966E+01      0.1427487990E+01      0.2250437778E+00
    0.8932339104E+01      0.8932339104E+01      0.1490191461E+01      0.2476088429E+00
    0.8911258139E+01      0.8911258139E+01      0.1548850078E+01      0.2712768628E+00
    0.8886922275E+01      0.8886922275E+01      0.1605898099E+01      0.2960596204E+00
    0.8859922580E+01      0.8859922580E+01      0.1662377750E+01      0.3218960967E+00
    0.7543860030E+01      0.7543860030E+01      0.6952479618E-01      0.1431051543E+00
    0.7560693933E+01      0.7560693933E+01      0.1981772729E+00      0.1447362183E+00
    0.7594071173E+01      0.7594071173E+01      0.3221647547E+00      0.1461149823E+00
    0.7643689730E+01      0.7643689730E+01      0.4385570788E+00      0.1477439826E+00
    0.7709209046E+01      0.7709209046E+01      0.5450782693E+00      0.1493531571E+00
    0.7790245300E+01      0.7790245300E+01      0.6399957868E+00      0.1507693384E+00
    0.7886679245E+01      0.7886679245E+01      0.7215372438E+00      0.1504389698E+00
    0.7999084284E+01      0.7999084284E+01      0.7869362676E+00      0.1489972276E+00
    0.8128009377E+01      0.8128009377E+01      0.8329000708E+00      0.1430711497E+00
    0.8268686935E+01      0.8268686935E+01      0.8602142368E+00      0.1353248780E+00
    0.8411276200E+01      0.8411276200E+01      0.8806416336E+00      0.1261364637E+00
    0.8544890729E+01      0.8544890729E+01      0.9073438547E+00      0.1187755567E+00
    0.8657944495E+01      0.8657944495E+01      0.9456666324E+00      0.1144702494E+00
    0.8746910846E+01      0.8746910846E+01      0.9966014282E+00      0.1132520458E+00
    0.8814169236E+01      0.8814169236E+01      0.1056976270E+01      0.1164391561E+00
    0.8863357744E+01      0.8863357744E+01      0.1122930627E+01      0.1245391528E+00
    0.8898361145E+01      0.8898361145E+01      0.1190625084E+01      0.1360334429E+00
    0.8921450076E+01      0.8921450076E+01      0.1257249874E+01      0.1497956199E+00
    0.8934337719E+01      0.8934337719E+01      0.1323586811E+01      0.1657645834E+00
    0.8933023848E+01      0.8933023848E+01      0.1383123832E+01      0.1845022482E+00
    0.8919527060E+01      0.8919527060E+01      0.1449933467E+01      0.2079313777E+00
    0.8901556646E+01      0.8901556646E+01      0.1512629788E+01      0.2309745331E+00
    0.8879357827E+01      0.8879357827E+01      0.1572464185E+01      0.2545982784E+00
    0.8853542463E+01      0.8853542463E+01      0.1630456952E+01      0.2791337255E+00
    0.8824893784E+01      0.8824893784E+01      0.1688154883E+01      0.3044344048E+00
    0.7528353874E+01      0.7528353874E+01      0.6997062499E-01      0.9641250306E-01
    0.7545885809E+01      0.7545885809E+01      0.1990790098E+00      0.9743882606E-01
    0.7580651499E+01      0.7580651499E+01      0.3234037343E+00      0.9813265414E-01
    0.7632382618E+01      0.7632382618E+01      0.4398803996E+00      0.9891360495E-01
    0.7700717394E+01      0.7700717394E+01      0.5461518616E+00      0.9956176296E-01
    0.7785188363E+01      0.7785188363E+01      0.6403713390E+00      0.1000403624E+00
    0.7885418697E+01      0.7885418697E+01      0.7205416373E+00      0.9922099140E-01
    0.8001827095E+01      0.8001827095E+01      0.7836481585E+00      0.9763785650E-01
    0.8133698315E+01      0.8133698315E+01      0.8268302127E+00      0.9346561742E-01
    0.8275607641E+01      0.8275607641E+01      0.8525017106E+00      0.8844579009E-01
    0.8417775776E+01      0.8417775776E+01      0.8736762818E+00      0.8324905188E-01
    0.8548610635E+01      0.8548610635E+01      0.9026098819E+00      0.8010912386E-01
    0.8656749382E+01      0.8656749382E+01      0.9448765234E+00      0.7909686173E-01
    0.8740052065E+01      0.8740052065E+01      0.1000196994E+01      0.8306167158E-01
    0.8801743756E+01      0.8801743756E+01      0.1064851110E+01      0.9115523147E-01
    0.8846319644E+01      0.8846319644E+01      0.1134089262E+01      0.1028343133E+00
    0.8878131581E+01      0.8878131581E+01      0.1203961313E+01      0.1167065704E+00
    0.8898861713E+01      0.8898861713E+01      0.1273084953E+01      0.1315526182E+00
    0.8907344036E+01      0.8907344036E+01      0.1339732524E+01      0.1498421336E+00
    0.8902158438E+01      0.8902158438E+01      0.1404802391E+01      0.1708564293E+00
    0.8887636506E+01      0.8887636506E+01      0.1472811680E+01      0.1930335832E+00
    0.8868556075E+01      0.8868556075E+01      0.1535424480E+01      0.2162775887E+00
    0.8845340910E+01      0.8845340910E+01      0.1595681191E+01      0.2397977726E+00
    0.8818541084E+01      0.8818541084E+01      0.1654369454E+01      0.2636805249E+00
    0.8788742094E+01      0.8788742094E+01      0.1712988364E+01      0.2880254227E+00
    0.7518758826E+01      0.7518758826E+01      0.7015205445E-01      0.4790713769E-01
    0.7536775278E+01      0.7536775278E+01      0.1993426525E+00      0.4833079055E-01
    0.7572488259E+01      0.7572488259E+01      0.3237085410E+00      0.4844539678E-01
    0.7625676875E+01      0.7625676875E+01      0.4400720424E+00      0.4851436000E-01
    0.7695934265E+01      0.7695934265E+01      0.5460901665E+00      0.4837793690E-01
    0.7782634965E+01      0.7782634965E+01      0.6398822497E+00      0.4813674163E-01
    0.7885224803E+01      0.7885224803E+01      0.7193719537E+00      0.4754152027E-01
    0.8003705255E+01      0.8003705255E+01      0.7812533648E+00      0.4669299080E-01
    0.8137259451E+01      0.8137259451E+01      0.8229475993E+00      0.4517910454E-01
    0.8278998217E+01      0.8278998217E+01      0.8479532237E+00      0.4366838781E-01
    0.8419203134E+01      0.8419203134E+01      0.8711356442E+00      0.4256531407E-01
    0.8545518406E+01      0.8545518406E+01      0.9030042325E+00      0.4359987662E-01
    0.8648648812E+01      0.8648648812E+01      0.9490930072E+00      0.4893755156E-01
    0.8726636993E+01      0.8726636993E+01      0.1008361741E+01      0.5821362073E-01
    0.8783773066E+01      0.8783773066E+01      0.1076203439E+01      0.7052401489E-01
    0.8824942047E+01      0.8824942047E+01      0.1147772639E+01      0.8503276607E-01
    0.8853927718E+01      0.8853927718E+01      0.1219175405E+01      0.1009757665E+00
    0.8872811141E+01      0.8872811141E+01      0.1290864951E+01      0.1171542704E+00
    0.8877538198E+01      0.8877538198E+01      0.1357316180E+01      0.1360068829E+00
    0.8868529824E+01      0.8868529824E+01      0.1426980641E+01      0.1589739250E+00
    0.8853742986E+01      0.8853742986E+01      0.1495140526E+01      0.1806770967E+00
    0.8834078248E+01      0.8834078248E+01      0.1558131364E+01      0.2030765005E+00
    0.8810356900E+01      0.8810356900E+01      0.1618398331E+01      0.2258458227E+00
    0.8783011939E+01      0.8783011939E+01      0.1677254185E+01      0.2486228775E+00
    0.8752501124E+01      0.8752501124E+01      0.1736333707E+01      0.2714391120E+00
    0.7515388849E+01      0.7515388849E+01      0.7021562679E-01      0.1857474836E-03
    0.7533671168E+01      0.7533671168E+01      0.1993885294E+00      0.0000000000E+00
    0.7569915023E+01      0.7569915023E+01      0.3237301824E+00     -0.4104265816E-03
    0.7623881497E+01      0.7623881497E+01      0.4399756530E+00     -0.1039228873E-02
    0.7695101234E+01      0.7695101234E+01      0.5457381530E+00     -0.1929744585E-02
    0.7782654309E+01      0.7782654309E+01      0.6392573884E+00     -0.2866185033E-02
    0.7885526514E+01      0.7885526514E+01      0.7186557869E+00     -0.3880539304E-02
    0.8003629625E+01      0.8003629625E+01      0.7808463089E+00     -0.3787633612E-02
    0.8135915794E+01      0.8135915794E+01      0.8230961655E+00     -0.2752135407E-02
    0.8275431501E+01      0.8275431501E+01      0.8493852816E+00      0.2651661232E-03
    0.8412841019E+01      0.8412841019E+01      0.8747011673E+00      0.5616773208E-02
    0.8535297200E+01      0.8535297200E+01      0.9092381721E+00      0.1325218561E-01
    0.8633611120E+01      0.8633611120E+01      0.9585504265E+00      0.2382823368E-01
    0.8707494961E+01      0.8707494961E+01      0.1020694382E+01      0.3756016211E-01
    0.8761306513E+01      0.8761306513E+01      0.1090708874E+01      0.5330869814E-01
    0.8800010474E+01      0.8800010474E+01      0.1163731122E+01      0.7032851968E-01
    0.8826771827E+01      0.8826771827E+01      0.1236138237E+01      0.8798021198E-01
    0.8843855511E+01      0.8843855511E+01      0.1309707232E+01      0.1056140845E+00
    0.8845678158E+01      0.8845678158E+01      0.1376088601E+01      0.1247575977E+00
    0.8834271700E+01      0.8834271700E+01      0.1448713866E+01      0.1477508464E+00
    0.8818720614E+01      0.8818720614E+01      0.1516137073E+01      0.1693366009E+00
    0.8798955897E+01      0.8798955897E+01      0.1579453110E+01      0.1906097223E+00
    0.8775151328E+01      0.8775151328E+01      0.1639681808E+01      0.2119272069E+00
    0.8747773461E+01      0.8747773461E+01      0.1698423412E+01      0.2330691091E+00
    0.8717266515E+01      0.8717266515E+01      0.1757438403E+01      0.2540810902E+00
    0.7519142075E+01      0.7519142075E+01      0.6999012702E-01     -0.4778833839E-01
    0.7537597329E+01      0.7537597329E+01      0.1986034256E+00     -0.4884976778E-01
    0.7574062145E+01      0.7574062145E+01      0.3223321583E+00     -0.5019658448E-01
    0.7627997153E+01      0.7627997153E+01      0.4381673684E+00     -0.5196611222E-01
    0.7698395772E+01      0.7698395772E+01      0.5441146321E+00     -0.5364033206E-01
    0.7784325251E+01      0.7784325251E+01      0.6384987234E+00     -0.5474590151E-01
    0.7884928544E+01      0.7884928544E+01      0.7192886805E+00     -0.5424156294E-01
    0.8000521908E+01      0.8000521908E+01      0.7830856310E+00     -0.5199378460E-01
    0.8129809227E+01      0.8129809227E+01      0.8273860604E+00     -0.4679137993E-01
    0.8265481766E+01      0.8265481766E+01      0.8566326240E+00     -0.3843813415E-01
    0.8398668878E+01      0.8398668878E+01      0.8851554852E+00     -0.2666971338E-01
    0.8517266996E+01      0.8517266996E+01      0.9221026733E+00     -0.1284970996E-01
    0.8612448842E+01      0.8612448842E+01      0.9733443475E+00      0.2520812829E-02
    0.8683567002E+01      0.8683567002E+01      0.1037146716E+01      0.1990148157E-01
    0.8735219183E+01      0.8735219183E+01      0.1108307836E+01      0.3872252221E-01
    0.8772261276E+01      0.8772261276E+01      0.1182038368E+01      0.5795018554E-01
    0.8797434049E+01      0.8797434049E+01      0.1254931760E+01      0.7712846529E-01
    0.8812840934E+01      0.8812840934E+01      0.1329382055E+01      0.9602679965E-01
    0.8812595185E+01      0.8812595185E+01      0.1396285070E+01      0.1154843016E+00
    0.8800079453E+01      0.8800079453E+01      0.1470514668E+01      0.1369065435E+00
    0.8783872534E+01      0.8783872534E+01      0.1537286948E+01      0.1576625369E+00
    0.8764055015E+01      0.8764055015E+01      0.1600440822E+01      0.1775835574E+00
    0.8740532879E+01      0.8740532879E+01      0.1660492448E+01      0.1973369606E+00
    0.8713469355E+01      0.8713469355E+01      0.1718985100E+01      0.2167432864E+00
    0.8683397977E+01      0.8683397977E+01      0.1777609084E+01      0.2356992678E+00
    0.7530124433E+01      0.7530124433E+01      0.6955282200E-01     -0.9753699877E-01
    0.7548140300E+01      0.7548140300E+01      0.1975385279E+00     -0.9910233608E-01
    0.7583634921E+01      0.7583634921E+01      0.3208818166E+00     -0.1007000774E+00
    0.7635884091E+01      0.7635884091E+01      0.4367366257E+00     -0.1025140704E+00
    0.7703896238E+01      0.7703896238E+01      0.5431213491E+00     -0.1038914708E+00
    0.7786470986E+01      0.7786470986E+01      0.6387099767E+00     -0.1043252727E+00
    0.7882854861E+01      0.7882854861E+01      0.7216829441E+00     -0.1021126858E+00
    0.7993609552E+01      0.7993609552E+01      0.7886012598E+00     -0.9726348100E-01
    0.8117780219E+01      0.8117780219E+01      0.8367354553E+00     -0.8758143356E-01
    0.8248517322E+01      0.8248517322E+01      0.8699135258E+00     -0.7369385519E-01
    0.8377121578E+01      0.8377121578E+01      0.9017883583E+00     -0.5567464904E-01
    0.8492438421E+01      0.8492438421E+01      0.9406906008E+00     -0.3588702619E-01
    0.8585662834E+01      0.8585662834E+01      0.9926777722E+00     -0.1605030152E-01
    0.8655543398E+01      0.8655543398E+01      0.1056857885E+01      0.4628134964E-02
    0.8706141450E+01      0.8706141450E+01      0.1128168905E+01      0.2607899378E-01
    0.8742356907E+01      0.8742356907E+01      0.1201802265E+01      0.4726354428E-01
    0.8766620927E+01      0.8766620927E+01      0.1274614768E+01      0.6768562112E-01
    0.8780678311E+01      0.8780678311E+01      0.1348556232E+01      0.8747841114E-01
    0.8779263907E+01      0.8779263907E+01      0.1416771105E+01      0.1068131083E+00
    0.8766579538E+01      0.8766579538E+01      0.1491060411E+01      0.1263122123E+00
    0.8750105492E+01      0.8750105492E+01      0.1557285794E+01      0.1455584740E+00
    0.8730204704E+01      0.8730204704E+01      0.1619962516E+01      0.1638896760E+00
    0.8706920262E+01      0.8706920262E+01      0.1679668893E+01      0.1819028803E+00
    0.8680366031E+01      0.8680366031E+01      0.1737688571E+01      0.1992839679E+00
    0.8651124428E+01      0.8651124428E+01      0.1795525021E+01      0.2160484653E+00
    0.7547165975E+01      0.7547165975E+01      0.6889351129E-01     -0.1455472630E+00
    0.7564303152E+01      0.7564303152E+01      0.1960872864E+00     -0.1474802705E+00
    0.7597965813E+01      0.7597965813E+01      0.3190054656E+00     -0.1491926564E+00
    0.7647298373E+01      0.7647298373E+01      0.4350742121E+00     -0.1508623320E+00
    0.7711226688E+01      0.7711226688E+01      0.5424884474E+00     -0.1517065824E+00
    0.7788613864E+01      0.7788613864E+01      0.6400403997E+00     -0.1510366055E+00
    0.7878886224E+01      0.7878886224E+01      0.7261071785E+00     -0.1468656941E+00
    0.7982729414E+01      0.7982729414E+01      0.7975074519E+00     -0.1392655622E+00
    0.8099935037E+01      0.8099935037E+01      0.8510738134E+00     -0.1252701825E+00
    0.8224859238E+01      0.8224859238E+01      0.8891099995E+00     -0.1062191872E+00
    0.8348748547E+01      0.8348748547E+01      0.9241833419E+00     -0.8244335439E-01
    0.8461539829E+01      0.8461539829E+01      0.9646914351E+00     -0.5694229063E-01
    0.8553994970E+01      0.8553994970E+01      0.1016564189E+01     -0.3277744740E-01
    0.8623832586E+01      0.8623832586E+01      0.1079837733E+01     -0.9041501300E-02
    0.8674505003E+01      0.8674505003E+01      0.1150197793E+01      0.1470090777E-01
    0.8710678035E+01      0.8710678035E+01      0.1222993690E+01      0.3755776366E-01
    0.8734831063E+01      0.8734831063E+01      0.1295107539E+01      0.5911829028E-01
    0.8748453353E+01      0.8748453353E+01      0.1368111222E+01      0.7908476980E-01
    0.8746798451E+01      0.8746798451E+01      0.1435963400E+01      0.9802572145E-01
    0.8734086934E+01      0.8734086934E+01      0.1509648000E+01      0.1156082248E+00
    0.8717560187E+01      0.8717560187E+01      0.1575307627E+01      0.1330259725E+00
    0.8697684147E+01      0.8697684147E+01      0.1637399563E+01      0.1494722988E+00
    0.8674671729E+01      0.8674671729E+01      0.1696482868E+01      0.1655428036E+00
    0.8648805281E+01      0.8648805281E+01      0.1753650340E+01      0.1806453155E+00
    0.8620578980E+01      0.8620578980E+01      0.1810307895E+01      0.1950475867E+00
    0.7569926080E+01      0.7569926080E+01      0.6817676776E-01     -0.1916629540E+00
    0.7585660602E+01      0.7585660602E+01      0.1947379373E+00     -0.1936735392E+00
    0.7616490962E+01      0.7616490962E+01      0.3174162347E+00     -0.1950884530E+00
    0.7661566127E+01      0.7661566127E+01      0.4339537186E+00     -0.1961227325E+00
    0.7719884690E+01      0.7719884690E+01      0.5427682334E+00     -0.1960306330E+00
    0.7790477320E+01      0.7790477320E+01      0.6428077828E+00     -0.1940040698E+00
    0.7872998013E+01      0.7872998013E+01      0.7326982299E+00     -0.1879108017E+00
    0.7968311867E+01      0.7968311867E+01      0.8095912483E+00     -0.1777487166E+00
    0.8077096460E+01      0.8077096460E+01      0.8698575940E+00     -0.1600223185E+00
    0.8195397797E+01      0.8195397797E+01      0.9137267256E+00     -0.1366291651E+00
    0.8314363678E+01      0.8314363678E+01      0.9518142590E+00     -0.1080348786E+00
    0.8425161686E+01      0.8425161686E+01      0.9936630400E+00     -0.7738541608E-01
    0.8517900816E+01      0.8517900816E+01      0.1044621125E+01     -0.4867665210E-01
    0.8588744302E+01      0.8588744302E+01      0.1105744637E+01     -0.2188890743E-01
    0.8640429079E+01      0.8640429079E+01      0.1174139493E+01      0.3802333913E-02
    0.8677479590E+01      0.8677479590E+01      0.1245394032E+01      0.2817710368E-01
    0.8702335849E+01      0.8702335849E+01      0.1315981029E+01      0.5074162872E-01
    0.8716742759E+01      0.8716742759E+01      0.1387709586E+01      0.7064187575E-01
    0.8715829509E+01      0.8715829509E+01      0.1453438535E+01      0.8916613101E-01
    0.8703046806E+01      0.8703046806E+01      0.1526168320E+01      0.1044506467E+00
    0.8686535779E+01      0.8686535779E+01      0.1591349647E+01      0.1199284938E+00
    0.8666724026E+01      0.8666724026E+01      0.1653034938E+01      0.1343455546E+00
    0.8644035188E+01      0.8644035188E+01      0.1711361318E+01      0.1482763791E+00
    0.8618911520E+01      0.8618911520E+01      0.1767437579E+01      0.1609069938E+00
    0.8591733259E+01      0.8591733259E+01      0.1822711022E+01      0.1728113154E+00
    0.7597375938E+01      0.7597375938E+01      0.6738491326E-01     -0.2346496206E+00
    0.7611187316E+01      0.7611187316E+01      0.1935253959E+00     -0.2364611522E+00
    0.7638271859E+01      0.7638271859E+01      0.3162378580E+00     -0.2372301202E+00
    0.7677950459E+01      0.7677950459E+01      0.4335273621E+00     -0.2372969329E+00
    0.7729460859E+01      0.7729460859E+01      0.5440447172E+00     -0.2360430249E+00
    0.7792087944E+01      0.7792087944E+01      0.6469555923E+00     -0.2326489089E+00
    0.7865743512E+01      0.7865743512E+01      0.7412012566E+00     -0.2248580380E+00
    0.7951399075E+01      0.7951399075E+01      0.8242725877E+00     -0.2125747327E+00
    0.8050569218E+01      0.8050569218E+01      0.8920509594E+00     -0.1921567587E+00
    0.8161340615E+01      0.8161340615E+01      0.9428679934E+00     -0.1655413640E+00
    0.8275043897E+01      0.8275043897E+01      0.9842241486E+00     -0.1332504351E+00
    0.8383731764E+01      0.8383731764E+01      0.1027357306E+01     -0.9806421324E-01
    0.8477168254E+01      0.8477168254E+01      0.1076744901E+01     -0.6458107488E-01
    0.8550060600E+01      0.8550060600E+01      0.1134876347E+01     -0.3468937665E-01
    0.8604047818E+01      0.8604047818E+01      0.1200342649E+01     -0.7248942144E-02
    0.8643055104E+01      0.8643055104E+01      0.1269085665E+01      0.1835287706E-01
    0.8669583617E+01      0.8669583617E+01      0.1337376391E+01      0.4161691194E-01
    0.8685747836E+01      0.8685747836E+01      0.1407126097E+01      0.6198087960E-01
    0.8686539486E+01      0.8686539486E+01      0.1469432383E+01      0.8022380545E-01
    0.8673774473E+01      0.8673774473E+01      0.1540334579E+01      0.9264546190E-01
    0.8657372247E+01      0.8657372247E+01      0.1605174149E+01      0.1062815335E+00
    0.8637607026E+01      0.8637607026E+01      0.1666360729E+01      0.1186670655E+00
    0.8615201588E+01      0.8615201588E+01      0.1723697390E+01      0.1302889493E+00
    0.8590714493E+01      0.8590714493E+01      0.1778459150E+01      0.1403962155E+00
    0.8564424535E+01      0.8564424535E+01      0.1832145048E+01      0.1497828625E+00
    0.7627838875E+01      0.7627838875E+01      0.6670855057E-01     -0.2730741844E+00
    0.7639407051E+01      0.7639407051E+01      0.1928427044E+00     -0.2745862890E+00
    0.7662184698E+01      0.7662184698E+01      0.3159123558E+00     -0.2746045569E+00
    0.7695765811E+01      0.7695765811E+01      0.4341694557E+00     -0.2736104798E+00
    0.7739730737E+01      0.7739730737E+01      0.5465313188E+00     -0.2711656787E+00
    0.7793733335E+01      0.7793733335E+01      0.6524488449E+00     -0.2665107452E+00
    0.7857885210E+01      0.7857885210E+01      0.7511431782E+00     -0.2575654431E+00
    0.7933440459E+01      0.7933440459E+01      0.8404417564E+00     -0.2438976081E+00
    0.8022223077E+01      0.8022223077E+01      0.9161648046E+00     -0.2219881645E+00
    0.8124110205E+01      0.8124110205E+01      0.9750214648E+00     -0.1934655769E+00
    0.8232186667E+01      0.8232186667E+01      0.1020655874E+01     -0.1585926022E+00
    0.8338217117E+01      0.8338217117E+01      0.1065033114E+01     -0.1199615161E+00
    0.8432557540E+01      0.8432557540E+01      0.1112623265E+01     -0.8213176794E-01
    0.8508539487E+01      0.8508539487E+01      0.1167204937E+01     -0.4889431268E-01
    0.8566105953E+01      0.8566105953E+01      0.1228716224E+01     -0.1960385200E-01
    0.8608024784E+01      0.8608024784E+01      0.1293857997E+01      0.7086102679E-02
    0.8636992243E+01      0.8636992243E+01      0.1359172117E+01      0.3103153424E-01
    0.8654922636E+01      0.8654922636E+01      0.1425439385E+01      0.5226767956E-01
    0.8658097400E+01      0.8658097400E+01      0.1486090234E+01      0.7054298621E-01
    0.8646498857E+01      0.8646498857E+01      0.1553319624E+01      0.8076386041E-01
    0.8630410599E+01      0.8630410599E+01      0.1617671043E+01      0.9267951474E-01
    0.8610470915E+01      0.8610470915E+01      0.1677711878E+01      0.1027244999E+00
    0.8588103852E+01      0.8588103852E+01      0.1733846713E+01      0.1119727852E+00
    0.8564001802E+01      0.8564001802E+01      0.1787209862E+01      0.1195623578E+00
    0.8538342388E+01      0.8538342388E+01      0.1839232629E+01      0.1264538437E+00
    0.7659338850E+01      0.7659338850E+01      0.6609081022E-01     -0.3054684739E+00
    0.7668565090E+01      0.7668565090E+01      0.1924590570E+00     -0.3067477950E+00
    0.7686887317E+01      0.7686887317E+01      0.3161709308E+00     -0.3061919834E+00
    0.7714242321E+01      0.7714242321E+01      0.4356764219E+00     -0.3043495386E+00
    0.7750520762E+01      0.7750520762E+01      0.5500864117E+00     -0.3009149489E+00
    0.7795779575E+01      0.7795779575E+01      0.6590239935E+00     -0.2953226077E+00
    0.7850401871E+01      0.7850401871E+01      0.7620129043E+00     -0.2860328004E+00
    0.7915717006E+01      0.7915717006E+01      0.8571043955E+00     -0.2718601085E+00
    0.7993781299E+01      0.7993781299E+01      0.9405151840E+00     -0.2498423584E+00
    0.8085664719E+01      0.8085664719E+01      0.1008255569E+01     -0.2207264718E+00
    0.8187186132E+01      0.8187186132E+01      0.1060089962E+01     -0.1843814304E+00
    0.8289685120E+01      0.8289685120E+01      0.1105527018E+01     -0.1437656091E+00
    0.8384587730E+01      0.8384587730E+01      0.1151771361E+01     -0.1026282149E+00
    0.8464243228E+01      0.8464243228E+01      0.1202743888E+01     -0.6541909893E-01
    0.8525898394E+01      0.8525898394E+01      0.1259387812E+01     -0.3342705171E-01
    0.8571291087E+01      0.8571291087E+01      0.1320043612E+01     -0.5220122373E-02
    0.8603199761E+01      0.8603199761E+01      0.1381725003E+01      0.1967726813E-01
    0.8623495743E+01      0.8623495743E+01      0.1443990747E+01      0.4139269015E-01
    0.8629978529E+01      0.8629978529E+01      0.1502990246E+01      0.5928088171E-01
    0.8621718281E+01      0.8621718281E+01      0.1564632863E+01      0.6968122403E-01
    0.8605511395E+01      0.8605511395E+01      0.1628083329E+01      0.7925534468E-01
    0.8585089583E+01      0.8585089583E+01      0.1686663628E+01      0.8680661366E-01
    0.8562476815E+01      0.8562476815E+01      0.1742009366E+01      0.9361458573E-01
    0.8538520189E+01      0.8538520189E+01      0.1794064337E+01      0.9891499414E-01
    0.8513368519E+01      0.8513368519E+01      0.1844327355E+01      0.1033927328E+00
    0.7690597815E+01      0.7690597815E+01      0.6562200585E-01     -0.3306151089E+00
    0.7697514032E+01      0.7697514032E+01      0.1924809412E+00     -0.3318868668E+00
    0.7711467713E+01      0.7711467713E+01      0.3170433613E+00     -0.3311399466E+00
    0.7732753525E+01      0.7732753525E+01      0.4379342802E+00     -0.3289597648E+00
    0.7761734043E+01      0.7761734043E+01      0.5544180576E+00     -0.3249942584E+00
    0.7798718516E+01      0.7798718516E+01      0.6662058690E+00     -0.3188637137E+00
    0.7844298634E+01      0.7844298634E+01      0.7730052888E+00     -0.3095075663E+00
    0.7899575823E+01      0.7899575823E+01      0.8736245989E+00     -0.2959423167E+00
    0.7966481605E+01      0.7966481605E+01      0.9646830293E+00     -0.2754237438E+00
    0.8047151099E+01      0.8047151099E+01      0.1041766801E+01     -0.2478782421E+00
    0.8140684286E+01      0.8140684286E+01      0.1101422815E+01     -0.2112601635E+00
    0.8238886434E+01      0.8238886434E+01      0.1148528842E+01     -0.1692996989E+00
    0.8333526442E+01      0.8333526442E+01      0.1193684758E+01     -0.1259150790E+00
    0.8416755466E+01      0.8416755466E+01      0.1240669499E+01     -0.8497088005E-01
    0.8482984649E+01      0.8482984649E+01      0.1292128154E+01     -0.4981943768E-01
    0.8532766898E+01      0.8532766898E+01      0.1347828878E+01     -0.1961465155E-01
    0.8568214950E+01      0.8568214950E+01      0.1405269726E+01      0.6621543100E-02
    0.8591103350E+01      0.8591103350E+01      0.1462586905E+01      0.2902517282E-01
    0.8602100378E+01      0.8602100378E+01      0.1519602924E+01      0.4656201643E-01
    0.8598240751E+01      0.8598240751E+01      0.1573633694E+01      0.5895053018E-01
    0.8582047682E+01      0.8582047682E+01      0.1634773420E+01      0.6557007119E-01
    0.8561469544E+01      0.8561469544E+01      0.1692257598E+01      0.7112799180E-01
    0.8538235715E+01      0.8538235715E+01      0.1747130512E+01      0.7559587969E-01
    0.8514063794E+01      0.8514063794E+01      0.1798446416E+01      0.7858338308E-01
    0.8489196452E+01      0.8489196452E+01      0.1847189198E+01      0.8079988038E-01
