    0.9288508351E+01      0.9288508351E+01      0.7328985719E+00      0.1179133797E+00
    0.9157814704E+01      0.9157814704E+01      0.8803253655E+00      0.1603969998E+00
    0.9032747074E+01      0.9032747074E+01      0.1005171234E+01      0.2124891052E+00
    0.8938117640E+01      0.8938117640E+01      0.1130516210E+01      0.2719513332E+00
    0.8845403868E+01      0.8845403868E+01      0.1225286393E+01      0.3410713051E+00
    0.8773862715E+01      0.8773862715E+01      0.1309801722E+01      0.4148392034E+00
    0.8722807641E+01      0.8722807641E+01      0.1385975116E+01      0.4929590716E+00
    0.8671026210E+01      0.8671026210E+01      0.1437033820E+01      0.5773891329E+00
    0.8635296944E+01      0.8635296944E+01      0.1486994449E+01      0.6617368111E+00
    0.8606191535E+01      0.8606191535E+01      0.1532068191E+01      0.7488522257E+00
    0.8576668391E+01      0.8576668391E+01      0.1570721451E+01      0.8386825310E+00
    0.8548449869E+01      0.8548449869E+01      0.1609998354E+01      0.9305938144E+00
    0.8519949268E+01      0.8519949268E+01      0.1653012124E+01      0.1025071208E+01
    0.8487207247E+01      0.8487207247E+01      0.1704796588E+01      0.1124719630E+01
    0.8446880516E+01      0.8446880516E+01      0.1768571586E+01      0.1232386946E+01
    0.8399765657E+01      0.8399765657E+01      0.1843723527E+01      0.1351990166E+01
    0.8349821580E+01      0.8349821580E+01      0.1928109648E+01      0.1485683423E+01
    0.8293321419E+01      0.8293321419E+01      0.2029573087E+01      0.1636021054E+01
    0.8224225318E+01      0.8224225318E+01      0.2159732442E+01      0.1806030284E+01
    0.8132115625E+01      0.8132115625E+01      0.2336769446E+01      0.2002314786E+01
    0.8006651957E+01      0.8006651957E+01      0.2583767874E+01      0.2231964285E+01
    0.7824082801E+01      0.7824082801E+01      0.2949322748E+01      0.2500536171E+01
    0.7558325441E+01      0.7558325441E+01      0.3509739793E+01      0.2780287016E+01
    0.7186620871E+01      0.7186620871E+01      0.4517943689E+01      0.3541301025E+01
    0.5737713282E+01      0.5737713282E+01      0.6520152399E+01      0.2063497469E+01
    0.9254942343E+01      0.9254942343E+01      0.7688178823E+00      0.1049550152E+00
    0.9115507605E+01      0.9115507605E+01      0.9264336502E+00      0.1446801026E+00
    0.8982360552E+01      0.8982360552E+01      0.1060422600E+01      0.1940472629E+00
    0.8881554640E+01      0.8881554640E+01      0.1195118847E+01      0.2526781184E+00
    0.8784146864E+01      0.8784146864E+01      0.1297080354E+01      0.3208856058E+00
    0.8708464991E+01      0.8708464991E+01      0.1386330811E+01      0.3948939015E+00
    0.8657502236E+01      0.8657502236E+01      0.1468038497E+01      0.4732388673E+00
    0.8605429396E+01      0.8605429396E+01      0.1521373709E+01      0.5582349579E+00
    0.8570395838E+01      0.8570395838E+01      0.1572889798E+01      0.6427283457E+00
    0.8543590642E+01      0.8543590642E+01      0.1620175847E+01      0.7295906866E+00
    0.8516163885E+01      0.8516163885E+01      0.1660681840E+01      0.8184249146E+00
    0.8489881985E+01      0.8489881985E+01      0.1701683860E+01      0.9078956960E+00
    0.8462916666E+01      0.8462916666E+01      0.1747346892E+01      0.9985788602E+00
    0.8430508660E+01      0.8430508660E+01      0.1804198723E+01      0.1092552045E+01
    0.8389078363E+01      0.8389078363E+01      0.1876209655E+01      0.1192074316E+01
    0.8339649211E+01      0.8339649211E+01      0.1962503795E+01      0.1301087377E+01
    0.8287904224E+01      0.8287904224E+01      0.2059213397E+01      0.1420876963E+01
    0.8231302400E+01      0.8231302400E+01      0.2173841344E+01      0.1551658991E+01
    0.8163106581E+01      0.8163106581E+01      0.2319617034E+01      0.1693741632E+01
    0.8072087155E+01      0.8072087155E+01      0.2516234907E+01      0.1849202052E+01
    0.7951416646E+01      0.7951416646E+01      0.2782776981E+01      0.2016398003E+01
    0.7781395939E+01      0.7781395939E+01      0.3155746430E+01      0.2188925119E+01
    0.7551197394E+01      0.7551197394E+01      0.3673063499E+01      0.2305519572E+01
    0.7256271586E+01      0.7256271586E+01      0.4454190331E+01      0.2495306602E+01
    0.6655928817E+01      0.6655928817E+01      0.5474451496E+01      0.1802464986E+01
    0.9224296948E+01      0.9224296948E+01      0.8012063786E+00      0.9122892988E-01
    0.9075025724E+01      0.9075025724E+01      0.9691528950E+00      0.1272411924E+00
    0.8933020336E+01      0.8933020336E+01      0.1113638933E+01      0.1732756294E+00
    0.8825014397E+01      0.8825014397E+01      0.1258162451E+01      0.2302730171E+00
    0.8721414815E+01      0.8721414815E+01      0.1368438661E+01      0.2967651952E+00
    0.8641151692E+01      0.8641151692E+01      0.1463615587E+01      0.3705756097E+00
    0.8589613891E+01      0.8589613891E+01      0.1551394200E+01      0.4490713748E+00
    0.8536709564E+01      0.8536709564E+01      0.1606753336E+01      0.5348934674E+00
    0.8502882459E+01      0.8502882459E+01      0.1659376340E+01      0.6192234247E+00
    0.8479254518E+01      0.8479254518E+01      0.1707744991E+01      0.7056120670E+00
    0.8454739204E+01      0.8454739204E+01      0.1748356007E+01      0.7930026112E+00
    0.8431199164E+01      0.8431199164E+01      0.1789338323E+01      0.8795222350E+00
    0.8406579727E+01      0.8406579727E+01      0.1835770838E+01      0.9659649320E+00
    0.8375467372E+01      0.8375467372E+01      0.1895390645E+01      0.1053487268E+01
    0.8333777852E+01      0.8333777852E+01      0.1972798743E+01      0.1143704705E+01
    0.8282491929E+01      0.8282491929E+01      0.2066942987E+01      0.1240442243E+01
    0.8229462349E+01      0.8229462349E+01      0.2171277567E+01      0.1344661538E+01
    0.8174014623E+01      0.8174014623E+01      0.2291392988E+01      0.1454056836E+01
    0.8107915644E+01      0.8107915644E+01      0.2441611559E+01      0.1568055135E+01
    0.8020288854E+01      0.8020288854E+01      0.2641567758E+01      0.1683431224E+01
    0.7904712734E+01      0.7904712734E+01      0.2904015248E+01      0.1792769088E+01
    0.7757728089E+01      0.7757728089E+01      0.3242796512E+01      0.1886804203E+01
    0.7559006404E+01      0.7559006404E+01      0.3681388576E+01      0.1898257380E+01
    0.7328735021E+01      0.7328735021E+01      0.4250351004E+01      0.1835195781E+01
    0.7044302161E+01      0.7044302161E+01      0.4812068120E+01      0.1455133811E+01
    0.9197212168E+01      0.9197212168E+01      0.8293630873E+00      0.7709558666E-01
    0.9036964441E+01      0.9036964441E+01      0.1007784969E+01      0.1088781647E+00
    0.8885634471E+01      0.8885634471E+01      0.1163734442E+01      0.1504333252E+00
    0.8768662425E+01      0.8768662425E+01      0.1318987496E+01      0.2050715942E+00
    0.8658354033E+01      0.8658354033E+01      0.1438569862E+01      0.2686280839E+00
    0.8571983211E+01      0.8571983211E+01      0.1539998742E+01      0.3417521807E+00
    0.8520062299E+01      0.8520062299E+01      0.1634715973E+01      0.4194578988E+00
    0.8466286600E+01      0.8466286600E+01      0.1692130746E+01      0.5054515606E+00
    0.8433453425E+01      0.8433453425E+01      0.1745097980E+01      0.5898657847E+00
    0.8413656683E+01      0.8413656683E+01      0.1794370657E+01      0.6758311302E+00
    0.8392550416E+01      0.8392550416E+01      0.1834662227E+01      0.7620655201E+00
    0.8372240305E+01      0.8372240305E+01      0.1874365360E+01      0.8461494651E+00
    0.8350840241E+01      0.8350840241E+01      0.1919818825E+01      0.9282779559E+00
    0.8322379096E+01      0.8322379096E+01      0.1979626556E+01      0.1009278088E+01
    0.8281423802E+01      0.8281423802E+01      0.2059576809E+01      0.1090102705E+01
    0.8229098850E+01      0.8229098850E+01      0.2158283486E+01      0.1173759372E+01
    0.8175324290E+01      0.8175324290E+01      0.2265999732E+01      0.1262045007E+01
    0.8121359473E+01      0.8121359473E+01      0.2387092430E+01      0.1350478282E+01
    0.8057477732E+01      0.8057477732E+01      0.2535962695E+01      0.1437895789E+01
    0.7973106386E+01      0.7973106386E+01      0.2727322756E+01      0.1517305770E+01
    0.7868887101E+01      0.7868887101E+01      0.2966013447E+01      0.1581813438E+01
    0.7742483746E+01      0.7742483746E+01      0.3255311796E+01      0.1618954885E+01
    0.7577759132E+01      0.7577759132E+01      0.3618136464E+01      0.1576926307E+01
    0.7406012454E+01      0.7406012454E+01      0.4005581244E+01      0.1452342445E+01
    0.7230663101E+01      0.7230663101E+01      0.4372439979E+01      0.1183458426E+01
    0.9174150198E+01      0.9174150198E+01      0.8527261123E+00      0.6370707952E-01
    0.9002420629E+01      0.9002420629E+01      0.1041395028E+01      0.8990509985E-01
    0.8841034060E+01      0.8841034060E+01      0.1209908636E+01      0.1265060371E+00
    0.8713642500E+01      0.8713642500E+01      0.1376010816E+01      0.1774917416E+00
    0.8595037155E+01      0.8595037155E+01      0.1506587252E+01      0.2368512778E+00
    0.8501600993E+01      0.8501600993E+01      0.1615490017E+01      0.3086337379E+00
    0.8447707379E+01      0.8447707379E+01      0.1718103909E+01      0.3853707939E+00
    0.8392267108E+01      0.8392267108E+01      0.1777832405E+01      0.4712114429E+00
    0.8360987839E+01      0.8360987839E+01      0.1831660867E+01      0.5553059408E+00
    0.8345272100E+01      0.8345272100E+01      0.1880824329E+01      0.6416779695E+00
    0.8328206751E+01      0.8328206751E+01      0.1918805151E+01      0.7268570863E+00
    0.8312147020E+01      0.8312147020E+01      0.1955505148E+01      0.8087582395E+00
    0.8295400470E+01      0.8295400470E+01      0.1998005280E+01      0.8865187994E+00
    0.8271234468E+01      0.8271234468E+01      0.2055501573E+01      0.9616670332E+00
    0.8232117111E+01      0.8232117111E+01      0.2135155457E+01      0.1033755455E+01
    0.8179812330E+01      0.8179812330E+01      0.2235031664E+01      0.1104337427E+01
    0.8125673050E+01      0.8125673050E+01      0.2343165485E+01      0.1177356685E+01
    0.8072580535E+01      0.8072580535E+01      0.2462052005E+01      0.1245883334E+01
    0.8012317643E+01      0.8012317643E+01      0.2602270397E+01      0.1311511572E+01
    0.7934960274E+01      0.7934960274E+01      0.2777760239E+01      0.1363985652E+01
    0.7840045526E+01      0.7840045526E+01      0.2989494972E+01      0.1397056002E+01
    0.7729214915E+01      0.7729214915E+01      0.3240388463E+01      0.1393455540E+01
    0.7598035894E+01      0.7598035894E+01      0.3517102058E+01      0.1332824159E+01
    0.7467079768E+01      0.7467079768E+01      0.3801372007E+01      0.1207326319E+01
    0.7336645620E+01      0.7336645620E+01      0.4070449285E+01      0.1003966512E+01
    0.9156015679E+01      0.9156015679E+01      0.8702511923E+00      0.5117671536E-01
    0.8971914005E+01      0.8971914005E+01      0.1069858869E+01      0.7177135764E-01
    0.8800402133E+01      0.8800402133E+01      0.1251256342E+01      0.1022380087E+00
    0.8660855305E+01      0.8660855305E+01      0.1428304660E+01      0.1485573576E+00
    0.8532947413E+01      0.8532947413E+01      0.1571072713E+01      0.2022619412E+00
    0.8430584264E+01      0.8430584264E+01      0.1688819847E+01      0.2711414923E+00
    0.8373780608E+01      0.8373780608E+01      0.1800621105E+01      0.3460976717E+00
    0.8315236098E+01      0.8315236098E+01      0.1862957394E+01      0.4310302825E+00
    0.8285242043E+01      0.8285242043E+01      0.1918119356E+01      0.5148923054E+00
    0.8274239261E+01      0.8274239261E+01      0.1967376799E+01      0.6018091418E+00
    0.8261776245E+01      0.8261776245E+01      0.2002001063E+01      0.6864946193E+00
    0.8250559025E+01      0.8250559025E+01      0.2033992563E+01      0.7673636366E+00
    0.8239632420E+01      0.8239632420E+01      0.2071736336E+01      0.8416242485E+00
    0.8221402925E+01      0.8221402925E+01      0.2124592557E+01      0.9117967300E+00
    0.8185818828E+01      0.8185818828E+01      0.2201135002E+01      0.9767840395E+00
    0.8134087024E+01      0.8134087024E+01      0.2299232150E+01      0.1033906467E+01
    0.8080082617E+01      0.8080082617E+01      0.2405007387E+01      0.1092195942E+01
    0.8028084795E+01      0.8028084795E+01      0.2519212701E+01      0.1145229915E+01
    0.7972791377E+01      0.7972791377E+01      0.2648040730E+01      0.1193928139E+01
    0.7903058296E+01      0.7903058296E+01      0.2804422773E+01      0.1228265012E+01
    0.7817908592E+01      0.7817908592E+01      0.2992441983E+01      0.1234831602E+01
    0.7717001065E+01      0.7717001065E+01      0.3203787617E+01      0.1211752806E+01
    0.7615130010E+01      0.7615130010E+01      0.3420593901E+01      0.1145553911E+01
    0.7505956092E+01      0.7505956092E+01      0.3636549734E+01      0.1031989307E+01
    0.7401683191E+01      0.7401683191E+01      0.3838475892E+01      0.8710301321E+00
    0.9141604989E+01      0.9141604989E+01      0.8829905728E+00      0.4029790431E-01
    0.8947349714E+01      0.8947349714E+01      0.1092063037E+01      0.5495032331E-01
    0.8764658687E+01      0.8764658687E+01      0.1286674565E+01      0.7927436132E-01
    0.8611693277E+01      0.8611693277E+01      0.1474421642E+01      0.1190011746E+00
    0.8473274546E+01      0.8473274546E+01      0.1630672782E+01      0.1660434659E+00
    0.8360385595E+01      0.8360385595E+01      0.1758780732E+01      0.2303527359E+00
    0.8298192464E+01      0.8298192464E+01      0.1881328051E+01      0.3022732359E+00
    0.8234784741E+01      0.8234784741E+01      0.1947283812E+01      0.3853964801E+00
    0.8205900337E+01      0.8205900337E+01      0.2005277043E+01      0.4685264295E+00
    0.8198837246E+01      0.8198837246E+01      0.2054021262E+01      0.5571231357E+00
    0.8191163789E+01      0.8191163789E+01      0.2083727257E+01      0.6412281774E+00
    0.8186382341E+01      0.8186382341E+01      0.2110918552E+01      0.7217956016E+00
    0.8182917412E+01      0.8182917412E+01      0.2142886265E+01      0.7939748652E+00
    0.8172125240E+01      0.8172125240E+01      0.2188140029E+01      0.8604383508E+00
    0.8142664473E+01      0.8142664473E+01      0.2257907788E+01      0.9191967525E+00
    0.8093735805E+01      0.8093735805E+01      0.2350722140E+01      0.9666613375E+00
    0.8037804077E+01      0.8037804077E+01      0.2455098529E+01      0.1009250875E+01
    0.7986942638E+01      0.7986942638E+01      0.2562885025E+01      0.1049630136E+01
    0.7935653738E+01      0.7935653738E+01      0.2680207066E+01      0.1085832391E+01
    0.7875546761E+01      0.7875546761E+01      0.2818585769E+01      0.1105643680E+01
    0.7796857442E+01      0.7796857442E+01      0.2982699853E+01      0.1098343991E+01
    0.7712212331E+01      0.7712212331E+01      0.3158304435E+01      0.1065009882E+01
    0.7624192318E+01      0.7624192318E+01      0.3330550909E+01      0.1000953412E+01
    0.7534477687E+01      0.7534477687E+01      0.3501358282E+01      0.9019615846E+00
    0.7445816117E+01      0.7445816117E+01      0.3657792497E+01      0.7711937406E+00
    0.9130914832E+01      0.9130914832E+01      0.8918014478E+00      0.3100331092E-01
    0.8928431438E+01      0.8928431438E+01      0.1107984501E+01      0.4052935013E-01
    0.8735115740E+01      0.8735115740E+01      0.1315081128E+01      0.5837211531E-01
    0.8567485967E+01      0.8567485967E+01      0.1513174317E+01      0.9042574484E-01
    0.8417740662E+01      0.8417740662E+01      0.1683742450E+01      0.1295831991E+00
    0.8292735742E+01      0.8292735742E+01      0.1823633832E+01      0.1876501014E+00
    0.8222433434E+01      0.8222433434E+01      0.1958625813E+01      0.2545132502E+00
    0.8151274772E+01      0.8151274772E+01      0.2029620728E+01      0.3344079930E+00
    0.8122923070E+01      0.8122923070E+01      0.2093310527E+01      0.4161900394E+00
    0.8117621471E+01      0.8117621471E+01      0.2140756625E+01      0.5065420336E+00
    0.8116701881E+01      0.8116701881E+01      0.2168054746E+01      0.5902289368E+00
    0.8119905944E+01      0.8119905944E+01      0.2187315919E+01      0.6710665660E+00
    0.8123439745E+01      0.8123439745E+01      0.2213623126E+01      0.7431390977E+00
    0.8120267340E+01      0.8120267340E+01      0.2249990533E+01      0.8086069987E+00
    0.8101415564E+01      0.8101415564E+01      0.2307139174E+01      0.8617683963E+00
    0.8059551697E+01      0.8059551697E+01      0.2390568779E+01      0.9041216041E+00
    0.8002705772E+01      0.8002705772E+01      0.2491870477E+01      0.9341258915E+00
    0.7949715990E+01      0.7949715990E+01      0.2593054326E+01      0.9619879141E+00
    0.7901441254E+01      0.7901441254E+01      0.2701246635E+01      0.9862746406E+00
    0.7848052622E+01      0.7848052622E+01      0.2821986466E+01      0.9955375153E+00
    0.7780294447E+01      0.7780294447E+01      0.2962526824E+01      0.9819610098E+00
    0.7705755536E+01      0.7705755536E+01      0.3107369830E+01      0.9459865171E+00
    0.7630682975E+01      0.7630682975E+01      0.3250441351E+01      0.8857024308E+00
    0.7554231247E+01      0.7554231247E+01      0.3387520057E+01      0.8001760000E+00
    0.7478095314E+01      0.7478095314E+01      0.3511351238E+01      0.6908443453E+00
    0.9122499665E+01      0.9122499665E+01      0.8982582090E+00      0.2335326480E-01
    0.8916142508E+01      0.8916142508E+01      0.1117317549E+01      0.2951016484E-01
    0.8712320625E+01      0.8712320625E+01      0.1335413057E+01      0.4078086580E-01
    0.8530043582E+01      0.8530043582E+01      0.1543476520E+01      0.6405954783E-01
    0.8368195132E+01      0.8368195132E+01      0.1729120160E+01      0.9451941441E-01
    0.8229222051E+01      0.8229222051E+01      0.1881793884E+01      0.1440700655E+00
    0.8147782245E+01      0.8147782245E+01      0.2030367652E+01      0.2042187592E+00
    0.8066502224E+01      0.8066502224E+01      0.2109142282E+01      0.2782983461E+00
    0.8036367424E+01      0.8036367424E+01      0.2180582262E+01      0.3586705169E+00
    0.8030905960E+01      0.8030905960E+01      0.2228472564E+01      0.4480932998E+00
    0.8036504095E+01      0.8036504095E+01      0.2255282533E+01      0.5333614728E+00
    0.8048281678E+01      0.8048281678E+01      0.2264306070E+01      0.6155472561E+00
    0.8060688589E+01      0.8060688589E+01      0.2281237689E+01      0.6885829319E+00
    0.8065986260E+01      0.8065986260E+01      0.2311704173E+01      0.7528335210E+00
    0.8058796715E+01      0.8058796715E+01      0.2353710880E+01      0.8054962474E+00
    0.8027273395E+01      0.8027273395E+01      0.2422581694E+01      0.8444229649E+00
    0.7974785393E+01      0.7974785393E+01      0.2515369335E+01      0.8678397966E+00
    0.7919777571E+01      0.7919777571E+01      0.2611859771E+01      0.8841625711E+00
    0.7872594781E+01      0.7872594781E+01      0.2712616825E+01      0.8981208460E+00
    0.7823738608E+01      0.7823738608E+01      0.2819091863E+01      0.8982615025E+00
    0.7765613051E+01      0.7765613051E+01      0.2935093789E+01      0.8822953156E+00
    0.7701279270E+01      0.7701279270E+01      0.3057830958E+01      0.8452378431E+00
    0.7634374749E+01      0.7634374749E+01      0.3177187960E+01      0.7894602265E+00
    0.7568633135E+01      0.7568633135E+01      0.3291850930E+01      0.7139569748E+00
    0.7503065642E+01      0.7503065642E+01      0.3393500459E+01      0.6191863343E+00
    0.9115676478E+01      0.9115676478E+01      0.9033017821E+00      0.1719891536E-01
    0.8908744282E+01      0.8908744282E+01      0.1122056822E+01      0.2150310115E-01
    0.8697233004E+01      0.8697233004E+01      0.1348010583E+01      0.2801257670E-01
    0.8501897294E+01      0.8501897294E+01      0.1564025312E+01      0.4251709656E-01
    0.8327513158E+01      0.8327513158E+01      0.1764319329E+01      0.6375490817E-01
    0.8172156457E+01      0.8172156457E+01      0.1931214105E+01      0.1015678409E+00
    0.8075677415E+01      0.8075677415E+01      0.2094313125E+01      0.1523433904E+00
    0.7982608437E+01      0.7982608437E+01      0.2184526774E+01      0.2178607952E+00
    0.7947008923E+01      0.7947008923E+01      0.2265529355E+01      0.2963143558E+00
    0.7939458082E+01      0.7939458082E+01      0.2316858845E+01      0.3816692379E+00
    0.7949100499E+01      0.7949100499E+01      0.2343323817E+01      0.4693090665E+00
    0.7968277626E+01      0.7968277626E+01      0.2344733641E+01      0.5531182599E+00
    0.7992592249E+01      0.7992592249E+01      0.2349448178E+01      0.6302299713E+00
    0.8008652700E+01      0.8008652700E+01      0.2370042571E+01      0.6942992072E+00
    0.8011361530E+01      0.8011361530E+01      0.2401346502E+01      0.7482698536E+00
    0.7994147594E+01      0.7994147594E+01      0.2451686313E+01      0.7868428937E+00
    0.7951621570E+01      0.7951621570E+01      0.2529154753E+01      0.8080250820E+00
    0.7897534987E+01      0.7897534987E+01      0.2621734551E+01      0.8167482168E+00
    0.7850535962E+01      0.7850535962E+01      0.2714714031E+01      0.8191567839E+00
    0.7804840230E+01      0.7804840230E+01      0.2808974630E+01      0.8135661347E+00
    0.7756069016E+01      0.7756069016E+01      0.2907065389E+01      0.7937137475E+00
    0.7699596838E+01      0.7699596838E+01      0.3009942918E+01      0.7581577803E+00
    0.7642005990E+01      0.7642005990E+01      0.3110845421E+01      0.7056089610E+00
    0.7585246286E+01      0.7585246286E+01      0.3206864885E+01      0.6373677735E+00
    0.7528704821E+01      0.7528704821E+01      0.3293528497E+01      0.5537886523E+00
    0.9110307660E+01      0.9110307660E+01      0.9071014338E+00      0.1233416724E-01
    0.8903609221E+01      0.8903609221E+01      0.1124932373E+01      0.1564523831E-01
    0.8688224339E+01      0.8688224339E+01      0.1354469019E+01      0.1937884127E-01
    0.8483841223E+01      0.8483841223E+01      0.1576061741E+01      0.2757282842E-01
    0.8298880857E+01      0.8298880857E+01      0.1787405902E+01      0.4052674051E-01
    0.8127084650E+01      0.8127084650E+01      0.1968027562E+01      0.6526218337E-01
    0.8010855940E+01      0.8010855940E+01      0.2147446737E+01      0.1035521306E+00
    0.7901862465E+01      0.7901862465E+01      0.2254270356E+01      0.1547528790E+00
    0.7855598396E+01      0.7855598396E+01      0.2345929320E+01      0.2285383347E+00
    0.7844234002E+01      0.7844234002E+01      0.2403688429E+01      0.3078907017E+00
    0.7854180029E+01      0.7854180029E+01      0.2432017091E+01      0.3964949597E+00
    0.7878807147E+01      0.7878807147E+01      0.2427821799E+01      0.4823182676E+00
    0.7914329024E+01      0.7914329024E+01      0.2419650929E+01      0.5646700507E+00
    0.7946876404E+01      0.7946876404E+01      0.2428264408E+01      0.6325728793E+00
    0.7959999848E+01      0.7959999848E+01      0.2449965006E+01      0.6872925293E+00
    0.7955610810E+01      0.7955610810E+01      0.2482631751E+01      0.7284606861E+00
    0.7928024704E+01      0.7928024704E+01      0.2541470951E+01      0.7504042793E+00
    0.7882345079E+01      0.7882345079E+01      0.2624577648E+01      0.7545913147E+00
    0.7837093404E+01      0.7837093404E+01      0.2710384190E+01      0.7506585763E+00
    0.7796807844E+01      0.7796807844E+01      0.2794011712E+01      0.7378812889E+00
    0.7754293694E+01      0.7754293694E+01      0.2877487358E+01      0.7153780651E+00
    0.7707130588E+01      0.7707130588E+01      0.2963844906E+01      0.6786554915E+00
    0.7658378443E+01      0.7658378443E+01      0.3049329182E+01      0.6272904046E+00
    0.7609428195E+01      0.7609428195E+01      0.3131358104E+01      0.5635787225E+00
    0.7560291145E+01      0.7560291145E+01      0.3206700135E+01      0.4876029336E+00
    0.9106123545E+01      0.9106123545E+01      0.9099779496E+00      0.8558424797E-02
    0.8899606161E+01      0.8899606161E+01      0.1127154040E+01      0.1111307669E-01
    0.8682617167E+01      0.8682617167E+01      0.1357880351E+01      0.1361125167E-01
    0.8473484394E+01      0.8473484394E+01      0.1582350155E+01      0.1799118797E-01
    0.8281282022E+01      0.8281282022E+01      0.1800172827E+01      0.2524327082E-01
    0.8097411481E+01      0.8097411481E+01      0.1991345667E+01      0.3907877057E-01
    0.7961265232E+01      0.7961265232E+01      0.2183568239E+01      0.6428181167E-01
    0.7833802223E+01      0.7833802223E+01      0.2312707921E+01      0.9874102500E-01
    0.7765555695E+01      0.7765555695E+01      0.2417860515E+01      0.1587982779E+00
    0.7746370300E+01      0.7746370300E+01      0.2487858088E+01      0.2259011911E+00
    0.7751265151E+01      0.7751265151E+01      0.2518851136E+01      0.3154179975E+00
    0.7777527972E+01      0.7777527972E+01      0.2514734716E+01      0.4011765417E+00
    0.7826418925E+01      0.7826418925E+01      0.2498297602E+01      0.4869114660E+00
    0.7873641442E+01      0.7873641442E+01      0.2489893557E+01      0.5640420371E+00
    0.7904335926E+01      0.7904335926E+01      0.2497341059E+01      0.6215206811E+00
    0.7911237122E+01      0.7911237122E+01      0.2518501278E+01      0.6639257119E+00
    0.7901900798E+01      0.7901900798E+01      0.2557672425E+01      0.6896289001E+00
    0.7869559734E+01      0.7869559734E+01      0.2622945121E+01      0.6945586377E+00
    0.7832489397E+01      0.7832489397E+01      0.2700565829E+01      0.6839097458E+00
    0.7797692866E+01      0.7797692866E+01      0.2773631964E+01      0.6666520808E+00
    0.7762224342E+01      0.7762224342E+01      0.2846222125E+01      0.6388529733E+00
    0.7724700526E+01      0.7724700526E+01      0.2919200881E+01      0.5988834924E+00
    0.7686115462E+01      0.7686115462E+01      0.2992316913E+01      0.5475254530E+00
    0.7646331325E+01      0.7646331325E+01      0.3063074320E+01      0.4857073593E+00
    0.7605503342E+01      0.7605503342E+01      0.3128299689E+01      0.4148927124E+00
    0.9102989638E+01      0.9102989638E+01      0.9120862278E+00      0.5711686265E-02
    0.8896352286E+01      0.8896352286E+01      0.1129024052E+01      0.7614949753E-02
    0.8678828923E+01      0.8678828923E+01      0.1359943839E+01      0.9472003430E-02
    0.8467658339E+01      0.8467658339E+01      0.1585653272E+01      0.1192928479E-01
    0.8271370839E+01      0.8271370839E+01      0.1806368597E+01      0.1583893572E-01
    0.8080770420E+01      0.8080770420E+01      0.2004184184E+01      0.2272961525E-01
    0.7929150718E+01      0.7929150718E+01      0.2203904838E+01      0.3728086458E-01
    0.7786507449E+01      0.7786507449E+01      0.2352931206E+01      0.5748501101E-01
    0.7691297889E+01      0.7691297889E+01      0.2471930608E+01      0.9929761322E-01
    0.7656583964E+01      0.7656583964E+01      0.2565215033E+01      0.1488057641E+00
    0.7643261564E+01      0.7643261564E+01      0.2598101633E+01      0.2248541689E+00
    0.7669206136E+01      0.7669206136E+01      0.2604230543E+01      0.3056401610E+00
    0.7722294689E+01      0.7722294689E+01      0.2586939409E+01      0.3944641334E+00
    0.7789757240E+01      0.7789757240E+01      0.2559735893E+01      0.4814731079E+00
    0.7837393045E+01      0.7837393045E+01      0.2546419882E+01      0.5439035762E+00
    0.7864749132E+01      0.7864749132E+01      0.2553819184E+01      0.5906410280E+00
    0.7871029485E+01      0.7871029485E+01      0.2579059291E+01      0.6174864635E+00
    0.7861027568E+01      0.7861027568E+01      0.2622818024E+01      0.6265034202E+00
    0.7836721244E+01      0.7836721244E+01      0.2685002358E+01      0.6118099218E+00
    0.7812436901E+01      0.7812436901E+01      0.2748897136E+01      0.5864876745E+00
    0.7788235792E+01      0.7788235792E+01      0.2809393336E+01      0.5503135442E+00
    0.7763470954E+01      0.7763470954E+01      0.2871098635E+01      0.5043892170E+00
    0.7736610879E+01      0.7736610879E+01      0.2933376485E+01      0.4499445181E+00
    0.7708345065E+01      0.7708345065E+01      0.2995627113E+01      0.3876886613E+00
    0.7674508787E+01      0.7674508787E+01      0.3054171766E+01      0.3208498797E+00
    0.9100739982E+01      0.9100739982E+01      0.9135652284E+00      0.3588165769E-02
    0.8893814101E+01      0.8893814101E+01      0.1130529976E+01      0.4903466741E-02
    0.8676040828E+01      0.8676040828E+01      0.1361426938E+01      0.6250800615E-02
    0.8464131301E+01      0.8464131301E+01      0.1587539202E+01      0.7740380165E-02
    0.8265897598E+01      0.8265897598E+01      0.1809198348E+01      0.9858477826E-02
    0.8072118765E+01      0.8072118765E+01      0.2010500142E+01      0.1307949202E-01
    0.7911014476E+01      0.7911014476E+01      0.2213859438E+01      0.2053953077E-01
    0.7758273039E+01      0.7758273039E+01      0.2376466253E+01      0.3103667817E-01
    0.7640089133E+01      0.7640089133E+01      0.2506706261E+01      0.5576946840E-01
    0.7588302016E+01      0.7588302016E+01      0.2623313601E+01      0.8846513733E-01
    0.7547580481E+01      0.7547580481E+01      0.2661253681E+01      0.1404368392E+00
    0.7561910150E+01      0.7561910150E+01      0.2687963751E+01      0.2036966260E+00
    0.7608281558E+01      0.7608281558E+01      0.2677382613E+01      0.2801871824E+00
    0.7686762707E+01      0.7686762707E+01      0.2640529262E+01      0.3746791270E+00
    0.7760780727E+01      0.7760780727E+01      0.2605699802E+01      0.4457133872E+00
    0.7808358080E+01      0.7808358080E+01      0.2587272393E+01      0.5011207266E+00
    0.7841603582E+01      0.7841603582E+01      0.2597474459E+01      0.5291611162E+00
    0.7858686204E+01      0.7858686204E+01      0.2626213814E+01      0.5332387864E+00
    0.7859873002E+01      0.7859873002E+01      0.2664687087E+01      0.5150922711E+00
    0.7852110468E+01      0.7852110468E+01      0.2713836229E+01      0.4798196670E+00
    0.7842910145E+01      0.7842910145E+01      0.2764361410E+01      0.4338449129E+00
    0.7831082365E+01      0.7831082365E+01      0.2817050153E+01      0.3805089786E+00
    0.7813379456E+01      0.7813379456E+01      0.2874948580E+01      0.3262245725E+00
    0.7785721861E+01      0.7785721861E+01      0.2933788446E+01      0.2738431628E+00
    0.7750844665E+01      0.7750844665E+01      0.2992435751E+01      0.2224352239E+00
    0.9099309304E+01      0.9099309304E+01      0.9144915916E+00      0.2065811705E-02
    0.8892092714E+01      0.8892092714E+01      0.1131567449E+01      0.2879795131E-02
    0.8674156226E+01      0.8674156226E+01      0.1362438677E+01      0.3761742313E-02
    0.8461994114E+01      0.8461994114E+01      0.1588649407E+01      0.4673648075E-02
    0.8262939029E+01      0.8262939029E+01      0.1810505472E+01      0.5829296096E-02
    0.8067913074E+01      0.8067913074E+01      0.2013330016E+01      0.7308259008E-02
    0.7902120654E+01      0.7902120654E+01      0.2218128072E+01      0.1076160373E-01
    0.7743634723E+01      0.7743634723E+01      0.2388097586E+01      0.1566281847E-01
    0.7611175088E+01      0.7611175088E+01      0.2525878936E+01      0.2808560542E-01
    0.7543819898E+01      0.7543819898E+01      0.2658021071E+01      0.4685754290E-01
    0.7483904882E+01      0.7483904882E+01      0.2706986228E+01      0.7718684978E-01
    0.7480331646E+01      0.7480331646E+01      0.2744413454E+01      0.1191702155E+00
    0.7510618141E+01      0.7510618141E+01      0.2749752424E+01      0.1689153732E+00
    0.7577150588E+01      0.7577150588E+01      0.2727086414E+01      0.2392151528E+00
    0.7668264022E+01      0.7668264022E+01      0.2672953140E+01      0.3169917995E+00
    0.7748494016E+01      0.7748494016E+01      0.2629479540E+01      0.3777651166E+00
    0.7815174038E+01      0.7815174038E+01      0.2609191019E+01      0.4049922479E+00
    0.7872989749E+01      0.7872989749E+01      0.2615976889E+01      0.4021925181E+00
    0.7905215018E+01      0.7905215018E+01      0.2637678318E+01      0.3768395418E+00
    0.7919231820E+01      0.7919231820E+01      0.2673242167E+01      0.3348393572E+00
    0.7919212718E+01      0.7919212718E+01      0.2716197360E+01      0.2890909440E+00
    0.7907965143E+01      0.7907965143E+01      0.2767313335E+01      0.2467750325E+00
    0.7883249557E+01      0.7883249557E+01      0.2827037469E+01      0.2074095404E+00
    0.7849864025E+01      0.7849864025E+01      0.2889945638E+01      0.1715898251E+00
    0.7807940352E+01      0.7807940352E+01      0.2949661254E+01      0.1384327710E+00
    0.9098471712E+01      0.9098471712E+01      0.9150226093E+00      0.8671814359E-03
    0.8891033124E+01      0.8891033124E+01      0.1132202095E+01      0.1227214647E-02
    0.8672947432E+01      0.8672947432E+01      0.1363091208E+01      0.1634404434E-02
    0.8460657867E+01      0.8460657867E+01      0.1589335008E+01      0.2056461696E-02
    0.8261260505E+01      0.8261260505E+01      0.1811193125E+01      0.2556101153E-02
    0.8065803446E+01      0.8065803446E+01      0.2014578357E+01      0.3129098827E-02
    0.7898058247E+01      0.7898058247E+01      0.2219852073E+01      0.4371876202E-02
    0.7736891636E+01      0.7736891636E+01      0.2392968511E+01      0.6128826964E-02
    0.7597370999E+01      0.7597370999E+01      0.2534925792E+01      0.1064665258E-01
    0.7519720296E+01      0.7519720296E+01      0.2675141812E+01      0.1817047681E-01
    0.7447530499E+01      0.7447530499E+01      0.2735230387E+01      0.3044108005E-01
    0.7428419286E+01      0.7428419286E+01      0.2776589099E+01      0.4925934252E-01
    0.7448467300E+01      0.7448467300E+01      0.2795441214E+01      0.7183426485E-01
    0.7491518623E+01      0.7491518623E+01      0.2785614503E+01      0.1022319134E+00
    0.7575557176E+01      0.7575557176E+01      0.2740782748E+01      0.1466571339E+00
    0.7693584581E+01      0.7693584581E+01      0.2672165423E+01      0.1945208488E+00
    0.7803680575E+01      0.7803680575E+01      0.2615193151E+01      0.2221680458E+00
    0.7895901555E+01      0.7895901555E+01      0.2597432438E+01      0.2194768457E+00
    0.7959025095E+01      0.7959025095E+01      0.2605484679E+01      0.2021383849E+00
    0.7982439126E+01      0.7982439126E+01      0.2635959034E+01      0.1749407850E+00
    0.7979208170E+01      0.7979208170E+01      0.2680136280E+01      0.1474085002E+00
    0.7962997897E+01      0.7962997897E+01      0.2735656774E+01      0.1235015095E+00
    0.7932928265E+01      0.7932928265E+01      0.2797665453E+01      0.1030299072E+00
    0.7893337511E+01      0.7893337511E+01      0.2863039142E+01      0.8503182600E-01
    0.7846673630E+01      0.7846673630E+01      0.2925411054E+01      0.6874194224E-01
    0.9098257207E+01      0.9098257207E+01      0.9151556689E+00      0.0000000000E+00
    0.8890756822E+01      0.8890756822E+01      0.1132364924E+01      0.0000000000E+00
    0.8672624279E+01      0.8672624279E+01      0.1363263651E+01      0.0000000000E+00
    0.8460300456E+01      0.8460300456E+01      0.1589516437E+01      0.0000000000E+00
    0.8260825955E+01      0.8260825955E+01      0.1811364542E+01      0.0000000000E+00
    0.8065290758E+01      0.8065290758E+01      0.2014856629E+01      0.0000000000E+00
    0.7897146740E+01      0.7897146740E+01      0.2220209603E+01      0.0000000000E+00
    0.7735401783E+01      0.7735401783E+01      0.2393954197E+01      0.0000000000E+00
    0.7594291528E+01      0.7594291528E+01      0.2536954717E+01      0.0000000000E+00
    0.7513952246E+01      0.7513952246E+01      0.2678977522E+01      0.0000000000E+00
    0.7438573421E+01      0.7438573421E+01      0.2742335877E+01     -0.2025699301E-04
    0.7415017354E+01      0.7415017354E+01      0.2784729594E+01     -0.3699530977E-04
    0.7432065528E+01      0.7432065528E+01      0.2807245552E+01     -0.5498597298E-04
    0.7468904409E+01      0.7468904409E+01      0.2800669061E+01     -0.7689830988E-04
    0.7543757139E+01      0.7543757139E+01      0.2763057979E+01     -0.1012636205E-03
    0.7660812584E+01      0.7660812584E+01      0.2696629263E+01     -0.1256107275E-03
    0.7796473359E+01      0.7796473359E+01      0.2619678229E+01     -0.1356568594E-03
    0.7912137926E+01      0.7912137926E+01      0.2586922818E+01     -0.1069176741E-03
    0.7987016313E+01      0.7987016313E+01      0.2587125862E+01     -0.6661986131E-04
    0.8012695184E+01      0.8012695184E+01      0.2618312703E+01     -0.3428967833E-04
    0.8006921528E+01      0.8006921528E+01      0.2664077026E+01     -0.1034607995E-04
    0.7985279914E+01      0.7985279914E+01      0.2722394555E+01      0.0000000000E+00
    0.7951455541E+01      0.7951455541E+01      0.2787606002E+01      0.0000000000E+00
    0.7908792179E+01      0.7908792179E+01      0.2854995598E+01     -0.1410159402E-04
    0.7859647808E+01      0.7859647808E+01      0.2918613461E+01     -0.2274827177E-04
    0.9098468771E+01      0.9098468771E+01      0.9150243415E+00     -0.8643789329E-03
    0.8891028973E+01      0.8891028973E+01      0.1132204519E+01     -0.1223233942E-02
    0.8672941872E+01      0.8672941872E+01      0.1363094390E+01     -0.1628867140E-02
    0.8460651274E+01      0.8460651274E+01      0.1589338415E+01     -0.2049555106E-02
    0.8261253955E+01      0.8261253955E+01      0.1811196270E+01     -0.2548753391E-02
    0.8065797818E+01      0.8065797818E+01      0.2014579563E+01     -0.3122566109E-02
    0.7898057751E+01      0.7898057751E+01      0.2219851007E+01     -0.4369793669E-02
    0.7736899046E+01      0.7736899046E+01      0.2392959906E+01     -0.6134095709E-02
    0.7597394288E+01      0.7597394288E+01      0.2534906073E+01     -0.1066724380E-01
    0.7519763969E+01      0.7519763969E+01      0.2675110165E+01     -0.1821486539E-01
    0.7447589452E+01      0.7447589452E+01      0.2735185014E+01     -0.3051889010E-01
    0.7428494708E+01      0.7428494708E+01      0.2776541126E+01     -0.4937878567E-01
    0.7448552534E+01      0.7448552534E+01      0.2795382552E+01     -0.7199753193E-01
    0.7491613370E+01      0.7491613370E+01      0.2785550569E+01     -0.1024413831E+00
    0.7575683169E+01      0.7575683169E+01      0.2740714651E+01     -0.1469394103E+00
    0.7693594377E+01      0.7693594377E+01      0.2672154405E+01     -0.1947702446E+00
    0.7803595814E+01      0.7803595814E+01      0.2615258713E+01     -0.2223672589E+00
    0.7895760254E+01      0.7895760254E+01      0.2597512388E+01     -0.2195969404E+00
    0.7958890109E+01      0.7958890109E+01      0.2605555309E+01     -0.2021929586E+00
    0.7982334037E+01      0.7982334037E+01      0.2636009339E+01     -0.1749421703E+00
    0.7979135661E+01      0.7979135661E+01      0.2680167567E+01     -0.1473897139E+00
    0.7962944681E+01      0.7962944681E+01      0.2735665262E+01     -0.1234812749E+00
    0.7932890993E+01      0.7932890993E+01      0.2797658466E+01     -0.1030180309E+00
    0.7893294421E+01      0.7893294421E+01      0.2863030490E+01     -0.8503554125E-01
    0.7846619269E+01      0.7846619269E+01      0.2925423002E+01     -0.6875446416E-01
    0.9099306188E+01      0.9099306188E+01      0.9144935941E+00     -0.2063107930E-02
    0.8892088375E+01      0.8892088375E+01      0.1131570347E+01     -0.2876135570E-02
    0.8674151114E+01      0.8674151114E+01      0.1362441926E+01     -0.3757018715E-02
    0.8461989670E+01      0.8461989670E+01      0.1588651684E+01     -0.4668901586E-02
    0.8262937643E+01      0.8262937643E+01      0.1810505853E+01     -0.5826677504E-02
    0.8067916425E+01      0.8067916425E+01      0.2013325495E+01     -0.7310289155E-02
    0.7902135422E+01      0.7902135422E+01      0.2218118378E+01     -0.1077353830E-01
    0.7743663568E+01      0.7743663568E+01      0.2388075887E+01     -0.1568816488E-01
    0.7611226920E+01      0.7611226920E+01      0.2525843241E+01     -0.2813176428E-01
    0.7543898897E+01      0.7543898897E+01      0.2657967211E+01     -0.4692782542E-01
    0.7484006523E+01      0.7484006523E+01      0.2706916791E+01     -0.7728803133E-01
    0.7480453265E+01      0.7480453265E+01      0.2744342070E+01     -0.1193014868E+00
    0.7510740432E+01      0.7510740432E+01      0.2749666781E+01     -0.1690761115E+00
    0.7577323396E+01      0.7577323396E+01      0.2727003239E+01     -0.2394452647E+00
    0.7668254380E+01      0.7668254380E+01      0.2672933930E+01     -0.3171005802E+00
    0.7748460003E+01      0.7748460003E+01      0.2629515334E+01     -0.3778553721E+00
    0.7815031672E+01      0.7815031672E+01      0.2609281612E+01     -0.4050346918E+00
    0.7872808096E+01      0.7872808096E+01      0.2616085744E+01     -0.4022432685E+00
    0.7905004450E+01      0.7905004450E+01      0.2637782778E+01     -0.3768846506E+00
    0.7919061009E+01      0.7919061009E+01      0.2673308498E+01     -0.3348763960E+00
    0.7919078635E+01      0.7919078635E+01      0.2716243877E+01     -0.2890981787E+00
    0.7907869005E+01      0.7907869005E+01      0.2767333151E+01     -0.2467889099E+00
    0.7883158615E+01      0.7883158615E+01      0.2827035922E+01     -0.2074067607E+00
    0.7849793848E+01      0.7849793848E+01      0.2889955066E+01     -0.1715826427E+00
    0.7807835100E+01      0.7807835100E+01      0.2949664100E+01     -0.1384123160E+00
    0.9100734767E+01      0.9100734767E+01      0.9135686770E+00     -0.3583718393E-02
    0.8893806804E+01      0.8893806804E+01      0.1130535072E+01     -0.4897553923E-02
    0.8676033323E+01      0.8676033323E+01      0.1361431875E+01     -0.6243673402E-02
    0.8464126397E+01      0.8464126397E+01      0.1587540970E+01     -0.7734457487E-02
    0.8265900260E+01      0.8265900260E+01      0.1809195568E+01     -0.9858086140E-02
    0.8072131821E+01      0.8072131821E+01      0.2010486833E+01     -0.1308891595E-01
    0.7911048884E+01      0.7911048884E+01      0.2213835858E+01     -0.2056758973E-01
    0.7758331844E+01      0.7758331844E+01      0.2376421549E+01     -0.3108812728E-01
    0.7640182933E+01      0.7640182933E+01      0.2506640318E+01     -0.5585204517E-01
    0.7588428307E+01      0.7588428307E+01      0.2623221408E+01     -0.8857956718E-01
    0.7547736205E+01      0.7547736205E+01      0.2661153928E+01     -0.1405813700E+00
    0.7562064674E+01      0.7562064674E+01      0.2687850596E+01     -0.2038486530E+00
    0.7608484450E+01      0.7608484450E+01      0.2677271988E+01     -0.2803824386E+00
    0.7686721662E+01      0.7686721662E+01      0.2640527855E+01     -0.3746881325E+00
    0.7760767210E+01      0.7760767210E+01      0.2605724490E+01     -0.4457482005E+00
    0.7808217542E+01      0.7808217542E+01      0.2587354880E+01     -0.5010966158E+00
    0.7841471304E+01      0.7841471304E+01      0.2597560859E+01     -0.5291235161E+00
    0.7858510718E+01      0.7858510718E+01      0.2626313276E+01     -0.5331996430E+00
    0.7859702697E+01      0.7859702697E+01      0.2664780913E+01     -0.5150783560E+00
    0.7851935616E+01      0.7851935616E+01      0.2713912873E+01     -0.4798186033E+00
    0.7842778734E+01      0.7842778734E+01      0.2764421488E+01     -0.4338815712E+00
    0.7830933733E+01      0.7830933733E+01      0.2817073411E+01     -0.3805300761E+00
    0.7813282230E+01      0.7813282230E+01      0.2874984007E+01     -0.3262378774E+00
    0.7785590022E+01      0.7785590022E+01      0.2933773845E+01     -0.2738317429E+00
    0.7750737826E+01      0.7750737826E+01      0.2992446829E+01     -0.2224051562E+00
    0.9102983085E+01      0.9102983085E+01      0.9120908445E+00     -0.5706345884E-02
    0.8896343458E+01      0.8896343458E+01      0.1129030909E+01     -0.7608514522E-02
    0.8678822785E+01      0.8678822785E+01      0.1359948250E+01     -0.9465827760E-02
    0.8467660945E+01      0.8467660945E+01      0.1585649308E+01     -0.1192893708E-01
    0.8271390184E+01      0.8271390184E+01      0.1806354722E+01     -0.1585188385E-01
    0.8080810208E+01      0.8080810208E+01      0.2004150513E+01     -0.2276140810E-01
    0.7929224233E+01      0.7929224233E+01      0.2203852977E+01     -0.3734242339E-01
    0.7786616120E+01      0.7786616120E+01      0.2352851551E+01     -0.5758064725E-01
    0.7691438367E+01      0.7691438367E+01      0.2471828665E+01     -0.9942175166E-01
    0.7656747475E+01      0.7656747475E+01      0.2565098696E+01     -0.1489575282E+00
    0.7643413018E+01      0.7643413018E+01      0.2597992069E+01     -0.2249975200E+00
    0.7669355163E+01      0.7669355163E+01      0.2604149580E+01     -0.3057689236E+00
    0.7722229324E+01      0.7722229324E+01      0.2586901747E+01     -0.3944357349E+00
    0.7789772546E+01      0.7789772546E+01      0.2559792716E+01     -0.4814713310E+00
    0.7837253517E+01      0.7837253517E+01      0.2546498874E+01     -0.5438075697E+00
    0.7864632673E+01      0.7864632673E+01      0.2553902395E+01     -0.5905740589E+00
    0.7870869834E+01      0.7870869834E+01      0.2579149183E+01     -0.6173967218E+00
    0.7860900000E+01      0.7860900000E+01      0.2622926445E+01     -0.6264460934E+00
    0.7836564431E+01      0.7836564431E+01      0.2685069875E+01     -0.6117415204E+00
    0.7812330899E+01      0.7812330899E+01      0.2748947353E+01     -0.5864638087E+00
    0.7788122954E+01      0.7788122954E+01      0.2809413123E+01     -0.5503021018E+00
    0.7763379232E+01      0.7763379232E+01      0.2871131255E+01     -0.5043796454E+00
    0.7736493288E+01      0.7736493288E+01      0.2933391371E+01     -0.4499244076E+00
    0.7708244965E+01      0.7708244965E+01      0.2995653932E+01     -0.3876793006E+00
    0.7674391593E+01      0.7674391593E+01      0.3054173336E+01     -0.3208384851E+00
    0.9106115915E+01      0.9106115915E+01      0.9099835609E+00     -0.8552305011E-02
    0.8899596416E+01      0.8899596416E+01      0.1127162122E+01     -0.1110688714E-01
    0.8682617370E+01      0.8682617370E+01      0.1357880374E+01     -0.1360888603E-01
    0.8473501729E+01      0.8473501729E+01      0.1582333314E+01     -0.1800192101E-01
    0.8281330892E+01      0.8281330892E+01      0.1800138260E+01     -0.2527836766E-01
    0.8097488566E+01      0.8097488566E+01      0.1991281721E+01     -0.3914051000E-01
    0.7961385583E+01      0.7961385583E+01      0.2183475633E+01     -0.6438026875E-01
    0.7833954252E+01      0.7833954252E+01      0.2312598678E+01     -0.9887365910E-01
    0.7765715681E+01      0.7765715681E+01      0.2417727462E+01     -0.1589394036E+00
    0.7746508549E+01      0.7746508549E+01      0.2487761631E+01     -0.2260323378E+00
    0.7751343979E+01      0.7751343979E+01      0.2518783184E+01     -0.3155025468E+00
    0.7777495738E+01      0.7777495738E+01      0.2514710803E+01     -0.4011657616E+00
    0.7826410693E+01      0.7826410693E+01      0.2498387432E+01     -0.4868997281E+00
    0.7873454258E+01      0.7873454258E+01      0.2489957339E+01     -0.5639184301E+00
    0.7904222377E+01      0.7904222377E+01      0.2497429665E+01     -0.6214233676E+00
    0.7911083760E+01      0.7911083760E+01      0.2518588173E+01     -0.6637977077E+00
    0.7901807598E+01      0.7901807598E+01      0.2557772250E+01     -0.6895357997E+00
    0.7869404391E+01      0.7869404391E+01      0.2623004035E+01     -0.6944655401E+00
    0.7832401846E+01      0.7832401846E+01      0.2700645299E+01     -0.6838507255E+00
    0.7797592185E+01      0.7797592185E+01      0.2773645684E+01     -0.6666063908E+00
    0.7762159103E+01      0.7762159103E+01      0.2846244346E+01     -0.6388175077E+00
    0.7724630607E+01      0.7724630607E+01      0.2919218803E+01     -0.5988411248E+00
    0.7686053365E+01      0.7686053365E+01      0.2992339754E+01     -0.5474910222E+00
    0.7646264466E+01      0.7646264466E+01      0.3063093732E+01     -0.4856739542E+00
    0.7605441319E+01      0.7605441319E+01      0.3128309051E+01     -0.4148746645E+00
    0.9110300425E+01      0.9110300425E+01      0.9071068814E+00     -0.1232844296E-01
    0.8903603858E+01      0.8903603858E+01      0.1124937903E+01     -0.1564185550E-01
    0.8688237889E+01      0.8688237889E+01      0.1354456930E+01     -0.1938743392E-01
    0.8483888745E+01      0.8483888745E+01      0.1576018461E+01     -0.2760293733E-01
    0.8298969845E+01      0.8298969845E+01      0.1787343360E+01     -0.4059457094E-01
    0.8127210160E+01      0.8127210160E+01      0.1967918966E+01     -0.6535469850E-01
    0.8011001643E+01      0.8011001643E+01      0.2147322355E+01     -0.1036776606E+00
    0.7902032573E+01      0.7902032573E+01      0.2254149419E+01     -0.1548870960E+00
    0.7855680665E+01      0.7855680665E+01      0.2345834193E+01     -0.2286265831E+00
    0.7844300039E+01      0.7844300039E+01      0.2403628294E+01     -0.3079584523E+00
    0.7854152121E+01      0.7854152121E+01      0.2432005398E+01     -0.3964755729E+00
    0.7878761960E+01      0.7878761960E+01      0.2427868156E+01     -0.4822704658E+00
    0.7914157767E+01      0.7914157767E+01      0.2419790633E+01     -0.5645484829E+00
    0.7946760071E+01      0.7946760071E+01      0.2428347606E+01     -0.6324906401E+00
    0.7959833617E+01      0.7959833617E+01      0.2450036888E+01     -0.6871705087E+00
    0.7955503895E+01      0.7955503895E+01      0.2482726090E+01     -0.7283740341E+00
    0.7927881068E+01      0.7927881068E+01      0.2541525431E+01     -0.7503300211E+00
    0.7882268615E+01      0.7882268615E+01      0.2624653211E+01     -0.7545189720E+00
    0.7836994634E+01      0.7836994634E+01      0.2710423674E+01     -0.7506194907E+00
    0.7796747688E+01      0.7796747688E+01      0.2794048990E+01     -0.7378369690E+00
    0.7754228237E+01      0.7754228237E+01      0.2877494090E+01     -0.7153360201E+00
    0.7707091098E+01      0.7707091098E+01      0.2963870033E+01     -0.6786333157E+00
    0.7658329809E+01      0.7658329809E+01      0.3049351874E+01     -0.6272652330E+00
    0.7609389853E+01      0.7609389853E+01      0.3131373529E+01     -0.5635599316E+00
    0.7560249843E+01      0.7560249843E+01      0.3206700036E+01     -0.4875852199E+00
    0.9115672881E+01      0.9115672881E+01      0.9033042803E+00     -0.1719511548E-01
    0.8908748214E+01      0.8908748214E+01      0.1122054120E+01     -0.2150780059E-01
    0.8697279174E+01      0.8697279174E+01      0.1347973272E+01     -0.2803888718E-01
    0.8501973066E+01      0.8501973066E+01      0.1563947190E+01     -0.4257027722E-01
    0.8327653576E+01      0.8327653576E+01      0.1764218162E+01     -0.6384976753E-01
    0.8172293519E+01      0.8172293519E+01      0.1931082622E+01     -0.1016745305E+00
    0.8075819701E+01      0.8075819701E+01      0.2094175443E+01     -0.1524478481E+00
    0.7982701721E+01      0.7982701721E+01      0.2184465026E+01     -0.2179505408E+00
    0.7947041608E+01      0.7947041608E+01      0.2265472019E+01     -0.2963555816E+00
    0.7939413787E+01      0.7939413787E+01      0.2316854609E+01     -0.3816363298E+00
    0.7949024347E+01      0.7949024347E+01      0.2343362962E+01     -0.4692691550E+00
    0.7968116213E+01      0.7968116213E+01      0.2344801041E+01     -0.5530110839E+00
    0.7992487346E+01      0.7992487346E+01      0.2349553832E+01     -0.6301361020E+00
    0.8008511088E+01      0.8008511088E+01      0.2370143433E+01     -0.6941754542E+00
    0.8011258590E+01      0.8011258590E+01      0.2401436833E+01     -0.7481757894E+00
    0.7994041193E+01      0.7994041193E+01      0.2451740530E+01     -0.7867467994E+00
    0.7951557265E+01      0.7951557265E+01      0.2529229703E+01     -0.8079544018E+00
    0.7897435400E+01      0.7897435400E+01      0.2621787449E+01     -0.8167278848E+00
    0.7850503779E+01      0.7850503779E+01      0.2714758080E+01     -0.8191185548E+00
    0.7804794470E+01      0.7804794470E+01      0.2808989748E+01     -0.8135430851E+00
    0.7756048491E+01      0.7756048491E+01      0.2907092590E+01     -0.7936897570E+00
    0.7699560065E+01      0.7699560065E+01      0.3009943555E+01     -0.7581444708E+00
    0.7641984339E+01      0.7641984339E+01      0.3110864637E+01     -0.7056062155E+00
    0.7585218354E+01      0.7585218354E+01      0.3206876361E+01     -0.6373562693E+00
    0.7528681227E+01      0.7528681227E+01      0.3293530075E+01     -0.5537770611E+00
    0.9122501398E+01      0.9122501398E+01      0.8982552376E+00     -0.2335340864E-01
    0.8916174590E+01      0.8916174590E+01      0.1117288319E+01     -0.2952637819E-01
    0.8712397495E+01      0.8712397495E+01      0.1335349698E+01     -0.4083059229E-01
    0.8530151430E+01      0.8530151430E+01      0.1543349808E+01     -0.6412253203E-01
    0.8368344742E+01      0.8368344742E+01      0.1729013461E+01     -0.9462753794E-01
    0.8229350403E+01      0.8229350403E+01      0.1881656520E+01     -0.1441435277E+00
    0.8147851339E+01      0.8147851339E+01      0.2030270478E+01     -0.2042885865E+00
    0.8066563129E+01      0.8066563129E+01      0.2109099014E+01     -0.2783232854E+00
    0.8036314509E+01      0.8036314509E+01      0.2180578347E+01     -0.3586363993E+00
    0.8030847195E+01      0.8030847195E+01      0.2228507770E+01     -0.4480320946E+00
    0.8036377086E+01      0.8036377086E+01      0.2255358024E+01     -0.5332768262E+00
    0.8048149634E+01      0.8048149634E+01      0.2264413488E+01     -0.6154664131E+00
    0.8060533576E+01      0.8060533576E+01      0.2281333155E+01     -0.6884879252E+00
    0.8065869512E+01      0.8065869512E+01      0.2311797895E+01     -0.7527554580E+00
    0.8058687031E+01      0.8058687031E+01      0.2353767715E+01     -0.8054208485E+00
    0.8027215163E+01      0.8027215163E+01      0.2422638441E+01     -0.8443790606E+00
    0.7974700137E+01      0.7974700137E+01      0.2515393173E+01     -0.8677906748E+00
    0.7919759903E+01      0.7919759903E+01      0.2611894062E+01     -0.8841297720E+00
    0.7872545375E+01      0.7872545375E+01      0.2712630385E+01     -0.8981215758E+00
    0.7823756358E+01      0.7823756358E+01      0.2819140756E+01     -0.8982552395E+00
    0.7765551331E+01      0.7765551331E+01      0.2935091750E+01     -0.8822921450E+00
    0.7701298373E+01      0.7701298373E+01      0.3057870242E+01     -0.8452491375E+00
    0.7634339271E+01      0.7634339271E+01      0.3177198133E+01     -0.7894478028E+00
    0.7568615732E+01      0.7568615732E+01      0.3291865603E+01     -0.7139488169E+00
    0.7503048211E+01      0.7503048211E+01      0.3393499510E+01     -0.6191735650E+00
