    0.8667153400E+01      0.8667153400E+01      0.1640973165E-01      0.2549722787E-01
    0.8669444663E+01      0.8669444663E+01      0.4805776568E-01      0.2546385702E-01
    0.8673826726E+01      0.8673826726E+01      0.7999057932E-01      0.2545359806E-01
    0.8680548107E+01      0.8680548107E+01      0.1119504268E+00      0.2551988235E-01
    0.8689319008E+01      0.8689319008E+01      0.1442944480E+00      0.2562556181E-01
    0.8700455470E+01      0.8700455470E+01      0.1767347059E+00      0.2579611147E-01
    0.8713605174E+01      0.8713605174E+01      0.2097236886E+00      0.2601869699E-01
    0.8729025230E+01      0.8729025230E+01      0.2430848031E+00      0.2627095375E-01
    0.8746566667E+01      0.8746566667E+01      0.2771371475E+00      0.2649455761E-01
    0.8766388728E+01      0.8766388728E+01      0.3119304034E+00      0.2660924195E-01
    0.8788495624E+01      0.8788495624E+01      0.3474962648E+00      0.2650796542E-01
    0.8812395690E+01      0.8812395690E+01      0.3833820762E+00      0.2613677942E-01
    0.8835678057E+01      0.8835678057E+01      0.4174844476E+00      0.2545040322E-01
    0.8856802190E+01      0.8856802190E+01      0.4482761610E+00      0.2454542807E-01
    0.8874902837E+01      0.8874902837E+01      0.4751325274E+00      0.2351066362E-01
    0.8889544426E+01      0.8889544426E+01      0.4976725873E+00      0.2244595595E-01
    0.8900232214E+01      0.8900232214E+01      0.5154902163E+00      0.2144508987E-01
    0.8907415471E+01      0.8907415471E+01      0.5287457770E+00      0.2045369175E-01
    0.8910840741E+01      0.8910840741E+01      0.5375865977E+00      0.1967348238E-01
    0.8911019065E+01      0.8911019065E+01      0.5420394020E+00      0.1914338327E-01
    0.8907472040E+01      0.8907472040E+01      0.5425183314E+00      0.1878099836E-01
    0.8902350247E+01      0.8902350247E+01      0.5390063622E+00      0.1857780218E-01
    0.8895475526E+01      0.8895475526E+01      0.5326243749E+00      0.1849760853E-01
    0.8887577762E+01      0.8887577762E+01      0.5237500122E+00      0.1853343180E-01
    0.8879176479E+01      0.8879176479E+01      0.5129578889E+00      0.1866573958E-01
    0.8667723180E+01      0.8667723180E+01      0.1641596759E-01      0.7621101974E-01
    0.8670005082E+01      0.8670005082E+01      0.4807563870E-01      0.7612174039E-01
    0.8674373054E+01      0.8674373054E+01      0.8002237081E-01      0.7610265253E-01
    0.8681095558E+01      0.8681095558E+01      0.1119965572E+00      0.7629740941E-01
    0.8689871808E+01      0.8689871808E+01      0.1443784167E+00      0.7660186456E-01
    0.8701002714E+01      0.8701002714E+01      0.1769081966E+00      0.7709435260E-01
    0.8714154840E+01      0.8714154840E+01      0.2099998589E+00      0.7773667339E-01
    0.8729557590E+01      0.8729557590E+01      0.2435050228E+00      0.7846143909E-01
    0.8747021629E+01      0.8747021629E+01      0.2776850106E+00      0.7918036721E-01
    0.8766579709E+01      0.8766579709E+01      0.3124408656E+00      0.7971558415E-01
    0.8788190307E+01      0.8788190307E+01      0.3475937927E+00      0.7979870154E-01
    0.8811190423E+01      0.8811190423E+01      0.3827096741E+00      0.7912981401E-01
    0.8833585696E+01      0.8833585696E+01      0.4160324795E+00      0.7745369625E-01
    0.8854044553E+01      0.8854044553E+01      0.4463084181E+00      0.7504981367E-01
    0.8871742071E+01      0.8871742071E+01      0.4728724245E+00      0.7215272603E-01
    0.8886269241E+01      0.8886269241E+01      0.4953539471E+00      0.6901218206E-01
    0.8897168758E+01      0.8897168758E+01      0.5133205397E+00      0.6590314474E-01
    0.8904563348E+01      0.8904563348E+01      0.5268201425E+00      0.6285231362E-01
    0.8908334773E+01      0.8908334773E+01      0.5359125128E+00      0.6031573264E-01
    0.8909090346E+01      0.8909090346E+01      0.5406060583E+00      0.5836171909E-01
    0.8905997345E+01      0.8905997345E+01      0.5416389714E+00      0.5704145908E-01
    0.8901348473E+01      0.8901348473E+01      0.5385833865E+00      0.5618968892E-01
    0.8894895425E+01      0.8894895425E+01      0.5326120041E+00      0.5575110139E-01
    0.8887293091E+01      0.8887293091E+01      0.5240517571E+00      0.5573288739E-01
    0.8879073665E+01      0.8879073665E+01      0.5134893631E+00      0.5606317010E-01
    0.8668691509E+01      0.8668691509E+01      0.1646834695E-01      0.1271502112E+00
    0.8670943910E+01      0.8670943910E+01      0.4823098530E-01      0.1270487066E+00
    0.8675296087E+01      0.8675296087E+01      0.8022376425E-01      0.1270645912E+00
    0.8682017584E+01      0.8682017584E+01      0.1122118288E+00      0.1274014314E+00
    0.8690804837E+01      0.8690804837E+01      0.1446350300E+00      0.1278954912E+00
    0.8701961965E+01      0.8701961965E+01      0.1772680385E+00      0.1286194206E+00
    0.8715163811E+01      0.8715163811E+01      0.2105008967E+00      0.1295519582E+00
    0.8730524300E+01      0.8730524300E+01      0.2441782712E+00      0.1306129299E+00
    0.8747808660E+01      0.8747808660E+01      0.2783874252E+00      0.1316485602E+00
    0.8766941502E+01      0.8766941502E+01      0.3129027130E+00      0.1324178259E+00
    0.8787617036E+01      0.8787617036E+01      0.3473040033E+00      0.1324303006E+00
    0.8809051022E+01      0.8809051022E+01      0.3811479499E+00      0.1311579771E+00
    0.8830014368E+01      0.8830014368E+01      0.4132884581E+00      0.1283217746E+00
    0.8849499144E+01      0.8849499144E+01      0.4427866922E+00      0.1243855139E+00
    0.8866610727E+01      0.8866610727E+01      0.4689102697E+00      0.1197634595E+00
    0.8880911629E+01      0.8880911629E+01      0.4912405070E+00      0.1148263790E+00
    0.8892074997E+01      0.8892074997E+01      0.5093779145E+00      0.1098245841E+00
    0.8899868102E+01      0.8899868102E+01      0.5233393178E+00      0.1049387453E+00
    0.8904307640E+01      0.8904307640E+01      0.5329494627E+00      0.1007326041E+00
    0.8905773061E+01      0.8905773061E+01      0.5381231024E+00      0.9752469236E-01
    0.8903569823E+01      0.8903569823E+01      0.5399959747E+00      0.9534967236E-01
    0.8899518790E+01      0.8899518790E+01      0.5376403986E+00      0.9396623092E-01
    0.8893744669E+01      0.8893744669E+01      0.5323051722E+00      0.9321883630E-01
    0.8886603770E+01      0.8886603770E+01      0.5242542982E+00      0.9317545053E-01
    0.8878722596E+01      0.8878722596E+01      0.5140754339E+00      0.9366925628E-01
    0.8670263617E+01      0.8670263617E+01      0.1657884890E-01      0.1781415954E+00
    0.8672505634E+01      0.8672505634E+01      0.4854813103E-01      0.1780526080E+00
    0.8676854379E+01      0.8676854379E+01      0.8070254324E-01      0.1781516346E+00
    0.8683559662E+01      0.8683559662E+01      0.1128534493E+00      0.1786708708E+00
    0.8692361678E+01      0.8692361678E+01      0.1453770020E+00      0.1793741540E+00
    0.8703470774E+01      0.8703470774E+01      0.1781364276E+00      0.1803506484E+00
    0.8716642624E+01      0.8716642624E+01      0.2114097531E+00      0.1815292844E+00
    0.8731846574E+01      0.8731846574E+01      0.2451356763E+00      0.1827919067E+00
    0.8748871097E+01      0.8748871097E+01      0.2791957941E+00      0.1840032842E+00
    0.8767195518E+01      0.8767195518E+01      0.3131419865E+00      0.1846129912E+00
    0.8786393086E+01      0.8786393086E+01      0.3464782574E+00      0.1842899836E+00
    0.8805720750E+01      0.8805720750E+01      0.3786552073E+00      0.1823220693E+00
    0.8824748249E+01      0.8824748249E+01      0.4092266063E+00      0.1784378928E+00
    0.8842937504E+01      0.8842937504E+01      0.4376933775E+00      0.1730821537E+00
    0.8859384458E+01      0.8859384458E+01      0.4632813864E+00      0.1668606796E+00
    0.8873393916E+01      0.8873393916E+01      0.4854662876E+00      0.1603704888E+00
    0.8884710113E+01      0.8884710113E+01      0.5038469464E+00      0.1538220369E+00
    0.8892830551E+01      0.8892830551E+01      0.5181981077E+00      0.1475418299E+00
    0.8898073486E+01      0.8898073486E+01      0.5283188461E+00      0.1418081599E+00
    0.8900418684E+01      0.8900418684E+01      0.5344939768E+00      0.1373612200E+00
    0.8899583042E+01      0.8899583042E+01      0.5372600117E+00      0.1342406564E+00
    0.8896503793E+01      0.8896503793E+01      0.5360840245E+00      0.1322847627E+00
    0.8891734597E+01      0.8891734597E+01      0.5316818968E+00      0.1311085016E+00
    0.8885445690E+01      0.8885445690E+01      0.5245102462E+00      0.1309445648E+00
    0.8878117026E+01      0.8878117026E+01      0.5148831503E+00      0.1315335273E+00
    0.8672265850E+01      0.8672265850E+01      0.1670378452E-01      0.2294962831E+00
    0.8674491680E+01      0.8674491680E+01      0.4891439710E-01      0.2294737992E+00
    0.8678833147E+01      0.8678833147E+01      0.8128041805E-01      0.2297255912E+00
    0.8685524825E+01      0.8685524825E+01      0.1136728085E+00      0.2304001041E+00
    0.8694333516E+01      0.8694333516E+01      0.1464063419E+00      0.2313076090E+00
    0.8705382483E+01      0.8705382483E+01      0.1793587442E+00      0.2324724871E+00
    0.8718460393E+01      0.8718460393E+01      0.2126766966E+00      0.2337967546E+00
    0.8733414167E+01      0.8733414167E+01      0.2462715706E+00      0.2351294667E+00
    0.8749695171E+01      0.8749695171E+01      0.2798847879E+00      0.2359922336E+00
    0.8766823365E+01      0.8766823365E+01      0.3128931223E+00      0.2360955362E+00
    0.8784162155E+01      0.8784162155E+01      0.3449355685E+00      0.2350154403E+00
    0.8801145019E+01      0.8801145019E+01      0.3753011431E+00      0.2321808112E+00
    0.8817968595E+01      0.8817968595E+01      0.4041160451E+00      0.2274221128E+00
    0.8834499728E+01      0.8834499728E+01      0.4312842146E+00      0.2209161514E+00
    0.8850085543E+01      0.8850085543E+01      0.4562185809E+00      0.2132713599E+00
    0.8863806731E+01      0.8863806731E+01      0.4782106446E+00      0.2053417331E+00
    0.8875263480E+01      0.8875263480E+01      0.4968929312E+00      0.1974241251E+00
    0.8884105260E+01      0.8884105260E+01      0.5117686792E+00      0.1898904298E+00
    0.8890258726E+01      0.8890258726E+01      0.5227886791E+00      0.1828638571E+00
    0.8893535770E+01      0.8893535770E+01      0.5301867561E+00      0.1775093927E+00
    0.8894361140E+01      0.8894361140E+01      0.5337155445E+00      0.1734925817E+00
    0.8892246086E+01      0.8892246086E+01      0.5340302887E+00      0.1710763341E+00
    0.8888840030E+01      0.8888840030E+01      0.5308305994E+00      0.1695604583E+00
    0.8883633200E+01      0.8883633200E+01      0.5247109562E+00      0.1691600698E+00
    0.8877093934E+01      0.8877093934E+01      0.5158972802E+00      0.1697396961E+00
    0.8674955674E+01      0.8674955674E+01      0.1686950127E-01      0.2810992920E+00
    0.8677166991E+01      0.8677166991E+01      0.4940017775E-01      0.2811874937E+00
    0.8681531792E+01      0.8681531792E+01      0.8201100976E-01      0.2816126265E+00
    0.8688154861E+01      0.8688154861E+01      0.1147034374E+00      0.2824444884E+00
    0.8696903758E+01      0.8696903758E+01      0.1476410896E+00      0.2835405683E+00
    0.8707773371E+01      0.8707773371E+01      0.1807827680E+00      0.2848703755E+00
    0.8720626730E+01      0.8720626730E+01      0.2140774600E+00      0.2863395331E+00
    0.8734921139E+01      0.8734921139E+01      0.2473279427E+00      0.2873463489E+00
    0.8749861142E+01      0.8749861142E+01      0.2798824259E+00      0.2873832114E+00
    0.8765366050E+01      0.8765366050E+01      0.3117405252E+00      0.2866525425E+00
    0.8780545829E+01      0.8780545829E+01      0.3421686827E+00      0.2844463115E+00
    0.8795315897E+01      0.8795315897E+01      0.3708784880E+00      0.2805738690E+00
    0.8809901635E+01      0.8809901635E+01      0.3979924093E+00      0.2749952890E+00
    0.8824465991E+01      0.8824465991E+01      0.4236595016E+00      0.2677101884E+00
    0.8838870159E+01      0.8838870159E+01      0.4477822867E+00      0.2589947333E+00
    0.8852336312E+01      0.8852336312E+01      0.4696708662E+00      0.2497708641E+00
    0.8864068380E+01      0.8864068380E+01      0.4887387604E+00      0.2408112400E+00
    0.8873601606E+01      0.8873601606E+01      0.5042816519E+00      0.2323328911E+00
    0.8880624744E+01      0.8880624744E+01      0.5164143062E+00      0.2243318320E+00
    0.8885319522E+01      0.8885319522E+01      0.5248414456E+00      0.2180774169E+00
    0.8887564020E+01      0.8887564020E+01      0.5297090538E+00      0.2133005034E+00
    0.8886924976E+01      0.8886924976E+01      0.5313404585E+00      0.2104326298E+00
    0.8884793346E+01      0.8884793346E+01      0.5294849830E+00      0.2086420731E+00
    0.8880976598E+01      0.8880976598E+01      0.5246558248E+00      0.2079142752E+00
    0.8875539835E+01      0.8875539835E+01      0.5169389889E+00      0.2084198962E+00
    0.8678145828E+01      0.8678145828E+01      0.1704751493E-01      0.3333869539E+00
    0.8680354141E+01      0.8680354141E+01      0.4992577459E-01      0.3335827784E+00
    0.8684740847E+01      0.8684740847E+01      0.8282739362E-01      0.3341698368E+00
    0.8691299709E+01      0.8691299709E+01      0.1158102689E+00      0.3350615501E+00
    0.8699932709E+01      0.8699932709E+01      0.1489322141E+00      0.3362127671E+00
    0.8710573661E+01      0.8710573661E+01      0.1821602616E+00      0.3375710258E+00
    0.8722843236E+01      0.8722843236E+01      0.2152780359E+00      0.3388223145E+00
    0.8735587936E+01      0.8735587936E+01      0.2476513492E+00      0.3389009363E+00
    0.8749040666E+01      0.8749040666E+01      0.2791222853E+00      0.3381667765E+00
    0.8762453286E+01      0.8762453286E+01      0.3094881682E+00      0.3361160681E+00
    0.8775421970E+01      0.8775421970E+01      0.3382569955E+00      0.3325775376E+00
    0.8788102262E+01      0.8788102262E+01      0.3654538840E+00      0.3275884693E+00
    0.8800686193E+01      0.8800686193E+01      0.3911287274E+00      0.3211145802E+00
    0.8813288017E+01      0.8813288017E+01      0.4153636380E+00      0.3132331435E+00
    0.8826142836E+01      0.8826142836E+01      0.4382949577E+00      0.3039694456E+00
    0.8839230262E+01      0.8839230262E+01      0.4600760758E+00      0.2937961586E+00
    0.8851313902E+01      0.8851313902E+01      0.4795791601E+00      0.2838808973E+00
    0.8861613449E+01      0.8861613449E+01      0.4961138158E+00      0.2745818326E+00
    0.8869789413E+01      0.8869789413E+01      0.5092208309E+00      0.2659518625E+00
    0.8875767717E+01      0.8875767717E+01      0.5189194766E+00      0.2588629144E+00
    0.8879507095E+01      0.8879507095E+01      0.5254531941E+00      0.2536750495E+00
    0.8880655026E+01      0.8880655026E+01      0.5280840477E+00      0.2501384142E+00
    0.8879588687E+01      0.8879588687E+01      0.5277633884E+00      0.2482866383E+00
    0.8877361222E+01      0.8877361222E+01      0.5243369589E+00      0.2472906950E+00
    0.8873214996E+01      0.8873214996E+01      0.5178746741E+00      0.2475964078E+00
    0.8682183907E+01      0.8682183907E+01      0.1725238834E-01      0.3862183452E+00
    0.8684359108E+01      0.8684359108E+01      0.5053856711E-01      0.3865478782E+00
    0.8688676245E+01      0.8688676245E+01      0.8377889309E-01      0.3872562100E+00
    0.8695059352E+01      0.8695059352E+01      0.1170303464E+00      0.3881880030E+00
    0.8703412474E+01      0.8703412474E+01      0.1502292761E+00      0.3893243011E+00
    0.8713504457E+01      0.8713504457E+01      0.1832381008E+00      0.3904095060E+00
    0.8724117722E+01      0.8724117722E+01      0.2156077768E+00      0.3905267913E+00
    0.8735268729E+01      0.8735268729E+01      0.2468258338E+00      0.3897049376E+00
    0.8746812024E+01      0.8746812024E+01      0.2772043945E+00      0.3878652715E+00
    0.8757975755E+01      0.8757975755E+01      0.3059690697E+00      0.3844130683E+00
    0.8768815476E+01      0.8768815476E+01      0.3331652703E+00      0.3794952170E+00
    0.8779536482E+01      0.8779536482E+01      0.3589620942E+00      0.3733861780E+00
    0.8790274556E+01      0.8790274556E+01      0.3833685173E+00      0.3660396262E+00
    0.8801203825E+01      0.8801203825E+01      0.4064559666E+00      0.3575091675E+00
    0.8812583270E+01      0.8812583270E+01      0.4284541605E+00      0.3479832293E+00
    0.8824737067E+01      0.8824737067E+01      0.4495433356E+00      0.3374577865E+00
    0.8837165400E+01      0.8837165400E+01      0.4695814188E+00      0.3267593950E+00
    0.8848444971E+01      0.8848444971E+01      0.4871928138E+00      0.3167637323E+00
    0.8857770696E+01      0.8857770696E+01      0.5014678214E+00      0.3076602346E+00
    0.8865059039E+01      0.8865059039E+01      0.5125765547E+00      0.3000203476E+00
    0.8870392524E+01      0.8870392524E+01      0.5204868088E+00      0.2943477977E+00
    0.8873367729E+01      0.8873367729E+01      0.5248668161E+00      0.2902614794E+00
    0.8873425148E+01      0.8873425148E+01      0.5257404641E+00      0.2883844475E+00
    0.8872559890E+01      0.8872559890E+01      0.5236250035E+00      0.2872610376E+00
    0.8870002650E+01      0.8870002650E+01      0.5186586786E+00      0.2873980136E+00
    0.8686983765E+01      0.8686983765E+01      0.1741867060E-01      0.4399214308E+00
    0.8689081616E+01      0.8689081616E+01      0.5110216599E-01      0.4403401700E+00
    0.8693243477E+01      0.8693243477E+01      0.8466360686E-01      0.4410154233E+00
    0.8699339856E+01      0.8699339856E+01      0.1181215449E+00      0.4418894963E+00
    0.8707132981E+01      0.8707132981E+01      0.1512600699E+00      0.4427541131E+00
    0.8715559288E+01      0.8715559288E+01      0.1836062454E+00      0.4425575448E+00
    0.8724260072E+01      0.8724260072E+01      0.2146846637E+00      0.4413450432E+00
    0.8733621720E+01      0.8733621720E+01      0.2448265259E+00      0.4394614435E+00
    0.8743000166E+01      0.8743000166E+01      0.2738726567E+00      0.4362968823E+00
    0.8751978329E+01      0.8751978329E+01      0.3011923023E+00      0.4315258391E+00
    0.8760817094E+01      0.8760817094E+01      0.3270227907E+00      0.4253098702E+00
    0.8769684929E+01      0.8769684929E+01      0.3515547474E+00      0.4181073856E+00
    0.8778767653E+01      0.8778767653E+01      0.3748643201E+00      0.4099218481E+00
    0.8788281885E+01      0.8788281885E+01      0.3970862687E+00      0.4008726049E+00
    0.8798475380E+01      0.8798475380E+01      0.4183521229E+00      0.3910436199E+00
    0.8809571719E+01      0.8809571719E+01      0.4388854492E+00      0.3805917306E+00
    0.8821824975E+01      0.8821824975E+01      0.4588563335E+00      0.3695367269E+00
    0.8834142298E+01      0.8834142298E+01      0.4776250249E+00      0.3590151344E+00
    0.8844697858E+01      0.8844697858E+01      0.4933655242E+00      0.3495052681E+00
    0.8853461841E+01      0.8853461841E+01      0.5058589262E+00      0.3413446588E+00
    0.8860159321E+01      0.8860159321E+01      0.5152411006E+00      0.3353351840E+00
    0.8864910727E+01      0.8864910727E+01      0.5214840988E+00      0.3309693879E+00
    0.8866652315E+01      0.8866652315E+01      0.5236973613E+00      0.3286480721E+00
    0.8866727091E+01      0.8866727091E+01      0.5227209745E+00      0.3278188135E+00
    0.8865665027E+01      0.8865665027E+01      0.5191003600E+00      0.3277653004E+00
    0.8692628928E+01      0.8692628928E+01      0.1751442077E-01      0.4944924890E+00
    0.8694557779E+01      0.8694557779E+01      0.5151957006E-01      0.4948842687E+00
    0.8698429005E+01      0.8698429005E+01      0.8529932130E-01      0.4954064012E+00
    0.8703824593E+01      0.8703824593E+01      0.1187302997E+00      0.4958046963E+00
    0.8709911167E+01      0.8709911167E+01      0.1513213871E+00      0.4953550523E+00
    0.8716198374E+01      0.8716198374E+01      0.1825738830E+00      0.4936277584E+00
    0.8723194165E+01      0.8723194165E+01      0.2125988946E+00      0.4913912365E+00
    0.8730490554E+01      0.8730490554E+01      0.2416073722E+00      0.4880151605E+00
    0.8737648651E+01      0.8737648651E+01      0.2691854618E+00      0.4834542287E+00
    0.8744580230E+01      0.8744580230E+01      0.2952075535E+00      0.4774796345E+00
    0.8751531163E+01      0.8751531163E+01      0.3198307092E+00      0.4701032888E+00
    0.8758710237E+01      0.8758710237E+01      0.3432458270E+00      0.4618864079E+00
    0.8766352546E+01      0.8766352546E+01      0.3656418002E+00      0.4529638892E+00
    0.8774689308E+01      0.8774689308E+01      0.3871690225E+00      0.4434736031E+00
    0.8783891296E+01      0.8783891296E+01      0.4079605684E+00      0.4334742714E+00
    0.8794143941E+01      0.8794143941E+01      0.4281736308E+00      0.4231087193E+00
    0.8805737341E+01      0.8805737341E+01      0.4479489590E+00      0.4122235070E+00
    0.8818677180E+01      0.8818677180E+01      0.4674777002E+00      0.4013939277E+00
    0.8830747743E+01      0.8830747743E+01      0.4848326459E+00      0.3914820340E+00
    0.8840904028E+01      0.8840904028E+01      0.4989732427E+00      0.3829234344E+00
    0.8849076347E+01      0.8849076347E+01      0.5098006149E+00      0.3766786504E+00
    0.8855321905E+01      0.8855321905E+01      0.5175816489E+00      0.3721268350E+00
    0.8859224018E+01      0.8859224018E+01      0.5216013806E+00      0.3692791137E+00
    0.8860026664E+01      0.8860026664E+01      0.5217410128E+00      0.3687235902E+00
    0.8860287263E+01      0.8860287263E+01      0.5192479314E+00      0.3686795221E+00
    0.8698884306E+01      0.8698884306E+01      0.1747939036E-01      0.5497977324E+00
    0.8700501956E+01      0.8700501956E+01      0.5163411687E-01      0.5499599662E+00
    0.8703437900E+01      0.8703437900E+01      0.8530177179E-01      0.5497278366E+00
    0.8707181049E+01      0.8707181049E+01      0.1181466900E+00      0.5487474312E+00
    0.8711133191E+01      0.8711133191E+01      0.1497552317E+00      0.5467598691E+00
    0.8715700536E+01      0.8715700536E+01      0.1800257064E+00      0.5439375364E+00
    0.8720771589E+01      0.8720771589E+01      0.2092640805E+00      0.5403153644E+00
    0.8725858595E+01      0.8725858595E+01      0.2370450143E+00      0.5354573482E+00
    0.8730870237E+01      0.8730870237E+01      0.2632896669E+00      0.5294649185E+00
    0.8735880880E+01      0.8735880880E+01      0.2881581997E+00      0.5223502685E+00
    0.8741105406E+01      0.8741105406E+01      0.3117636688E+00      0.5139734599E+00
    0.8746804619E+01      0.8746804619E+01      0.3343041720E+00      0.5049147718E+00
    0.8753231697E+01      0.8753231697E+01      0.3560161321E+00      0.4953757148E+00
    0.8760564795E+01      0.8760564795E+01      0.3770520076E+00      0.4855174796E+00
    0.8768938663E+01      0.8768938663E+01      0.3975272848E+00      0.4753950180E+00
    0.8778515312E+01      0.8778515312E+01      0.4175518007E+00      0.4650965715E+00
    0.8789505933E+01      0.8789505933E+01      0.4373205994E+00      0.4546387155E+00
    0.8802335450E+01      0.8802335450E+01      0.4568873281E+00      0.4439587895E+00
    0.8815861142E+01      0.8815861142E+01      0.4759556504E+00      0.4336244429E+00
    0.8827591971E+01      0.8827591971E+01      0.4918077686E+00      0.4248588934E+00
    0.8837232662E+01      0.8837232662E+01      0.5042117850E+00      0.4182299723E+00
    0.8844929572E+01      0.8844929572E+01      0.5133118945E+00      0.4136975239E+00
    0.8850677987E+01      0.8850677987E+01      0.5193551784E+00      0.4104298335E+00
    0.8853008184E+01      0.8853008184E+01      0.5209012493E+00      0.4096928806E+00
    0.8854090244E+01      0.8854090244E+01      0.5195419166E+00      0.4099675610E+00
    0.8704491978E+01      0.8704491978E+01      0.1721128624E-01      0.6046269225E+00
    0.8705447051E+01      0.8705447051E+01      0.5109137203E-01      0.6042701885E+00
    0.8707046259E+01      0.8707046259E+01      0.8417323880E-01      0.6028584753E+00
    0.8708876470E+01      0.8708876470E+01      0.1160606240E+00      0.6004354281E+00
    0.8711131898E+01      0.8711131898E+01      0.1466594283E+00      0.5971993692E+00
    0.8714060272E+01      0.8714060272E+01      0.1761806365E+00      0.5932606016E+00
    0.8716978310E+01      0.8716978310E+01      0.2043645726E+00      0.5881362148E+00
    0.8719799143E+01      0.8719799143E+01      0.2310043358E+00      0.5818007015E+00
    0.8722761637E+01      0.8722761637E+01      0.2561783571E+00      0.5744120188E+00
    0.8726026542E+01      0.8726026542E+01      0.2801051839E+00      0.5662434246E+00
    0.8729763524E+01      0.8729763524E+01      0.3029353532E+00      0.5570694280E+00
    0.8734220645E+01      0.8734220645E+01      0.3248487989E+00      0.5473602972E+00
    0.8739594685E+01      0.8739594685E+01      0.3460675826E+00      0.5373293332E+00
    0.8746066960E+01      0.8746066960E+01      0.3667704049E+00      0.5271658247E+00
    0.8753780224E+01      0.8753780224E+01      0.3870746685E+00      0.5169522197E+00
    0.8762842684E+01      0.8762842684E+01      0.4070597299E+00      0.5068144967E+00
    0.8773395266E+01      0.8773395266E+01      0.4268417519E+00      0.4967042179E+00
    0.8785668285E+01      0.8785668285E+01      0.4465664858E+00      0.4865951417E+00
    0.8799886040E+01      0.8799886040E+01      0.4664168365E+00      0.4762774148E+00
    0.8813428885E+01      0.8813428885E+01      0.4842400315E+00      0.4671708131E+00
    0.8824767208E+01      0.8824767208E+01      0.4984164362E+00      0.4601712810E+00
    0.8833755506E+01      0.8833755506E+01      0.5090410790E+00      0.4555106685E+00
    0.8841038371E+01      0.8841038371E+01      0.5166917909E+00      0.4522785288E+00
    0.8845529590E+01      0.8845529590E+01      0.5201832841E+00      0.4508082203E+00
    0.8847222815E+01      0.8847222815E+01      0.5199633581E+00      0.4514857721E+00
    0.8708555488E+01      0.8708555488E+01      0.1664226424E-01      0.6580416594E+00
    0.8708688313E+01      0.8708688313E+01      0.4975456268E-01      0.6570651108E+00
    0.8708818735E+01      0.8708818735E+01      0.8173702309E-01      0.6545876827E+00
    0.8709185087E+01      0.8709185087E+01      0.1126533664E+00      0.6509927775E+00
    0.8710031776E+01      0.8710031776E+01      0.1424218171E+00      0.6468607281E+00
    0.8711004722E+01      0.8711004722E+01      0.1709647151E+00      0.6414944608E+00
    0.8711765759E+01      0.8711765759E+01      0.1978824197E+00      0.6348631597E+00
    0.8712515072E+01      0.8712515072E+01      0.2234362387E+00      0.6271246391E+00
    0.8713561898E+01      0.8713561898E+01      0.2478272329E+00      0.6184491790E+00
    0.8715280616E+01      0.8715280616E+01      0.2711311866E+00      0.6093208925E+00
    0.8717775923E+01      0.8717775923E+01      0.2934784359E+00      0.5995717400E+00
    0.8721173852E+01      0.8721173852E+01      0.3150054438E+00      0.5894068335E+00
    0.8725694116E+01      0.8725694116E+01      0.3359606497E+00      0.5790256068E+00
    0.8731509435E+01      0.8731509435E+01      0.3565213240E+00      0.5686796724E+00
    0.8738683090E+01      0.8738683090E+01      0.3767997884E+00      0.5584681412E+00
    0.8747278874E+01      0.8747278874E+01      0.3968739763E+00      0.5484598579E+00
    0.8757408229E+01      0.8757408229E+01      0.4168201252E+00      0.5386415058E+00
    0.8769215899E+01      0.8769215899E+01      0.4367478853E+00      0.5290166724E+00
    0.8783143524E+01      0.8783143524E+01      0.4566199554E+00      0.5195164723E+00
    0.8798210481E+01      0.8798210481E+01      0.4761471540E+00      0.5101377311E+00
    0.8811463319E+01      0.8811463319E+01      0.4923832622E+00      0.5026303024E+00
    0.8822150881E+01      0.8822150881E+01      0.5048455141E+00      0.4975226210E+00
    0.8830735427E+01      0.8830735427E+01      0.5138411553E+00      0.4943126312E+00
    0.8837322701E+01      0.8837322701E+01      0.5195357298E+00      0.4922815967E+00
    0.8840203288E+01      0.8840203288E+01      0.5204927274E+00      0.4929869803E+00
    0.8710540929E+01      0.8710540929E+01      0.1577274493E-01      0.7097548956E+00
    0.8709916579E+01      0.8709916579E+01      0.4759030092E-01      0.7082020423E+00
    0.8709096116E+01      0.8709096116E+01      0.7837575129E-01      0.7050240122E+00
    0.8708266874E+01      0.8708266874E+01      0.1082167285E+00      0.7007565517E+00
    0.8707329538E+01      0.8707329538E+01      0.1369133271E+00      0.6953030213E+00
    0.8706288122E+01      0.8706288122E+01      0.1642384109E+00      0.6885026058E+00
    0.8705042639E+01      0.8705042639E+01      0.1900189321E+00      0.6804624844E+00
    0.8704144919E+01      0.8704144919E+01      0.2146540691E+00      0.6715965725E+00
    0.8703644456E+01      0.8703644456E+01      0.2382716975E+00      0.6618334640E+00
    0.8703961525E+01      0.8703961525E+01      0.2613040805E+00      0.6518560053E+00
    0.8705348103E+01      0.8705348103E+01      0.2834535289E+00      0.6416350539E+00
    0.8707929469E+01      0.8707929469E+01      0.3048805562E+00      0.6311933010E+00
    0.8711798163E+01      0.8711798163E+01      0.3258335728E+00      0.6206824975E+00
    0.8717045983E+01      0.8717045983E+01      0.3464230582E+00      0.6102921452E+00
    0.8723732538E+01      0.8723732538E+01      0.3667511506E+00      0.6001086177E+00
    0.8731906944E+01      0.8731906944E+01      0.3869201358E+00      0.5902187875E+00
    0.8741689099E+01      0.8741689099E+01      0.4070283732E+00      0.5806337272E+00
    0.8753204149E+01      0.8753204149E+01      0.4271381588E+00      0.5713766987E+00
    0.8766591372E+01      0.8766591372E+01      0.4472491765E+00      0.5626424008E+00
    0.8782135178E+01      0.8782135178E+01      0.4674255183E+00      0.5536792885E+00
    0.8797349124E+01      0.8797349124E+01      0.4858941495E+00      0.5455635373E+00
    0.8810120350E+01      0.8810120350E+01      0.5004757954E+00      0.5397594339E+00
    0.8820020911E+01      0.8820020911E+01      0.5110550515E+00      0.5363775775E+00
    0.8828343646E+01      0.8828343646E+01      0.5186581824E+00      0.5342409345E+00
    0.8833018715E+01      0.8833018715E+01      0.5212871770E+00      0.5344721619E+00
    0.8710482252E+01      0.8710482252E+01      0.1475497556E-01      0.7597366240E+00
    0.8709291962E+01      0.8709291962E+01      0.4492559006E-01      0.7579653795E+00
    0.8707531653E+01      0.8707531653E+01      0.7420005297E-01      0.7542645648E+00
    0.8705241924E+01      0.8705241924E+01      0.1026535973E+00      0.7489201186E+00
    0.8702617344E+01      0.8702617344E+01      0.1300170599E+00      0.7422094182E+00
    0.8699824090E+01      0.8699824090E+01      0.1561442435E+00      0.7341445833E+00
    0.8697058506E+01      0.8697058506E+01      0.1809959003E+00      0.7250285224E+00
    0.8694824089E+01      0.8694824089E+01      0.2049540562E+00      0.7152695222E+00
    0.8693267442E+01      0.8693267442E+01      0.2281286992E+00      0.7048594620E+00
    0.8692359763E+01      0.8692359763E+01      0.2505191354E+00      0.6941312687E+00
    0.8692914288E+01      0.8692914288E+01      0.2729943745E+00      0.6835408017E+00
    0.8694783158E+01      0.8694783158E+01      0.2945200404E+00      0.6729202817E+00
    0.8698050890E+01      0.8698050890E+01      0.3156730895E+00      0.6624051459E+00
    0.8702771726E+01      0.8702771726E+01      0.3364754555E+00      0.6520730012E+00
    0.8708997492E+01      0.8708997492E+01      0.3569857092E+00      0.6419671018E+00
    0.8716794676E+01      0.8716794676E+01      0.3773245224E+00      0.6321962219E+00
    0.8726288067E+01      0.8726288067E+01      0.3976108186E+00      0.6227998357E+00
    0.8737540912E+01      0.8737540912E+01      0.4179509967E+00      0.6138326063E+00
    0.8750612803E+01      0.8750612803E+01      0.4383856031E+00      0.6055528170E+00
    0.8765785767E+01      0.8765785767E+01      0.4587702856E+00      0.5974594868E+00
    0.8782382714E+01      0.8782382714E+01      0.4788534058E+00      0.5891317075E+00
    0.8797151057E+01      0.8797151057E+01      0.4958327724E+00      0.5826245261E+00
    0.8808949263E+01      0.8808949263E+01      0.5083909584E+00      0.5787080853E+00
    0.8818554823E+01      0.8818554823E+01      0.5175290363E+00      0.5767028852E+00
    0.8825488950E+01      0.8825488950E+01      0.5221887739E+00      0.5763475351E+00
    0.8707089433E+01      0.8707089433E+01      0.1362224965E-01      0.8075256174E+00
    0.8705357426E+01      0.8705357426E+01      0.4176289937E-01      0.8053572200E+00
    0.8702701719E+01      0.8702701719E+01      0.6919136809E-01      0.8009660376E+00
    0.8699321364E+01      0.8699321364E+01      0.9604744920E-01      0.7947890891E+00
    0.8695540033E+01      0.8695540033E+01      0.1220464038E+00      0.7872226999E+00
    0.8691623175E+01      0.8691623175E+01      0.1470776627E+00      0.7783617426E+00
    0.8687905203E+01      0.8687905203E+01      0.1711841225E+00      0.7686224698E+00
    0.8684772527E+01      0.8684772527E+01      0.1945943271E+00      0.7582964014E+00
    0.8682408180E+01      0.8682408180E+01      0.2174140767E+00      0.7475355908E+00
    0.8680797860E+01      0.8680797860E+01      0.2395574604E+00      0.7364258393E+00
    0.8680603335E+01      0.8680603335E+01      0.2620826702E+00      0.7255609202E+00
    0.8681889157E+01      0.8681889157E+01      0.2839454012E+00      0.7147885765E+00
    0.8684600504E+01      0.8684600504E+01      0.3054343411E+00      0.7042873652E+00
    0.8688814577E+01      0.8688814577E+01      0.3265761228E+00      0.6940484860E+00
    0.8694610154E+01      0.8694610154E+01      0.3474095099E+00      0.6840762695E+00
    0.8702080373E+01      0.8702080373E+01      0.3680333137E+00      0.6744559148E+00
    0.8711307628E+01      0.8711307628E+01      0.3885746526E+00      0.6652358437E+00
    0.8722351094E+01      0.8722351094E+01      0.4091459293E+00      0.6564923540E+00
    0.8735262858E+01      0.8735262858E+01      0.4298413596E+00      0.6484885446E+00
    0.8750066631E+01      0.8750066631E+01      0.4506419019E+00      0.6409433080E+00
    0.8766809022E+01      0.8766809022E+01      0.4714594672E+00      0.6331073692E+00
    0.8783469055E+01      0.8783469055E+01      0.4906328330E+00      0.6261672310E+00
    0.8797221074E+01      0.8797221074E+01      0.5055069794E+00      0.6215580045E+00
    0.8808373353E+01      0.8808373353E+01      0.5161268987E+00      0.6196075915E+00
    0.8817019275E+01      0.8817019275E+01      0.5230746359E+00      0.6189588640E+00
    0.8698649506E+01      0.8698649506E+01      0.1245861204E-01      0.8512169290E+00
    0.8696786127E+01      0.8696786127E+01      0.3828426641E-01      0.8489448397E+00
    0.8693851087E+01      0.8693851087E+01      0.6369371568E-01      0.8443270839E+00
    0.8690073663E+01      0.8690073663E+01      0.8890496664E-01      0.8378877177E+00
    0.8685872064E+01      0.8685872064E+01      0.1135544707E+00      0.8300543325E+00
    0.8681554979E+01      0.8681554979E+01      0.1375834623E+00      0.8209923412E+00
    0.8677437630E+01      0.8677437630E+01      0.1609966860E+00      0.8111021851E+00
    0.8673884544E+01      0.8673884544E+01      0.1839409786E+00      0.8006196842E+00
    0.8671071049E+01      0.8671071049E+01      0.2064444434E+00      0.7897719650E+00
    0.8669153168E+01      0.8669153168E+01      0.2285906967E+00      0.7786815875E+00
    0.8668519562E+01      0.8668519562E+01      0.2510591544E+00      0.7678031529E+00
    0.8669368917E+01      0.8669368917E+01      0.2732601698E+00      0.7570177054E+00
    0.8671573622E+01      0.8671573622E+01      0.2950607472E+00      0.7464615555E+00
    0.8675316867E+01      0.8675316867E+01      0.3165948440E+00      0.7362631774E+00
    0.8680730178E+01      0.8680730178E+01      0.3378904205E+00      0.7264351677E+00
    0.8687907307E+01      0.8687907307E+01      0.3589736419E+00      0.7170007583E+00
    0.8696900481E+01      0.8696900481E+01      0.3799217400E+00      0.7079795052E+00
    0.8707723977E+01      0.8707723977E+01      0.4008198588E+00      0.6994776788E+00
    0.8720421645E+01      0.8720421645E+01      0.4218113314E+00      0.6916746049E+00
    0.8734926929E+01      0.8734926929E+01      0.4430532185E+00      0.6844863834E+00
    0.8751404408E+01      0.8751404408E+01      0.4642704454E+00      0.6773029289E+00
    0.8768821674E+01      0.8768821674E+01      0.4849488056E+00      0.6705497168E+00
    0.8784647193E+01      0.8784647193E+01      0.5021722421E+00      0.6655045971E+00
    0.8797129272E+01      0.8797129272E+01      0.5148406061E+00      0.6633411294E+00
    0.8807511048E+01      0.8807511048E+01      0.5238367617E+00      0.6629094834E+00
    0.8684922914E+01      0.8684922914E+01      0.1139222014E-01      0.8904258612E+00
    0.8683329699E+01      0.8683329699E+01      0.3492173699E-01      0.8883996627E+00
    0.8680798725E+01      0.8680798725E+01      0.5831234322E-01      0.8840863106E+00
    0.8677300904E+01      0.8677300904E+01      0.8182151609E-01      0.8779601382E+00
    0.8673371096E+01      0.8673371096E+01      0.1051613927E+00      0.8704366987E+00
    0.8669284061E+01      0.8669284061E+01      0.1281880810E+00      0.8617192681E+00
    0.8665331238E+01      0.8665331238E+01      0.1508938369E+00      0.8521465170E+00
    0.8661834938E+01      0.8661834938E+01      0.1733818139E+00      0.8419334291E+00
    0.8659026421E+01      0.8659026421E+01      0.1956226159E+00      0.8313705699E+00
    0.8657201933E+01      0.8657201933E+01      0.2177695651E+00      0.8206388748E+00
    0.8656533395E+01      0.8656533395E+01      0.2402709086E+00      0.8100091763E+00
    0.8657181210E+01      0.8657181210E+01      0.2625932136E+00      0.7994606924E+00
    0.8659023397E+01      0.8659023397E+01      0.2846282471E+00      0.7890211246E+00
    0.8662414195E+01      0.8662414195E+01      0.3065483289E+00      0.7788333661E+00
    0.8667527471E+01      0.8667527471E+01      0.3283541856E+00      0.7691005033E+00
    0.8674438805E+01      0.8674438805E+01      0.3500166857E+00      0.7598681164E+00
    0.8683160299E+01      0.8683160299E+01      0.3715229849E+00      0.7511106495E+00
    0.8693677856E+01      0.8693677856E+01      0.3929357844E+00      0.7428973975E+00
    0.8706034799E+01      0.8706034799E+01      0.4143573826E+00      0.7353672559E+00
    0.8720203217E+01      0.8720203217E+01      0.4359655150E+00      0.7285005560E+00
    0.8736211868E+01      0.8736211868E+01      0.4576886373E+00      0.7219416544E+00
    0.8753815259E+01      0.8753815259E+01      0.4790998305E+00      0.7158350542E+00
    0.8770688218E+01      0.8770688218E+01      0.4985514766E+00      0.7107925344E+00
    0.8784979343E+01      0.8784979343E+01      0.5135079487E+00      0.7084018510E+00
    0.8796397722E+01      0.8796397722E+01      0.5245874003E+00      0.7082953679E+00
    0.8666386325E+01      0.8666386325E+01      0.1050705370E-01      0.9254622508E+00
    0.8665338004E+01      0.8665338004E+01      0.3197185797E-01      0.9239005713E+00
    0.8663531914E+01      0.8663531914E+01      0.5355489903E-01      0.9202279648E+00
    0.8660926527E+01      0.8660926527E+01      0.7535711840E-01      0.9148692170E+00
    0.8657763675E+01      0.8657763675E+01      0.9736005443E-01      0.9080957779E+00
    0.8654433857E+01      0.8654433857E+01      0.1193614117E+00      0.9001711626E+00
    0.8651167052E+01      0.8651167052E+01      0.1413275439E+00      0.8913523061E+00
    0.8648226146E+01      0.8648226146E+01      0.1633106901E+00      0.8818415795E+00
    0.8645915045E+01      0.8645915045E+01      0.1853102179E+00      0.8719671590E+00
    0.8644543572E+01      0.8644543572E+01      0.2074162548E+00      0.8619057577E+00
    0.8644207425E+01      0.8644207425E+01      0.2299117050E+00      0.8518299721E+00
    0.8644901792E+01      0.8644901792E+01      0.2521737844E+00      0.8416782630E+00
    0.8646801371E+01      0.8646801371E+01      0.2743837737E+00      0.8316133087E+00
    0.8650158011E+01      0.8650158011E+01      0.2966017090E+00      0.8217830194E+00
    0.8655062181E+01      0.8655062181E+01      0.3188693472E+00      0.8122690084E+00
    0.8661687785E+01      0.8661687785E+01      0.3411322310E+00      0.8032529323E+00
    0.8670056436E+01      0.8670056436E+01      0.3633306403E+00      0.7948065876E+00
    0.8680139783E+01      0.8680139783E+01      0.3854106250E+00      0.7869724447E+00
    0.8691962580E+01      0.8691962580E+01      0.4074359808E+00      0.7798870151E+00
    0.8705546132E+01      0.8705546132E+01      0.4295653853E+00      0.7735076455E+00
    0.8721110267E+01      0.8721110267E+01      0.4517703091E+00      0.7675432107E+00
    0.8738036573E+01      0.8738036573E+01      0.4739931293E+00      0.7623081513E+00
    0.8755498279E+01      0.8755498279E+01      0.4947821679E+00      0.7580650880E+00
    0.8770943261E+01      0.8770943261E+01      0.5123447709E+00      0.7553653669E+00
    0.8783898710E+01      0.8783898710E+01      0.5254652569E+00      0.7555576078E+00
    0.8643754844E+01      0.8643754844E+01      0.9808883288E-02      0.9568585018E+00
    0.8643298467E+01      0.8643298467E+01      0.2958552199E-01      0.9558291905E+00
    0.8642313471E+01      0.8642313471E+01      0.4961125305E-01      0.9528733042E+00
    0.8640850621E+01      0.8640850621E+01      0.6988135407E-01      0.9485370767E+00
    0.8638884007E+01      0.8638884007E+01      0.9056107141E-01      0.9428427645E+00
    0.8636721777E+01      0.8636721777E+01      0.1115118787E+00      0.9360474527E+00
    0.8634575870E+01      0.8634575870E+01      0.1326844680E+00      0.9283493999E+00
    0.8632656775E+01      0.8632656775E+01      0.1541350447E+00      0.9199298555E+00
    0.8631286801E+01      0.8631286801E+01      0.1758445625E+00      0.9111063521E+00
    0.8630671705E+01      0.8630671705E+01      0.1979001965E+00      0.9019643743E+00
    0.8630923029E+01      0.8630923029E+01      0.2200948921E+00      0.8926885789E+00
    0.8632083154E+01      0.8632083154E+01      0.2422907424E+00      0.8832090368E+00
    0.8634401400E+01      0.8634401400E+01      0.2646815162E+00      0.8737753096E+00
    0.8638026195E+01      0.8638026195E+01      0.2871469897E+00      0.8645310803E+00
    0.8643042237E+01      0.8643042237E+01      0.3097653787E+00      0.8556060787E+00
    0.8649479371E+01      0.8649479371E+01      0.3325389377E+00      0.8471123640E+00
    0.8657388673E+01      0.8657388673E+01      0.3554107464E+00      0.8392230269E+00
    0.8666866111E+01      0.8666866111E+01      0.3782702539E+00      0.8319911974E+00
    0.8677979204E+01      0.8677979204E+01      0.4010611913E+00      0.8255248153E+00
    0.8690815138E+01      0.8690815138E+01      0.4238452378E+00      0.8198222560E+00
    0.8705403543E+01      0.8705403543E+01      0.4467711983E+00      0.8146769507E+00
    0.8722159075E+01      0.8722159075E+01      0.4698293087E+00      0.8102558528E+00
    0.8738959241E+01      0.8738959241E+01      0.4917393993E+00      0.8069184257E+00
    0.8755657476E+01      0.8755657476E+01      0.5109288265E+00      0.8044016101E+00
    0.8770536161E+01      0.8770536161E+01      0.5261782385E+00      0.8036765894E+00
    0.8617726547E+01      0.8617726547E+01      0.9275704361E-02      0.9851506165E+00
    0.8617742722E+01      0.8617742722E+01      0.2778136779E-01      0.9845757208E+00
    0.8617562141E+01      0.8617562141E+01      0.4652624003E-01      0.9823238560E+00
    0.8617255381E+01      0.8617255381E+01      0.6555518553E-01      0.9790334010E+00
    0.8616683955E+01      0.8616683955E+01      0.8502726170E-01      0.9746035817E+00
    0.8615995521E+01      0.8615995521E+01      0.1049454004E+00      0.9691718193E+00
    0.8615303096E+01      0.8615303096E+01      0.1253305368E+00      0.9628545485E+00
    0.8614791435E+01      0.8614791435E+01      0.1462102734E+00      0.9558304898E+00
    0.8614613462E+01      0.8614613462E+01      0.1675693216E+00      0.9482760383E+00
    0.8615055049E+01      0.8615055049E+01      0.1892162792E+00      0.9402792705E+00
    0.8616199031E+01      0.8616199031E+01      0.2111655013E+00      0.9320033198E+00
    0.8618262460E+01      0.8618262460E+01      0.2333390021E+00      0.9235632271E+00
    0.8621251840E+01      0.8621251840E+01      0.2558125136E+00      0.9150977762E+00
    0.8625351836E+01      0.8625351836E+01      0.2785143963E+00      0.9067929832E+00
    0.8630574893E+01      0.8630574893E+01      0.3014895203E+00      0.8988070596E+00
    0.8636921778E+01      0.8636921778E+01      0.3247322786E+00      0.8912431146E+00
    0.8644477796E+01      0.8644477796E+01      0.3482129228E+00      0.8842637275E+00
    0.8653374804E+01      0.8653374804E+01      0.3718249104E+00      0.8779569830E+00
    0.8663764746E+01      0.8663764746E+01      0.3954585483E+00      0.8723760563E+00
    0.8675718581E+01      0.8675718581E+01      0.4190697084E+00      0.8675970622E+00
    0.8689538099E+01      0.8689538099E+01      0.4427045344E+00      0.8632179087E+00
    0.8705965042E+01      0.8705965042E+01      0.4662337662E+00      0.8590410069E+00
    0.8723983820E+01      0.8723983820E+01      0.4890147943E+00      0.8554674082E+00
    0.8741798917E+01      0.8741798917E+01      0.5090997960E+00      0.8526992045E+00
    0.8758995347E+01      0.8758995347E+01      0.5256074382E+00      0.8511327325E+00
    0.8588898454E+01      0.8588898454E+01      0.8907769549E-02      0.1010817880E+01
    0.8589275656E+01      0.8589275656E+01      0.2647722871E-01      0.1010582501E+01
    0.8589806932E+01      0.8589806932E+01      0.4429908708E-01      0.1008976855E+01
    0.8590563735E+01      0.8590563735E+01      0.6235032168E-01      0.1006647071E+01
    0.8591360774E+01      0.8591360774E+01      0.8087905250E-01      0.1003468287E+01
    0.8592246589E+01      0.8592246589E+01      0.9988698009E-01      0.9994906232E+00
    0.8593185343E+01      0.8593185343E+01      0.1195011787E+00      0.9946916029E+00
    0.8594279590E+01      0.8594279590E+01      0.1396975891E+00      0.9891971904E+00
    0.8595587845E+01      0.8595587845E+01      0.1605186721E+00      0.9830709576E+00
    0.8597385297E+01      0.8597385297E+01      0.1817645386E+00      0.9764291229E+00
    0.8599735236E+01      0.8599735236E+01      0.2034877614E+00      0.9694675492E+00
    0.8602823104E+01      0.8602823104E+01      0.2255724393E+00      0.9623297758E+00
    0.8606624148E+01      0.8606624148E+01      0.2481333841E+00      0.9551888204E+00
    0.8611261150E+01      0.8611261150E+01      0.2710817332E+00      0.9482473449E+00
    0.8616741240E+01      0.8616741240E+01      0.2944238342E+00      0.9416596279E+00
    0.8623134465E+01      0.8623134465E+01      0.3181331079E+00      0.9355113313E+00
    0.8630537868E+01      0.8630537868E+01      0.3421492645E+00      0.9298904638E+00
    0.8639167435E+01      0.8639167435E+01      0.3663455279E+00      0.9247830685E+00
    0.8649272310E+01      0.8649272310E+01      0.3905919969E+00      0.9201278587E+00
    0.8661163449E+01      0.8661163449E+01      0.4147440206E+00      0.9157917457E+00
    0.8675259090E+01      0.8675259090E+01      0.4386430987E+00      0.9116291928E+00
    0.8692083740E+01      0.8692083740E+01      0.4623059347E+00      0.9073203327E+00
    0.8711339528E+01      0.8711339528E+01      0.4855508539E+00      0.9030615674E+00
    0.8731110764E+01      0.8731110764E+01      0.5066599762E+00      0.8994026779E+00
    0.8750176064E+01      0.8750176064E+01      0.5242527258E+00      0.8966628351E+00
    0.8557857434E+01      0.8557857434E+01      0.8673435955E-02      0.1034292162E+01
    0.8558520443E+01      0.8558520443E+01      0.2562772184E-01      0.1034330682E+01
    0.8559653897E+01      0.8559653897E+01      0.4280279375E-01      0.1033278984E+01
    0.8561305487E+01      0.8561305487E+01      0.6020657417E-01      0.1031776245E+01
    0.8563318063E+01      0.8563318063E+01      0.7803259596E-01      0.1029709419E+01
    0.8565673640E+01      0.8565673640E+01      0.9632483678E-01      0.1027078916E+01
    0.8568253324E+01      0.8568253324E+01      0.1152195986E+00      0.1023771269E+01
    0.8571048576E+01      0.8571048576E+01      0.1347527583E+00      0.1019851776E+01
    0.8574027433E+01      0.8574027433E+01      0.1549864929E+00      0.1015305429E+01
    0.8577366332E+01      0.8577366332E+01      0.1757909652E+00      0.1010234178E+01
    0.8581033657E+01      0.8581033657E+01      0.1972574746E+00      0.1004826907E+01
    0.8585179883E+01      0.8585179883E+01      0.2192885216E+00      0.9992936367E+00
    0.8589752923E+01      0.8589752923E+01      0.2419787657E+00      0.9938316648E+00
    0.8594901592E+01      0.8594901592E+01      0.2652092544E+00      0.9886345139E+00
    0.8600739716E+01      0.8600739716E+01      0.2889304980E+00      0.9838186219E+00
    0.8607464801E+01      0.8607464801E+01      0.3130228796E+00      0.9793580133E+00
    0.8615305954E+01      0.8615305954E+01      0.3373506237E+00      0.9752155802E+00
    0.8624500466E+01      0.8624500466E+01      0.3617782823E+00      0.9712555233E+00
    0.8635365060E+01      0.8635365060E+01      0.3861739485E+00      0.9672544369E+00
    0.8648283426E+01      0.8648283426E+01      0.4103630133E+00      0.9630979613E+00
    0.8663530904E+01      0.8663530904E+01      0.4342077635E+00      0.9587245494E+00
    0.8681417489E+01      0.8681417489E+01      0.4577186847E+00      0.9540138600E+00
    0.8702400068E+01      0.8702400068E+01      0.4808477121E+00      0.9488608311E+00
    0.8724481439E+01      0.8724481439E+01      0.5027852680E+00      0.9440604119E+00
    0.8745604818E+01      0.8745604818E+01      0.5214214788E+00      0.9399457056E+00
    0.8525163058E+01      0.8525163058E+01      0.8551798942E-02      0.1056002255E+01
    0.8526055964E+01      0.8526055964E+01      0.2514586145E-01      0.1056266631E+01
    0.8527680853E+01      0.8527680853E+01      0.4193203239E-01      0.1055673432E+01
    0.8530054234E+01      0.8530054234E+01      0.5894475696E-01      0.1054834229E+01
    0.8533070689E+01      0.8533070689E+01      0.7631706299E-01      0.1053682020E+01
    0.8536679039E+01      0.8536679039E+01      0.9410721413E-01      0.1052187939E+01
    0.8540738946E+01      0.8540738946E+01      0.1124422954E+00      0.1050227811E+01
    0.8545139566E+01      0.8545139566E+01      0.1314114705E+00      0.1047813828E+01
    0.8549764978E+01      0.8549764978E+01      0.1511157375E+00      0.1044900896E+01
    0.8554633582E+01      0.8554633582E+01      0.1715185532E+00      0.1041560643E+01
    0.8559593984E+01      0.8559593984E+01      0.1927769419E+00      0.1037989412E+01
    0.8564729734E+01      0.8564729734E+01      0.2148127664E+00      0.1034393289E+01
    0.8570043163E+01      0.8570043163E+01      0.2376726889E+00      0.1030938368E+01
    0.8575813775E+01      0.8575813775E+01      0.2611638960E+00      0.1027722896E+01
    0.8582301283E+01      0.8582301283E+01      0.2851531118E+00      0.1024730443E+01
    0.8589862023E+01      0.8589862023E+01      0.3094233649E+00      0.1021806688E+01
    0.8598827000E+01      0.8598827000E+01      0.3337741538E+00      0.1018855237E+01
    0.8609547843E+01      0.8609547843E+01      0.3580189746E+00      0.1015642778E+01
    0.8622230021E+01      0.8622230021E+01      0.3820477677E+00      0.1011784425E+01
    0.8637130100E+01      0.8637130100E+01      0.4058123449E+00      0.1007443472E+01
    0.8654367245E+01      0.8654367245E+01      0.4292410312E+00      0.1002705799E+01
    0.8674290900E+01      0.8674290900E+01      0.4523089424E+00      0.9974659773E+00
    0.8697165018E+01      0.8697165018E+01      0.4751278229E+00      0.9915205294E+00
    0.8721887481E+01      0.8721887481E+01      0.4978060398E+00      0.9855671643E+00
    0.8745105258E+01      0.8745105258E+01      0.5175298431E+00      0.9810479873E+00
    0.8491317211E+01      0.8491317211E+01      0.8518958739E-02      0.1076322375E+01
    0.8492388976E+01      0.8492388976E+01      0.2495854903E-01      0.1076768441E+01
    0.8494400285E+01      0.8494400285E+01      0.4156215435E-01      0.1076533940E+01
    0.8497340634E+01      0.8497340634E+01      0.5838484092E-01      0.1076204756E+01
    0.8501140334E+01      0.8501140334E+01      0.7551428689E-01      0.1075757117E+01
    0.8505733521E+01      0.8505733521E+01      0.9301525569E-01      0.1075161375E+01
    0.8510977175E+01      0.8510977175E+01      0.1110067751E+00      0.1074325436E+01
    0.8516699180E+01      0.8516699180E+01      0.1296180359E+00      0.1073269894E+01
    0.8522701019E+01      0.8522701019E+01      0.1489885017E+00      0.1071958910E+01
    0.8528854294E+01      0.8528854294E+01      0.1691803661E+00      0.1070474694E+01
    0.8534922670E+01      0.8534922670E+01      0.1903690026E+00      0.1068987871E+01
    0.8541013416E+01      0.8541013416E+01      0.2124712131E+00      0.1067601986E+01
    0.8547254882E+01      0.8547254882E+01      0.2354242229E+00      0.1066303191E+01
    0.8554077564E+01      0.8554077564E+01      0.2589404195E+00      0.1064988699E+01
    0.8561846355E+01      0.8561846355E+01      0.2828298389E+00      0.1063498695E+01
    0.8570999506E+01      0.8570999506E+01      0.3068282800E+00      0.1061631848E+01
    0.8581968452E+01      0.8581968452E+01      0.3307032423E+00      0.1059217462E+01
    0.8594945987E+01      0.8594945987E+01      0.3543125375E+00      0.1055978305E+01
    0.8610140619E+01      0.8610140619E+01      0.3776758133E+00      0.1051889070E+01
    0.8627622635E+01      0.8627622635E+01      0.4008034159E+00      0.1047111660E+01
    0.8647516244E+01      0.8647516244E+01      0.4236605935E+00      0.1041779069E+01
    0.8670025621E+01      0.8670025621E+01      0.4462288502E+00      0.1035744565E+01
    0.8695121067E+01      0.8695121067E+01      0.4688457700E+00      0.1029089808E+01
    0.8722151828E+01      0.8722151828E+01      0.4920730688E+00      0.1022913821E+01
    0.8747961909E+01      0.8747961909E+01      0.5127473358E+00      0.1017475191E+01
