    0.7015940377E+01      0.7015940377E+01      0.3747788202E+01      0.5439488074E+00
    0.7026804999E+01      0.7026804999E+01      0.3656070605E+01      0.4820257246E+00
    0.7034067479E+01      0.7034067479E+01      0.3571799497E+01      0.4196126964E+00
    0.7039743521E+01      0.7039743521E+01      0.3495892706E+01      0.3579127631E+00
    0.7046172614E+01      0.7046172614E+01      0.3428340373E+01      0.2996431493E+00
    0.7055324657E+01      0.7055324657E+01      0.3370190033E+01      0.2446120398E+00
    0.7064813226E+01      0.7064813226E+01      0.3318796244E+01      0.1940252588E+00
    0.7070296984E+01      0.7070296984E+01      0.3268828892E+01      0.1496485632E+00
    0.7070755396E+01      0.7070755396E+01      0.3219426887E+01      0.1120842865E+00
    0.7067118149E+01      0.7067118149E+01      0.3173861274E+01      0.8016809361E-01
    0.7057836472E+01      0.7057836472E+01      0.3130849265E+01      0.5368949263E-01
    0.7042065192E+01      0.7042065192E+01      0.3089001337E+01      0.3238371559E-01
    0.7020251407E+01      0.7020251407E+01      0.3046643810E+01      0.1587624676E-01
    0.6993696042E+01      0.6993696042E+01      0.3002831148E+01      0.3563402429E-02
    0.6964704498E+01      0.6964704498E+01      0.2958116683E+01     -0.5501704799E-02
    0.6938626360E+01      0.6938626360E+01      0.2918576767E+01     -0.1324941323E-01
    0.6915660338E+01      0.6915660338E+01      0.2884800277E+01     -0.2004235291E-01
    0.6893450178E+01      0.6893450178E+01      0.2854944521E+01     -0.2464463624E-01
    0.6870957802E+01      0.6870957802E+01      0.2827852421E+01     -0.2606328702E-01
    0.6845552446E+01      0.6845552446E+01      0.2802007961E+01     -0.2428521181E-01
    0.6815854475E+01      0.6815854475E+01      0.2775613141E+01     -0.1741119924E-01
    0.6780716603E+01      0.6780716603E+01      0.2748434752E+01     -0.4666536028E-02
    0.6735984477E+01      0.6735984477E+01      0.2715446562E+01      0.1711657357E-01
    0.6679698063E+01      0.6679698063E+01      0.2670231639E+01      0.4971576700E-01
    0.6583443805E+01      0.6583443805E+01      0.2554067191E+01      0.1080653529E+00
    0.7022787509E+01      0.7022787509E+01      0.3679056169E+01      0.6451142567E+00
    0.7035108542E+01      0.7035108542E+01      0.3590864593E+01      0.5730655697E+00
    0.7042948885E+01      0.7042948885E+01      0.3510248039E+01      0.5017516484E+00
    0.7048679921E+01      0.7048679921E+01      0.3437448493E+01      0.4336449367E+00
    0.7054576990E+01      0.7054576990E+01      0.3373167702E+01      0.3696637856E+00
    0.7062701751E+01      0.7062701751E+01      0.3317778780E+01      0.3093444338E+00
    0.7073011889E+01      0.7073011889E+01      0.3270851538E+01      0.2534290267E+00
    0.7081066234E+01      0.7081066234E+01      0.3226969445E+01      0.2037412925E+00
    0.7083959825E+01      0.7083959825E+01      0.3182554172E+01      0.1613246971E+00
    0.7081958203E+01      0.7081958203E+01      0.3140635957E+01      0.1259993246E+00
    0.7075218345E+01      0.7075218345E+01      0.3101790647E+01      0.9589061838E-01
    0.7062270968E+01      0.7062270968E+01      0.3064181260E+01      0.7069188401E-01
    0.7043098858E+01      0.7043098858E+01      0.3025799163E+01      0.5007279409E-01
    0.7018889313E+01      0.7018889313E+01      0.2985485668E+01      0.3354780849E-01
    0.6990914446E+01      0.6990914446E+01      0.2942967207E+01      0.2073252067E-01
    0.6964177574E+01      0.6964177574E+01      0.2903505686E+01      0.9750301106E-02
    0.6941540954E+01      0.6941540954E+01      0.2870909399E+01     -0.4359075355E-03
    0.6921258862E+01      0.6921258862E+01      0.2843625778E+01     -0.9077164907E-02
    0.6901453644E+01      0.6901453644E+01      0.2819875677E+01     -0.1549787845E-01
    0.6880759867E+01      0.6880759867E+01      0.2798614923E+01     -0.1874635024E-01
    0.6856591148E+01      0.6856591148E+01      0.2778228388E+01     -0.1878100216E-01
    0.6827194788E+01      0.6827194788E+01      0.2756185251E+01     -0.1400367411E-01
    0.6793176304E+01      0.6793176304E+01      0.2730392731E+01     -0.3001001045E-02
    0.6754891410E+01      0.6754891410E+01      0.2691794788E+01      0.1439792065E-01
    0.6681453446E+01      0.6681453446E+01      0.2591974658E+01      0.5544603543E-01
    0.7029410746E+01      0.7029410746E+01      0.3600633864E+01      0.7428378962E+00
    0.7043112883E+01      0.7043112883E+01      0.3517325162E+01      0.6598877559E+00
    0.7051738691E+01      0.7051738691E+01      0.3441342645E+01      0.5798878332E+00
    0.7057673316E+01      0.7057673316E+01      0.3372738541E+01      0.5048311100E+00
    0.7063307028E+01      0.7063307028E+01      0.3312578299E+01      0.4349821441E+00
    0.7070644807E+01      0.7070644807E+01      0.3260857013E+01      0.3700399574E+00
    0.7081080615E+01      0.7081080615E+01      0.3217953228E+01      0.3100236884E+00
    0.7091067984E+01      0.7091067984E+01      0.3179775581E+01      0.2562322192E+00
    0.7096640478E+01      0.7096640478E+01      0.3141489680E+01      0.2097460786E+00
    0.7096107459E+01      0.7096107459E+01      0.3103035319E+01      0.1708415953E+00
    0.7091174528E+01      0.7091174528E+01      0.3067934806E+01      0.1370951149E+00
    0.7080327810E+01      0.7080327810E+01      0.3034241368E+01      0.1079900038E+00
    0.7063448510E+01      0.7063448510E+01      0.2999804125E+01      0.8327587617E-01
    0.7041351900E+01      0.7041351900E+01      0.2963148611E+01      0.6290668409E-01
    0.7015331462E+01      0.7015331462E+01      0.2924008995E+01      0.4635797869E-01
    0.6988389853E+01      0.6988389853E+01      0.2885514968E+01      0.3253916284E-01
    0.6965498727E+01      0.6965498727E+01      0.2853925455E+01      0.1969219499E-01
    0.6945704464E+01      0.6945704464E+01      0.2828487588E+01      0.8056409355E-02
    0.6927380068E+01      0.6927380068E+01      0.2807532401E+01     -0.1841145808E-02
    0.6909171556E+01      0.6909171556E+01      0.2789632481E+01     -0.9281463012E-02
    0.6889460176E+01      0.6889460176E+01      0.2773570758E+01     -0.1357971251E-01
    0.6866518485E+01      0.6866518485E+01      0.2757097864E+01     -0.1420710145E-01
    0.6841515978E+01      0.6841515978E+01      0.2734967544E+01     -0.1241742708E-01
    0.6818722289E+01      0.6818722289E+01      0.2699517349E+01     -0.8111519454E-02
    0.6764646419E+01      0.6764646419E+01      0.2619176096E+01      0.1632066832E-01
    0.7036284880E+01      0.7036284880E+01      0.3512901756E+01      0.8353877637E+00
    0.7051170609E+01      0.7051170609E+01      0.3435802243E+01      0.7415979563E+00
    0.7060594296E+01      0.7060594296E+01      0.3365700294E+01      0.6529401531E+00
    0.7066835845E+01      0.7066835845E+01      0.3302469559E+01      0.5708515310E+00
    0.7072527936E+01      0.7072527936E+01      0.3247283717E+01      0.4953105583E+00
    0.7079482502E+01      0.7079482502E+01      0.3199968522E+01      0.4260637884E+00
    0.7089660820E+01      0.7089660820E+01      0.3160936537E+01      0.3626921921E+00
    0.7100428498E+01      0.7100428498E+01      0.3127489932E+01      0.3053885809E+00
    0.7107513515E+01      0.7107513515E+01      0.3094766906E+01      0.2553979163E+00
    0.7108631806E+01      0.7108631806E+01      0.3060365509E+01      0.2127433767E+00
    0.7105039699E+01      0.7105039699E+01      0.3029017736E+01      0.1756034505E+00
    0.7096155983E+01      0.7096155983E+01      0.2999314146E+01      0.1430610921E+00
    0.7081467534E+01      0.7081467534E+01      0.2969164668E+01      0.1149638827E+00
    0.7061883189E+01      0.7061883189E+01      0.2936933759E+01      0.9118803660E-01
    0.7037993460E+01      0.7037993460E+01      0.2901841826E+01      0.7142007295E-01
    0.7011674849E+01      0.7011674849E+01      0.2865542865E+01      0.5445640480E-01
    0.6988419142E+01      0.6988419142E+01      0.2834929308E+01      0.3908733121E-01
    0.6968710930E+01      0.6968710930E+01      0.2811028881E+01      0.2506123827E-01
    0.6950931500E+01      0.6950931500E+01      0.2792171499E+01      0.1283749654E-01
    0.6933982996E+01      0.6933982996E+01      0.2776868762E+01      0.2834753717E-02
    0.6916902855E+01      0.6916902855E+01      0.2763887947E+01     -0.4619522237E-02
    0.6898720275E+01      0.6898720275E+01      0.2750472600E+01     -0.9631841211E-02
    0.6882999122E+01      0.6882999122E+01      0.2729368836E+01     -0.1559693250E-01
    0.6871969955E+01      0.6871969955E+01      0.2696434759E+01     -0.2149635444E-01
    0.6831557297E+01      0.6831557297E+01      0.2634506305E+01     -0.1025769282E-01
    0.7043793071E+01      0.7043793071E+01      0.3415798924E+01      0.9210455118E+00
    0.7059573781E+01      0.7059573781E+01      0.3346004994E+01      0.8167347159E+00
    0.7069719214E+01      0.7069719214E+01      0.3282876687E+01      0.7197425082E+00
    0.7076303430E+01      0.7076303430E+01      0.3226017670E+01      0.6310081512E+00
    0.7082122927E+01      0.7082122927E+01      0.3176619174E+01      0.5501905987E+00
    0.7088830949E+01      0.7088830949E+01      0.3134476952E+01      0.4768949248E+00
    0.7098247573E+01      0.7098247573E+01      0.3099573659E+01      0.4102778511E+00
    0.7109048996E+01      0.7109048996E+01      0.3070705254E+01      0.3501050672E+00
    0.7117147656E+01      0.7117147656E+01      0.3043272609E+01      0.2974032563E+00
    0.7120219581E+01      0.7120219581E+01      0.3014259524E+01      0.2516099953E+00
    0.7117744235E+01      0.7117744235E+01      0.2986867681E+01      0.2114831586E+00
    0.7110471072E+01      0.7110471072E+01      0.2961292054E+01      0.1756746436E+00
    0.7097561680E+01      0.7097561680E+01      0.2935325211E+01      0.1441810110E+00
    0.7079880141E+01      0.7079880141E+01      0.2907081203E+01      0.1169045536E+00
    0.7058200025E+01      0.7058200025E+01      0.2875853000E+01      0.9381602567E-01
    0.7033146401E+01      0.7033146401E+01      0.2842572752E+01      0.7431727766E-01
    0.7010151076E+01      0.7010151076E+01      0.2813587726E+01      0.5701716822E-01
    0.6990814978E+01      0.6990814978E+01      0.2791547348E+01      0.4126367252E-01
    0.6973416931E+01      0.6973416931E+01      0.2774756818E+01      0.2750887987E-01
    0.6957060916E+01      0.6957060916E+01      0.2761805774E+01      0.1554260571E-01
    0.6941290302E+01      0.6941290302E+01      0.2750976825E+01      0.5687372491E-02
    0.6927780240E+01      0.6927780240E+01      0.2737648665E+01     -0.3792380341E-02
    0.6920158742E+01      0.6920158742E+01      0.2717032419E+01     -0.1541347685E-01
    0.6916208047E+01      0.6916208047E+01      0.2687452170E+01     -0.2773094550E-01
    0.6885700514E+01      0.6885700514E+01      0.2641671671E+01     -0.2512950170E-01
    0.7052181882E+01      0.7052181882E+01      0.3309492063E+01      0.9980496319E+00
    0.7068584469E+01      0.7068584469E+01      0.3248505122E+01      0.8838176285E+00
    0.7079299616E+01      0.7079299616E+01      0.3193593702E+01      0.7790986084E+00
    0.7086133001E+01      0.7086133001E+01      0.3143992718E+01      0.6843253513E+00
    0.7091930422E+01      0.7091930422E+01      0.3100903799E+01      0.5987484651E+00
    0.7098345727E+01      0.7098345727E+01      0.3064242742E+01      0.5217046961E+00
    0.7107068954E+01      0.7107068954E+01      0.3033993241E+01      0.4522640786E+00
    0.7117590139E+01      0.7117590139E+01      0.3009671109E+01      0.3899015851E+00
    0.7126224303E+01      0.7126224303E+01      0.2987316442E+01      0.3348230132E+00
    0.7130576420E+01      0.7130576420E+01      0.2963821526E+01      0.2860735173E+00
    0.7128907419E+01      0.7128907419E+01      0.2940529074E+01      0.2430736373E+00
    0.7122866455E+01      0.7122866455E+01      0.2918961420E+01      0.2043765606E+00
    0.7111692696E+01      0.7111692696E+01      0.2897111817E+01      0.1702577585E+00
    0.7096356119E+01      0.7096356119E+01      0.2873216121E+01      0.1404193716E+00
    0.7077261489E+01      0.7077261489E+01      0.2846525724E+01      0.1149918332E+00
    0.7054677403E+01      0.7054677403E+01      0.2817676334E+01      0.9331799104E-01
    0.7031938164E+01      0.7031938164E+01      0.2790770881E+01      0.7431995243E-01
    0.7012588602E+01      0.7012588602E+01      0.2770811100E+01      0.5687259434E-01
    0.6995176550E+01      0.6995176550E+01      0.2756280372E+01      0.4155090132E-01
    0.6979354402E+01      0.6979354402E+01      0.2745456806E+01      0.2759012728E-01
    0.6965389725E+01      0.6965389725E+01      0.2734954620E+01      0.1530051467E-01
    0.6956701244E+01      0.6956701244E+01      0.2720651638E+01      0.1831581673E-02
    0.6954441207E+01      0.6954441207E+01      0.2700475063E+01     -0.1344542656E-01
    0.6953990335E+01      0.6953990335E+01      0.2674318080E+01     -0.2892861296E-01
    0.6929712659E+01      0.6929712659E+01      0.2640933837E+01     -0.3188289162E-01
    0.7061794994E+01      0.7061794994E+01      0.3194402075E+01      0.1064060709E+01
    0.7078550278E+01      0.7078550278E+01      0.3143706088E+01      0.9408791918E+00
    0.7089564586E+01      0.7089564586E+01      0.3098079249E+01      0.8294154699E+00
    0.7096410731E+01      0.7096410731E+01      0.3056491642E+01      0.7295049790E+00
    0.7101974635E+01      0.7101974635E+01      0.3020247480E+01      0.6400330977E+00
    0.7108024175E+01      0.7108024175E+01      0.2989519477E+01      0.5599094522E+00
    0.7116113801E+01      0.7116113801E+01      0.2964452221E+01      0.4881412403E+00
    0.7126122800E+01      0.7126122800E+01      0.2944944452E+01      0.4238777044E+00
    0.7134964330E+01      0.7134964330E+01      0.2927607177E+01      0.3667463394E+00
    0.7140235496E+01      0.7140235496E+01      0.2910007858E+01      0.3159249262E+00
    0.7139754745E+01      0.7139754745E+01      0.2891294564E+01      0.2707626863E+00
    0.7135049348E+01      0.7135049348E+01      0.2874175504E+01      0.2301865166E+00
    0.7125612833E+01      0.7125612833E+01      0.2856853625E+01      0.1940891276E+00
    0.7112307569E+01      0.7112307569E+01      0.2837462651E+01      0.1620485729E+00
    0.7095514462E+01      0.7095514462E+01      0.2815167162E+01      0.1341139270E+00
    0.7074835304E+01      0.7074835304E+01      0.2790598867E+01      0.1099222722E+00
    0.7052485745E+01      0.7052485745E+01      0.2766504483E+01      0.8896284527E-01
    0.7032948810E+01      0.7032948810E+01      0.2748835220E+01      0.7011624767E-01
    0.7015877445E+01      0.7015877445E+01      0.2736610904E+01      0.5343638306E-01
    0.7001175527E+01      0.7001175527E+01      0.2727381096E+01      0.3815341150E-01
    0.6990214955E+01      0.6990214955E+01      0.2716431937E+01      0.2316623294E-01
    0.6985745203E+01      0.6985745203E+01      0.2701277041E+01      0.6671390083E-02
    0.6986309498E+01      0.6986309498E+01      0.2682077084E+01     -0.1043755082E-01
    0.6986719424E+01      0.6986719424E+01      0.2659707273E+01     -0.2684564370E-01
    0.6966692429E+01      0.6966692429E+01      0.2635515456E+01     -0.3374420045E-01
    0.7073020657E+01      0.7073020657E+01      0.3071233721E+01      0.1116596103E+01
    0.7089827750E+01      0.7089827750E+01      0.3032097104E+01      0.9858997864E+00
    0.7100837694E+01      0.7100837694E+01      0.2996499004E+01      0.8689859904E+00
    0.7107507542E+01      0.7107507542E+01      0.2963515052E+01      0.7650694878E+00
    0.7112696702E+01      0.7112696702E+01      0.2934644032E+01      0.6727708728E+00
    0.7118230458E+01      0.7118230458E+01      0.2910345390E+01      0.5904971659E+00
    0.7125600745E+01      0.7125600745E+01      0.2890927629E+01      0.5169741204E+00
    0.7135114571E+01      0.7135114571E+01      0.2876643494E+01      0.4512440575E+00
    0.7144017877E+01      0.7144017877E+01      0.2864805634E+01      0.3926555502E+00
    0.7149671570E+01      0.7149671570E+01      0.2853167452E+01      0.3403576034E+00
    0.7150351654E+01      0.7150351654E+01      0.2839413383E+01      0.2934787955E+00
    0.7146580421E+01      0.7146580421E+01      0.2827036335E+01      0.2512911469E+00
    0.7138377584E+01      0.7138377584E+01      0.2814200525E+01      0.2134310936E+00
    0.7126535864E+01      0.7126535864E+01      0.2799403314E+01      0.1795469055E+00
    0.7111649055E+01      0.7111649055E+01      0.2781719602E+01      0.1496020929E+00
    0.7093335137E+01      0.7093335137E+01      0.2761958008E+01      0.1235994722E+00
    0.7072347122E+01      0.7072347122E+01      0.2741972562E+01      0.1014732994E+00
    0.7053163455E+01      0.7053163455E+01      0.2726859471E+01      0.8188515926E-01
    0.7036960981E+01      0.7036960981E+01      0.2716647273E+01      0.6368069171E-01
    0.7023658612E+01      0.7023658612E+01      0.2707444499E+01      0.4691646399E-01
    0.7016042200E+01      0.7016042200E+01      0.2695489175E+01      0.2925531769E-01
    0.7014476027E+01      0.7014476027E+01      0.2680295793E+01      0.1119290285E-01
    0.7015892870E+01      0.7015892870E+01      0.2662335928E+01     -0.6619513834E-02
    0.7015428488E+01      0.7015428488E+01      0.2643987777E+01     -0.2265820531E-01
    0.6999321123E+01      0.6999321123E+01      0.2626201710E+01     -0.3234099791E-01
    0.7086005410E+01      0.7086005410E+01      0.2940854970E+01      0.1153456855E+01
    0.7102452565E+01      0.7102452565E+01      0.2914075136E+01      0.1017319853E+01
    0.7113163826E+01      0.7113163826E+01      0.2888952056E+01      0.8965589962E+00
    0.7119603794E+01      0.7119603794E+01      0.2865104096E+01      0.7898345080E+00
    0.7124503272E+01      0.7124503272E+01      0.2844235890E+01      0.6956251353E+00
    0.7129489530E+01      0.7129489530E+01      0.2827110145E+01      0.6121560400E+00
    0.7135961401E+01      0.7135961401E+01      0.2814045621E+01      0.5377156849E+00
    0.7144844743E+01      0.7144844743E+01      0.2805698428E+01      0.4710306172E+00
    0.7153799060E+01      0.7153799060E+01      0.2800341131E+01      0.4115146467E+00
    0.7159699037E+01      0.7159699037E+01      0.2794991475E+01      0.3585445571E+00
    0.7161369381E+01      0.7161369381E+01      0.2787041021E+01      0.3107535538E+00
    0.7158285536E+01      0.7158285536E+01      0.2779483839E+01      0.2676294134E+00
    0.7151420271E+01      0.7151420271E+01      0.2771432380E+01      0.2287586465E+00
    0.7141284556E+01      0.7141284556E+01      0.2761301939E+01      0.1940634447E+00
    0.7128542370E+01      0.7128542370E+01      0.2748252089E+01      0.1631386174E+00
    0.7112269398E+01      0.7112269398E+01      0.2732884538E+01      0.1359820281E+00
    0.7092500356E+01      0.7092500356E+01      0.2716750625E+01      0.1126167456E+00
    0.7073380179E+01      0.7073380179E+01      0.2703587895E+01      0.9159451851E-01
    0.7058110204E+01      0.7058110204E+01      0.2694796731E+01      0.7191916347E-01
    0.7046820890E+01      0.7046820890E+01      0.2685252254E+01      0.5335534575E-01
    0.7041951444E+01      0.7041951444E+01      0.2673049489E+01      0.3411708625E-01
    0.7041799958E+01      0.7041799958E+01      0.2659071106E+01      0.1534401506E-01
    0.7043168260E+01      0.7043168260E+01      0.2643294806E+01     -0.2054301489E-02
    0.7041557576E+01      0.7041557576E+01      0.2629102578E+01     -0.1710763583E-01
    0.7028256338E+01      0.7028256338E+01      0.2615644971E+01     -0.2894259913E-01
    0.7101703313E+01      0.7101703313E+01      0.2803815420E+01      0.1173911394E+01
    0.7117352524E+01      0.7117352524E+01      0.2790266920E+01      0.1034976557E+01
    0.7127431104E+01      0.7127431104E+01      0.2776416686E+01      0.9120993334E+00
    0.7133089435E+01      0.7133089435E+01      0.2762196045E+01      0.8037579462E+00
    0.7137356452E+01      0.7137356452E+01      0.2750076037E+01      0.7081241773E+00
    0.7141791658E+01      0.7141791658E+01      0.2740972063E+01      0.6238182613E+00
    0.7147456699E+01      0.7147456699E+01      0.2735242282E+01      0.5492785603E+00
    0.7155758811E+01      0.7155758811E+01      0.2733404243E+01      0.4824667650E+00
    0.7164597538E+01      0.7164597538E+01      0.2734829602E+01      0.4224495095E+00
    0.7170930860E+01      0.7170930860E+01      0.2736203809E+01      0.3694007408E+00
    0.7173291291E+01      0.7173291291E+01      0.2734476361E+01      0.3218775049E+00
    0.7170848128E+01      0.7170848128E+01      0.2731828198E+01      0.2785688781E+00
    0.7164691843E+01      0.7164691843E+01      0.2728168378E+01      0.2393634236E+00
    0.7155551319E+01      0.7155551319E+01      0.2722301095E+01      0.2040598311E+00
    0.7143926058E+01      0.7143926058E+01      0.2713289177E+01      0.1721859280E+00
    0.7129108342E+01      0.7129108342E+01      0.2702085526E+01      0.1441451881E+00
    0.7110813453E+01      0.7110813453E+01      0.2689763391E+01      0.1199620928E+00
    0.7092998791E+01      0.7092998791E+01      0.2679056668E+01      0.9802174429E-01
    0.7079137612E+01      0.7079137612E+01      0.2671128278E+01      0.7750819675E-01
    0.7070257090E+01      0.7070257090E+01      0.2661849495E+01      0.5737583163E-01
    0.7067059448E+01      0.7067059448E+01      0.2650477811E+01      0.3749742588E-01
    0.7067509777E+01      0.7067509777E+01      0.2637858851E+01      0.1900046138E-01
    0.7068061845E+01      0.7068061845E+01      0.2625054521E+01      0.3014593637E-02
    0.7065825381E+01      0.7065825381E+01      0.2614779127E+01     -0.1071562192E-01
    0.7054735182E+01      0.7054735182E+01      0.2604087184E+01     -0.2411989145E-01
    0.7114014420E+01      0.7114014420E+01      0.2662037872E+01      0.1175834419E+01
    0.7128505109E+01      0.7128505109E+01      0.2661155417E+01      0.1036048353E+01
    0.7138231331E+01      0.7138231331E+01      0.2658957791E+01      0.9131329258E+00
    0.7143851625E+01      0.7143851625E+01      0.2655165013E+01      0.8049967802E+00
    0.7148436345E+01      0.7148436345E+01      0.2652750104E+01      0.7098284492E+00
    0.7153536887E+01      0.7153536887E+01      0.2652538867E+01      0.6260278026E+00
    0.7159234771E+01      0.7159234771E+01      0.2654627720E+01      0.5521495342E+00
    0.7166671647E+01      0.7166671647E+01      0.2659826730E+01      0.4859868626E+00
    0.7175961568E+01      0.7175961568E+01      0.2668805412E+01      0.4259886456E+00
    0.7184180716E+01      0.7184180716E+01      0.2677792539E+01      0.3731365064E+00
    0.7186290149E+01      0.7186290149E+01      0.2681287278E+01      0.3265610760E+00
    0.7184643129E+01      0.7184643129E+01      0.2683823620E+01      0.2837316486E+00
    0.7179442889E+01      0.7179442889E+01      0.2685034823E+01      0.2449726831E+00
    0.7171275406E+01      0.7171275406E+01      0.2683462968E+01      0.2101367179E+00
    0.7160663717E+01      0.7160663717E+01      0.2678284547E+01      0.1783598080E+00
    0.7146883062E+01      0.7146883062E+01      0.2670570531E+01      0.1500379215E+00
    0.7129855789E+01      0.7129855789E+01      0.2661680520E+01      0.1250033926E+00
    0.7113167126E+01      0.7113167126E+01      0.2653259688E+01      0.1018123235E+00
    0.7100693670E+01      0.7100693670E+01      0.2646333121E+01      0.8037074343E-01
    0.7093728184E+01      0.7093728184E+01      0.2638105068E+01      0.5973065921E-01
    0.7091639302E+01      0.7091639302E+01      0.2628503675E+01      0.4031512437E-01
    0.7092116779E+01      0.7092116779E+01      0.2617911624E+01      0.2268640037E-01
    0.7091392532E+01      0.7091392532E+01      0.2608169989E+01      0.8053248790E-02
    0.7088575929E+01      0.7088575929E+01      0.2601539677E+01     -0.4276727425E-02
    0.7079466827E+01      0.7079466827E+01      0.2593100433E+01     -0.1848116718E-01
    0.7136015081E+01      0.7136015081E+01      0.2513265132E+01      0.1152790785E+01
    0.7149656315E+01      0.7149656315E+01      0.2527697187E+01      0.1014714952E+01
    0.7157740943E+01      0.7157740943E+01      0.2538054901E+01      0.8943330030E+00
    0.7162277409E+01      0.7162277409E+01      0.2545963573E+01      0.7888918121E+00
    0.7165934782E+01      0.7165934782E+01      0.2553822154E+01      0.6967268640E+00
    0.7169798372E+01      0.7169798372E+01      0.2562796170E+01      0.6153757858E+00
    0.7174565366E+01      0.7174565366E+01      0.2573575183E+01      0.5432753394E+00
    0.7180957801E+01      0.7180957801E+01      0.2586445584E+01      0.4789443084E+00
    0.7189720955E+01      0.7189720955E+01      0.2602253047E+01      0.4214341850E+00
    0.7197835122E+01      0.7197835122E+01      0.2617665448E+01      0.3702018400E+00
    0.7199655727E+01      0.7199655727E+01      0.2626713315E+01      0.3240133779E+00
    0.7198013406E+01      0.7198013406E+01      0.2634195945E+01      0.2821671245E+00
    0.7193283939E+01      0.7193283939E+01      0.2639635257E+01      0.2442688324E+00
    0.7185169196E+01      0.7185169196E+01      0.2641953356E+01      0.2099941641E+00
    0.7174732897E+01      0.7174732897E+01      0.2640608645E+01      0.1788234818E+00
    0.7162157045E+01      0.7162157045E+01      0.2636975424E+01      0.1506921161E+00
    0.7146927880E+01      0.7146927880E+01      0.2631349954E+01      0.1254368667E+00
    0.7132524616E+01      0.7132524616E+01      0.2625419265E+01      0.1023868762E+00
    0.7122059914E+01      0.7122059914E+01      0.2619871371E+01      0.8095200107E-01
    0.7116389362E+01      0.7116389362E+01      0.2613194786E+01      0.6021291449E-01
    0.7114864277E+01      0.7114864277E+01      0.2605807512E+01      0.4153635382E-01
    0.7114950768E+01      0.7114950768E+01      0.2597899917E+01      0.2512714842E-01
    0.7113487918E+01      0.7113487918E+01      0.2591641774E+01      0.1182320714E-01
    0.7110328121E+01      0.7110328121E+01      0.2588084827E+01      0.1069353391E-02
    0.7103150207E+01      0.7103150207E+01      0.2581806033E+01     -0.1278757953E-01
    0.7158341928E+01      0.7158341928E+01      0.2364168346E+01      0.1116243629E+01
    0.7169964295E+01      0.7169964295E+01      0.2393707129E+01      0.9830336567E+00
    0.7177173775E+01      0.7177173775E+01      0.2417548477E+01      0.8662309564E+00
    0.7181726377E+01      0.7181726377E+01      0.2437787062E+01      0.7640819539E+00
    0.7185583538E+01      0.7185583538E+01      0.2456820288E+01      0.6744334313E+00
    0.7189770393E+01      0.7189770393E+01      0.2475694345E+01      0.5948927349E+00
    0.7194800480E+01      0.7194800480E+01      0.2495088066E+01      0.5240866771E+00
    0.7201393848E+01      0.7201393848E+01      0.2515700811E+01      0.4611217465E+00
    0.7210256496E+01      0.7210256496E+01      0.2538697606E+01      0.4056425846E+00
    0.7217097047E+01      0.7217097047E+01      0.2559499260E+01      0.3562300492E+00
    0.7218184679E+01      0.7218184679E+01      0.2574129159E+01      0.3111100119E+00
    0.7216404900E+01      0.7216404900E+01      0.2587071665E+01      0.2707176046E+00
    0.7211716803E+01      0.7211716803E+01      0.2597183738E+01      0.2342377324E+00
    0.7203899059E+01      0.7203899059E+01      0.2603279194E+01      0.2009493740E+00
    0.7192799643E+01      0.7192799643E+01      0.2605492032E+01      0.1716165091E+00
    0.7179639454E+01      0.7179639454E+01      0.2604759608E+01      0.1451701207E+00
    0.7165862675E+01      0.7165862675E+01      0.2602356800E+01      0.1205886237E+00
    0.7153305080E+01      0.7153305080E+01      0.2598786383E+01      0.9893072157E-01
    0.7144370256E+01      0.7144370256E+01      0.2595036165E+01      0.7808077560E-01
    0.7139022708E+01      0.7139022708E+01      0.2590701149E+01      0.5852162329E-01
    0.7137257170E+01      0.7137257170E+01      0.2585836869E+01      0.4119554082E-01
    0.7137083517E+01      0.7137083517E+01      0.2580634976E+01      0.2653332095E-01
    0.7135211190E+01      0.7135211190E+01      0.2577410577E+01      0.1421498461E-01
    0.7131999990E+01      0.7131999990E+01      0.2575978729E+01      0.4885118944E-02
    0.7126526131E+01      0.7126526131E+01      0.2571467606E+01     -0.7739061436E-02
    0.7172945607E+01      0.7172945607E+01      0.2215701003E+01      0.1069501013E+01
    0.7183203090E+01      0.7183203090E+01      0.2259276343E+01      0.9427741124E+00
    0.7189930903E+01      0.7189930903E+01      0.2296178266E+01      0.8314756471E+00
    0.7194638019E+01      0.7194638019E+01      0.2328555739E+01      0.7338006254E+00
    0.7198720426E+01      0.7198720426E+01      0.2358592691E+01      0.6475662580E+00
    0.7203003183E+01      0.7203003183E+01      0.2387537969E+01      0.5708425050E+00
    0.7208488841E+01      0.7208488841E+01      0.2416333097E+01      0.5022780061E+00
    0.7216074456E+01      0.7216074456E+01      0.2446085418E+01      0.4415124556E+00
    0.7226324289E+01      0.7226324289E+01      0.2477595483E+01      0.3881529514E+00
    0.7232882827E+01      0.7232882827E+01      0.2504373059E+01      0.3397717383E+00
    0.7234104208E+01      0.7234104208E+01      0.2524752804E+01      0.2956389386E+00
    0.7232811408E+01      0.7232811408E+01      0.2542521510E+01      0.2561904676E+00
    0.7228740633E+01      0.7228740633E+01      0.2557026273E+01      0.2206196725E+00
    0.7221594796E+01      0.7221594796E+01      0.2567195255E+01      0.1884682575E+00
    0.7211427791E+01      0.7211427791E+01      0.2572989045E+01      0.1599735657E+00
    0.7198819029E+01      0.7198819029E+01      0.2575087242E+01      0.1346907004E+00
    0.7185675823E+01      0.7185675823E+01      0.2574620769E+01      0.1117422474E+00
    0.7174909962E+01      0.7174909962E+01      0.2573789960E+01      0.9134228538E-01
    0.7166852956E+01      0.7166852956E+01      0.2572643871E+01      0.7207529473E-01
    0.7161880338E+01      0.7161880338E+01      0.2570546331E+01      0.5467167609E-01
    0.7159795601E+01      0.7159795601E+01      0.2567799994E+01      0.3945659232E-01
    0.7158601503E+01      0.7158601503E+01      0.2564978771E+01      0.2635554044E-01
    0.7156676065E+01      0.7156676065E+01      0.2563805641E+01      0.1504794463E-01
    0.7153922767E+01      0.7153922767E+01      0.2564201028E+01      0.6767401072E-02
    0.7149976983E+01      0.7149976983E+01      0.2561522909E+01     -0.4062332511E-02
    0.7181026279E+01      0.7181026279E+01      0.2069212609E+01      0.1012498185E+01
    0.7190836998E+01      0.7190836998E+01      0.2128563495E+01      0.8941065786E+00
    0.7197824677E+01      0.7197824677E+01      0.2179991179E+01      0.7898832398E+00
    0.7202971579E+01      0.7202971579E+01      0.2225414350E+01      0.6978972544E+00
    0.7207598354E+01      0.7207598354E+01      0.2267100347E+01      0.6163233926E+00
    0.7212498014E+01      0.7212498014E+01      0.2306297774E+01      0.5435372156E+00
    0.7218679048E+01      0.7218679048E+01      0.2344067153E+01      0.4784185693E+00
    0.7227771341E+01      0.7227771341E+01      0.2382082845E+01      0.4206275986E+00
    0.7238795397E+01      0.7238795397E+01      0.2420903582E+01      0.3692123860E+00
    0.7245062943E+01      0.7245062943E+01      0.2453053372E+01      0.3221268657E+00
    0.7246686380E+01      0.7246686380E+01      0.2478670887E+01      0.2793468130E+00
    0.7246163570E+01      0.7246163570E+01      0.2500820716E+01      0.2407965342E+00
    0.7243326888E+01      0.7243326888E+01      0.2519462555E+01      0.2058809891E+00
    0.7237441929E+01      0.7237441929E+01      0.2533404753E+01      0.1744482485E+00
    0.7228683249E+01      0.7228683249E+01      0.2542737429E+01      0.1464539771E+00
    0.7217546975E+01      0.7217546975E+01      0.2548240732E+01      0.1216290874E+00
    0.7206327959E+01      0.7206327959E+01      0.2551161631E+01      0.9944375732E-01
    0.7197008717E+01      0.7197008717E+01      0.2553330595E+01      0.8027079202E-01
    0.7189684710E+01      0.7189684710E+01      0.2554112535E+01      0.6341053829E-01
    0.7185002064E+01      0.7185002064E+01      0.2554051921E+01      0.4874299289E-01
    0.7182364231E+01      0.7182364231E+01      0.2553495947E+01      0.3591748798E-01
    0.7180656416E+01      0.7180656416E+01      0.2553207538E+01      0.2437281253E-01
    0.7178475380E+01      0.7178475380E+01      0.2553921267E+01      0.1420283908E-01
    0.7176276552E+01      0.7176276552E+01      0.2554829312E+01      0.6736741727E-02
    0.7173773535E+01      0.7173773535E+01      0.2553380294E+01     -0.2419731367E-02
    0.7184794906E+01      0.7184794906E+01      0.1938420803E+01      0.9465549902E+00
    0.7194908535E+01      0.7194908535E+01      0.2011050798E+01      0.8382741450E+00
    0.7202542003E+01      0.7202542003E+01      0.2074467219E+01      0.7422908514E+00
    0.7208277217E+01      0.7208277217E+01      0.2130500935E+01      0.6570851652E+00
    0.7213416588E+01      0.7213416588E+01      0.2181504114E+01      0.5811998338E+00
    0.7218732624E+01      0.7218732624E+01      0.2229022018E+01      0.5131550685E+00
    0.7225449056E+01      0.7225449056E+01      0.2274457098E+01      0.4522156508E+00
    0.7235645550E+01      0.7235645550E+01      0.2320105799E+01      0.3977997996E+00
    0.7246600570E+01      0.7246600570E+01      0.2364796387E+01      0.3485974656E+00
    0.7252626173E+01      0.7252626173E+01      0.2401797716E+01      0.3033949498E+00
    0.7254562888E+01      0.7254562888E+01      0.2432175737E+01      0.2622652346E+00
    0.7254521804E+01      0.7254521804E+01      0.2458450178E+01      0.2248609681E+00
    0.7252658808E+01      0.7252658808E+01      0.2481091687E+01      0.1908975448E+00
    0.7248261030E+01      0.7248261030E+01      0.2499021721E+01      0.1603544455E+00
    0.7241371731E+01      0.7241371731E+01      0.2512340833E+01      0.1329876680E+00
    0.7232475920E+01      0.7232475920E+01      0.2521523396E+01      0.1088700564E+00
    0.7223506220E+01      0.7223506220E+01      0.2527840522E+01      0.8737505443E-01
    0.7216313949E+01      0.7216313949E+01      0.2532987670E+01      0.6921751038E-01
    0.7211033724E+01      0.7211033724E+01      0.2536633633E+01      0.5426720882E-01
    0.7207598196E+01      0.7207598196E+01      0.2539301340E+01      0.4143327176E-01
    0.7205378474E+01      0.7205378474E+01      0.2541705057E+01      0.3008455188E-01
    0.7203609253E+01      0.7203609253E+01      0.2543662364E+01      0.1989449325E-01
    0.7201749897E+01      0.7201749897E+01      0.2545496844E+01      0.1086707103E-01
    0.7200192539E+01      0.7200192539E+01      0.2546807514E+01      0.4353592952E-02
    0.7198159579E+01      0.7198159579E+01      0.2546156345E+01     -0.2856123514E-02
    0.7185746336E+01      0.7185746336E+01      0.1812712611E+01      0.8726494300E+00
    0.7196168829E+01      0.7196168829E+01      0.1896224796E+01      0.7753666518E+00
    0.7204386905E+01      0.7204386905E+01      0.1970372126E+01      0.6882354785E+00
    0.7210747472E+01      0.7210747472E+01      0.2036647098E+01      0.6102939357E+00
    0.7216356369E+01      0.7216356369E+01      0.2097153180E+01      0.5405342271E+00
    0.7222072992E+01      0.7222072992E+01      0.2153528653E+01      0.4778046513E+00
    0.7229353787E+01      0.7229353787E+01      0.2207251725E+01      0.4216311903E+00
    0.7240164795E+01      0.7240164795E+01      0.2260804629E+01      0.3712389558E+00
    0.7250414543E+01      0.7250414543E+01      0.2310884019E+01      0.3251063121E+00
    0.7256171013E+01      0.7256171013E+01      0.2352780790E+01      0.2826508973E+00
    0.7258358828E+01      0.7258358828E+01      0.2387828963E+01      0.2437957530E+00
    0.7258678640E+01      0.7258678640E+01      0.2418076925E+01      0.2082437386E+00
    0.7257680468E+01      0.7257680468E+01      0.2444516505E+01      0.1758591844E+00
    0.7254691362E+01      0.7254691362E+01      0.2466425071E+01      0.1465719148E+00
    0.7249655467E+01      0.7249655467E+01      0.2483701677E+01      0.1203127095E+00
    0.7242940850E+01      0.7242940850E+01      0.2496644982E+01      0.9711178842E-01
    0.7236406033E+01      0.7236406033E+01      0.2506452261E+01      0.7644043139E-01
    0.7231846293E+01      0.7231846293E+01      0.2514790880E+01      0.5956032592E-01
    0.7229428449E+01      0.7229428449E+01      0.2521647083E+01      0.4588506288E-01
    0.7228339647E+01      0.7228339647E+01      0.2527302339E+01      0.3370152289E-01
    0.7228014693E+01      0.7228014693E+01      0.2532118145E+01      0.2316262606E-01
    0.7227720259E+01      0.7227720259E+01      0.2535620812E+01      0.1313592272E-01
    0.7226871037E+01      0.7226871037E+01      0.2537932509E+01      0.4966042352E-02
    0.7225756203E+01      0.7225756203E+01      0.2539270809E+01     -0.7162536348E-03
    0.7224452289E+01      0.7224452289E+01      0.2539735267E+01     -0.5804746645E-02
    0.7184493908E+01      0.7184493908E+01      0.1694357975E+01      0.7903270637E+00
    0.7195432963E+01      0.7195432963E+01      0.1789321833E+01      0.7037983096E+00
    0.7204265983E+01      0.7204265983E+01      0.1874703530E+01      0.6257785809E+00
    0.7211294608E+01      0.7211294608E+01      0.1951517743E+01      0.5557984236E+00
    0.7217517236E+01      0.7217517236E+01      0.2021639817E+01      0.4928252431E+00
    0.7223790046E+01      0.7223790046E+01      0.2086737103E+01      0.4362578724E+00
    0.7231761739E+01      0.7231761739E+01      0.2148257122E+01      0.3857528191E+00
    0.7242554038E+01      0.7242554038E+01      0.2208221391E+01      0.3402666685E+00
    0.7251830587E+01      0.7251830587E+01      0.2262506298E+01      0.2982627351E+00
    0.7257231072E+01      0.7257231072E+01      0.2308421300E+01      0.2593405148E+00
    0.7259497248E+01      0.7259497248E+01      0.2347333791E+01      0.2234687341E+00
    0.7259956287E+01      0.7259956287E+01      0.2381006733E+01      0.1904781412E+00
    0.7259402859E+01      0.7259402859E+01      0.2410711894E+01      0.1602970611E+00
    0.7257395483E+01      0.7257395483E+01      0.2436066850E+01      0.1328090538E+00
    0.7253628904E+01      0.7253628904E+01      0.2456841346E+01      0.1080153920E+00
    0.7248846646E+01      0.7248846646E+01      0.2472922637E+01      0.8614942715E-01
    0.7245075988E+01      0.7245075988E+01      0.2486233677E+01      0.6711738687E-01
    0.7243761668E+01      0.7243761668E+01      0.2498120187E+01      0.5191632933E-01
    0.7244649281E+01      0.7244649281E+01      0.2508110735E+01      0.3878724840E-01
    0.7246662264E+01      0.7246662264E+01      0.2515490873E+01      0.2661920754E-01
    0.7249235559E+01      0.7249235559E+01      0.2520989313E+01      0.1601282645E-01
    0.7251541170E+01      0.7251541170E+01      0.2525548373E+01      0.6096013836E-02
    0.7252707408E+01      0.7252707408E+01      0.2528377681E+01     -0.2128723849E-02
    0.7252868682E+01      0.7252868682E+01      0.2530151222E+01     -0.8140696218E-02
    0.7253231284E+01      0.7253231284E+01      0.2531773196E+01     -0.1180859121E-01
    0.7181661451E+01      0.7181661451E+01      0.1593740978E+01      0.6996592039E+00
    0.7193467421E+01      0.7193467421E+01      0.1699401395E+01      0.6239380335E+00
    0.7203275872E+01      0.7203275872E+01      0.1794773075E+01      0.5553744134E+00
    0.7211126927E+01      0.7211126927E+01      0.1880668203E+01      0.4937756285E+00
    0.7218089923E+01      0.7218089923E+01      0.1958901115E+01      0.4384711482E+00
    0.7225043804E+01      0.7225043804E+01      0.2031205203E+01      0.3890237839E+00
    0.7233537162E+01      0.7233537162E+01      0.2098895723E+01      0.3451129063E+00
    0.7243739090E+01      0.7243739090E+01      0.2163279013E+01      0.3053538991E+00
    0.7251994352E+01      0.7251994352E+01      0.2220671005E+01      0.2678946837E+00
    0.7256947259E+01      0.7256947259E+01      0.2269910044E+01      0.2330429888E+00
    0.7259119649E+01      0.7259119649E+01      0.2312138688E+01      0.2006589586E+00
    0.7259573441E+01      0.7259573441E+01      0.2348909353E+01      0.1707808061E+00
    0.7259128357E+01      0.7259128357E+01      0.2381598155E+01      0.1433648692E+00
    0.7257621648E+01      0.7257621648E+01      0.2410090260E+01      0.1184081706E+00
    0.7254825308E+01      0.7254825308E+01      0.2434062667E+01      0.9636069102E-01
    0.7251621823E+01      0.7251621823E+01      0.2453305760E+01      0.7675195475E-01
    0.7250351680E+01      0.7250351680E+01      0.2470482937E+01      0.5970598092E-01
    0.7252181640E+01      0.7252181640E+01      0.2484736748E+01      0.4586579076E-01
    0.7256592196E+01      0.7256592196E+01      0.2495572766E+01      0.3326610374E-01
    0.7262483536E+01      0.7262483536E+01      0.2503180317E+01      0.2141019359E-01
    0.7268447260E+01      0.7268447260E+01      0.2508853841E+01      0.1031450997E-01
    0.7273418425E+01      0.7273418425E+01      0.2513431846E+01      0.2704745483E-03
    0.7276942056E+01      0.7276942056E+01      0.2516996448E+01     -0.8081210885E-02
    0.7279099495E+01      0.7279099495E+01      0.2519286713E+01     -0.1431194420E-01
    0.7282606929E+01      0.7282606929E+01      0.2522711197E+01     -0.1892248286E-01
    0.7178789606E+01      0.7178789606E+01      0.1513792905E+01      0.6009910613E+00
    0.7191382030E+01      0.7191382030E+01      0.1627000970E+01      0.5367613805E+00
    0.7202046340E+01      0.7202046340E+01      0.1729487686E+01      0.4783637053E+00
    0.7210847045E+01      0.7210847045E+01      0.1822058421E+01      0.4258482403E+00
    0.7218654211E+01      0.7218654211E+01      0.1906438719E+01      0.3788301713E+00
    0.7226353854E+01      0.7226353854E+01      0.1984386536E+01      0.3371132096E+00
    0.7235137695E+01      0.7235137695E+01      0.2057101074E+01      0.3002516528E+00
    0.7244270858E+01      0.7244270858E+01      0.2124892268E+01      0.2665730874E+00
    0.7250921699E+01      0.7250921699E+01      0.2184728014E+01      0.2350962711E+00
    0.7254845430E+01      0.7254845430E+01      0.2236545451E+01      0.2053139647E+00
    0.7256723586E+01      0.7256723586E+01      0.2281565625E+01      0.1769493021E+00
    0.7257224338E+01      0.7257224338E+01      0.2321120655E+01      0.1505162072E+00
    0.7256975585E+01      0.7256975585E+01      0.2356449223E+01      0.1261228962E+00
    0.7255846763E+01      0.7255846763E+01      0.2387546484E+01      0.1038205958E+00
    0.7253496674E+01      0.7253496674E+01      0.2413675597E+01      0.8432623547E-01
    0.7251554770E+01      0.7251554770E+01      0.2435586878E+01      0.6705841341E-01
    0.7252632290E+01      0.7252632290E+01      0.2454866206E+01      0.5331413680E-01
    0.7257134253E+01      0.7257134253E+01      0.2469166196E+01      0.4071122746E-01
    0.7265055441E+01      0.7265055441E+01      0.2479576287E+01      0.2888860032E-01
    0.7274696905E+01      0.7274696905E+01      0.2486892822E+01      0.1751299540E-01
    0.7284327519E+01      0.7284327519E+01      0.2493093654E+01      0.6390204495E-02
    0.7292416823E+01      0.7292416823E+01      0.2498671689E+01     -0.3319893004E-02
    0.7298786921E+01      0.7298786921E+01      0.2503657243E+01     -0.1120701889E-01
    0.7303505412E+01      0.7303505412E+01      0.2507167402E+01     -0.1726423991E-01
    0.7309892158E+01      0.7309892158E+01      0.2513606928E+01     -0.2396757904E-01
    0.7175969193E+01      0.7175969193E+01      0.1451048688E+01      0.4964900351E+00
    0.7189227519E+01      0.7189227519E+01      0.1569554365E+01      0.4441481724E+00
    0.7200743280E+01      0.7200743280E+01      0.1677369530E+01      0.3965177696E+00
    0.7210524005E+01      0.7210524005E+01      0.1775258648E+01      0.3533604061E+00
    0.7219253998E+01      0.7219253998E+01      0.1864909541E+01      0.3148029185E+00
    0.7227990171E+01      0.7227990171E+01      0.1948046338E+01      0.2808658933E+00
    0.7237021199E+01      0.7237021199E+01      0.2025372209E+01      0.2512034835E+00
    0.7244947568E+01      0.7244947568E+01      0.2095552266E+01      0.2239864362E+00
    0.7250458037E+01      0.7250458037E+01      0.2157285982E+01      0.1981752486E+00
    0.7253190151E+01      0.7253190151E+01      0.2210596233E+01      0.1739349175E+00
    0.7254134176E+01      0.7254134176E+01      0.2256864565E+01      0.1509526088E+00
    0.7254112581E+01      0.7254112581E+01      0.2297397697E+01      0.1291929961E+00
    0.7253562762E+01      0.7253562762E+01      0.2333775589E+01      0.1087320202E+00
    0.7252327830E+01      0.7252327830E+01      0.2366139668E+01      0.8989265613E-01
    0.7249990494E+01      0.7249990494E+01      0.2393592326E+01      0.7334936782E-01
    0.7249671854E+01      0.7249671854E+01      0.2418629932E+01      0.5871013600E-01
    0.7252726028E+01      0.7252726028E+01      0.2438434564E+01      0.4731102822E-01
    0.7260043346E+01      0.7260043346E+01      0.2453003585E+01      0.3732996390E-01
    0.7271359834E+01      0.7271359834E+01      0.2462707503E+01      0.2660368673E-01
    0.7284351875E+01      0.7284351875E+01      0.2469822803E+01      0.1574303079E-01
    0.7297216993E+01      0.7297216993E+01      0.2477200975E+01      0.4844315181E-02
    0.7307991963E+01      0.7307991963E+01      0.2484905166E+01     -0.4344879885E-02
    0.7317067497E+01      0.7317067497E+01      0.2492820364E+01     -0.1144650049E-01
    0.7324637445E+01      0.7324637445E+01      0.2499656275E+01     -0.1724956408E-01
    0.7334506851E+01      0.7334506851E+01      0.2510923179E+01     -0.2562663482E-01
    0.7173499678E+01      0.7173499678E+01      0.1402172434E+01      0.3879451695E+00
    0.7187541949E+01      0.7187541949E+01      0.1524713914E+01      0.3476364448E+00
    0.7199797907E+01      0.7199797907E+01      0.1636551962E+01      0.3107219108E+00
    0.7210387432E+01      0.7210387432E+01      0.1738500023E+01      0.2771379667E+00
    0.7220598239E+01      0.7220598239E+01      0.1832607451E+01      0.2467699897E+00
    0.7230802478E+01      0.7230802478E+01      0.1919796613E+01      0.2205519458E+00
    0.7240122875E+01      0.7240122875E+01      0.1999593409E+01      0.1977845897E+00
    0.7247200031E+01      0.7247200031E+01      0.2070864993E+01      0.1772731707E+00
    0.7251501373E+01      0.7251501373E+01      0.2133028199E+01      0.1580670929E+00
    0.7253131209E+01      0.7253131209E+01      0.2186404429E+01      0.1395594868E+00
    0.7252976596E+01      0.7252976596E+01      0.2232922182E+01      0.1220421408E+00
    0.7251828817E+01      0.7251828817E+01      0.2274071148E+01      0.1056738968E+00
    0.7249960901E+01      0.7249960901E+01      0.2310796845E+01      0.9016280000E-01
    0.7247475027E+01      0.7247475027E+01      0.2343936663E+01      0.7569932567E-01
    0.7245084938E+01      0.7245084938E+01      0.2373367047E+01      0.6258231729E-01
    0.7245783139E+01      0.7245783139E+01      0.2400642826E+01      0.5155957029E-01
    0.7250586440E+01      0.7250586440E+01      0.2422036096E+01      0.4185970911E-01
    0.7260548715E+01      0.7260548715E+01      0.2437300473E+01      0.3303429942E-01
    0.7274617358E+01      0.7274617358E+01      0.2447314706E+01      0.2405963603E-01
    0.7290671420E+01      0.7290671420E+01      0.2455359021E+01      0.1413534654E-01
    0.7306122985E+01      0.7306122985E+01      0.2465305780E+01      0.3968750492E-02
    0.7319284266E+01      0.7319284266E+01      0.2476609267E+01     -0.4212375330E-02
    0.7330698289E+01      0.7330698289E+01      0.2488835233E+01     -0.1030070966E-01
    0.7340979025E+01      0.7340979025E+01      0.2500817313E+01     -0.1536785257E-01
    0.7355441676E+01      0.7355441676E+01      0.2518387603E+01     -0.2395829492E-01
    0.7171624459E+01      0.7171624459E+01      0.1368464147E+01      0.2773392656E+00
    0.7186316718E+01      0.7186316718E+01      0.1492965380E+01      0.2490745389E+00
    0.7199270166E+01      0.7199270166E+01      0.1606881965E+01      0.2227740443E+00
    0.7210657023E+01      0.7210657023E+01      0.1711034833E+01      0.1988121766E+00
    0.7221868528E+01      0.7221868528E+01      0.1807434330E+01      0.1775612186E+00
    0.7233169476E+01      0.7233169476E+01      0.1896956485E+01      0.1589787579E+00
    0.7242997912E+01      0.7242997912E+01      0.1978540199E+01      0.1428776090E+00
    0.7249780803E+01      0.7249780803E+01      0.2050694792E+01      0.1288184684E+00
    0.7253054279E+01      0.7253054279E+01      0.2112962646E+01      0.1155689080E+00
    0.7253696359E+01      0.7253696359E+01      0.2166731963E+01      0.1027519136E+00
    0.7253000175E+01      0.7253000175E+01      0.2214093979E+01      0.9080262180E-01
    0.7250776841E+01      0.7250776841E+01      0.2255900038E+01      0.7956271779E-01
    0.7247417025E+01      0.7247417025E+01      0.2293577279E+01      0.6860078856E-01
    0.7243388070E+01      0.7243388070E+01      0.2328175530E+01      0.5826557518E-01
    0.7240177542E+01      0.7240177542E+01      0.2360336521E+01      0.4926009673E-01
    0.7241129919E+01      0.7241129919E+01      0.2390954285E+01      0.4169691964E-01
    0.7246887062E+01      0.7246887062E+01      0.2415015651E+01      0.3454910836E-01
    0.7258986542E+01      0.7258986542E+01      0.2431892718E+01      0.2752708021E-01
    0.7275842449E+01      0.7275842449E+01      0.2443483874E+01      0.1988145002E-01
    0.7294576484E+01      0.7294576484E+01      0.2453610842E+01      0.1165546609E-01
    0.7311976365E+01      0.7311976365E+01      0.2466569653E+01      0.3324115685E-02
    0.7326964785E+01      0.7326964785E+01      0.2481971958E+01     -0.3359186699E-02
    0.7340262600E+01      0.7340262600E+01      0.2498921393E+01     -0.8639950340E-02
    0.7352742051E+01      0.7352742051E+01      0.2516358908E+01     -0.1301499911E-01
    0.7371148225E+01      0.7371148225E+01      0.2540287078E+01     -0.1980488465E-01
    0.7170396663E+01      0.7170396663E+01      0.1343777800E+01      0.1663640229E+00
    0.7185401711E+01      0.7185401711E+01      0.1469016255E+01      0.1498043653E+00
    0.7198603485E+01      0.7198603485E+01      0.1583861521E+01      0.1341304241E+00
    0.7210640168E+01      0.7210640168E+01      0.1689548282E+01      0.1198904898E+00
    0.7222583526E+01      0.7222583526E+01      0.1787833498E+01      0.1074366067E+00
    0.7234517667E+01      0.7234517667E+01      0.1879451132E+01      0.9628219461E-01
    0.7244887594E+01      0.7244887594E+01      0.1963206936E+01      0.8681665265E-01
    0.7251586254E+01      0.7251586254E+01      0.2036990994E+01      0.7870888409E-01
    0.7254300010E+01      0.7254300010E+01      0.2100729780E+01      0.7079867781E-01
    0.7254663113E+01      0.7254663113E+01      0.2156303644E+01      0.6325649780E-01
    0.7253558479E+01      0.7253558479E+01      0.2205635469E+01      0.5650275528E-01
    0.7250421741E+01      0.7250421741E+01      0.2249378188E+01      0.4991251174E-01
    0.7245768154E+01      0.7245768154E+01      0.2289161141E+01      0.4326138107E-01
    0.7240871345E+01      0.7240871345E+01      0.2326543883E+01      0.3702529136E-01
    0.7237148114E+01      0.7237148114E+01      0.2361977364E+01      0.3168398873E-01
    0.7238128060E+01      0.7238128060E+01      0.2396255094E+01      0.2706079180E-01
    0.7244528911E+01      0.7244528911E+01      0.2423237049E+01      0.2256101084E-01
    0.7257880473E+01      0.7257880473E+01      0.2442256125E+01      0.1797151114E-01
    0.7276321368E+01      0.7276321368E+01      0.2455694809E+01      0.1284775972E-01
    0.7296761237E+01      0.7296761237E+01      0.2468549318E+01      0.7192452738E-02
    0.7315213480E+01      0.7315213480E+01      0.2484161613E+01      0.1258525062E-02
    0.7331715798E+01      0.7331715798E+01      0.2501959722E+01     -0.3468898408E-02
    0.7346738500E+01      0.7346738500E+01      0.2521085311E+01     -0.7237572816E-02
    0.7361092295E+01      0.7361092295E+01      0.2540684327E+01     -0.1013429585E-01
    0.7381978511E+01      0.7381978511E+01      0.2567942223E+01     -0.1348506955E-01
    0.7169741962E+01      0.7169741962E+01      0.1336423664E+01      0.5538965059E-01
    0.7184813710E+01      0.7184813710E+01      0.1462313973E+01      0.4995464521E-01
    0.7198095730E+01      0.7198095730E+01      0.1578207660E+01      0.4479653606E-01
    0.7210658192E+01      0.7210658192E+01      0.1685602310E+01      0.4020219939E-01
    0.7222946906E+01      0.7222946906E+01      0.1785601434E+01      0.3614400947E-01
    0.7235171225E+01      0.7235171225E+01      0.1879074855E+01      0.3248203751E-01
    0.7246029928E+01      0.7246029928E+01      0.1964940079E+01      0.2944667681E-01
    0.7252670911E+01      0.7252670911E+01      0.2040423034E+01      0.2674483646E-01
    0.7255091578E+01      0.7255091578E+01      0.2105709720E+01      0.2405817503E-01
    0.7255437229E+01      0.7255437229E+01      0.2163112177E+01      0.2158200320E-01
    0.7254237578E+01      0.7254237578E+01      0.2214395313E+01      0.1932143003E-01
    0.7250516032E+01      0.7250516032E+01      0.2259918794E+01      0.1704050607E-01
    0.7245187129E+01      0.7245187129E+01      0.2301496748E+01      0.1472802664E-01
    0.7239932852E+01      0.7239932852E+01      0.2341083594E+01      0.1258119439E-01
    0.7235760117E+01      0.7235760117E+01      0.2378464488E+01      0.1068995596E-01
    0.7236659870E+01      0.7236659870E+01      0.2414792477E+01      0.9081785477E-02
    0.7243334569E+01      0.7243334569E+01      0.2443127821E+01      0.7545154153E-02
    0.7257459827E+01      0.7257459827E+01      0.2462730897E+01      0.6085824603E-02
    0.7276905032E+01      0.7276905032E+01      0.2476312589E+01      0.4427563472E-02
    0.7298228847E+01      0.7298228847E+01      0.2488795664E+01      0.2592709747E-02
    0.7317635199E+01      0.7317635199E+01      0.2504181408E+01      0.7477947332E-03
    0.7334722338E+01      0.7334722338E+01      0.2521906439E+01     -0.7989270677E-03
    0.7350275855E+01      0.7350275855E+01      0.2540738029E+01     -0.2082038812E-02
    0.7365757368E+01      0.7365757368E+01      0.2559702622E+01     -0.2928131050E-02
    0.7388320364E+01      0.7388320364E+01      0.2587162062E+01     -0.3420420846E-02
