    0.7019635053E+01      0.7019635053E+01     -0.4187955320E-02      0.7056674079E+00
    0.7020182152E+01      0.7020182152E+01     -0.1292715068E-01      0.7067023971E+00
    0.7021026593E+01      0.7021026593E+01     -0.2164262631E-01      0.7076098294E+00
    0.7022503639E+01      0.7022503639E+01     -0.3070193049E-01      0.7087062458E+00
    0.7024444123E+01      0.7024444123E+01     -0.3985626072E-01      0.7103797294E+00
    0.7027045150E+01      0.7027045150E+01     -0.4927765060E-01      0.7122011826E+00
    0.7030384538E+01      0.7030384538E+01     -0.5894405843E-01      0.7144756515E+00
    0.7034631700E+01      0.7034631700E+01     -0.6890688164E-01      0.7177990422E+00
    0.7039636195E+01      0.7039636195E+01     -0.7887184924E-01      0.7220057884E+00
    0.7045189623E+01      0.7045189623E+01     -0.8835663894E-01      0.7268065706E+00
    0.7050926865E+01      0.7050926865E+01     -0.9676684538E-01      0.7321300293E+00
    0.7056568784E+01      0.7056568784E+01     -0.1035415356E+00      0.7382475658E+00
    0.7062010305E+01      0.7062010305E+01     -0.1082341549E+00      0.7454116971E+00
    0.7067094923E+01      0.7067094923E+01     -0.1107690121E+00      0.7534696701E+00
    0.7072276476E+01      0.7072276476E+01     -0.1102856123E+00      0.7623155263E+00
    0.7076074875E+01      0.7076074875E+01     -0.1075776323E+00      0.7728752150E+00
    0.7078810258E+01      0.7078810258E+01     -0.1021363614E+00      0.7842450716E+00
    0.7080314896E+01      0.7080314896E+01     -0.9387770845E-01      0.7963350187E+00
    0.7080710979E+01      0.7080710979E+01     -0.8319401173E-01      0.8092789663E+00
    0.7080357358E+01      0.7080357358E+01     -0.7087342301E-01      0.8230148609E+00
    0.7078718336E+01      0.7078718336E+01     -0.5655079703E-01      0.8377441559E+00
    0.7074722478E+01      0.7074722478E+01     -0.3957760024E-01      0.8532667774E+00
    0.7068788814E+01      0.7068788814E+01     -0.2058189470E-01      0.8695213986E+00
    0.7061419734E+01      0.7061419734E+01      0.2825893506E-03      0.8866057250E+00
    0.7053383563E+01      0.7053383563E+01      0.2216153604E-01      0.9060078846E+00
    0.7011387398E+01      0.7011387398E+01     -0.3955054415E-02      0.7497958236E+00
    0.7011945715E+01      0.7011945715E+01     -0.1223761745E-01      0.7508829725E+00
    0.7012808064E+01      0.7012808064E+01     -0.2047854589E-01      0.7518945306E+00
    0.7014289988E+01      0.7014289988E+01     -0.2904730705E-01      0.7531087307E+00
    0.7016193106E+01      0.7016193106E+01     -0.3767669040E-01      0.7549517839E+00
    0.7018712700E+01      0.7018712700E+01     -0.4656668844E-01      0.7570447165E+00
    0.7021893313E+01      0.7021893313E+01     -0.5568653674E-01      0.7596451205E+00
    0.7025852529E+01      0.7025852529E+01     -0.6505439476E-01      0.7633451977E+00
    0.7030407856E+01      0.7030407856E+01     -0.7434442000E-01      0.7679305315E+00
    0.7035345007E+01      0.7035345007E+01     -0.8308115836E-01      0.7731958131E+00
    0.7040276960E+01      0.7040276960E+01     -0.9055537285E-01      0.7790937057E+00
    0.7044921672E+01      0.7044921672E+01     -0.9631647597E-01      0.7857794993E+00
    0.7049163510E+01      0.7049163510E+01     -0.1002085095E+00      0.7934673207E+00
    0.7053366217E+01      0.7053366217E+01     -0.1017473538E+00      0.8014993741E+00
    0.7057042100E+01      0.7057042100E+01     -0.1005050575E+00      0.8110946787E+00
    0.7059693783E+01      0.7059693783E+01     -0.9691456102E-01      0.8220962161E+00
    0.7061283593E+01      0.7061283593E+01     -0.9054262818E-01      0.8337224506E+00
    0.7061767781E+01      0.7061767781E+01     -0.8140849450E-01      0.8460002037E+00
    0.7061470385E+01      0.7061470385E+01     -0.7005515591E-01      0.8590357654E+00
    0.7060505669E+01      0.7060505669E+01     -0.5676871476E-01      0.8728318483E+00
    0.7058192041E+01      0.7058192041E+01     -0.4131693033E-01      0.8876520470E+00
    0.7053625870E+01      0.7053625870E+01     -0.2309572580E-01      0.9033512404E+00
    0.7047179466E+01      0.7047179466E+01     -0.2869941929E-02      0.9197090638E+00
    0.7039217782E+01      0.7039217782E+01      0.1907738260E-01      0.9364805969E+00
    0.7030637959E+01      0.7030637959E+01      0.4178302057E-01      0.9557701360E+00
    0.7002803289E+01      0.7002803289E+01     -0.3686586738E-02      0.7927929381E+00
    0.7003412586E+01      0.7003412586E+01     -0.1145980032E-01      0.7939536562E+00
    0.7004354960E+01      0.7004354960E+01     -0.1916767421E-01      0.7951083226E+00
    0.7005914398E+01      0.7005914398E+01     -0.2719102958E-01      0.7965129923E+00
    0.7007845451E+01      0.7007845451E+01     -0.3523626420E-01      0.7986017632E+00
    0.7010323427E+01      0.7010323427E+01     -0.4353138631E-01      0.8010507164E+00
    0.7013371639E+01      0.7013371639E+01     -0.5204814482E-01      0.8040565059E+00
    0.7017047031E+01      0.7017047031E+01     -0.6073992608E-01      0.8081985687E+00
    0.7021182059E+01      0.7021182059E+01     -0.6929136193E-01      0.8132229557E+00
    0.7025545422E+01      0.7025545422E+01     -0.7721836545E-01      0.8190289293E+00
    0.7029780694E+01      0.7029780694E+01     -0.8381374054E-01      0.8255962991E+00
    0.7033685632E+01      0.7033685632E+01     -0.8866584706E-01      0.8330256786E+00
    0.7037009661E+01      0.7037009661E+01     -0.9175206876E-01      0.8413390736E+00
    0.7040494119E+01      0.7040494119E+01     -0.9228695523E-01      0.8496515544E+00
    0.7042998467E+01      0.7042998467E+01     -0.9047122688E-01      0.8599990398E+00
    0.7044635999E+01      0.7044635999E+01     -0.8608251403E-01      0.8713672040E+00
    0.7045266246E+01      0.7045266246E+01     -0.7885122762E-01      0.8832045349E+00
    0.7045002130E+01      0.7045002130E+01     -0.6902629748E-01      0.8956541286E+00
    0.7044087066E+01      0.7044087066E+01     -0.5680301089E-01      0.9087940967E+00
    0.7042456660E+01      0.7042456660E+01     -0.4253726361E-01      0.9227407314E+00
    0.7039569691E+01      0.7039569691E+01     -0.2589821057E-01      0.9376330934E+00
    0.7034505363E+01      0.7034505363E+01     -0.6496223473E-02      0.9535790389E+00
    0.7027559735E+01      0.7027559735E+01      0.1508125897E-01      0.9700595258E+00
    0.7019113006E+01      0.7019113006E+01      0.3796886433E-01      0.9868902677E+00
    0.7010114625E+01      0.7010114625E+01      0.6139018385E-01      0.1006055304E+01
    0.6993982262E+01      0.6993982262E+01     -0.3384531087E-02      0.8347115088E+00
    0.6994652887E+01      0.6994652887E+01     -0.1058150739E-01      0.8359513275E+00
    0.6995691989E+01      0.6995691989E+01     -0.1769075048E-01      0.8372567461E+00
    0.6997344192E+01      0.6997344192E+01     -0.2510412113E-01      0.8388994822E+00
    0.6999319270E+01      0.6999319270E+01     -0.3250464372E-01      0.8412920006E+00
    0.7001771997E+01      0.7001771997E+01     -0.4014181444E-01      0.8441878773E+00
    0.7004696154E+01      0.7004696154E+01     -0.4798631342E-01      0.8477001238E+00
    0.7008094496E+01      0.7008094496E+01     -0.5593166740E-01      0.8523289613E+00
    0.7011832060E+01      0.7011832060E+01     -0.6368582897E-01      0.8578656997E+00
    0.7015668260E+01      0.7015668260E+01     -0.7074205645E-01      0.8642488279E+00
    0.7019289961E+01      0.7019289961E+01     -0.7649293491E-01      0.8714772531E+00
    0.7022556972E+01      0.7022556972E+01     -0.8049707327E-01      0.8796247923E+00
    0.7025296937E+01      0.7025296937E+01     -0.8274292113E-01      0.8883371940E+00
    0.7028138870E+01      0.7028138870E+01     -0.8244347995E-01      0.8974539316E+00
    0.7029836247E+01      0.7029836247E+01     -0.8004935437E-01      0.9083488389E+00
    0.7030658901E+01      0.7030658901E+01     -0.7488170866E-01      0.9200016689E+00
    0.7030581790E+01      0.7030581790E+01     -0.6695105849E-01      0.9320443312E+00
    0.7029744009E+01      0.7029744009E+01     -0.5632920718E-01      0.9446632962E+00
    0.7028258878E+01      0.7028258878E+01     -0.4332945291E-01      0.9579687405E+00
    0.7026114483E+01      0.7026114483E+01     -0.2812183402E-01      0.9720700797E+00
    0.7022710338E+01      0.7022710338E+01     -0.1048843245E-01      0.9871600617E+00
    0.7017269924E+01      0.7017269924E+01      0.1007257804E-01      0.1003377823E+01
    0.7009862695E+01      0.7009862695E+01      0.3283965333E-01      0.1020225986E+01
    0.7001036669E+01      0.7001036669E+01      0.5675704829E-01      0.1037574025E+01
    0.6991668134E+01      0.6991668134E+01      0.8108762412E-01      0.1056606987E+01
    0.6985068789E+01      0.6985068789E+01     -0.3059916148E-02      0.8756666252E+00
    0.6985783255E+01      0.6985783255E+01     -0.9622016391E-02      0.8769758552E+00
    0.6986892323E+01      0.6986892323E+01     -0.1607828868E-01      0.8784088702E+00
    0.6988582839E+01      0.6988582839E+01     -0.2280313419E-01      0.8803082166E+00
    0.6990567038E+01      0.6990567038E+01     -0.2947942918E-01      0.8830299123E+00
    0.6992967431E+01      0.6992967431E+01     -0.3637755769E-01      0.8864254335E+00
    0.6995753208E+01      0.6995753208E+01     -0.4346010535E-01      0.8905218350E+00
    0.6998878661E+01      0.6998878661E+01     -0.5057553127E-01      0.8956664824E+00
    0.7002243578E+01      0.7002243578E+01     -0.5745907501E-01      0.9017633425E+00
    0.7005631838E+01      0.7005631838E+01     -0.6362735284E-01      0.9087362711E+00
    0.7008776379E+01      0.7008776379E+01     -0.6854799766E-01      0.9165861394E+00
    0.7011583098E+01      0.7011583098E+01     -0.7185181688E-01      0.9253044297E+00
    0.7014107965E+01      0.7014107965E+01     -0.7328253384E-01      0.9343455308E+00
    0.7016272210E+01      0.7016272210E+01     -0.7232763331E-01      0.9444468436E+00
    0.7017491745E+01      0.7017491745E+01     -0.6917039793E-01      0.9557321165E+00
    0.7017759584E+01      0.7017759584E+01     -0.6326838114E-01      0.9675249427E+00
    0.7017197479E+01      0.7017197479E+01     -0.5464903962E-01      0.9797821904E+00
    0.7015882323E+01      0.7015882323E+01     -0.4323040235E-01      0.9926132750E+00
    0.7013915123E+01      0.7013915123E+01     -0.2944728642E-01      0.1006148063E+01
    0.7011329843E+01      0.7011329843E+01     -0.1345233607E-01      0.1020453464E+01
    0.7007510195E+01      0.7007510195E+01      0.5054246585E-02      0.1035797788E+01
    0.7001703426E+01      0.7001703426E+01      0.2660669848E-01      0.1052364944E+01
    0.6993891772E+01      0.6993891772E+01      0.5053350050E-01      0.1069798745E+01
    0.6984757036E+01      0.6984757036E+01      0.7559205288E-01      0.1087890895E+01
    0.6975079594E+01      0.6975079594E+01      0.1009845917E+00      0.1107048317E+01
    0.6976150214E+01      0.6976150214E+01     -0.2712092413E-02      0.9157489490E+00
    0.6976860677E+01      0.6976860677E+01     -0.8574864776E-02      0.9171039646E+00
    0.6977982474E+01      0.6977982474E+01     -0.1432330025E-01      0.9186471810E+00
    0.6979642513E+01      0.6979642513E+01     -0.2026953299E-01      0.9208096064E+00
    0.6981574866E+01      0.6981574866E+01     -0.2613315129E-01      0.9238509293E+00
    0.6983861700E+01      0.6983861700E+01     -0.3217620815E-01      0.9277543101E+00
    0.6986468210E+01      0.6986468210E+01     -0.3838404021E-01      0.9324657232E+00
    0.6989330566E+01      0.6989330566E+01     -0.4458332348E-01      0.9381219716E+00
    0.6992371831E+01      0.6992371831E+01     -0.5054576559E-01      0.9447902142E+00
    0.6995431687E+01      0.6995431687E+01     -0.5586324873E-01      0.9523049162E+00
    0.6998299436E+01      0.6998299436E+01     -0.6001543632E-01      0.9606580290E+00
    0.7000791993E+01      0.7000791993E+01     -0.6273565179E-01      0.9697502993E+00
    0.7003307269E+01      0.7003307269E+01     -0.6337045877E-01      0.9791804996E+00
    0.7005037771E+01      0.7005037771E+01     -0.6186929320E-01      0.9901132855E+00
    0.7005907860E+01      0.7005907860E+01     -0.5793225009E-01      0.1001647298E+01
    0.7005864450E+01      0.7005864450E+01     -0.5131937260E-01      0.1013542342E+01
    0.7004984091E+01      0.7004984091E+01     -0.4190072279E-01      0.1026011138E+01
    0.7003288079E+01      0.7003288079E+01     -0.2978345648E-01      0.1039136370E+01
    0.7000934822E+01      0.7000934822E+01     -0.1521388774E-01      0.1052971225E+01
    0.6997932565E+01      0.6997932565E+01      0.1516751829E-02      0.1067594019E+01
    0.6993765212E+01      0.6993765212E+01      0.2083766596E-01      0.1083267379E+01
    0.6987593152E+01      0.6987593152E+01      0.4330103211E-01      0.1100253736E+01
    0.6979384659E+01      0.6979384659E+01      0.6837662150E-01      0.1118396236E+01
    0.6969874438E+01      0.6969874438E+01      0.9471542800E-01      0.1137273111E+01
    0.6959937587E+01      0.6959937587E+01      0.1212439707E+00      0.1156873316E+01
    0.6967328481E+01      0.6967328481E+01     -0.2344305870E-02      0.9550839743E+00
    0.6968003038E+01      0.6968003038E+01     -0.7453243415E-02      0.9564947276E+00
    0.6969080986E+01      0.6969080986E+01     -0.1242208405E-01      0.9581176746E+00
    0.6970592927E+01      0.6970592927E+01     -0.1748004932E-01      0.9604839269E+00
    0.6972381123E+01      0.6972381123E+01     -0.2245336317E-01      0.9638276026E+00
    0.6974472149E+01      0.6974472149E+01     -0.2754682444E-01      0.9682012162E+00
    0.6976840720E+01      0.6976840720E+01     -0.3275649315E-01      0.9734888938E+00
    0.6979462876E+01      0.6979462876E+01     -0.3797007620E-01      0.9796094373E+00
    0.6982279858E+01      0.6982279858E+01     -0.4300949983E-01      0.9868023728E+00
    0.6985171328E+01      0.6985171328E+01     -0.4755214749E-01      0.9947442532E+00
    0.6987938278E+01      0.6987938278E+01     -0.5102725162E-01      0.1003474795E+01
    0.6990393349E+01      0.6990393349E+01     -0.5309377464E-01      0.1012859179E+01
    0.6992932214E+01      0.6992932214E+01     -0.5312493144E-01      0.1022668681E+01
    0.6994479908E+01      0.6994479908E+01     -0.5107695221E-01      0.1034052563E+01
    0.6995155663E+01      0.6995155663E+01     -0.4639224455E-01      0.1045753433E+01
    0.6994947803E+01      0.6994947803E+01     -0.3904269408E-01      0.1057818894E+01
    0.6993852444E+01      0.6993852444E+01     -0.2888530971E-01      0.1070541197E+01
    0.6991864051E+01      0.6991864051E+01     -0.1603690727E-01      0.1084009823E+01
    0.6989159380E+01      0.6989159380E+01     -0.7002137794E-03      0.1098230173E+01
    0.6985777605E+01      0.6985777605E+01      0.1682404020E-01      0.1113290554E+01
    0.6981241037E+01      0.6981241037E+01      0.3698233434E-01      0.1129394862E+01
    0.6974681867E+01      0.6974681867E+01      0.6038879985E-01      0.1146870013E+01
    0.6966039291E+01      0.6966039291E+01      0.8664830199E-01      0.1165742005E+01
    0.6956088188E+01      0.6956088188E+01      0.1143402540E+00      0.1185448164E+01
    0.6945885168E+01      0.6945885168E+01      0.1420574838E+00      0.1205772217E+01
    0.6958575389E+01      0.6958575389E+01     -0.1945451823E-02      0.9936686935E+00
    0.6959194066E+01      0.6959194066E+01     -0.6232395557E-02      0.9951559584E+00
    0.6960173139E+01      0.6960173139E+01     -0.1036647439E-01      0.9968405568E+00
    0.6961475688E+01      0.6961475688E+01     -0.1449106874E-01      0.9994216859E+00
    0.6963042078E+01      0.6963042078E+01     -0.1851387535E-01      0.1003045482E+01
    0.6964869238E+01      0.6964869238E+01     -0.2257031904E-01      0.1007809936E+01
    0.6966968172E+01      0.6966968172E+01     -0.2669107787E-01      0.1013552822E+01
    0.6969411270E+01      0.6969411270E+01     -0.3088877126E-01      0.1020027227E+01
    0.6972112521E+01      0.6972112521E+01     -0.3500067927E-01      0.1027594979E+01
    0.6974969584E+01      0.6974969584E+01     -0.3876672384E-01      0.1035819133E+01
    0.6977762740E+01      0.6977762740E+01     -0.4162545120E-01      0.1044796902E+01
    0.6980388758E+01      0.6980388758E+01     -0.4317859764E-01      0.1054205706E+01
    0.6983017691E+01      0.6983017691E+01     -0.4265167861E-01      0.1064584335E+01
    0.6984576661E+01      0.6984576661E+01     -0.3998537861E-01      0.1075967208E+01
    0.6985175674E+01      0.6985175674E+01     -0.3461096138E-01      0.1087786893E+01
    0.6984858862E+01      0.6984858862E+01     -0.2657306626E-01      0.1100081355E+01
    0.6983588467E+01      0.6983588467E+01     -0.1567968649E-01      0.1113120569E+01
    0.6981330751E+01      0.6981330751E+01     -0.2027213458E-02      0.1126994296E+01
    0.6978347418E+01      0.6978347418E+01      0.1412942897E-01      0.1141732393E+01
    0.6974580017E+01      0.6974580017E+01      0.3256227112E-01      0.1157339058E+01
    0.6969641421E+01      0.6969641421E+01      0.5366602552E-01      0.1174009905E+01
    0.6962651208E+01      0.6962651208E+01      0.7809990851E-01      0.1192072805E+01
    0.6953528635E+01      0.6953528635E+01      0.1055829897E+00      0.1211682885E+01
    0.6943079133E+01      0.6943079133E+01      0.1346530809E+00      0.1232286076E+01
    0.6932543783E+01      0.6932543783E+01      0.1635866094E+00      0.1253556719E+01
    0.6949819988E+01      0.6949819988E+01     -0.1525284945E-02      0.1031445614E+01
    0.6950356638E+01      0.6950356638E+01     -0.4918758005E-02      0.1033037445E+01
    0.6951193321E+01      0.6951193321E+01     -0.8133264414E-02      0.1034830616E+01
    0.6952273011E+01      0.6952273011E+01     -0.1125066352E-01      0.1037629579E+01
    0.6953592620E+01      0.6953592620E+01     -0.1425720175E-01      0.1041525389E+01
    0.6955168097E+01      0.6955168097E+01     -0.1724455363E-01      0.1046565468E+01
    0.6957039872E+01      0.6957039872E+01     -0.2028322655E-01      0.1052561223E+01
    0.6959348287E+01      0.6959348287E+01     -0.2347707226E-01      0.1059192709E+01
    0.6962052381E+01      0.6962052381E+01     -0.2672637111E-01      0.1066950625E+01
    0.6964994357E+01      0.6964994357E+01     -0.2975785998E-01      0.1075349740E+01
    0.6967985856E+01      0.6967985856E+01     -0.3208488310E-01      0.1084451545E+01
    0.6970955967E+01      0.6970955967E+01     -0.3320055006E-01      0.1093846307E+01
    0.6973699262E+01      0.6973699262E+01     -0.3207106717E-01      0.1104594429E+01
    0.6975362523E+01      0.6975362523E+01     -0.2870240326E-01      0.1115845363E+01
    0.6975952785E+01      0.6975952785E+01     -0.2264368410E-01      0.1127761375E+01
    0.6975522831E+01      0.6975522831E+01     -0.1391836579E-01      0.1140315432E+01
    0.6974051060E+01      0.6974051060E+01     -0.2202129823E-02      0.1153727239E+01
    0.6971542005E+01      0.6971542005E+01      0.1235363733E-01      0.1168074099E+01
    0.6968241611E+01      0.6968241611E+01      0.2945972963E-01      0.1183409374E+01
    0.6964086957E+01      0.6964086957E+01      0.4891280816E-01      0.1199683960E+01
    0.6958665085E+01      0.6958665085E+01      0.7109833755E-01      0.1217035969E+01
    0.6951180116E+01      0.6951180116E+01      0.9664447620E-01      0.1235793779E+01
    0.6941543818E+01      0.6941543818E+01      0.1253500491E+00      0.1256176993E+01
    0.6930571808E+01      0.6930571808E+01      0.1557711009E+00      0.1277776569E+01
    0.6919615576E+01      0.6919615576E+01      0.1859728205E+00      0.1300157193E+01
    0.6941006383E+01      0.6941006383E+01     -0.1050940914E-02      0.1068424026E+01
    0.6941444859E+01      0.6941444859E+01     -0.3427544916E-02      0.1070121381E+01
    0.6942120268E+01      0.6942120268E+01     -0.5603545914E-02      0.1072059237E+01
    0.6942996521E+01      0.6942996521E+01     -0.7670683921E-02      0.1075073832E+01
    0.6944104506E+01      0.6944104506E+01     -0.9633279606E-02      0.1079178573E+01
    0.6945477588E+01      0.6945477588E+01     -0.1158988558E-01      0.1084356985E+01
    0.6947233271E+01      0.6947233271E+01     -0.1366354090E-01      0.1090421269E+01
    0.6949534079E+01      0.6949534079E+01     -0.1599242465E-01      0.1097077806E+01
    0.6952354773E+01      0.6952354773E+01     -0.1845511080E-01      0.1104826994E+01
    0.6955530528E+01      0.6955530528E+01     -0.2077129927E-01      0.1113241494E+01
    0.6958869392E+01      0.6958869392E+01     -0.2253484389E-01      0.1122392756E+01
    0.6962278349E+01      0.6962278349E+01     -0.2309719003E-01      0.1131791604E+01
    0.6965106477E+01      0.6965106477E+01     -0.2141385570E-01      0.1142567314E+01
    0.6966849439E+01      0.6966849439E+01     -0.1734594860E-01      0.1153728323E+01
    0.6967387261E+01      0.6967387261E+01     -0.1053054048E-01      0.1165744222E+01
    0.6966813855E+01      0.6966813855E+01     -0.9947255110E-03      0.1178605729E+01
    0.6965111245E+01      0.6965111245E+01      0.1168429141E-01      0.1192428687E+01
    0.6962306000E+01      0.6962306000E+01      0.2725589105E-01      0.1207319026E+01
    0.6958614796E+01      0.6958614796E+01      0.4544563798E-01      0.1223288583E+01
    0.6953997232E+01      0.6953997232E+01      0.6604294977E-01      0.1240312137E+01
    0.6948011307E+01      0.6948011307E+01      0.8943012445E-01      0.1258453411E+01
    0.6939958800E+01      0.6939958800E+01      0.1161714237E+00      0.1278002795E+01
    0.6929793568E+01      0.6929793568E+01      0.1460826574E+00      0.1299214006E+01
    0.6918274520E+01      0.6918274520E+01      0.1778366564E+00      0.1321860053E+01
    0.6906822912E+01      0.6906822912E+01      0.2093890483E+00      0.1345429346E+01
    0.6932085733E+01      0.6932085733E+01     -0.5116002245E-03      0.1104586908E+01
    0.6932440876E+01      0.6932440876E+01     -0.1756348146E-02      0.1106390900E+01
    0.6932974490E+01      0.6932974490E+01     -0.2814274607E-02      0.1108512474E+01
    0.6933708154E+01      0.6933708154E+01     -0.3814811168E-02      0.1111698633E+01
    0.6934682908E+01      0.6934682908E+01     -0.4753357602E-02      0.1115922630E+01
    0.6935988870E+01      0.6935988870E+01     -0.5767045895E-02      0.1121143297E+01
    0.6937816763E+01      0.6937816763E+01     -0.7024525422E-02      0.1127155681E+01
    0.6940268624E+01      0.6940268624E+01     -0.8573150967E-02      0.1133672929E+01
    0.6943373008E+01      0.6943373008E+01     -0.1035157678E-01      0.1141243538E+01
    0.6946887679E+01      0.6946887679E+01     -0.1199286878E-01      0.1149540380E+01
    0.6950629562E+01      0.6950629562E+01     -0.1312770872E-01      0.1158504749E+01
    0.6954514987E+01      0.6954514987E+01     -0.1292245536E-01      0.1168102645E+01
    0.6957320430E+01      0.6957320430E+01     -0.1071354727E-01      0.1178624822E+01
    0.6959013189E+01      0.6959013189E+01     -0.5897312809E-02      0.1189757265E+01
    0.6959414956E+01      0.6959414956E+01      0.1798912850E-02      0.1201914278E+01
    0.6958625925E+01      0.6958625925E+01      0.1235868195E-01      0.1215101151E+01
    0.6956618076E+01      0.6956618076E+01      0.2609326433E-01      0.1229393906E+01
    0.6953434938E+01      0.6953434938E+01      0.4282955348E-01      0.1244852760E+01
    0.6949267534E+01      0.6949267534E+01      0.6220026414E-01      0.1261498542E+01
    0.6944099947E+01      0.6944099947E+01      0.8407120095E-01      0.1279319507E+01
    0.6937477270E+01      0.6937477270E+01      0.1087614248E+00      0.1298334945E+01
    0.6928806045E+01      0.6928806045E+01      0.1367732867E+00      0.1318753127E+01
    0.6918083346E+01      0.6918083346E+01      0.1679026423E+00      0.1340803834E+01
    0.6906000269E+01      0.6906000269E+01      0.2009709670E+00      0.1364483741E+01
    0.6894009799E+01      0.6894009799E+01      0.2339097274E+00      0.1389291435E+01
    0.6923040639E+01      0.6923040639E+01      0.5803570774E-04      0.1139933371E+01
    0.6923333555E+01      0.6923333555E+01      0.0000000000E+00      0.1141828920E+01
    0.6923768622E+01      0.6923768622E+01      0.1016465623E-03      0.1144137615E+01
    0.6924481585E+01      0.6924481585E+01      0.1772186444E-03      0.1147416378E+01
    0.6925502786E+01      0.6925502786E+01      0.2287944574E-03      0.1151712326E+01
    0.6926923554E+01      0.6926923554E+01      0.6800257584E-04      0.1156861232E+01
    0.6928979309E+01      0.6928979309E+01     -0.4310261102E-03      0.1162607049E+01
    0.6931700026E+01      0.6931700026E+01     -0.1267615037E-02      0.1168806396E+01
    0.6935170053E+01      0.6935170053E+01     -0.2402378797E-02      0.1176033419E+01
    0.6939111489E+01      0.6939111489E+01     -0.3440771504E-02      0.1184036977E+01
    0.6943416487E+01      0.6943416487E+01     -0.4064706070E-02      0.1192796401E+01
    0.6947433681E+01      0.6947433681E+01     -0.3004450579E-02      0.1202489108E+01
    0.6950254598E+01      0.6950254598E+01      0.5860979808E-04      0.1212900860E+01
    0.6951803377E+01      0.6951803377E+01      0.5822103191E-02      0.1224141359E+01
    0.6951968898E+01      0.6951968898E+01      0.1449199348E-01      0.1236516604E+01
    0.6950861995E+01      0.6950861995E+01      0.2622165125E-01      0.1250049414E+01
    0.6948420111E+01      0.6948420111E+01      0.4116715759E-01      0.1264803895E+01
    0.6944776009E+01      0.6944776009E+01      0.5914502212E-01      0.1280858727E+01
    0.6940064027E+01      0.6940064027E+01      0.7978757804E-01      0.1298218104E+01
    0.6934277435E+01      0.6934277435E+01      0.1030298990E+00      0.1316860227E+01
    0.6926964905E+01      0.6926964905E+01      0.1291223386E+00      0.1336787027E+01
    0.6917649207E+01      0.6917649207E+01      0.1584695135E+00      0.1358108460E+01
    0.6906362602E+01      0.6906362602E+01      0.1908439778E+00      0.1381017694E+01
    0.6893697891E+01      0.6893697891E+01      0.2252403396E+00      0.1405687092E+01
    0.6881178199E+01      0.6881178199E+01      0.2595623722E+00      0.1431701324E+01
    0.6913835330E+01      0.6913835330E+01      0.6676318314E-03      0.1174473276E+01
    0.6914097764E+01      0.6914097764E+01      0.1849285267E-02      0.1176392106E+01
    0.6914562796E+01      0.6914562796E+01      0.3077722904E-02      0.1178780147E+01
    0.6915357435E+01      0.6915357435E+01      0.4229138724E-02      0.1182018450E+01
    0.6916565869E+01      0.6916565869E+01      0.5214791304E-02      0.1186246418E+01
    0.6918346739E+01      0.6918346739E+01      0.5806659661E-02      0.1191195918E+01
    0.6920808738E+01      0.6920808738E+01      0.5941131579E-02      0.1196570022E+01
    0.6923924844E+01      0.6923924844E+01      0.5730156940E-02      0.1202364706E+01
    0.6927831788E+01      0.6927831788E+01      0.5205108039E-02      0.1209121894E+01
    0.6932252181E+01      0.6932252181E+01      0.4712890423E-02      0.1216733943E+01
    0.6937057925E+01      0.6937057925E+01      0.4861997204E-02      0.1225282020E+01
    0.6941020407E+01      0.6941020407E+01      0.6794556765E-02      0.1234965696E+01
    0.6943791463E+01      0.6943791463E+01      0.1098653317E-01      0.1245537165E+01
    0.6945087975E+01      0.6945087975E+01      0.1794846987E-01      0.1257085267E+01
    0.6944931808E+01      0.6944931808E+01      0.2771966204E-01      0.1269776064E+01
    0.6943430217E+01      0.6943430217E+01      0.4069616447E-01      0.1283692986E+01
    0.6940458575E+01      0.6940458575E+01      0.5693360991E-01      0.1298942712E+01
    0.6936260506E+01      0.6936260506E+01      0.7623827996E-01      0.1315579010E+01
    0.6930940834E+01      0.6930940834E+01      0.9822355611E-01      0.1333639380E+01
    0.6924483567E+01      0.6924483567E+01      0.1228937194E+00      0.1353087589E+01
    0.6916459992E+01      0.6916459992E+01      0.1504607055E+00      0.1373908682E+01
    0.6906481486E+01      0.6906481486E+01      0.1812049267E+00      0.1396135504E+01
    0.6894613643E+01      0.6894613643E+01      0.2148943774E+00      0.1419894532E+01
    0.6881363094E+01      0.6881363094E+01      0.2506504411E+00      0.1445483020E+01
    0.6868317430E+01      0.6868317430E+01      0.2863686593E+00      0.1472563245E+01
    0.6904509099E+01      0.6904509099E+01      0.1271541717E-02      0.1208106940E+01
    0.6904808399E+01      0.6904808399E+01      0.3629571284E-02      0.1209968878E+01
    0.6905424435E+01      0.6905424435E+01      0.5935500280E-02      0.1212300526E+01
    0.6906483597E+01      0.6906483597E+01      0.8077684489E-02      0.1215389170E+01
    0.6908086443E+01      0.6908086443E+01      0.9932750032E-02      0.1219431099E+01
    0.6910363776E+01      0.6910363776E+01      0.1129838413E-01      0.1224045672E+01
    0.6913369801E+01      0.6913369801E+01      0.1214696891E-01      0.1228973539E+01
    0.6917059871E+01      0.6917059871E+01      0.1253801367E-01      0.1234355491E+01
    0.6921426864E+01      0.6921426864E+01      0.1260483266E-01      0.1240607505E+01
    0.6926438778E+01      0.6926438778E+01      0.1260512604E-01      0.1247812046E+01
    0.6931419914E+01      0.6931419914E+01      0.1365049626E-01      0.1256150948E+01
    0.6935345101E+01      0.6935345101E+01      0.1669410778E-01      0.1265913998E+01
    0.6937893120E+01      0.6937893120E+01      0.2220177130E-01      0.1276807035E+01
    0.6938778579E+01      0.6938778579E+01      0.3053654285E-01      0.1288786078E+01
    0.6938210712E+01      0.6938210712E+01      0.4155689934E-01      0.1301877837E+01
    0.6936195371E+01      0.6936195371E+01      0.5587216342E-01      0.1316230748E+01
    0.6932642768E+01      0.6932642768E+01      0.7345509411E-01      0.1331983171E+01
    0.6927810723E+01      0.6927810723E+01      0.9407824674E-01      0.1349185236E+01
    0.6921856737E+01      0.6921856737E+01      0.1174524574E+00      0.1367902791E+01
    0.6914695577E+01      0.6914695577E+01      0.1435720177E+00      0.1388118886E+01
    0.6905952515E+01      0.6905952515E+01      0.1726599929E+00      0.1409791720E+01
    0.6895316149E+01      0.6895316149E+01      0.2048783377E+00      0.1432901614E+01
    0.6882849064E+01      0.6882849064E+01      0.2399510717E+00      0.1457506769E+01
    0.6869028789E+01      0.6869028789E+01      0.2771114755E+00      0.1483929485E+01
    0.6855513876E+01      0.6855513876E+01      0.3141951263E+00      0.1511949430E+01
    0.6895196431E+01      0.6895196431E+01      0.1837852828E-02      0.1240688659E+01
    0.6895637007E+01      0.6895637007E+01      0.5254776821E-02      0.1242477446E+01
    0.6896568119E+01      0.6896568119E+01      0.8576426050E-02      0.1244695095E+01
    0.6898087029E+01      0.6898087029E+01      0.1167522038E-01      0.1247519131E+01
    0.6900260618E+01      0.6900260618E+01      0.1437242485E-01      0.1251247940E+01
    0.6903163330E+01      0.6903163330E+01      0.1649783590E-01      0.1255398714E+01
    0.6906786310E+01      0.6906786310E+01      0.1805406227E-01      0.1259815933E+01
    0.6911053563E+01      0.6911053563E+01      0.1909193707E-01      0.1264758299E+01
    0.6915925152E+01      0.6915925152E+01      0.1975724147E-01      0.1270514588E+01
    0.6921328373E+01      0.6921328373E+01      0.2043627345E-01      0.1277318305E+01
    0.6926306492E+01      0.6926306492E+01      0.2253677681E-01      0.1285487940E+01
    0.6930044700E+01      0.6930044700E+01      0.2677846335E-01      0.1295374046E+01
    0.6932211864E+01      0.6932211864E+01      0.3372580948E-01      0.1306669141E+01
    0.6932649659E+01      0.6932649659E+01      0.4345932755E-01      0.1319189679E+01
    0.6931624151E+01      0.6931624151E+01      0.5595975219E-01      0.1332821570E+01
    0.6929009734E+01      0.6929009734E+01      0.7170051392E-01      0.1347723215E+01
    0.6924860751E+01      0.6924860751E+01      0.9069289849E-01      0.1364024182E+01
    0.6919376949E+01      0.6919376949E+01      0.1126520457E+00      0.1381803221E+01
    0.6912769834E+01      0.6912769834E+01      0.1374177797E+00      0.1401145661E+01
    0.6904900651E+01      0.6904900651E+01      0.1650019277E+00      0.1422073991E+01
    0.6895431468E+01      0.6895431468E+01      0.1956244734E+00      0.1444546124E+01
    0.6884123861E+01      0.6884123861E+01      0.2293603011E+00      0.1468499436E+01
    0.6871049350E+01      0.6871049350E+01      0.2658976582E+00      0.1493938314E+01
    0.6856700512E+01      0.6856700512E+01      0.3044716911E+00      0.1521111213E+01
    0.6842755398E+01      0.6842755398E+01      0.3429165116E+00      0.1549918069E+01
    0.6886090135E+01      0.6886090135E+01      0.2353703210E-02      0.1272124890E+01
    0.6886734980E+01      0.6886734980E+01      0.6689901220E-02      0.1273782947E+01
    0.6888079935E+01      0.6888079935E+01      0.1089470596E-01      0.1275728968E+01
    0.6890172934E+01      0.6890172934E+01      0.1484338988E-01      0.1278160516E+01
    0.6893030859E+01      0.6893030859E+01      0.1835405325E-01      0.1281458905E+01
    0.6896654900E+01      0.6896654900E+01      0.2128801759E-01      0.1285078902E+01
    0.6900970199E+01      0.6900970199E+01      0.2363926657E-01      0.1288994836E+01
    0.6905847531E+01      0.6905847531E+01      0.2543024281E-01      0.1293562773E+01
    0.6911194287E+01      0.6911194287E+01      0.2680991477E-01      0.1298932716E+01
    0.6916784350E+01      0.6916784350E+01      0.2846215987E-01      0.1305483822E+01
    0.6921549208E+01      0.6921549208E+01      0.3169055324E-01      0.1313617739E+01
    0.6924959701E+01      0.6924959701E+01      0.3721416241E-01      0.1323627194E+01
    0.6926622342E+01      0.6926622342E+01      0.4563007155E-01      0.1335300282E+01
    0.6926585506E+01      0.6926585506E+01      0.5674522742E-01      0.1348377697E+01
    0.6925043173E+01      0.6925043173E+01      0.7085107190E-01      0.1362642405E+01
    0.6921779592E+01      0.6921779592E+01      0.8814221401E-01      0.1378209154E+01
    0.6916982658E+01      0.6916982658E+01      0.1086073698E+00      0.1395157340E+01
    0.6910841258E+01      0.6910841258E+01      0.1319461647E+00      0.1413569389E+01
    0.6903573888E+01      0.6903573888E+01      0.1580942583E+00      0.1433533476E+01
    0.6895006730E+01      0.6895006730E+01      0.1871171245E+00      0.1455119734E+01
    0.6884847561E+01      0.6884847561E+01      0.2192549400E+00      0.1478322810E+01
    0.6872903417E+01      0.6872903417E+01      0.2545228157E+00      0.1503057071E+01
    0.6859244270E+01      0.6859244270E+01      0.2925751667E+00      0.1529268270E+01
    0.6844471178E+01      0.6844471178E+01      0.3325196052E+00      0.1557102568E+01
    0.6830193358E+01      0.6830193358E+01      0.3723222934E+00      0.1586584399E+01
    0.6877359909E+01      0.6877359909E+01      0.2744984860E-02      0.1302209614E+01
    0.6878255028E+01      0.6878255028E+01      0.7733121755E-02      0.1303693505E+01
    0.6880080105E+01      0.6880080105E+01      0.1261131096E-01      0.1305271585E+01
    0.6882816284E+01      0.6882816284E+01      0.1728082546E-01      0.1307214303E+01
    0.6886413054E+01      0.6886413054E+01      0.2157027490E-01      0.1309969387E+01
    0.6890794428E+01      0.6890794428E+01      0.2535535029E-01      0.1312992685E+01
    0.6895817609E+01      0.6895817609E+01      0.2859972087E-01      0.1316415274E+01
    0.6901269089E+01      0.6901269089E+01      0.3131358885E-01      0.1320720034E+01
    0.6906974521E+01      0.6906974521E+01      0.3367461558E-01      0.1325896407E+01
    0.6912475950E+01      0.6912475950E+01      0.3667184477E-01      0.1332444605E+01
    0.6916925232E+01      0.6916925232E+01      0.4118595704E-01      0.1340688604E+01
    0.6919891270E+01      0.6919891270E+01      0.4809698791E-01      0.1350863420E+01
    0.6920975055E+01      0.6920975055E+01      0.5795309297E-01      0.1362871784E+01
    0.6920436460E+01      0.6920436460E+01      0.7045896784E-01      0.1376486733E+01
    0.6918276949E+01      0.6918276949E+01      0.8617529632E-01      0.1391459203E+01
    0.6914332503E+01      0.6914332503E+01      0.1051044806E+00      0.1407835853E+01
    0.6908835181E+01      0.6908835181E+01      0.1270884724E+00      0.1425562125E+01
    0.6902055043E+01      0.6902055043E+01      0.1518806575E+00      0.1444689959E+01
    0.6894143637E+01      0.6894143637E+01      0.1794099843E+00      0.1465279321E+01
    0.6884969133E+01      0.6884969133E+01      0.2098506373E+00      0.1487441928E+01
    0.6874213962E+01      0.6874213962E+01      0.2434630824E+00      0.1511209191E+01
    0.6861694931E+01      0.6861694931E+01      0.2802590274E+00      0.1536532937E+01
    0.6847564813E+01      0.6847564813E+01      0.3198203975E+00      0.1563384877E+01
    0.6832512047E+01      0.6832512047E+01      0.3611023066E+00      0.1591738699E+01
    0.6817979975E+01      0.6817979975E+01      0.4023109913E+00      0.1621693134E+01
    0.6869344206E+01      0.6869344206E+01      0.3014052167E-02      0.1330934920E+01
    0.6870489023E+01      0.6870489023E+01      0.8406033264E-02      0.1332189781E+01
    0.6872795970E+01      0.6872795970E+01      0.1374384335E-01      0.1333327622E+01
    0.6876189838E+01      0.6876189838E+01      0.1896240731E-01      0.1334737617E+01
    0.6880547530E+01      0.6880547530E+01      0.2392072276E-01      0.1336899267E+01
    0.6885691128E+01      0.6885691128E+01      0.2853181701E-01      0.1339303758E+01
    0.6891366698E+01      0.6891366698E+01      0.3275281676E-01      0.1342259230E+01
    0.6897246605E+01      0.6897246605E+01      0.3660465121E-01      0.1346414142E+01
    0.6903076191E+01      0.6903076191E+01      0.4040696420E-01      0.1351627534E+01
    0.6908297043E+01      0.6908297043E+01      0.4497463757E-01      0.1358394066E+01
    0.6912298611E+01      0.6912298611E+01      0.5106204750E-01      0.1366867208E+01
    0.6914646499E+01      0.6914646499E+01      0.5953232948E-01      0.1377298702E+01
    0.6915123874E+01      0.6915123874E+01      0.7071976862E-01      0.1389670527E+01
    0.6913999646E+01      0.6913999646E+01      0.8470633884E-01      0.1403822260E+01
    0.6911090878E+01      0.6911090878E+01      0.1019893099E+00      0.1419557658E+01
    0.6906446835E+01      0.6906446835E+01      0.1225502473E+00      0.1436799134E+01
    0.6900276783E+01      0.6900276783E+01      0.1460525483E+00      0.1455369947E+01
    0.6892955665E+01      0.6892955665E+01      0.1723035422E+00      0.1475209300E+01
    0.6884565014E+01      0.6884565014E+01      0.2012153109E+00      0.1496318637E+01
    0.6874921783E+01      0.6874921783E+01      0.2330482691E+00      0.1518828951E+01
    0.6863715185E+01      0.6863715185E+01      0.2681277515E+00      0.1542930873E+01
    0.6850767594E+01      0.6850767594E+01      0.3064287004E+00      0.1568675967E+01
    0.6836345967E+01      0.6836345967E+01      0.3474612149E+00      0.1595930800E+01
    0.6821232586E+01      0.6821232586E+01      0.3900132497E+00      0.1624568423E+01
    0.6806627233E+01      0.6806627233E+01      0.4325993703E+00      0.1654773689E+01
    0.6862234137E+01      0.6862234137E+01      0.3173135413E-02      0.1358052381E+01
    0.6863649438E+01      0.6863649438E+01      0.8738017591E-02      0.1359116835E+01
    0.6866419448E+01      0.6866419448E+01      0.1437739342E-01      0.1359851253E+01
    0.6870404230E+01      0.6870404230E+01      0.2007125895E-01      0.1360740369E+01
    0.6875426019E+01      0.6875426019E+01      0.2566583740E-01      0.1362246779E+01
    0.6881226287E+01      0.6881226287E+01      0.3107074218E-01      0.1364010426E+01
    0.6887408469E+01      0.6887408469E+01      0.3628897202E-01      0.1366606918E+01
    0.6893542046E+01      0.6893542046E+01      0.4151412620E-01      0.1370805169E+01
    0.6899240752E+01      0.6899240752E+01      0.4702538790E-01      0.1376225846E+01
    0.6904019434E+01      0.6904019434E+01      0.5336233547E-01      0.1383335519E+01
    0.6907407718E+01      0.6907407718E+01      0.6125841565E-01      0.1392268264E+01
    0.6908973747E+01      0.6908973747E+01      0.7146217712E-01      0.1403172900E+01
    0.6908821246E+01      0.6908821246E+01      0.8399179921E-01      0.1416005069E+01
    0.6907026677E+01      0.6907026677E+01      0.9952278452E-01      0.1430715307E+01
    0.6903358565E+01      0.6903358565E+01      0.1183581915E+00      0.1447187215E+01
    0.6898065051E+01      0.6898065051E+01      0.1404105319E+00      0.1465172833E+01
    0.6891459332E+01      0.6891459332E+01      0.1653496514E+00      0.1484403959E+01
    0.6883811210E+01      0.6883811210E+01      0.1929702125E+00      0.1504680900E+01
    0.6875142974E+01      0.6875142974E+01      0.2232670881E+00      0.1526047215E+01
    0.6865222843E+01      0.6865222843E+01      0.2565274701E+00      0.1548734454E+01
    0.6853724918E+01      0.6853724918E+01      0.2930713162E+00      0.1572983549E+01
    0.6840570905E+01      0.6840570905E+01      0.3328639839E+00      0.1598879605E+01
    0.6826149531E+01      0.6826149531E+01      0.3752485048E+00      0.1626286354E+01
    0.6811251223E+01      0.6811251223E+01      0.4190778796E+00      0.1654952563E+01
    0.6796670495E+01      0.6796670495E+01      0.4632534605E+00      0.1684986624E+01
    0.6856394398E+01      0.6856394398E+01      0.3291262098E-02      0.1383532598E+01
    0.6857999464E+01      0.6857999464E+01      0.8965220188E-02      0.1384387181E+01
    0.6861131033E+01      0.6861131033E+01      0.1475450185E-01      0.1384745886E+01
    0.6865597446E+01      0.6865597446E+01      0.2072226797E-01      0.1385214868E+01
    0.6871180366E+01      0.6871180366E+01      0.2681057828E-01      0.1386198617E+01
    0.6877437834E+01      0.6877437834E+01      0.3304640743E-01      0.1387473304E+01
    0.6883793430E+01      0.6883793430E+01      0.3957703880E-01      0.1389838047E+01
    0.6889836531E+01      0.6889836531E+01      0.4642338087E-01      0.1394046877E+01
    0.6895178862E+01      0.6895178862E+01      0.5377565187E-01      0.1399823686E+01
    0.6899346722E+01      0.6899346722E+01      0.6207206143E-01      0.1407501180E+01
    0.6901930386E+01      0.6901930386E+01      0.7197310636E-01      0.1417114542E+01
    0.6902684601E+01      0.6902684601E+01      0.8389885643E-01      0.1428661009E+01
    0.6901909222E+01      0.6901909222E+01      0.9792292673E-01      0.1442016360E+01
    0.6899428028E+01      0.6899428028E+01      0.1149645737E+00      0.1457282785E+01
    0.6895238327E+01      0.6895238327E+01      0.1352176679E+00      0.1474251203E+01
    0.6889570694E+01      0.6889570694E+01      0.1585411731E+00      0.1492533606E+01
    0.6882760622E+01      0.6882760622E+01      0.1847663193E+00      0.1511902881E+01
    0.6875031891E+01      0.6875031891E+01      0.2136618017E+00      0.1532317368E+01
    0.6866344705E+01      0.6866344705E+01      0.2452754844E+00      0.1553796523E+01
    0.6856405088E+01      0.6856405088E+01      0.2799529260E+00      0.1576509341E+01
    0.6844870201E+01      0.6844870201E+01      0.3179901960E+00      0.1600699041E+01
    0.6831743132E+01      0.6831743132E+01      0.3592930379E+00      0.1626436062E+01
    0.6817534794E+01      0.6817534794E+01      0.4030717709E+00      0.1653586446E+01
    0.6803119983E+01      0.6803119983E+01      0.4480744160E+00      0.1681968207E+01
    0.6788937831E+01      0.6788937831E+01      0.4937605526E+00      0.1711719907E+01
    0.6851730730E+01      0.6851730730E+01      0.3336005866E-02      0.1406853032E+01
    0.6853520939E+01      0.6853520939E+01      0.8989702892E-02      0.1407659071E+01
    0.6856920825E+01      0.6856920825E+01      0.1490928041E-01      0.1407846749E+01
    0.6861686932E+01      0.6861686932E+01      0.2123338565E-01      0.1408024166E+01
    0.6867548902E+01      0.6867548902E+01      0.2794666076E-01      0.1408581119E+01
    0.6873891790E+01      0.6873891790E+01      0.3514838419E-01      0.1409641999E+01
    0.6880121511E+01      0.6880121511E+01      0.4306491394E-01      0.1412001128E+01
    0.6885830824E+01      0.6885830824E+01      0.5161071243E-01      0.1416433566E+01
    0.6890570662E+01      0.6890570662E+01      0.6091479823E-01      0.1422742900E+01
    0.6893958505E+01      0.6893958505E+01      0.7130824538E-01      0.1431176197E+01
    0.6895648537E+01      0.6895648537E+01      0.8328726726E-01      0.1441581810E+01
    0.6895746449E+01      0.6895746449E+01      0.9683044790E-01      0.1453801634E+01
    0.6894474710E+01      0.6894474710E+01      0.1124747764E+00      0.1467629369E+01
    0.6891577610E+01      0.6891577610E+01      0.1308956487E+00      0.1483149315E+01
    0.6887157075E+01      0.6887157075E+01      0.1523519737E+00      0.1500029749E+01
    0.6881467164E+01      0.6881467164E+01      0.1767582423E+00      0.1518158143E+01
    0.6874805660E+01      0.6874805660E+01      0.2040214324E+00      0.1537401289E+01
    0.6867280563E+01      0.6867280563E+01      0.2340458685E+00      0.1557653829E+01
    0.6858793953E+01      0.6858793953E+01      0.2669471545E+00      0.1578919418E+01
    0.6849006625E+01      0.6849006625E+01      0.3030488283E+00      0.1601366424E+01
    0.6837660494E+01      0.6837660494E+01      0.3425849987E+00      0.1625220958E+01
    0.6824854693E+01      0.6824854693E+01      0.3853201570E+00      0.1650580285E+01
    0.6811183290E+01      0.6811183290E+01      0.4304316045E+00      0.1677260097E+01
    0.6797316017E+01      0.6797316017E+01      0.4769190694E+00      0.1705050457E+01
    0.6783471845E+01      0.6783471845E+01      0.5243358477E+00      0.1734114207E+01
    0.6848574018E+01      0.6848574018E+01      0.3417350240E-02      0.1428334794E+01
    0.6850404060E+01      0.6850404060E+01      0.9180398806E-02      0.1429079815E+01
    0.6853872931E+01      0.6853872931E+01      0.1522010395E-01      0.1429178795E+01
    0.6858736703E+01      0.6858736703E+01      0.2176968258E-01      0.1429251107E+01
    0.6864519952E+01      0.6864519952E+01      0.2905802288E-01      0.1429752761E+01
    0.6870460257E+01      0.6870460257E+01      0.3750954918E-01      0.1430985944E+01
    0.6876171887E+01      0.6876171887E+01      0.4697814193E-01      0.1433522095E+01
    0.6881215527E+01      0.6881215527E+01      0.5736898006E-01      0.1438397378E+01
    0.6885159250E+01      0.6885159250E+01      0.6869996262E-01      0.1445400897E+01
    0.6887699611E+01      0.6887699611E+01      0.8119755520E-01      0.1454607314E+01
    0.6888671984E+01      0.6888671984E+01      0.9510786688E-01      0.1465680372E+01
    0.6888424279E+01      0.6888424279E+01      0.1102089619E+00      0.1478335467E+01
    0.6886925029E+01      0.6886925029E+01      0.1273662942E+00      0.1492231206E+01
    0.6883978589E+01      0.6883978589E+01      0.1470364245E+00      0.1507497078E+01
    0.6879727720E+01      0.6879727720E+01      0.1695025938E+00      0.1523985747E+01
    0.6874348137E+01      0.6874348137E+01      0.1948437198E+00      0.1541590247E+01
    0.6868058240E+01      0.6868058240E+01      0.2230180928E+00      0.1560259693E+01
    0.6860997630E+01      0.6860997630E+01      0.2539567711E+00      0.1580010277E+01
    0.6852993695E+01      0.6852993695E+01      0.2878943870E+00      0.1600838250E+01
    0.6843658620E+01      0.6843658620E+01      0.3252385621E+00      0.1622833413E+01
    0.6832700329E+01      0.6832700329E+01      0.3662465644E+00      0.1646135287E+01
    0.6820332960E+01      0.6820332960E+01      0.4105878378E+00      0.1670763854E+01
    0.6807225017E+01      0.6807225017E+01      0.4572538639E+00      0.1696645621E+01
    0.6794045769E+01      0.6794045769E+01      0.5052185311E+00      0.1723697825E+01
    0.6780723571E+01      0.6780723571E+01      0.5542789440E+00      0.1752098818E+01
    0.6846647170E+01      0.6846647170E+01      0.3440464242E-02      0.1447831298E+01
    0.6848478690E+01      0.6848478690E+01      0.9245504068E-02      0.1448663600E+01
    0.6851868953E+01      0.6851868953E+01      0.1547498268E-01      0.1448904793E+01
    0.6856530315E+01      0.6856530315E+01      0.2244430859E-01      0.1449147629E+01
    0.6861781314E+01      0.6861781314E+01      0.3063977777E-01      0.1450077026E+01
    0.6866889282E+01      0.6866889282E+01      0.4048825819E-01      0.1451714737E+01
    0.6871706960E+01      0.6871706960E+01      0.5163092553E-01      0.1454786500E+01
    0.6875818501E+01      0.6875818501E+01      0.6390114719E-01      0.1460324418E+01
    0.6878896658E+01      0.6878896658E+01      0.7719367832E-01      0.1468042715E+01
    0.6880798306E+01      0.6880798306E+01      0.9158749316E-01      0.1477781776E+01
    0.6881472675E+01      0.6881472675E+01      0.1071605869E+00      0.1489028151E+01
    0.6881200464E+01      0.6881200464E+01      0.1237540014E+00      0.1501535381E+01
    0.6879823600E+01      0.6879823600E+01      0.1422560831E+00      0.1515133074E+01
    0.6877235398E+01      0.6877235398E+01      0.1630460244E+00      0.1529828938E+01
    0.6873498071E+01      0.6873498071E+01      0.1863842062E+00      0.1545573823E+01
    0.6868749409E+01      0.6868749409E+01      0.2124585176E+00      0.1562371297E+01
    0.6863142492E+01      0.6863142492E+01      0.2413392767E+00      0.1580209953E+01
    0.6856720510E+01      0.6856720510E+01      0.2731188325E+00      0.1599151825E+01
    0.6849299109E+01      0.6849299109E+01      0.3080918899E+00      0.1619186645E+01
    0.6840466602E+01      0.6840466602E+01      0.3466716531E+00      0.1640419405E+01
    0.6830009892E+01      0.6830009892E+01      0.3890833878E+00      0.1662879310E+01
    0.6818191064E+01      0.6818191064E+01      0.4348984909E+00      0.1686707503E+01
    0.6805813153E+01      0.6805813153E+01      0.4831184047E+00      0.1711866617E+01
    0.6793502895E+01      0.6793502895E+01      0.5327807276E+00      0.1738285485E+01
    0.6781075402E+01      0.6781075402E+01      0.5837917244E+00      0.1766080716E+01
    0.6845941865E+01      0.6845941865E+01      0.3502247804E-02      0.1466055456E+01
    0.6847708806E+01      0.6847708806E+01      0.9484487174E-02      0.1466972206E+01
    0.6850810095E+01      0.6850810095E+01      0.1604040845E-01      0.1467424607E+01
    0.6854856797E+01      0.6854856797E+01      0.2359417116E-01      0.1468148295E+01
    0.6859002638E+01      0.6859002638E+01      0.3298662727E-01      0.1469744039E+01
    0.6862946909E+01      0.6862946909E+01      0.4421217601E-01      0.1472185984E+01
    0.6866585210E+01      0.6866585210E+01      0.5698485642E-01      0.1476097523E+01
    0.6869720908E+01      0.6869720908E+01      0.7098583651E-01      0.1482283416E+01
    0.6872197948E+01      0.6872197948E+01      0.8599761472E-01      0.1490390221E+01
    0.6873843498E+01      0.6873843498E+01      0.1020146312E+00      0.1500034508E+01
    0.6874593008E+01      0.6874593008E+01      0.1190949093E+00      0.1510823974E+01
    0.6874616179E+01      0.6874616179E+01      0.1370978534E+00      0.1522811130E+01
    0.6873791629E+01      0.6873791629E+01      0.1567113538E+00      0.1535752132E+01
    0.6871884310E+01      0.6871884310E+01      0.1784407458E+00      0.1549531056E+01
    0.6868938799E+01      0.6868938799E+01      0.2026042158E+00      0.1564259468E+01
    0.6865035032E+01      0.6865035032E+01      0.2294260834E+00      0.1579986117E+01
    0.6860199837E+01      0.6860199837E+01      0.2590468496E+00      0.1596783203E+01
    0.6854472011E+01      0.6854472011E+01      0.2916367357E+00      0.1614681305E+01
    0.6847728110E+01      0.6847728110E+01      0.3274942893E+00      0.1633933445E+01
    0.6839709775E+01      0.6839709775E+01      0.3671120451E+00      0.1654462734E+01
    0.6830281036E+01      0.6830281036E+01      0.4106432651E+00      0.1676185833E+01
    0.6819632829E+01      0.6819632829E+01      0.4577169376E+00      0.1698862929E+01
    0.6808324350E+01      0.6808324350E+01      0.5073677446E+00      0.1722426159E+01
    0.6796828518E+01      0.6796828518E+01      0.5587872472E+00      0.1747034477E+01
    0.6784914706E+01      0.6784914706E+01      0.6119495338E+00      0.1773212715E+01
    0.6846084308E+01      0.6846084308E+01      0.3571823797E-02      0.1483193995E+01
    0.6847649992E+01      0.6847649992E+01      0.9796761319E-02      0.1484166986E+01
    0.6850273768E+01      0.6850273768E+01      0.1679490821E-01      0.1484921308E+01
    0.6853218349E+01      0.6853218349E+01      0.2535306573E-01      0.1486434754E+01
    0.6855958862E+01      0.6855958862E+01      0.3601565046E-01      0.1489052321E+01
    0.6858617883E+01      0.6858617883E+01      0.4858734846E-01      0.1492421460E+01
    0.6861168676E+01      0.6861168676E+01      0.6278711843E-01      0.1497052243E+01
    0.6863578558E+01      0.6863578558E+01      0.7828307295E-01      0.1503480497E+01
    0.6865732086E+01      0.6865732086E+01      0.9476153843E-01      0.1511407583E+01
    0.6867523469E+01      0.6867523469E+01      0.1120930577E+00      0.1520547359E+01
    0.6868757611E+01      0.6868757611E+01      0.1303612977E+00      0.1530594789E+01
    0.6869350570E+01      0.6869350570E+01      0.1497307494E+00      0.1541548039E+01
    0.6869356709E+01      0.6869356709E+01      0.1702256517E+00      0.1553442738E+01
    0.6868467203E+01      0.6868467203E+01      0.1927429604E+00      0.1566147767E+01
    0.6866383045E+01      0.6866383045E+01      0.2177664004E+00      0.1579601204E+01
    0.6863288121E+01      0.6863288121E+01      0.2454260522E+00      0.1594207740E+01
    0.6859485419E+01      0.6859485419E+01      0.2757920244E+00      0.1610145988E+01
    0.6855016243E+01      0.6855016243E+01      0.3090452099E+00      0.1627239290E+01
    0.6849531069E+01      0.6849531069E+01      0.3456810687E+00      0.1645132586E+01
    0.6842606446E+01      0.6842606446E+01      0.3862388530E+00      0.1663861264E+01
    0.6834117281E+01      0.6834117281E+01      0.4309289166E+00      0.1683506299E+01
    0.6824395799E+01      0.6824395799E+01      0.4792844227E+00      0.1704281756E+01
    0.6814015337E+01      0.6814015337E+01      0.5303298150E+00      0.1726301397E+01
    0.6803146373E+01      0.6803146373E+01      0.5834844876E+00      0.1749726996E+01
    0.6791470209E+01      0.6791470209E+01      0.6388849588E+00      0.1774849290E+01
