    0.7388878298E+01      0.7388878298E+01      0.4493671094E+01     -0.5597739981E+00
    0.7299736354E+01      0.7299736354E+01      0.4727057024E+01     -0.5443751811E+00
    0.7205350631E+01      0.7205350631E+01      0.4956228626E+01     -0.5154869410E+00
    0.7107250465E+01      0.7107250465E+01      0.5176371209E+01     -0.4742469796E+00
    0.7011414115E+01      0.7011414115E+01      0.5385595733E+01     -0.4233312157E+00
    0.6914630851E+01      0.6914630851E+01      0.5575670083E+01     -0.3632203481E+00
    0.6825355022E+01      0.6825355022E+01      0.5749034709E+01     -0.2927149892E+00
    0.6746507267E+01      0.6746507267E+01      0.5903846408E+01     -0.2144308919E+00
    0.6668459181E+01      0.6668459181E+01      0.6027508297E+01     -0.1255591614E+00
    0.6603954533E+01      0.6603954533E+01      0.6137023168E+01     -0.2565052097E-01
    0.6536231721E+01      0.6536231721E+01      0.6215180358E+01      0.8581860770E-01
    0.6485216787E+01      0.6485216787E+01      0.6278181582E+01      0.2059068825E+00
    0.6433004182E+01      0.6433004182E+01      0.6298265417E+01      0.3328567349E+00
    0.6401641861E+01      0.6401641861E+01      0.6271554209E+01      0.4645950787E+00
    0.6401251012E+01      0.6401251012E+01      0.6212125043E+01      0.5827351029E+00
    0.6424935225E+01      0.6424935225E+01      0.6102000676E+01      0.6938205438E+00
    0.6461392976E+01      0.6461392976E+01      0.5958923338E+01      0.7874359243E+00
    0.6508278971E+01      0.6508278971E+01      0.5789245257E+01      0.8557079039E+00
    0.6563011389E+01      0.6563011389E+01      0.5600035301E+01      0.9060670294E+00
    0.6620375782E+01      0.6620375782E+01      0.5403527904E+01      0.9149837019E+00
    0.6676236931E+01      0.6676236931E+01      0.5205007852E+01      0.9065347197E+00
    0.6730351897E+01      0.6730351897E+01      0.5007312375E+01      0.8845800916E+00
    0.6781735253E+01      0.6781735253E+01      0.4816671137E+01      0.8482865860E+00
    0.6826805570E+01      0.6826805570E+01      0.4635818553E+01      0.8011960519E+00
    0.6864837593E+01      0.6864837593E+01      0.4469246744E+01      0.7464666734E+00
    0.7388457156E+01      0.7388457156E+01      0.4507251657E+01     -0.7438771396E+00
    0.7290236457E+01      0.7290236457E+01      0.4758460011E+01     -0.7159765530E+00
    0.7188071439E+01      0.7188071439E+01      0.5001248048E+01     -0.6726888976E+00
    0.7083131943E+01      0.7083131943E+01      0.5231682772E+01     -0.6166274437E+00
    0.6981702887E+01      0.6981702887E+01      0.5451136466E+01     -0.5507885157E+00
    0.6880235908E+01      0.6880235908E+01      0.5652962139E+01     -0.4758247651E+00
    0.6783966932E+01      0.6783966932E+01      0.5836933404E+01     -0.3890359992E+00
    0.6699878307E+01      0.6699878307E+01      0.6006549511E+01     -0.2919859990E+00
    0.6614788982E+01      0.6614788982E+01      0.6144499263E+01     -0.1820534286E+00
    0.6543076000E+01      0.6543076000E+01      0.6268010748E+01     -0.5780747118E-01
    0.6467134624E+01      0.6467134624E+01      0.6358042487E+01      0.8143143295E-01
    0.6412638755E+01      0.6412638755E+01      0.6431647044E+01      0.2314119892E+00
    0.6357091897E+01      0.6357091897E+01      0.6449242619E+01      0.3887712075E+00
    0.6328269910E+01      0.6328269910E+01      0.6419220190E+01      0.5514860775E+00
    0.6334530787E+01      0.6334530787E+01      0.6344765532E+01      0.6996761204E+00
    0.6366876344E+01      0.6366876344E+01      0.6214625910E+01      0.8354403300E+00
    0.6411567613E+01      0.6411567613E+01      0.6050319224E+01      0.9525956732E+00
    0.6470189425E+01      0.6470189425E+01      0.5852967453E+01      0.1038515740E+01
    0.6538012983E+01      0.6538012983E+01      0.5634758979E+01      0.1096997404E+01
    0.6606855608E+01      0.6606855608E+01      0.5413198073E+01      0.1103670866E+01
    0.6672730429E+01      0.6672730429E+01      0.5190462891E+01      0.1091168746E+01
    0.6735661693E+01      0.6735661693E+01      0.4972479629E+01      0.1061448959E+01
    0.6793119337E+01      0.6793119337E+01      0.4766731260E+01      0.1015995710E+01
    0.6841133676E+01      0.6841133676E+01      0.4575006881E+01      0.9588923316E+00
    0.6880362383E+01      0.6880362383E+01      0.4401383291E+01      0.8933546468E+00
    0.7376716662E+01      0.7376716662E+01      0.4537190843E+01     -0.9400798138E+00
    0.7267584859E+01      0.7267584859E+01      0.4809001323E+01     -0.8970503995E+00
    0.7156721393E+01      0.7156721393E+01      0.5069582289E+01     -0.8383540647E+00
    0.7044145785E+01      0.7044145785E+01      0.5316934815E+01     -0.7662856411E+00
    0.6936044911E+01      0.6936044911E+01      0.5548904872E+01     -0.6831790425E+00
    0.6831900350E+01      0.6831900350E+01      0.5760687867E+01     -0.5941081152E+00
    0.6729336913E+01      0.6729336913E+01      0.5955972092E+01     -0.4935236611E+00
    0.6637397535E+01      0.6637397535E+01      0.6142592628E+01     -0.3782201397E+00
    0.6543561748E+01      0.6543561748E+01      0.6299704896E+01     -0.2460448636E+00
    0.6463449380E+01      0.6463449380E+01      0.6441854116E+01     -0.9538615133E-01
    0.6378088731E+01      0.6378088731E+01      0.6545898794E+01      0.7408172546E-01
    0.6320787322E+01      0.6320787322E+01      0.6632315091E+01      0.2578223545E+00
    0.6260965364E+01      0.6260965364E+01      0.6649282132E+01      0.4498535385E+00
    0.6233936603E+01      0.6233936603E+01      0.6615015600E+01      0.6470265771E+00
    0.6245972220E+01      0.6245972220E+01      0.6523030755E+01      0.8372396376E+00
    0.6291184653E+01      0.6291184653E+01      0.6363636573E+01      0.9979671040E+00
    0.6348067123E+01      0.6348067123E+01      0.6169481385E+01      0.1138978884E+01
    0.6422933298E+01      0.6422933298E+01      0.5933535886E+01      0.1246144442E+01
    0.6509270147E+01      0.6509270147E+01      0.5676720276E+01      0.1308205638E+01
    0.6591444555E+01      0.6591444555E+01      0.5421629450E+01      0.1309602256E+01
    0.6668472597E+01      0.6668472597E+01      0.5169513664E+01      0.1292000158E+01
    0.6738610812E+01      0.6738610812E+01      0.4928713034E+01      0.1253983539E+01
    0.6800823630E+01      0.6800823630E+01      0.4706226283E+01      0.1197665178E+01
    0.6851255921E+01      0.6851255921E+01      0.4502766541E+01      0.1127793311E+01
    0.6891832575E+01      0.6891832575E+01      0.4321995960E+01      0.1048638993E+01
    0.7345601272E+01      0.7345601272E+01      0.4594639041E+01     -0.1154667172E+01
    0.7223427010E+01      0.7223427010E+01      0.4908559898E+01     -0.1097030080E+01
    0.7102083238E+01      0.7102083238E+01      0.5202444065E+01     -0.1013106408E+01
    0.6984556098E+01      0.6984556098E+01      0.5447126268E+01     -0.9133466014E+00
    0.6875436232E+01      0.6875436232E+01      0.5659863514E+01     -0.8093680505E+00
    0.6770712423E+01      0.6770712423E+01      0.5859556380E+01     -0.7094134878E+00
    0.6662727545E+01      0.6662727545E+01      0.6052415389E+01     -0.6001264287E+00
    0.6561664270E+01      0.6561664270E+01      0.6244549270E+01     -0.4725911650E+00
    0.6455764368E+01      0.6455764368E+01      0.6418239677E+01     -0.3213945840E+00
    0.6364199821E+01      0.6364199821E+01      0.6586173544E+01     -0.1444572602E+00
    0.6267487359E+01      0.6267487359E+01      0.6709093527E+01      0.5675856213E-01
    0.6203940190E+01      0.6203940190E+01      0.6817854571E+01      0.2780701851E+00
    0.6142547285E+01      0.6142547285E+01      0.6853246090E+01      0.5090273793E+00
    0.6114305491E+01      0.6114305491E+01      0.6825053221E+01      0.7454895081E+00
    0.6135616939E+01      0.6135616939E+01      0.6726843732E+01      0.9845469969E+00
    0.6192722655E+01      0.6192722655E+01      0.6544741468E+01      0.1184141468E+01
    0.6267527727E+01      0.6267527727E+01      0.6314815152E+01      0.1349622183E+01
    0.6362886729E+01      0.6362886729E+01      0.6032018290E+01      0.1489667691E+01
    0.6471974199E+01      0.6471974199E+01      0.5722920600E+01      0.1549171955E+01
    0.6570113057E+01      0.6570113057E+01      0.5425913143E+01      0.1544666066E+01
    0.6659367889E+01      0.6659367889E+01      0.5140494039E+01      0.1516898316E+01
    0.6737786515E+01      0.6737786515E+01      0.4874577867E+01      0.1465606459E+01
    0.6804078872E+01      0.6804078872E+01      0.4632975579E+01      0.1395579725E+01
    0.6857133138E+01      0.6857133138E+01      0.4416470160E+01      0.1309639448E+01
    0.6899618677E+01      0.6899618677E+01      0.4228280191E+01      0.1212883729E+01
    0.7294531178E+01      0.7294531178E+01      0.4728838791E+01     -0.1414087875E+01
    0.7154206577E+01      0.7154206577E+01      0.5077337974E+01     -0.1309476660E+01
    0.7025187963E+01      0.7025187963E+01      0.5321918896E+01     -0.1172697036E+01
    0.6912312345E+01      0.6912312345E+01      0.5522773524E+01     -0.1035832914E+01
    0.6805094454E+01      0.6805094454E+01      0.5700991452E+01     -0.9147015742E+00
    0.6701422963E+01      0.6701422963E+01      0.5876949529E+01     -0.8119335667E+00
    0.6586637399E+01      0.6586637399E+01      0.6066238765E+01     -0.7006128819E+00
    0.6472370191E+01      0.6472370191E+01      0.6257212623E+01     -0.5667889740E+00
    0.6353228614E+01      0.6353228614E+01      0.6443360275E+01     -0.4035998278E+00
    0.6244826587E+01      0.6244826587E+01      0.6633921040E+01     -0.2045644261E+00
    0.6137528058E+01      0.6137528058E+01      0.6780371041E+01      0.2533347366E-01
    0.6055788724E+01      0.6055788724E+01      0.6903193667E+01      0.2849336082E+00
    0.5998511778E+01      0.5998511778E+01      0.6975188642E+01      0.5572497213E+00
    0.5970658099E+01      0.5970658099E+01      0.6965178461E+01      0.8339277303E+00
    0.6000620038E+01      0.6000620038E+01      0.6883355845E+01      0.1116555407E+01
    0.6066026624E+01      0.6066026624E+01      0.6719543557E+01      0.1377561457E+01
    0.6164036195E+01      0.6164036195E+01      0.6481132000E+01      0.1571830925E+01
    0.6278100333E+01      0.6278100333E+01      0.6176603975E+01      0.1770667942E+01
    0.6421270462E+01      0.6421270462E+01      0.5810982456E+01      0.1836567987E+01
    0.6540495174E+01      0.6540495174E+01      0.5450401887E+01      0.1821931725E+01
    0.6642649403E+01      0.6642649403E+01      0.5114869671E+01      0.1779682522E+01
    0.6729894707E+01      0.6729894707E+01      0.4812587593E+01      0.1708163364E+01
    0.6802594823E+01      0.6802594823E+01      0.4546180111E+01      0.1614283993E+01
    0.6859143577E+01      0.6859143577E+01      0.4313619496E+01      0.1505638868E+01
    0.6903960946E+01      0.6903960946E+01      0.4116437421E+01      0.1386752676E+01
    0.7190436077E+01      0.7190436077E+01      0.4895492482E+01     -0.1681944373E+01
    0.7021507910E+01      0.7021507910E+01      0.5164758856E+01     -0.1477473687E+01
    0.6910992412E+01      0.6910992412E+01      0.5317665109E+01     -0.1285551843E+01
    0.6816628366E+01      0.6816628366E+01      0.5427671574E+01     -0.1126751281E+01
    0.6720412640E+01      0.6720412640E+01      0.5529735332E+01     -0.9958306488E+00
    0.6618692217E+01      0.6618692217E+01      0.5640059137E+01     -0.8989578210E+00
    0.6502284071E+01      0.6502284071E+01      0.5776842330E+01     -0.7929219815E+00
    0.6377051392E+01      0.6377051392E+01      0.5936188032E+01     -0.6566278048E+00
    0.6244544488E+01      0.6244544488E+01      0.6118197043E+01     -0.4877273430E+00
    0.6110918496E+01      0.6110918496E+01      0.6313517422E+01     -0.2790741986E+00
    0.5980361127E+01      0.5980361127E+01      0.6515152565E+01     -0.2902894167E-01
    0.5884372379E+01      0.5884372379E+01      0.6694242663E+01      0.2603168734E+00
    0.5820966235E+01      0.5820966235E+01      0.6800723835E+01      0.5820848804E+00
    0.5814143507E+01      0.5814143507E+01      0.6838701485E+01      0.8892042777E+00
    0.5840611120E+01      0.5840611120E+01      0.6795667864E+01      0.1217829191E+01
    0.5920451095E+01      0.5920451095E+01      0.6655347521E+01      0.1543440841E+01
    0.6041484075E+01      0.6041484075E+01      0.6429767056E+01      0.1784537672E+01
    0.6179957668E+01      0.6179957668E+01      0.6141071359E+01      0.2043114744E+01
    0.6331026918E+01      0.6331026918E+01      0.5786491664E+01      0.2171322662E+01
    0.6481192072E+01      0.6481192072E+01      0.5411190900E+01      0.2155079513E+01
    0.6603021270E+01      0.6603021270E+01      0.5043228855E+01      0.2093546474E+01
    0.6705515791E+01      0.6705515791E+01      0.4710996651E+01      0.1992303371E+01
    0.6789805657E+01      0.6789805657E+01      0.4424402118E+01      0.1862138066E+01
    0.6854601916E+01      0.6854601916E+01      0.4180512630E+01      0.1717235460E+01
    0.6903897683E+01      0.6903897683E+01      0.3978697896E+01      0.1566301605E+01
    0.7038125500E+01      0.7038125500E+01      0.4873299146E+01     -0.1854336493E+01
    0.6935602832E+01      0.6935602832E+01      0.4890233451E+01     -0.1509120335E+01
    0.6860188722E+01      0.6860188722E+01      0.4865823624E+01     -0.1266185770E+01
    0.6774990589E+01      0.6774990589E+01      0.4838067932E+01     -0.1090918609E+01
    0.6684324773E+01      0.6684324773E+01      0.4814878264E+01     -0.9647867424E+00
    0.6587491684E+01      0.6587491684E+01      0.4830472115E+01     -0.8924363274E+00
    0.6453289761E+01      0.6453289761E+01      0.4920553561E+01     -0.8239718325E+00
    0.6292861649E+01      0.6292861649E+01      0.5076938868E+01     -0.7185022559E+00
    0.6135162145E+01      0.6135162145E+01      0.5268964121E+01     -0.5744468516E+00
    0.5981991022E+01      0.5981991022E+01      0.5498525325E+01     -0.3848780282E+00
    0.5831756903E+01      0.5831756903E+01      0.5740444699E+01     -0.1368278656E+00
    0.5718213657E+01      0.5718213657E+01      0.5997954751E+01      0.1593842015E+00
    0.5619853703E+01      0.5619853703E+01      0.6195590292E+01      0.5083555223E+00
    0.5614510469E+01      0.5614510469E+01      0.6395117172E+01      0.8822883380E+00
    0.5651685237E+01      0.5651685237E+01      0.6404818305E+01      0.1273026064E+01
    0.5754477113E+01      0.5754477113E+01      0.6326400614E+01      0.1660953083E+01
    0.5898833456E+01      0.5898833456E+01      0.6169986926E+01      0.1959195327E+01
    0.6061048996E+01      0.6061048996E+01      0.5944242272E+01      0.2277125832E+01
    0.6231633530E+01      0.6231633530E+01      0.5638915604E+01      0.2488957211E+01
    0.6413817125E+01      0.6413817125E+01      0.5277750158E+01      0.2486855279E+01
    0.6560474210E+01      0.6560474210E+01      0.4906697918E+01      0.2420651433E+01
    0.6677225854E+01      0.6677225854E+01      0.4562094588E+01      0.2293780171E+01
    0.6772116807E+01      0.6772116807E+01      0.4262924193E+01      0.2127651456E+01
    0.6843746635E+01      0.6843746635E+01      0.4008448496E+01      0.1941537588E+01
    0.6902545196E+01      0.6902545196E+01      0.3809280980E+01      0.1747093029E+01
    0.6900284505E+01      0.6900284505E+01      0.4363901458E+01     -0.1826427083E+01
    0.6839863604E+01      0.6839863604E+01      0.4159726539E+01     -0.1360082124E+01
    0.6798552721E+01      0.6798552721E+01      0.3875250248E+01     -0.1023092156E+01
    0.6737307384E+01      0.6737307384E+01      0.3610469327E+01     -0.9132018700E+00
    0.6654896157E+01      0.6654896157E+01      0.3531871752E+01     -0.8780197679E+00
    0.6522436066E+01      0.6522436066E+01      0.3611490091E+01     -0.8722397123E+00
    0.6382905573E+01      0.6382905573E+01      0.3780964932E+01     -0.9086151627E+00
    0.6196646728E+01      0.6196646728E+01      0.4092120277E+01     -0.8870855034E+00
    0.6022749970E+01      0.6022749970E+01      0.4454420965E+01     -0.7949153247E+00
    0.5856805066E+01      0.5856805066E+01      0.4846972714E+01     -0.6110493559E+00
    0.5686291876E+01      0.5686291876E+01      0.5190494360E+01     -0.3382922341E+00
    0.5572676148E+01      0.5572676148E+01      0.5516785148E+01     -0.3817205424E-03
    0.5456771655E+01      0.5456771655E+01      0.5696811861E+01      0.3861398239E+00
    0.5429095588E+01      0.5429095588E+01      0.5871013580E+01      0.8279423462E+00
    0.5471661585E+01      0.5471661585E+01      0.5869748517E+01      0.1272164333E+01
    0.5577707285E+01      0.5577707285E+01      0.5819239261E+01      0.1687891223E+01
    0.5731813857E+01      0.5731813857E+01      0.5707713323E+01      0.2054262041E+01
    0.5921624814E+01      0.5921624814E+01      0.5535847583E+01      0.2444009364E+01
    0.6118033079E+01      0.6118033079E+01      0.5301316801E+01      0.2765859663E+01
    0.6326662159E+01      0.6326662159E+01      0.4999207355E+01      0.2819031916E+01
    0.6504575080E+01      0.6504575080E+01      0.4672433671E+01      0.2757341663E+01
    0.6641882235E+01      0.6641882235E+01      0.4342426158E+01      0.2610067547E+01
    0.6750671000E+01      0.6750671000E+01      0.4042700941E+01      0.2402305628E+01
    0.6834418900E+01      0.6834418900E+01      0.3792824503E+01      0.2164986593E+01
    0.6900513210E+01      0.6900513210E+01      0.3608483018E+01      0.1917665531E+01
    0.6816662273E+01      0.6816662273E+01      0.3123793842E+01     -0.1234580870E+01
    0.6812940332E+01      0.6812940332E+01      0.2391446841E+01     -0.9054130597E+00
    0.6755918862E+01      0.6755918862E+01      0.2180491863E+01     -0.7601013456E+00
    0.6681308811E+01      0.6681308811E+01      0.2184335845E+01     -0.7950924440E+00
    0.6566059269E+01      0.6566059269E+01      0.2322155119E+01     -0.9052253161E+00
    0.6460163464E+01      0.6460163464E+01      0.2591018520E+01     -0.1060472288E+01
    0.6323575608E+01      0.6323575608E+01      0.3011785333E+01     -0.1243809259E+01
    0.6133416644E+01      0.6133416644E+01      0.3533676882E+01     -0.1271082964E+01
    0.5936439314E+01      0.5936439314E+01      0.4057443765E+01     -0.1192979996E+01
    0.5736560661E+01      0.5736560661E+01      0.4580694448E+01     -0.9826423068E+00
    0.5530060408E+01      0.5530060408E+01      0.5029096605E+01     -0.6430094377E+00
    0.5374512723E+01      0.5374512723E+01      0.5405985077E+01     -0.1882858807E+00
    0.5270654697E+01      0.5270654697E+01      0.5604831245E+01      0.2984292849E+00
    0.5236837983E+01      0.5236837983E+01      0.5633796247E+01      0.8307715013E+00
    0.5306656375E+01      0.5306656375E+01      0.5527460411E+01      0.1327090460E+01
    0.5435539719E+01      0.5435539719E+01      0.5365355604E+01      0.1752972552E+01
    0.5596948780E+01      0.5596948780E+01      0.5194683882E+01      0.2154710296E+01
    0.5789762148E+01      0.5789762148E+01      0.5015850533E+01      0.2571208850E+01
    0.5999108655E+01      0.5999108655E+01      0.4811649782E+01      0.2968658250E+01
    0.6229711568E+01      0.6229711568E+01      0.4560418062E+01      0.3092549276E+01
    0.6438989343E+01      0.6438989343E+01      0.4293980599E+01      0.3053642187E+01
    0.6608933349E+01      0.6608933349E+01      0.4020958216E+01      0.2904720015E+01
    0.6734460029E+01      0.6734460029E+01      0.3754022299E+01      0.2665003033E+01
    0.6827902397E+01      0.6827902397E+01      0.3532867244E+01      0.2371934523E+01
    0.6899034836E+01      0.6899034836E+01      0.3376799120E+01      0.2066546250E+01
    0.6364263697E+01      0.6364263697E+01      0.7958493537E+00     -0.7374962935E+00
    0.6653193424E+01      0.6653193424E+01      0.6253744147E+00     -0.6943616910E+00
    0.6612149349E+01      0.6612149349E+01      0.8481940279E+00     -0.8607120444E+00
    0.6583233835E+01      0.6583233835E+01      0.1186615289E+01     -0.1029671525E+01
    0.6521308676E+01      0.6521308676E+01      0.1626738175E+01     -0.1246208128E+01
    0.6418741626E+01      0.6418741626E+01      0.2131494223E+01     -0.1512946688E+01
    0.6252751420E+01      0.6252751420E+01      0.2675065144E+01     -0.1735429800E+01
    0.6055370996E+01      0.6055370996E+01      0.3183068972E+01     -0.1752465329E+01
    0.5822768573E+01      0.5822768573E+01      0.3700378739E+01     -0.1650236636E+01
    0.5577886159E+01      0.5577886159E+01      0.4209449765E+01     -0.1391391758E+01
    0.5332635654E+01      0.5332635654E+01      0.4680813797E+01     -0.9749642648E+00
    0.5128923368E+01      0.5128923368E+01      0.5057933669E+01     -0.3964934428E+00
    0.5023879696E+01      0.5023879696E+01      0.5280347981E+01      0.2542743595E+00
    0.4987615339E+01      0.4987615339E+01      0.5302319956E+01      0.9151257792E+00
    0.5083755454E+01      0.5083755454E+01      0.5130842826E+01      0.1500533464E+01
    0.5250611791E+01      0.5250611791E+01      0.4864588219E+01      0.1938508369E+01
    0.5444434805E+01      0.5444434805E+01      0.4609052074E+01      0.2314923203E+01
    0.5666313986E+01      0.5666313986E+01      0.4395416333E+01      0.2717235844E+01
    0.5904942474E+01      0.5904942474E+01      0.4192447847E+01      0.3151863592E+01
    0.6154216717E+01      0.6154216717E+01      0.3987950704E+01      0.3310210678E+01
    0.6381981679E+01      0.6381981679E+01      0.3789723474E+01      0.3283445175E+01
    0.6574008115E+01      0.6574008115E+01      0.3591117542E+01      0.3142112711E+01
    0.6717819826E+01      0.6717819826E+01      0.3389595467E+01      0.2880354700E+01
    0.6824122905E+01      0.6824122905E+01      0.3226202515E+01      0.2538492658E+01
    0.6899344488E+01      0.6899344488E+01      0.3116467204E+01      0.2182775494E+01
    0.0000000000E+00      0.2000000000E+02      0.0000000000E+00      0.0000000000E+00
    0.6599145564E+01      0.6599145564E+01      0.3008242441E+00     -0.1000648376E+01
    0.6605574050E+01      0.6605574050E+01      0.6320541331E+00     -0.1215204232E+01
    0.6548069346E+01      0.6548069346E+01      0.1040436297E+01     -0.1434202025E+01
    0.6471687944E+01      0.6471687944E+01      0.1413362507E+01     -0.1681221470E+01
    0.6348798074E+01      0.6348798074E+01      0.1785156007E+01     -0.1950239496E+01
    0.6168774859E+01      0.6168774859E+01      0.2140101131E+01     -0.2146668786E+01
    0.5959391865E+01      0.5959391865E+01      0.2490523720E+01     -0.2162521063E+01
    0.5690821461E+01      0.5690821461E+01      0.2894811931E+01     -0.2062171796E+01
    0.5399309256E+01      0.5399309256E+01      0.3310478621E+01     -0.1792038858E+01
    0.5120989481E+01      0.5120989481E+01      0.3734145822E+01     -0.1309580639E+01
    0.4872053457E+01      0.4872053457E+01      0.4066178560E+01     -0.6448466400E+00
    0.4741364249E+01      0.4741364249E+01      0.4349630282E+01      0.1608646529E+00
    0.4752187625E+01      0.4752187625E+01      0.4462235328E+01      0.9544791959E+00
    0.4899542345E+01      0.4899542345E+01      0.4328089774E+01      0.1677733845E+01
    0.5098817632E+01      0.5098817632E+01      0.4127023626E+01      0.2164393717E+01
    0.5325071127E+01      0.5325071127E+01      0.3890803006E+01      0.2516343723E+01
    0.5563365394E+01      0.5563365394E+01      0.3667664503E+01      0.2892542917E+01
    0.5826674199E+01      0.5826674199E+01      0.3459142300E+01      0.3304519027E+01
    0.6096524270E+01      0.6096524270E+01      0.3309888532E+01      0.3452289649E+01
    0.6339253367E+01      0.6339253367E+01      0.3181469423E+01      0.3434640560E+01
    0.6551432653E+01      0.6551432653E+01      0.3069128237E+01      0.3306823903E+01
    0.6710186680E+01      0.6710186680E+01      0.2960465248E+01      0.3028116366E+01
    0.6825977748E+01      0.6825977748E+01      0.2882197305E+01      0.2643814242E+01
    0.6901759428E+01      0.6901759428E+01      0.2833160738E+01      0.2253562041E+01
    0.0000000000E+00      0.2000000000E+02      0.0000000000E+00      0.0000000000E+00
    0.6555986630E+01      0.6555986630E+01      0.2198348042E+00     -0.1411533547E+01
    0.6544870451E+01      0.6544870451E+01      0.4461197650E+00     -0.1522640842E+01
    0.6483818686E+01      0.6483818686E+01      0.7149453577E+00     -0.1745950540E+01
    0.6398590730E+01      0.6398590730E+01      0.9533799331E+00     -0.1994880528E+01
    0.6268920695E+01      0.6268920695E+01      0.1184375014E+01     -0.2252703636E+01
    0.6087228540E+01      0.6087228540E+01      0.1401181943E+01     -0.2433324915E+01
    0.5862125981E+01      0.5862125981E+01      0.1625100853E+01     -0.2480099896E+01
    0.5565555682E+01      0.5565555682E+01      0.1905372813E+01     -0.2411632722E+01
    0.5245033235E+01      0.5245033235E+01      0.2195948455E+01     -0.2142338637E+01
    0.4926790705E+01      0.4926790705E+01      0.2464569728E+01     -0.1626060083E+01
    0.4659513753E+01      0.4659513753E+01      0.2700392146E+01     -0.9198643955E+00
    0.4518787659E+01      0.4518787659E+01      0.2952558250E+01     -0.1480707111E-01
    0.4561278318E+01      0.4561278318E+01      0.3139758703E+01      0.9252676415E+00
    0.4716476290E+01      0.4716476290E+01      0.3126173772E+01      0.1697595858E+01
    0.4954323811E+01      0.4954323811E+01      0.3057181764E+01      0.2245563692E+01
    0.5218314700E+01      0.5218314700E+01      0.2930459862E+01      0.2653706863E+01
    0.5498285770E+01      0.5498285770E+01      0.2761183371E+01      0.3062468608E+01
    0.5796354820E+01      0.5796354820E+01      0.2618930081E+01      0.3427848571E+01
    0.6081320602E+01      0.6081320602E+01      0.2560517109E+01      0.3545112375E+01
    0.6324270170E+01      0.6324270170E+01      0.2524396590E+01      0.3518450787E+01
    0.6532009678E+01      0.6532009678E+01      0.2506539454E+01      0.3374838476E+01
    0.6697453514E+01      0.6697453514E+01      0.2503203171E+01      0.3080329225E+01
    0.6814276807E+01      0.6814276807E+01      0.2511688054E+01      0.2671087862E+01
    0.6890520037E+01      0.6890520037E+01      0.2526128340E+01      0.2270979615E+01
    0.0000000000E+00      0.2000000000E+02      0.0000000000E+00      0.0000000000E+00
    0.6488921006E+01      0.6488921006E+01      0.1298658110E+00     -0.1676832009E+01
    0.6475572862E+01      0.6475572862E+01      0.2563879060E+00     -0.1744868455E+01
    0.6414751734E+01      0.6414751734E+01      0.4154641082E+00     -0.1959211626E+01
    0.6324156950E+01      0.6324156950E+01      0.5397518535E+00     -0.2203645588E+01
    0.6184488404E+01      0.6184488404E+01      0.6369825144E+00     -0.2455267190E+01
    0.5995249973E+01      0.5995249973E+01      0.7038840446E+00     -0.2638663497E+01
    0.5763491521E+01      0.5763491521E+01      0.7575709010E+00     -0.2716904858E+01
    0.5475300269E+01      0.5475300269E+01      0.8364413190E+00     -0.2654109621E+01
    0.5151457351E+01      0.5151457351E+01      0.9356948189E+00     -0.2367033600E+01
    0.4834561736E+01      0.4834561736E+01      0.1029407181E+01     -0.1810613653E+01
    0.4573730349E+01      0.4573730349E+01      0.1141476432E+01     -0.1079015704E+01
    0.4432400163E+01      0.4432400163E+01      0.1330244860E+01     -0.1531455487E+00
    0.4477499466E+01      0.4477499466E+01      0.1579963094E+01      0.8635355449E+00
    0.4650730778E+01      0.4650730778E+01      0.1701317251E+01      0.1656409227E+01
    0.4900424115E+01      0.4900424115E+01      0.1765975778E+01      0.2247739180E+01
    0.5186583895E+01      0.5186583895E+01      0.1765645370E+01      0.2753528626E+01
    0.5491595596E+01      0.5491595596E+01      0.1737485096E+01      0.3191582384E+01
    0.5798564805E+01      0.5798564805E+01      0.1742251101E+01      0.3473025769E+01
    0.6071658736E+01      0.6071658736E+01      0.1779410368E+01      0.3541367518E+01
    0.6315546020E+01      0.6315546020E+01      0.1839871487E+01      0.3501897313E+01
    0.6525356073E+01      0.6525356073E+01      0.1920492839E+01      0.3340466489E+01
    0.6690698397E+01      0.6690698397E+01      0.2016588088E+01      0.3031246313E+01
    0.6813491675E+01      0.6813491675E+01      0.2121391819E+01      0.2616784371E+01
    0.6890361367E+01      0.6890361367E+01      0.2207778571E+01      0.2230297771E+01
    0.0000000000E+00      0.2000000000E+02      0.0000000000E+00      0.0000000000E+00
    0.6411098364E+01      0.6411098364E+01      0.5509299037E-01     -0.1847476109E+01
    0.6395085582E+01      0.6395085582E+01      0.8906517287E-01     -0.1893708772E+01
    0.6343834513E+01      0.6343834513E+01      0.1366488787E+00     -0.2088284253E+01
    0.6259214522E+01      0.6259214522E+01      0.1474468028E+00     -0.2313167975E+01
    0.6146526794E+01      0.6146526794E+01      0.1141262036E+00     -0.2516399952E+01
    0.5987619170E+01      0.5987619170E+01      0.5257179209E-01     -0.2660231664E+01
    0.5779807164E+01      0.5779807164E+01     -0.3912021783E-01     -0.2735166594E+01
    0.5510050652E+01      0.5510050652E+01     -0.1379648745E+00     -0.2687784049E+01
    0.5203111484E+01      0.5203111484E+01     -0.2236302525E+00     -0.2403659168E+01
    0.4897052666E+01      0.4897052666E+01     -0.3000679653E+00     -0.1854646972E+01
    0.4648219276E+01      0.4648219276E+01     -0.3463246262E+00     -0.1135733499E+01
    0.4532428970E+01      0.4532428970E+01     -0.2511220782E+00     -0.2885794698E+00
    0.4563854644E+01      0.4563854644E+01      0.2432476374E-01      0.7122804697E+00
    0.4729148328E+01      0.4729148328E+01      0.2443436578E+00      0.1525060101E+01
    0.4967544732E+01      0.4967544732E+01      0.4182013613E+00      0.2169656614E+01
    0.5243589914E+01      0.5243589914E+01      0.5439973800E+00      0.2712035034E+01
    0.5553546888E+01      0.5553546888E+01      0.6507207481E+00      0.3132627470E+01
    0.5860858281E+01      0.5860858281E+01      0.8048547341E+00      0.3363515986E+01
    0.6135010187E+01      0.6135010187E+01      0.9749468517E+00      0.3406765267E+01
    0.6371327783E+01      0.6371327783E+01      0.1154475060E+01      0.3356784237E+01
    0.6567838723E+01      0.6567838723E+01      0.1347826350E+01      0.3181410090E+01
    0.6721656792E+01      0.6721656792E+01      0.1555260036E+01      0.2865103324E+01
    0.6834994875E+01      0.6834994875E+01      0.1752844992E+01      0.2472483446E+01
    0.6903827685E+01      0.6903827685E+01      0.1901522083E+01      0.2127611459E+01
    0.0000000000E+00      0.2000000000E+02      0.0000000000E+00      0.0000000000E+00
    0.6375401453E+01      0.6375401453E+01     -0.9770451708E-02     -0.1891365220E+01
    0.6359992443E+01      0.6359992443E+01     -0.4065764168E-01     -0.1926895241E+01
    0.6312781808E+01      0.6312781808E+01     -0.7278000006E-01     -0.2100671336E+01
    0.6237722272E+01      0.6237722272E+01     -0.1509924099E+00     -0.2281001119E+01
    0.6130649471E+01      0.6130649471E+01     -0.2870974164E+00     -0.2442860675E+01
    0.5981607985E+01      0.5981607985E+01     -0.4685368895E+00     -0.2547829322E+01
    0.5789849122E+01      0.5789849122E+01     -0.6901690845E+00     -0.2586283766E+01
    0.5563023893E+01      0.5563023893E+01     -0.9488166288E+00     -0.2529945743E+01
    0.5304946094E+01      0.5304946094E+01     -0.1201352063E+01     -0.2285822443E+01
    0.5062596377E+01      0.5062596377E+01     -0.1401814300E+01     -0.1823406229E+01
    0.4835465511E+01      0.4835465511E+01     -0.1561065442E+01     -0.1141874121E+01
    0.4755314151E+01      0.4755314151E+01     -0.1551003743E+01     -0.3737015389E+00
    0.4783985548E+01      0.4783985548E+01     -0.1363946617E+01      0.5063556296E+00
    0.4933177433E+01      0.4933177433E+01     -0.1134376713E+01      0.1306268949E+01
    0.5146757122E+01      0.5146757122E+01     -0.8715980196E+00      0.1978469665E+01
    0.5412970115E+01      0.5412970115E+01     -0.6155006857E+00      0.2519046631E+01
    0.5699090566E+01      0.5699090566E+01     -0.3359004484E+00      0.2919332271E+01
    0.5976588375E+01      0.5976588375E+01     -0.2675904612E-01      0.3124416571E+01
    0.6220285097E+01      0.6220285097E+01      0.2702108093E+00      0.3179927978E+01
    0.6436224631E+01      0.6436224631E+01      0.5683257237E+00      0.3122302504E+01
    0.6613518111E+01      0.6613518111E+01      0.8736272642E+00      0.2930344481E+01
    0.6758104355E+01      0.6758104355E+01      0.1182979102E+01      0.2621456500E+01
    0.6854236305E+01      0.6854236305E+01      0.1437666191E+01      0.2278088765E+01
    0.6916112356E+01      0.6916112356E+01      0.1628715064E+01      0.1986032818E+01
    0.0000000000E+00      0.2000000000E+02      0.0000000000E+00      0.0000000000E+00
    0.6346447275E+01      0.6346447275E+01     -0.4900661409E-01     -0.1852409982E+01
    0.6328616570E+01      0.6328616570E+01     -0.1330921975E+00     -0.1883892561E+01
    0.6283200090E+01      0.6283200090E+01     -0.2409027936E+00     -0.2032298424E+01
    0.6214604779E+01      0.6214604779E+01     -0.4020870746E+00     -0.2158036498E+01
    0.6119994531E+01      0.6119994531E+01     -0.6168346610E+00     -0.2270266464E+01
    0.5996287158E+01      0.5996287158E+01     -0.8748393243E+00     -0.2344643443E+01
    0.5839339131E+01      0.5839339131E+01     -0.1165807021E+01     -0.2366338754E+01
    0.5653496643E+01      0.5653496643E+01     -0.1493920370E+01     -0.2276217671E+01
    0.5448220251E+01      0.5448220251E+01     -0.1828685934E+01     -0.2050806709E+01
    0.5245419072E+01      0.5245419072E+01     -0.2139393797E+01     -0.1634361077E+01
    0.5070984191E+01      0.5070984191E+01     -0.2382680859E+01     -0.1062675224E+01
    0.5040177331E+01      0.5040177331E+01     -0.2403044716E+01     -0.3702889594E+00
    0.5068133276E+01      0.5068133276E+01     -0.2292179427E+01      0.3799966557E+00
    0.5193246333E+01      0.5193246333E+01     -0.2088604166E+01      0.1109913839E+01
    0.5373537288E+01      0.5373537288E+01     -0.1786888619E+01      0.1754978456E+01
    0.5614627917E+01      0.5614627917E+01     -0.1452650745E+01      0.2260252570E+01
    0.5863260536E+01      0.5863260536E+01     -0.1056831932E+01      0.2616629146E+01
    0.6109407448E+01      0.6109407448E+01     -0.6424797334E+00      0.2801000492E+01
    0.6324429118E+01      0.6324429118E+01     -0.2473592404E+00      0.2857805810E+01
    0.6515392306E+01      0.6515392306E+01      0.1513793335E+00      0.2786633217E+01
    0.6673191519E+01      0.6673191519E+01      0.5446957592E+00      0.2595771705E+01
    0.6795393324E+01      0.6795393324E+01      0.9021849109E+00      0.2332866627E+01
    0.6875009077E+01      0.6875009077E+01      0.1182375125E+01      0.2052858005E+01
    0.6931059905E+01      0.6931059905E+01      0.1397970866E+01      0.1814180846E+01
    0.0000000000E+00      0.2000000000E+02      0.0000000000E+00      0.0000000000E+00
    0.6320335108E+01      0.6320335108E+01     -0.8142717785E-01     -0.1755559079E+01
    0.6301605265E+01      0.6301605265E+01     -0.2087808447E+00     -0.1781242344E+01
    0.6263626806E+01      0.6263626806E+01     -0.3767247311E+00     -0.1887674602E+01
    0.6205623925E+01      0.6205623925E+01     -0.5888809038E+00     -0.1963928934E+01
    0.6127064013E+01      0.6127064013E+01     -0.8437872462E+00     -0.2038593051E+01
    0.6022534342E+01      0.6022534342E+01     -0.1133723695E+01     -0.2078878704E+01
    0.5894247482E+01      0.5894247482E+01     -0.1462711617E+01     -0.2065622543E+01
    0.5748047269E+01      0.5748047269E+01     -0.1816587789E+01     -0.1955957731E+01
    0.5592815239E+01      0.5592815239E+01     -0.2170139398E+01     -0.1743658128E+01
    0.5448795847E+01      0.5448795847E+01     -0.2494290525E+01     -0.1384534645E+01
    0.5321907855E+01      0.5321907855E+01     -0.2760862766E+01     -0.9001148763E+00
    0.5313450994E+01      0.5313450994E+01     -0.2822677201E+01     -0.3004786033E+00
    0.5372881098E+01      0.5372881098E+01     -0.2775122656E+01      0.3309942554E+00
    0.5473884890E+01      0.5473884890E+01     -0.2580215869E+01      0.9377602809E+00
    0.5632064829E+01      0.5632064829E+01     -0.2275757334E+01      0.1499348765E+01
    0.5835081980E+01      0.5835081980E+01     -0.1895408589E+01      0.1943056770E+01
    0.6039456682E+01      0.6039456682E+01     -0.1450361870E+01      0.2252911415E+01
    0.6241123352E+01      0.6241123352E+01     -0.9903877323E+00      0.2424735350E+01
    0.6426855993E+01      0.6426855993E+01     -0.5314729829E+00      0.2475436071E+01
    0.6592754928E+01      0.6592754928E+01     -0.7698809835E-01      0.2401637007E+01
    0.6723193709E+01      0.6723193709E+01      0.3395916606E+00      0.2237276334E+01
    0.6823908320E+01      0.6823908320E+01      0.6970822820E+00      0.2031869359E+01
    0.6892287674E+01      0.6892287674E+01      0.9798199752E+00      0.1817695073E+01
    0.6942996994E+01      0.6942996994E+01      0.1205827891E+01      0.1626828339E+01
    0.0000000000E+00      0.2000000000E+02      0.0000000000E+00      0.0000000000E+00
    0.6304554035E+01      0.6304554035E+01     -0.1049306885E+00     -0.1609690483E+01
    0.6285921803E+01      0.6285921803E+01     -0.2628837753E+00     -0.1626896829E+01
    0.6258119885E+01      0.6258119885E+01     -0.4720197827E+00     -0.1684513052E+01
    0.6211714098E+01      0.6211714098E+01     -0.7096386518E+00     -0.1733903876E+01
    0.6148170262E+01      0.6148170262E+01     -0.9825027387E+00     -0.1778473634E+01
    0.6066906742E+01      0.6066906742E+01     -0.1286116884E+01     -0.1796061956E+01
    0.5967271020E+01      0.5967271020E+01     -0.1615148633E+01     -0.1750504139E+01
    0.5856524178E+01      0.5856524178E+01     -0.1954941298E+01     -0.1632118270E+01
    0.5744369428E+01      0.5744369428E+01     -0.2281931359E+01     -0.1427398913E+01
    0.5634532276E+01      0.5634532276E+01     -0.2579602901E+01     -0.1123281119E+01
    0.5551220546E+01      0.5551220546E+01     -0.2797734029E+01     -0.7155233586E+00
    0.5566349175E+01      0.5566349175E+01     -0.2854225654E+01     -0.2223264063E+00
    0.5630688626E+01      0.5630688626E+01     -0.2794614861E+01      0.2968240695E+00
    0.5729712564E+01      0.5729712564E+01     -0.2618962112E+01      0.7950107293E+00
    0.5859008549E+01      0.5859008549E+01     -0.2324158992E+01      0.1252114995E+01
    0.6029134987E+01      0.6029134987E+01     -0.1964849892E+01      0.1618992295E+01
    0.6193992159E+01      0.6193992159E+01     -0.1539354879E+01      0.1878629723E+01
    0.6359326188E+01      0.6359326188E+01     -0.1088732515E+01      0.2025526672E+01
    0.6516203410E+01      0.6516203410E+01     -0.6256661090E+00      0.2067624910E+01
    0.6648741417E+01      0.6648741417E+01     -0.1895505898E+00      0.2004027679E+01
    0.6757167581E+01      0.6757167581E+01      0.2028879446E+00      0.1884971522E+01
    0.6842522798E+01      0.6842522798E+01      0.5386442748E+00      0.1736426435E+01
    0.6905557467E+01      0.6905557467E+01      0.8171239302E+00      0.1580421611E+01
    0.6952708958E+01      0.6952708958E+01      0.1048148123E+01      0.1430920245E+01
    0.0000000000E+00      0.2000000000E+02      0.0000000000E+00      0.0000000000E+00
    0.6298663239E+01      0.6298663239E+01     -0.1207983247E+00     -0.1427998260E+01
    0.6280987606E+01      0.6280987606E+01     -0.2982893598E+00     -0.1435232351E+01
    0.6263960026E+01      0.6263960026E+01     -0.5275689223E+00     -0.1457697937E+01
    0.6222873162E+01      0.6222873162E+01     -0.7680750760E+00     -0.1484613825E+01
    0.6174338251E+01      0.6174338251E+01     -0.1045318415E+01     -0.1499719067E+01
    0.6111653392E+01      0.6111653392E+01     -0.1345420728E+01     -0.1491287188E+01
    0.6039614227E+01      0.6039614227E+01     -0.1660259546E+01     -0.1429992922E+01
    0.5950318329E+01      0.5950318329E+01     -0.1972613016E+01     -0.1324080319E+01
    0.5873625381E+01      0.5873625381E+01     -0.2254999260E+01     -0.1135793888E+01
    0.5790860509E+01      0.5790860509E+01     -0.2512468855E+01     -0.8885662030E+00
    0.5749887146E+01      0.5749887146E+01     -0.2676060660E+01     -0.5420585212E+00
    0.5777088721E+01      0.5777088721E+01     -0.2729379694E+01     -0.1495541163E+00
    0.5838389319E+01      0.5838389319E+01     -0.2668208182E+01      0.2644150343E+00
    0.5930372454E+01      0.5930372454E+01     -0.2506050828E+01      0.6601293190E+00
    0.6035514405E+01      0.6035514405E+01     -0.2225141428E+01      0.1016222926E+01
    0.6176347803E+01      0.6176347803E+01     -0.1887857830E+01      0.1309084204E+01
    0.6309751425E+01      0.6309751425E+01     -0.1488432702E+01      0.1517124312E+01
    0.6445531642E+01      0.6445531642E+01     -0.1069089320E+01      0.1637991754E+01
    0.6580316022E+01      0.6580316022E+01     -0.6422545380E+00      0.1679696798E+01
    0.6690804741E+01      0.6690804741E+01     -0.2483970436E+00      0.1641193278E+01
    0.6785171472E+01      0.6785171472E+01      0.1093219578E+00      0.1563662441E+01
    0.6859794659E+01      0.6859794659E+01      0.4207897544E+00      0.1459661182E+01
    0.6917073626E+01      0.6917073626E+01      0.6873801911E+00      0.1346790283E+01
    0.6960843512E+01      0.6960843512E+01      0.9160643627E+00      0.1232630242E+01
    0.0000000000E+00      0.2000000000E+02      0.0000000000E+00      0.0000000000E+00
    0.6300666486E+01      0.6300666486E+01     -0.1317876405E+00     -0.1223653465E+01
    0.6284973227E+01      0.6284973227E+01     -0.3220536096E+00     -0.1225144353E+01
    0.6273554459E+01      0.6273554459E+01     -0.5557587425E+00     -0.1222619621E+01
    0.6239922819E+01      0.6239922819E+01     -0.7899992646E+00     -0.1237054119E+01
    0.6202231490E+01      0.6202231490E+01     -0.1051379105E+01     -0.1225936962E+01
    0.6149414349E+01      0.6149414349E+01     -0.1317959435E+01     -0.1206268828E+01
    0.6094221048E+01      0.6094221048E+01     -0.1596082699E+01     -0.1142314417E+01
    0.6027032160E+01      0.6027032160E+01     -0.1871735857E+01     -0.1045980485E+01
    0.5976197888E+01      0.5976197888E+01     -0.2116007524E+01     -0.8803438206E+00
    0.5914413015E+01      0.5914413015E+01     -0.2337684688E+01     -0.6822494051E+00
    0.5901427567E+01      0.5901427567E+01     -0.2460557739E+01     -0.3971679078E+00
    0.5937352979E+01      0.5937352979E+01     -0.2506547221E+01     -0.9072090950E-01
    0.5992823448E+01      0.5992823448E+01     -0.2438688409E+01      0.2286969148E+00
    0.6077233005E+01      0.6077233005E+01     -0.2291976561E+01      0.5299578009E+00
    0.6165554825E+01      0.6165554825E+01     -0.2041207035E+01      0.7966747040E+00
    0.6284133963E+01      0.6284133963E+01     -0.1743134459E+01      0.1023150300E+01
    0.6396371419E+01      0.6396371419E+01     -0.1389636140E+01      0.1186654271E+01
    0.6511666558E+01      0.6511666558E+01     -0.1018252688E+01      0.1289501929E+01
    0.6626783874E+01      0.6626783874E+01     -0.6400655350E+00      0.1333770580E+01
    0.6723318650E+01      0.6723318650E+01     -0.2884602544E+00      0.1318619123E+01
    0.6806733052E+01      0.6806733052E+01      0.3542208763E-01      0.1270983801E+01
    0.6874004092E+01      0.6874004092E+01      0.3246864591E+00      0.1201185424E+01
    0.6926567205E+01      0.6926567205E+01      0.5791427502E+00      0.1120594638E+01
    0.6966624924E+01      0.6966624924E+01      0.8025780193E+00      0.1034738674E+01
    0.0000000000E+00      0.2000000000E+02      0.0000000000E+00      0.0000000000E+00
    0.6304686715E+01      0.6304686715E+01     -0.1383992086E+00     -0.1005236460E+01
    0.6290501236E+01      0.6290501236E+01     -0.3365541164E+00     -0.1001943779E+01
    0.6283858247E+01      0.6283858247E+01     -0.5691864531E+00     -0.9884887319E+00
    0.6256486841E+01      0.6256486841E+01     -0.7958171900E+00     -0.9947925517E+00
    0.6227399388E+01      0.6227399388E+01     -0.1041634805E+01     -0.9688337434E+00
    0.6185135402E+01      0.6185135402E+01     -0.1284445390E+01     -0.9420910931E+00
    0.6138469722E+01      0.6138469722E+01     -0.1529065811E+01     -0.8836812577E+00
    0.6087348187E+01      0.6087348187E+01     -0.1765891298E+01     -0.7979475318E+00
    0.6048074402E+01      0.6048074402E+01     -0.1971291831E+01     -0.6651097694E+00
    0.6006141180E+01      0.6006141180E+01     -0.2148996471E+01     -0.5061560850E+00
    0.6007581771E+01      0.6007581771E+01     -0.2237433399E+01     -0.2846494460E+00
    0.6051436111E+01      0.6051436111E+01     -0.2267177134E+01     -0.4982363282E-01
    0.6100777569E+01      0.6100777569E+01     -0.2190467947E+01      0.1878026319E+00
    0.6179111573E+01      0.6179111573E+01     -0.2058484768E+01      0.4123039883E+00
    0.6258090530E+01      0.6258090530E+01     -0.1839086384E+01      0.6079985727E+00
    0.6362242458E+01      0.6362242458E+01     -0.1580911647E+01      0.7798686917E+00
    0.6462313185E+01      0.6462313185E+01     -0.1276651869E+01      0.9058470348E+00
    0.6563679626E+01      0.6563679626E+01     -0.9545356449E+00      0.9903480062E+00
    0.6662112636E+01      0.6662112636E+01     -0.6269296593E+00      0.1032621942E+01
    0.6748948381E+01      0.6748948381E+01     -0.3121242619E+00      0.1032700981E+01
    0.6824421985E+01      0.6824421985E+01     -0.1648014585E-01      0.1005338944E+01
    0.6886176752E+01      0.6886176752E+01      0.2540842867E+00      0.9599256061E+00
    0.6934729217E+01      0.6934729217E+01      0.4979806711E+00      0.9031734443E+00
    0.6972216563E+01      0.6972216563E+01      0.7171880435E+00      0.8403170466E+00
    0.0000000000E+00      0.2000000000E+02      0.0000000000E+00      0.0000000000E+00
    0.6311102773E+01      0.6311102773E+01     -0.1412220150E+00     -0.7819294153E+00
    0.6297152468E+01      0.6297152468E+01     -0.3398689376E+00     -0.7763756695E+00
    0.6290756377E+01      0.6290756377E+01     -0.5687480191E+00     -0.7626606470E+00
    0.6266950974E+01      0.6266950974E+01     -0.7892058057E+00     -0.7641722648E+00
    0.6242388059E+01      0.6242388059E+01     -0.1020576902E+01     -0.7356882407E+00
    0.6208811801E+01      0.6208811801E+01     -0.1244861887E+01     -0.7060739872E+00
    0.6168588412E+01      0.6168588412E+01     -0.1464909462E+01     -0.6576829039E+00
    0.6131128507E+01      0.6131128507E+01     -0.1668074490E+01     -0.5838033682E+00
    0.6096752090E+01      0.6096752090E+01     -0.1848505390E+01     -0.4858340609E+00
    0.6072292641E+01      0.6072292641E+01     -0.1986629849E+01     -0.3608028084E+00
    0.6080062059E+01      0.6080062059E+01     -0.2055800091E+01     -0.1994339660E+00
    0.6128345470E+01      0.6128345470E+01     -0.2069580097E+01     -0.2567762163E-01
    0.6172175665E+01      0.6172175665E+01     -0.1993377412E+01      0.1414566588E+00
    0.6246769496E+01      0.6246769496E+01     -0.1874765229E+01      0.3074685475E+00
    0.6321038000E+01      0.6321038000E+01     -0.1679857005E+01      0.4463525372E+00
    0.6415449427E+01      0.6415449427E+01     -0.1451172723E+01      0.5737116404E+00
    0.6508076934E+01      0.6508076934E+01     -0.1183715885E+01      0.6673952884E+00
    0.6600437680E+01      0.6600437680E+01     -0.8988484657E+00      0.7332119427E+00
    0.6688030624E+01      0.6688030624E+01     -0.6088403086E+00      0.7692732404E+00
    0.6768075123E+01      0.6768075123E+01     -0.3228912735E+00      0.7756140790E+00
    0.6837608206E+01      0.6837608206E+01     -0.4983332823E-01      0.7605077199E+00
    0.6894747191E+01      0.6894747191E+01      0.2047489800E+00      0.7310848732E+00
    0.6940295769E+01      0.6940295769E+01      0.4393676809E+00      0.6920316011E+00
    0.6975846270E+01      0.6975846270E+01      0.6541397962E+00      0.6474615465E+00
    0.0000000000E+00      0.2000000000E+02      0.0000000000E+00      0.0000000000E+00
    0.6317999854E+01      0.6317999854E+01     -0.1426499886E+00     -0.5554337337E+00
    0.6304294332E+01      0.6304294332E+01     -0.3408845338E+00     -0.5508876133E+00
    0.6297109575E+01      0.6297109575E+01     -0.5671575113E+00     -0.5402292206E+00
    0.6275583600E+01      0.6275583600E+01     -0.7832888069E+00     -0.5388020638E+00
    0.6251668401E+01      0.6251668401E+01     -0.1001946366E+01     -0.5172222558E+00
    0.6223505164E+01      0.6223505164E+01     -0.1212551819E+01     -0.4907083213E+00
    0.6189812636E+01      0.6189812636E+01     -0.1415036399E+01     -0.4535340257E+00
    0.6162151869E+01      0.6162151869E+01     -0.1594277486E+01     -0.3945201487E+00
    0.6131755468E+01      0.6131755468E+01     -0.1752689551E+01     -0.3277000015E+00
    0.6119885395E+01      0.6119885395E+01     -0.1860269278E+01     -0.2358486340E+00
    0.6131740737E+01      0.6131740737E+01     -0.1914447963E+01     -0.1276020350E+00
    0.6181257140E+01      0.6181257140E+01     -0.1918365102E+01     -0.7319170708E-02
    0.6221704491E+01      0.6221704491E+01     -0.1844247709E+01      0.1016502579E+00
    0.6293178084E+01      0.6293178084E+01     -0.1731306723E+01      0.2166369028E+00
    0.6367303173E+01      0.6367303173E+01     -0.1557688551E+01      0.3103754522E+00
    0.6452333576E+01      0.6452333576E+01     -0.1348056067E+01      0.3966811874E+00
    0.6539946171E+01      0.6539946171E+01     -0.1108789311E+01      0.4609202137E+00
    0.6624997002E+01      0.6624997002E+01     -0.8508578897E+00      0.5066181649E+00
    0.6705542019E+01      0.6705542019E+01     -0.5858731319E+00      0.5324818060E+00
    0.6781195758E+01      0.6781195758E+01     -0.3192151225E+00      0.5399566427E+00
    0.6846586399E+01      0.6846586399E+01     -0.6225774371E-01      0.5318901928E+00
    0.6900377480E+01      0.6900377480E+01      0.1800477497E+00      0.5132665034E+00
    0.6944049959E+01      0.6944049959E+01      0.4068100333E+00      0.4878196911E+00
    0.6978830305E+01      0.6978830305E+01      0.6173638523E+00      0.4582154427E+00
    0.0000000000E+00      0.2000000000E+02      0.0000000000E+00      0.0000000000E+00
    0.6323774439E+01      0.6323774439E+01     -0.1415670531E+00     -0.3299561932E+00
    0.6309520387E+01      0.6309520387E+01     -0.3387139121E+00     -0.3278769131E+00
    0.6301323495E+01      0.6301323495E+01     -0.5627308146E+00     -0.3216200668E+00
    0.6280350076E+01      0.6280350076E+01     -0.7745898339E+00     -0.3203692561E+00
    0.6256002439E+01      0.6256002439E+01     -0.9848796507E+00     -0.3085712383E+00
    0.6229396371E+01      0.6229396371E+01     -0.1186495291E+01     -0.2917348728E+00
    0.6200101202E+01      0.6200101202E+01     -0.1378424116E+01     -0.2684727539E+00
    0.6177410164E+01      0.6177410164E+01     -0.1546300941E+01     -0.2306011681E+00
    0.6150068017E+01      0.6150068017E+01     -0.1693625852E+01     -0.1920907796E+00
    0.6145070935E+01      0.6145070935E+01     -0.1785600542E+01     -0.1358823451E+00
    0.6159504858E+01      0.6159504858E+01     -0.1831801820E+01     -0.7344626032E-01
    0.6208623626E+01      0.6208623626E+01     -0.1826811831E+01     -0.1943206460E-02
    0.6250470966E+01      0.6250470966E+01     -0.1749670014E+01      0.5979531713E-01
    0.6319128365E+01      0.6319128365E+01     -0.1637327884E+01      0.1285045326E+00
    0.6393228154E+01      0.6393228154E+01     -0.1476258825E+01      0.1832451220E+00
    0.6472051681E+01      0.6472051681E+01     -0.1277687254E+01      0.2326152377E+00
    0.6556216783E+01      0.6556216783E+01     -0.1055669192E+01      0.2696581738E+00
    0.6636938811E+01      0.6636938811E+01     -0.8144589917E+00      0.2958368657E+00
    0.6714331261E+01      0.6714331261E+01     -0.5646282974E+00      0.3108960195E+00
    0.6787423290E+01      0.6787423290E+01     -0.3118427948E+00      0.3163128560E+00
    0.6850325974E+01      0.6850325974E+01     -0.6668964301E-01      0.3126787389E+00
    0.6902469327E+01      0.6902469327E+01      0.1666828011E+00      0.3028355384E+00
    0.6945389268E+01      0.6945389268E+01      0.3874446600E+00      0.2888065755E+00
    0.6980082863E+01      0.6980082863E+01      0.5944143328E+00      0.2721596049E+00
    0.0000000000E+00      0.2000000000E+02      0.0000000000E+00      0.0000000000E+00
    0.6326043340E+01      0.6326043340E+01     -0.1409293856E+00     -0.1091652358E+00
    0.6311710598E+01      0.6311710598E+01     -0.3370897536E+00     -0.1085059437E+00
    0.6303408245E+01      0.6303408245E+01     -0.5590263801E+00     -0.1062988898E+00
    0.6283258787E+01      0.6283258787E+01     -0.7675970686E+00     -0.1054754914E+00
    0.6259767464E+01      0.6259767464E+01     -0.9726460071E+00     -0.1013678120E+00
    0.6233883735E+01      0.6233883735E+01     -0.1168268941E+01     -0.9546869393E-01
    0.6207595254E+01      0.6207595254E+01     -0.1352681638E+01     -0.8693870088E-01
    0.6185937105E+01      0.6185937105E+01     -0.1514405251E+01     -0.7399577092E-01
    0.6162203163E+01      0.6162203163E+01     -0.1654230925E+01     -0.6031877050E-01
    0.6160651269E+01      0.6160651269E+01     -0.1737773372E+01     -0.4088235796E-01
    0.6177103689E+01      0.6177103689E+01     -0.1778994350E+01     -0.2022665447E-01
    0.6223747812E+01      0.6223747812E+01     -0.1772116502E+01      0.2193495660E-02
    0.6267017179E+01      0.6267017179E+01     -0.1700862317E+01      0.2247804152E-01
    0.6332183287E+01      0.6332183287E+01     -0.1589971064E+01      0.4494200205E-01
    0.6406153791E+01      0.6406153791E+01     -0.1435207483E+01      0.6292057844E-01
    0.6482443601E+01      0.6482443601E+01     -0.1241247827E+01      0.7871451084E-01
    0.6565252332E+01      0.6565252332E+01     -0.1025911251E+01      0.9065127845E-01
    0.6644481233E+01      0.6644481233E+01     -0.7910245015E+00      0.9900666846E-01
    0.6720812255E+01      0.6720812255E+01     -0.5470479094E+00      0.1037842819E+00
    0.6792792044E+01      0.6792792044E+01     -0.3002390112E+00      0.1054327418E+00
    0.6853990084E+01      0.6853990084E+01     -0.6102565701E-01      0.1040035114E+00
    0.6904986147E+01      0.6904986147E+01      0.1677559940E+00      0.1005813699E+00
    0.6947339410E+01      0.6947339410E+01      0.3851229713E+00      0.9595168518E-01
    0.6981792910E+01      0.6981792910E+01      0.5897680008E+00      0.9055143355E-01
