    0.0000000000E+00      0.2000000000E+02      0.0000000000E+00      0.0000000000E+00
    0.6394458567E+01      0.6394458567E+01     -0.2661105709E-03      0.1829108023E-01
    0.6395237332E+01      0.6395237332E+01     -0.1501836876E-02      0.1838762808E-01
    0.6396588588E+01      0.6396588588E+01     -0.2105293342E-02      0.1814410424E-01
    0.6398562940E+01      0.6398562940E+01     -0.2301273546E-02      0.1794513893E-01
    0.6400570465E+01      0.6400570465E+01     -0.1302361436E-02      0.1770527706E-01
    0.6403482361E+01      0.6403482361E+01     -0.1268712997E-04      0.1752323796E-01
    0.6406492586E+01      0.6406492586E+01      0.3250435932E-02      0.1707240577E-01
    0.6410542687E+01      0.6410542687E+01      0.7319225288E-02      0.1678511015E-01
    0.6415319561E+01      0.6415319561E+01      0.1301667488E-01      0.1614257772E-01
    0.6421717933E+01      0.6421717933E+01      0.1934394091E-01      0.1548419533E-01
    0.6431564331E+01      0.6431564331E+01      0.2478300073E-01      0.1438936254E-01
    0.6445797815E+01      0.6445797815E+01      0.2761078958E-01      0.1315707052E-01
    0.6464650058E+01      0.6464650058E+01      0.2779721487E-01      0.1169212820E-01
    0.6487563725E+01      0.6487563725E+01      0.2638986843E-01      0.1037214248E-01
    0.6513774022E+01      0.6513774022E+01      0.2401812334E-01      0.9273558944E-02
    0.6541540583E+01      0.6541540583E+01      0.2221699876E-01      0.8500752099E-02
    0.6569910976E+01      0.6569910976E+01      0.2301915804E-01      0.8167650803E-02
    0.6595730578E+01      0.6595730578E+01      0.2802250805E-01      0.8056330599E-02
    0.6619351275E+01      0.6619351275E+01      0.3746086286E-01      0.7965510472E-02
    0.6641105874E+01      0.6641105874E+01      0.5087406419E-01      0.7774537764E-02
    0.6661533987E+01      0.6661533987E+01      0.6761281003E-01      0.7443135860E-02
    0.6681135203E+01      0.6681135203E+01      0.8704597778E-01      0.6955841423E-02
    0.6700300592E+01      0.6700300592E+01      0.1087516165E+00      0.6338358151E-02
    0.6719249505E+01      0.6719249505E+01      0.1324489775E+00      0.5668354285E-02
    0.0000000000E+00      0.2000000000E+02      0.0000000000E+00      0.0000000000E+00
    0.6391065210E+01      0.6391065210E+01     -0.2502392692E-03      0.5714373373E-01
    0.6391859014E+01      0.6391859014E+01     -0.1512997656E-02      0.5746207783E-01
    0.6393254519E+01      0.6393254519E+01     -0.2193124648E-02      0.5665990911E-01
    0.6395290349E+01      0.6395290349E+01     -0.2408757697E-02      0.5602685311E-01
    0.6397496069E+01      0.6397496069E+01     -0.1511852683E-02      0.5513179181E-01
    0.6400534201E+01      0.6400534201E+01     -0.2398876900E-03      0.5448426984E-01
    0.6403789701E+01      0.6403789701E+01      0.2790268839E-02      0.5297706617E-01
    0.6408119711E+01      0.6408119711E+01      0.6566400376E-02      0.5189827075E-01
    0.6413331909E+01      0.6413331909E+01      0.1175499083E-01      0.4969690440E-01
    0.6420382262E+01      0.6420382262E+01      0.1734738183E-01      0.4727056777E-01
    0.6430755017E+01      0.6430755017E+01      0.2214353083E-01      0.4356273091E-01
    0.6445131224E+01      0.6445131224E+01      0.2481216664E-01      0.3965074307E-01
    0.6463720508E+01      0.6463720508E+01      0.2531220082E-01      0.3539799874E-01
    0.6485972062E+01      0.6485972062E+01      0.2450219728E-01      0.3175458051E-01
    0.6511227046E+01      0.6511227046E+01      0.2314321296E-01      0.2890916330E-01
    0.6538274880E+01      0.6538274880E+01      0.2222807077E-01      0.2703271195E-01
    0.6565798509E+01      0.6565798509E+01      0.2361062263E-01      0.2649191659E-01
    0.6591576166E+01      0.6591576166E+01      0.2880262600E-01      0.2631749725E-01
    0.6615615057E+01      0.6615615057E+01      0.3786865691E-01      0.2594288823E-01
    0.6637962643E+01      0.6637962643E+01      0.5062520913E-01      0.2504493699E-01
    0.6658934527E+01      0.6658934527E+01      0.6682087832E-01      0.2363064881E-01
    0.6678931038E+01      0.6678931038E+01      0.8604620066E-01      0.2182078151E-01
    0.6698323140E+01      0.6698323140E+01      0.1078283908E+00      0.1977210506E-01
    0.6717358124E+01      0.6717358124E+01      0.1317285099E+00      0.1770201973E-01
    0.0000000000E+00      0.2000000000E+02      0.0000000000E+00      0.0000000000E+00
    0.6385988893E+01      0.6385988893E+01     -0.5243095483E-03      0.9600414679E-01
    0.6386788128E+01      0.6386788128E+01     -0.2018566792E-02      0.9652894530E-01
    0.6388211180E+01      0.6388211180E+01     -0.3058326847E-02      0.9510124030E-01
    0.6390267263E+01      0.6390267263E+01     -0.3475218516E-02      0.9400011198E-01
    0.6392727229E+01      0.6392727229E+01     -0.2894579732E-02      0.9228638338E-01
    0.6395886643E+01      0.6395886643E+01     -0.1814662826E-02      0.9101445426E-01
    0.6399441106E+01      0.6399441106E+01      0.7671923381E-03      0.8830072739E-01
    0.6404156000E+01      0.6404156000E+01      0.4022254507E-02      0.8618581301E-01
    0.6410088162E+01      0.6410088162E+01      0.8317930629E-02      0.8215739786E-01
    0.6418064735E+01      0.6418064735E+01      0.1285423919E-01      0.7772814304E-01
    0.6429140790E+01      0.6429140790E+01      0.1670674497E-01      0.7144503761E-01
    0.6443678218E+01      0.6443678218E+01      0.1903612642E-01      0.6500035732E-01
    0.6461789183E+01      0.6461789183E+01      0.1990477979E-01      0.5808947578E-01
    0.6483050459E+01      0.6483050459E+01      0.2004820178E-01      0.5199048527E-01
    0.6506859241E+01      0.6506859241E+01      0.2019677942E-01      0.4699979345E-01
    0.6532434939E+01      0.6532434939E+01      0.2102384589E-01      0.4375873016E-01
    0.6558806636E+01      0.6558806636E+01      0.2342014570E-01      0.4241029855E-01
    0.6584689466E+01      0.6584689466E+01      0.2879836105E-01      0.4185005828E-01
    0.6609300818E+01      0.6609300818E+01      0.3746105366E-01      0.4109797453E-01
    0.6632479383E+01      0.6632479383E+01      0.4960028331E-01      0.3960197924E-01
    0.6654260958E+01      0.6654260958E+01      0.6518747396E-01      0.3724722976E-01
    0.6674882992E+01      0.6674882992E+01      0.8402229843E-01      0.3425759091E-01
    0.6694663462E+01      0.6694663462E+01      0.1056670786E+00      0.3091474628E-01
    0.6713893171E+01      0.6713893171E+01      0.1295994861E+00      0.2753389703E-01
    0.0000000000E+00      0.2000000000E+02      0.0000000000E+00      0.0000000000E+00
    0.6377248091E+01      0.6377248091E+01     -0.8908005756E-03      0.1375622177E+00
    0.6378138483E+01      0.6378138483E+01     -0.2821032528E-02      0.1381080244E+00
    0.6379650656E+01      0.6379650656E+01     -0.4369917576E-02      0.1359387324E+00
    0.6381808677E+01      0.6381808677E+01     -0.5197146785E-02      0.1341753505E+00
    0.6384879744E+01      0.6384879744E+01     -0.5291242816E-02      0.1311679047E+00
    0.6388531710E+01      0.6388531710E+01     -0.4606531551E-02      0.1287176638E+00
    0.6392929919E+01      0.6392929919E+01     -0.2906198220E-02      0.1241709412E+00
    0.6398492277E+01      0.6398492277E+01     -0.5084367191E-03      0.1203087300E+00
    0.6405373389E+01      0.6405373389E+01      0.2754164193E-02      0.1140997378E+00
    0.6414474721E+01      0.6414474721E+01      0.5926168983E-02      0.1073863347E+00
    0.6426345317E+01      0.6426345317E+01      0.8561631240E-02      0.9856496516E-01
    0.6441083116E+01      0.6441083116E+01      0.1036962828E-01      0.8962562480E-01
    0.6458600812E+01      0.6458600812E+01      0.1170747064E-01      0.8009211118E-01
    0.6478644717E+01      0.6478644717E+01      0.1308817658E-01      0.7142300424E-01
    0.6500586009E+01      0.6500586009E+01      0.1508884308E-01      0.6427206210E-01
    0.6524110732E+01      0.6524110732E+01      0.1797231603E-01      0.5931957919E-01
    0.6548977609E+01      0.6548977609E+01      0.2200792425E-01      0.5664898979E-01
    0.6574861325E+01      0.6574861325E+01      0.2735932155E-01      0.5525604028E-01
    0.6600197098E+01      0.6600197098E+01      0.3578372861E-01      0.5387632321E-01
    0.6624302970E+01      0.6624302970E+01      0.4756145144E-01      0.5172429914E-01
    0.6647129850E+01      0.6647129850E+01      0.6286609019E-01      0.4849153808E-01
    0.6668658811E+01      0.6668658811E+01      0.8148533479E-01      0.4447919121E-01
    0.6689093504E+01      0.6689093504E+01      0.1030075911E+00      0.4002359984E-01
    0.6708742977E+01      0.6708742977E+01      0.1269191467E+00      0.3545664620E-01
    0.0000000000E+00      0.2000000000E+02      0.0000000000E+00      0.0000000000E+00
    0.6366987027E+01      0.6366987027E+01     -0.1429951804E-02      0.1794308810E+00
    0.6367936269E+01      0.6367936269E+01     -0.4001731483E-02      0.1799044122E+00
    0.6369534268E+01      0.6369534268E+01     -0.6247753436E-02      0.1769427281E+00
    0.6371898133E+01      0.6371898133E+01     -0.7842918973E-02      0.1743971152E+00
    0.6375226644E+01      0.6375226644E+01     -0.8769261204E-02      0.1702113427E+00
    0.6379508487E+01      0.6379508487E+01     -0.8700266796E-02      0.1662800384E+00
    0.6384671988E+01      0.6384671988E+01     -0.7842777462E-02      0.1598582093E+00
    0.6391138914E+01      0.6391138914E+01     -0.6427737566E-02      0.1540771991E+00
    0.6399198087E+01      0.6399198087E+01     -0.4635318823E-02      0.1455324727E+00
    0.6409435019E+01      0.6409435019E+01     -0.3066258112E-02      0.1364899961E+00
    0.6422072366E+01      0.6422072366E+01     -0.1759957963E-02      0.1252215636E+00
    0.6437105382E+01      0.6437105382E+01     -0.6177868303E-03      0.1137185139E+00
    0.6454129588E+01      0.6454129588E+01      0.9312883402E-03      0.1015864639E+00
    0.6472728920E+01      0.6472728920E+01      0.3461264753E-02      0.9045789804E-01
    0.6492468579E+01      0.6492468579E+01      0.7471957475E-02      0.8119964595E-01
    0.6513748702E+01      0.6513748702E+01      0.1256253962E-01      0.7418177671E-01
    0.6536929473E+01      0.6536929473E+01      0.1842457315E-01      0.6927859749E-01
    0.6562148216E+01      0.6562148216E+01      0.2481501673E-01      0.6616566279E-01
    0.6588193239E+01      0.6588193239E+01      0.3289807172E-01      0.6373562142E-01
    0.6613375229E+01      0.6613375229E+01      0.4436203332E-01      0.6067521928E-01
    0.6637368006E+01      0.6637368006E+01      0.5917582406E-01      0.5671502565E-01
    0.6660021252E+01      0.6660021252E+01      0.7732570724E-01      0.5200101123E-01
    0.6681390698E+01      0.6681390698E+01      0.9847491797E-01      0.4672420491E-01
    0.6701678700E+01      0.6701678700E+01      0.1221800032E+00      0.4115598870E-01
    0.0000000000E+00      0.2000000000E+02      0.0000000000E+00      0.0000000000E+00
    0.6354739125E+01      0.6354739125E+01     -0.2096565424E-02      0.2223526138E+00
    0.6355793755E+01      0.6355793755E+01     -0.5530641400E-02      0.2226052460E+00
    0.6357629626E+01      0.6357629626E+01     -0.8783645064E-02      0.2186340606E+00
    0.6360298845E+01      0.6360298845E+01     -0.1136030184E-01      0.2150574165E+00
    0.6363919024E+01      0.6363919024E+01     -0.1323210476E-01      0.2096817849E+00
    0.6368653876E+01      0.6368653876E+01     -0.1431454220E-01      0.2041663413E+00
    0.6374711092E+01      0.6374711092E+01     -0.1470758028E-01      0.1956698259E+00
    0.6382158850E+01      0.6382158850E+01     -0.1461728986E-01      0.1875777559E+00
    0.6391388466E+01      0.6391388466E+01     -0.1437037328E-01      0.1767351754E+00
    0.6402712466E+01      0.6402712466E+01     -0.1435623046E-01      0.1653749482E+00
    0.6416154382E+01      0.6416154382E+01     -0.1434826033E-01      0.1517063075E+00
    0.6431597743E+01      0.6431597743E+01     -0.1406379432E-01      0.1375894050E+00
    0.6448056049E+01      0.6448056049E+01     -0.1229109868E-01      0.1231230281E+00
    0.6465024661E+01      0.6465024661E+01     -0.8428840320E-02      0.1098312996E+00
    0.6482613113E+01      0.6482613113E+01     -0.2317173619E-02      0.9820248570E-01
    0.6501783354E+01      0.6501783354E+01      0.4993570235E-02      0.8852845644E-01
    0.6523196329E+01      0.6523196329E+01      0.1279242234E-01      0.8070727342E-01
    0.6547030888E+01      0.6547030888E+01      0.2087186987E-01      0.7501639633E-01
    0.6572947081E+01      0.6572947081E+01      0.2961581194E-01      0.7077628863E-01
    0.6599278415E+01      0.6599278415E+01      0.4065260320E-01      0.6660365104E-01
    0.6624499543E+01      0.6624499543E+01      0.5491793170E-01      0.6192260793E-01
    0.6648472524E+01      0.6648472524E+01      0.7231813095E-01      0.5666580285E-01
    0.6670937030E+01      0.6670937030E+01      0.9283323674E-01      0.5074866161E-01
    0.6692077008E+01      0.6692077008E+01      0.1161942759E+00      0.4437944300E-01
    0.0000000000E+00      0.2000000000E+02      0.0000000000E+00      0.0000000000E+00
    0.6341646835E+01      0.6341646835E+01     -0.2996618393E-02      0.2647960104E+00
    0.6342696563E+01      0.6342696563E+01     -0.7602880455E-02      0.2648779936E+00
    0.6344643104E+01      0.6344643104E+01     -0.1221986642E-01      0.2599011755E+00
    0.6347523273E+01      0.6347523273E+01     -0.1606440736E-01      0.2553506866E+00
    0.6351439050E+01      0.6351439050E+01     -0.1923703815E-01      0.2486339159E+00
    0.6356552767E+01      0.6356552767E+01     -0.2172898733E-01      0.2416725427E+00
    0.6363160024E+01      0.6363160024E+01     -0.2358482380E-01      0.2314144962E+00
    0.6371579883E+01      0.6371579883E+01     -0.2503049684E-01      0.2210513894E+00
    0.6381927577E+01      0.6381927577E+01     -0.2643462328E-01      0.2078731871E+00
    0.6394323684E+01      0.6394323684E+01     -0.2805225017E-01      0.1941925069E+00
    0.6408472079E+01      0.6408472079E+01     -0.2937003064E-01      0.1782145085E+00
    0.6424249679E+01      0.6424249679E+01     -0.2986242258E-01      0.1617028264E+00
    0.6439937969E+01      0.6439937969E+01     -0.2753675783E-01      0.1450977488E+00
    0.6455314006E+01      0.6455314006E+01     -0.2237261074E-01      0.1298412568E+00
    0.6471275060E+01      0.6471275060E+01     -0.1473867184E-01      0.1154508801E+00
    0.6488677889E+01      0.6488677889E+01     -0.5612148693E-02      0.1026055522E+00
    0.6508140610E+01      0.6508140610E+01      0.4268302635E-02      0.9162424510E-01
    0.6530223330E+01      0.6530223330E+01      0.1440606698E-01      0.8279419045E-01
    0.6555043471E+01      0.6555043471E+01      0.2458861719E-01      0.7575129294E-01
    0.6581699312E+01      0.6581699312E+01      0.3561567077E-01      0.6986421889E-01
    0.6608045631E+01      0.6608045631E+01      0.4927361507E-01      0.6442142129E-01
    0.6633210768E+01      0.6633210768E+01      0.6594803374E-01      0.5851646014E-01
    0.6657045816E+01      0.6657045816E+01      0.8580663869E-01      0.5197648943E-01
    0.6679510056E+01      0.6679510056E+01      0.1086918329E+00      0.4489176970E-01
    0.0000000000E+00      0.2000000000E+02      0.0000000000E+00      0.0000000000E+00
    0.6327691645E+01      0.6327691645E+01     -0.4080879961E-02      0.3069892591E+00
    0.6328614540E+01      0.6328614540E+01     -0.1007768751E-01      0.3071439805E+00
    0.6330621581E+01      0.6330621581E+01     -0.1648171685E-01      0.3011235696E+00
    0.6333528569E+01      0.6333528569E+01     -0.2192902034E-01      0.2957437976E+00
    0.6337620867E+01      0.6337620867E+01     -0.2675757800E-01      0.2878269908E+00
    0.6343111012E+01      0.6343111012E+01     -0.3094772208E-01      0.2793580157E+00
    0.6350199576E+01      0.6350199576E+01     -0.3472663449E-01      0.2674228437E+00
    0.6359319353E+01      0.6359319353E+01     -0.3828105237E-01      0.2549073208E+00
    0.6370610709E+01      0.6370610709E+01     -0.4159482809E-01      0.2394171131E+00
    0.6383879293E+01      0.6383879293E+01     -0.4467128765E-01      0.2234518095E+00
    0.6398580086E+01      0.6398580086E+01     -0.4699560541E-01      0.2052711191E+00
    0.6414405914E+01      0.6414405914E+01     -0.4749757770E-01      0.1866116983E+00
    0.6429285026E+01      0.6429285026E+01     -0.4435093532E-01      0.1678897083E+00
    0.6443719438E+01      0.6443719438E+01     -0.3825926330E-01      0.1504044730E+00
    0.6458606479E+01      0.6458606479E+01     -0.2959542481E-01      0.1330949606E+00
    0.6474610813E+01      0.6474610813E+01     -0.1899825588E-01      0.1169615867E+00
    0.6492402699E+01      0.6492402699E+01     -0.7225920660E-02      0.1024492859E+00
    0.6512679515E+01      0.6512679515E+01      0.5047126677E-02      0.8983600724E-01
    0.6535898126E+01      0.6535898126E+01      0.1735135239E-01      0.7944154298E-01
    0.6561426648E+01      0.6561426648E+01      0.2986112024E-01      0.7121022897E-01
    0.6588260392E+01      0.6588260392E+01      0.4326208385E-01      0.6462716421E-01
    0.6614996923E+01      0.6614996923E+01      0.5938153657E-01      0.5785047697E-01
    0.6640526763E+01      0.6640526763E+01      0.7861535494E-01      0.5063774600E-01
    0.6664663534E+01      0.6664663534E+01      0.1010081091E+00      0.4279924940E-01
    0.0000000000E+00      0.2000000000E+02      0.0000000000E+00      0.0000000000E+00
    0.6312643536E+01      0.6312643536E+01     -0.5355598262E-02      0.3490429710E+00
    0.6313349682E+01      0.6313349682E+01     -0.1286937403E-01      0.3494839722E+00
    0.6315416192E+01      0.6315416192E+01     -0.2131407474E-01      0.3424033147E+00
    0.6318298500E+01      0.6318298500E+01     -0.2860185002E-01      0.3362856815E+00
    0.6322425312E+01      0.6322425312E+01     -0.3533054662E-01      0.3273920350E+00
    0.6328142071E+01      0.6328142071E+01     -0.4149996817E-01      0.3175673507E+00
    0.6335732037E+01      0.6335732037E+01     -0.4729177338E-01      0.3039441026E+00
    0.6345467093E+01      0.6345467093E+01     -0.5295450374E-01      0.2893349032E+00
    0.6357422520E+01      0.6357422520E+01     -0.5837915010E-01      0.2717053233E+00
    0.6371351403E+01      0.6371351403E+01     -0.6312728746E-01      0.2533964553E+00
    0.6386325134E+01      0.6386325134E+01     -0.6624625730E-01      0.2330641061E+00
    0.6402098785E+01      0.6402098785E+01     -0.6662060639E-01      0.2123555330E+00
    0.6416737338E+01      0.6416737338E+01     -0.6325143642E-01      0.1910099425E+00
    0.6431003630E+01      0.6431003630E+01     -0.5684676620E-01      0.1708256913E+00
    0.6445414972E+01      0.6445414972E+01     -0.4771663200E-01      0.1505089299E+00
    0.6460536461E+01      0.6460536461E+01     -0.3628299444E-01      0.1308896650E+00
    0.6476986267E+01      0.6476986267E+01     -0.2300968744E-01      0.1124221924E+00
    0.6495457890E+01      0.6495457890E+01     -0.8521545983E-02      0.9556256126E-01
    0.6516617540E+01      0.6516617540E+01      0.6619679593E-02      0.8103367536E-01
    0.6540491986E+01      0.6540491986E+01      0.2153699971E-01      0.6970727900E-01
    0.6567125750E+01      0.6567125750E+01      0.3612792626E-01      0.6105040907E-01
    0.6594971821E+01      0.6594971821E+01      0.5185299381E-01      0.5314098623E-01
    0.6622278026E+01      0.6622278026E+01      0.7045242414E-01      0.4467466294E-01
    0.6648215309E+01      0.6648215309E+01      0.9208648815E-01      0.3560923169E-01
    0.0000000000E+00      0.2000000000E+02      0.0000000000E+00      0.0000000000E+00
    0.6296036105E+01      0.6296036105E+01     -0.6650722370E-02      0.3917001386E+00
    0.6296371271E+01      0.6296371271E+01     -0.1561747664E-01      0.3927001463E+00
    0.6298492626E+01      0.6298492626E+01     -0.2637469344E-01      0.3845945621E+00
    0.6301306860E+01      0.6301306860E+01     -0.3571801761E-01      0.3778844160E+00
    0.6305422757E+01      0.6305422757E+01     -0.4471626839E-01      0.3681769216E+00
    0.6311308722E+01      0.6311308722E+01     -0.5335672697E-01      0.3571445888E+00
    0.6319337387E+01      0.6319337387E+01     -0.6169718489E-01      0.3418503147E+00
    0.6329743243E+01      0.6329743243E+01     -0.6977353809E-01      0.3249921166E+00
    0.6342337903E+01      0.6342337903E+01     -0.7729136129E-01      0.3050207030E+00
    0.6356662939E+01      0.6356662939E+01     -0.8357384488E-01      0.2842924321E+00
    0.6371826586E+01      0.6371826586E+01     -0.8746690005E-01      0.2617702787E+00
    0.6387707301E+01      0.6387707301E+01     -0.8833053027E-01      0.2388324013E+00
    0.6402868717E+01      0.6402868717E+01     -0.8508820645E-01      0.2140802543E+00
    0.6417461460E+01      0.6417461460E+01     -0.7853816059E-01      0.1907021237E+00
    0.6431985140E+01      0.6431985140E+01     -0.6917612194E-01      0.1671633826E+00
    0.6446903336E+01      0.6446903336E+01     -0.5723166705E-01      0.1438459843E+00
    0.6462667070E+01      0.6462667070E+01     -0.4283743344E-01      0.1212784162E+00
    0.6479798215E+01      0.6479798215E+01     -0.2625471417E-01      0.9984589021E-01
    0.6498616117E+01      0.6498616117E+01     -0.8334894326E-02      0.8033204660E-01
    0.6521176564E+01      0.6521176564E+01      0.8724165153E-02      0.6458911228E-01
    0.6546668337E+01      0.6546668337E+01      0.2552623142E-01      0.5179111785E-01
    0.6574356648E+01      0.6574356648E+01      0.4257015436E-01      0.4121917483E-01
    0.6602823677E+01      0.6602823677E+01      0.6092536319E-01      0.3147872367E-01
    0.6630355351E+01      0.6630355351E+01      0.8205324736E-01      0.2130495267E-01
    0.0000000000E+00      0.2000000000E+02      0.0000000000E+00      0.0000000000E+00
    0.6277684688E+01      0.6277684688E+01     -0.7926246680E-02      0.4355338236E+00
    0.6277765977E+01      0.6277765977E+01     -0.1833231001E-01      0.4370328808E+00
    0.6280140648E+01      0.6280140648E+01     -0.3145809606E-01      0.4277511502E+00
    0.6283124489E+01      0.6283124489E+01     -0.4300565263E-01      0.4202252588E+00
    0.6287511177E+01      0.6287511177E+01     -0.5450219503E-01      0.4094562050E+00
    0.6293788941E+01      0.6293788941E+01     -0.6583934248E-01      0.3970053616E+00
    0.6302290361E+01      0.6302290361E+01     -0.7700280545E-01      0.3800205485E+00
    0.6313236887E+01      0.6313236887E+01     -0.8782734978E-01      0.3610161922E+00
    0.6326390429E+01      0.6326390429E+01     -0.9777295288E-01      0.3385241160E+00
    0.6341121650E+01      0.6341121650E+01     -0.1059197070E+00      0.3149840774E+00
    0.6356610512E+01      0.6356610512E+01     -0.1111777475E+00      0.2898524763E+00
    0.6372619636E+01      0.6372619636E+01     -0.1131342479E+00      0.2643399655E+00
    0.6388429670E+01      0.6388429670E+01     -0.1105857571E+00      0.2361619647E+00
    0.6403608947E+01      0.6403608947E+01     -0.1045130151E+00      0.2092589300E+00
    0.6418593224E+01      0.6418593224E+01     -0.9523916607E-01      0.1822287541E+00
    0.6433791533E+01      0.6433791533E+01     -0.8283877736E-01      0.1549526689E+00
    0.6449412032E+01      0.6449412032E+01     -0.6721419516E-01      0.1278540335E+00
    0.6465491974E+01      0.6465491974E+01     -0.4868613210E-01      0.1014801583E+00
    0.6483255350E+01      0.6483255350E+01     -0.2908688737E-01      0.7702735092E-01
    0.6503732957E+01      0.6503732957E+01     -0.9851860192E-02      0.5599877535E-01
    0.6527082665E+01      0.6527082665E+01      0.9822101106E-02      0.3744053751E-01
    0.6553445797E+01      0.6553445797E+01      0.2926050315E-01      0.2232740156E-01
    0.6581962657E+01      0.6581962657E+01      0.4918644250E-01      0.9930411238E-02
    0.6610796796E+01      0.6610796796E+01      0.7082497770E-01     -0.1497894212E-02
    0.0000000000E+00      0.2000000000E+02      0.0000000000E+00      0.0000000000E+00
    0.6256963493E+01      0.6256963493E+01     -0.9322188289E-02      0.4819275664E+00
    0.6256929586E+01      0.6256929586E+01     -0.2148132024E-01      0.4838430937E+00
    0.6259743076E+01      0.6259743076E+01     -0.3730873128E-01      0.4732697335E+00
    0.6263065830E+01      0.6263065830E+01     -0.5135001449E-01      0.4647393948E+00
    0.6267979896E+01      0.6267979896E+01     -0.6564562947E-01      0.4526356883E+00
    0.6274935774E+01      0.6274935774E+01     -0.7995322055E-01      0.4383935978E+00
    0.6284306797E+01      0.6284306797E+01     -0.9419495590E-01      0.4192435065E+00
    0.6296115235E+01      0.6296115235E+01     -0.1081059844E+00      0.3977049180E+00
    0.6309956843E+01      0.6309956843E+01     -0.1208606370E+00      0.3723792667E+00
    0.6325100189E+01      0.6325100189E+01     -0.1312088862E+00      0.3456495864E+00
    0.6340842758E+01      0.6340842758E+01     -0.1380443384E+00      0.3173223472E+00
    0.6357035576E+01      0.6357035576E+01     -0.1410132421E+00      0.2885919507E+00
    0.6373711794E+01      0.6373711794E+01     -0.1397637464E+00      0.2570599958E+00
    0.6389625614E+01      0.6389625614E+01     -0.1345328487E+00      0.2258852613E+00
    0.6405195192E+01      0.6405195192E+01     -0.1253405207E+00      0.1947871030E+00
    0.6420767301E+01      0.6420767301E+01     -0.1121732358E+00      0.1629223570E+00
    0.6436473446E+01      0.6436473446E+01     -0.9523383565E-01      0.1308447790E+00
    0.6452311591E+01      0.6452311591E+01     -0.7613391359E-01      0.9994966266E-01
    0.6469563332E+01      0.6469563332E+01     -0.5626741417E-01      0.7111662953E-01
    0.6487905382E+01      0.6487905382E+01     -0.3383873311E-01      0.4372613857E-01
    0.6508825253E+01      0.6508825253E+01     -0.1055610750E-01      0.1867355465E-01
    0.6533034252E+01      0.6533034252E+01      0.1248839473E-01     -0.2215534899E-02
    0.6560204991E+01      0.6560204991E+01      0.3527437819E-01     -0.1924939642E-01
    0.6589352773E+01      0.6589352773E+01      0.5828191867E-01     -0.3324461469E-01
    0.0000000000E+00      0.2000000000E+02      0.0000000000E+00      0.0000000000E+00
    0.6234611406E+01      0.6234611406E+01     -0.1146566150E-01      0.5311096818E+00
    0.6234631315E+01      0.6234631315E+01     -0.2626375847E-01      0.5330952639E+00
    0.6237952836E+01      0.6237952836E+01     -0.4541401553E-01      0.5210583279E+00
    0.6241852151E+01      0.6241852151E+01     -0.6251247637E-01      0.5111431273E+00
    0.6247673585E+01      0.6247673585E+01     -0.8006768719E-01      0.4971451652E+00
    0.6255687363E+01      0.6255687363E+01     -0.9771093241E-01      0.4805641058E+00
    0.6266137178E+01      0.6266137178E+01     -0.1152195225E+00      0.4587269807E+00
    0.6278821114E+01      0.6278821114E+01     -0.1320118505E+00      0.4343478783E+00
    0.6293177117E+01      0.6293177117E+01     -0.1471471876E+00      0.4060739148E+00
    0.6308604552E+01      0.6308604552E+01     -0.1594500108E+00      0.3760445738E+00
    0.6324601580E+01      0.6324601580E+01     -0.1679097602E+00      0.3440873927E+00
    0.6341008238E+01      0.6341008238E+01     -0.1721121834E+00      0.3114371214E+00
    0.6358527007E+01      0.6358527007E+01     -0.1724312013E+00      0.2765768911E+00
    0.6375258725E+01      0.6375258725E+01     -0.1680043031E+00      0.2401931292E+00
    0.6391422908E+01      0.6391422908E+01     -0.1588645272E+00      0.2042861573E+00
    0.6407415174E+01      0.6407415174E+01     -0.1453252569E+00      0.1674250336E+00
    0.6423248982E+01      0.6423248982E+01     -0.1289926638E+00      0.1309996747E+00
    0.6439706180E+01      0.6439706180E+01     -0.1104768084E+00      0.9575194553E-01
    0.6456271670E+01      0.6456271670E+01     -0.8854155911E-01      0.6173188866E-01
    0.6473496966E+01      0.6473496966E+01     -0.6377153290E-01      0.2821632410E-01
    0.6492317613E+01      0.6492317613E+01     -0.3735381606E-01     -0.3176690118E-02
    0.6513737566E+01      0.6513737566E+01     -0.1022885690E-01     -0.3083807970E-01
    0.6538422507E+01      0.6538422507E+01      0.1658856066E-01     -0.5399712491E-01
    0.6566068717E+01      0.6566068717E+01      0.4293495959E-01     -0.7243477033E-01
    0.0000000000E+00      0.2000000000E+02      0.0000000000E+00      0.0000000000E+00
    0.6210129455E+01      0.6210129455E+01     -0.1390039571E-01      0.5843663091E+00
    0.6210220785E+01      0.6210220785E+01     -0.3175483433E-01      0.5862365724E+00
    0.6214393692E+01      0.6214393692E+01     -0.5494949834E-01      0.5722376834E+00
    0.6219180846E+01      0.6219180846E+01     -0.7583229338E-01      0.5604575436E+00
    0.6226299114E+01      0.6226299114E+01     -0.9748017382E-01      0.5439318918E+00
    0.6235613447E+01      0.6235613447E+01     -0.1190911986E+00      0.5244324236E+00
    0.6247197104E+01      0.6247197104E+01     -0.1402716677E+00      0.4994492893E+00
    0.6260712486E+01      0.6260712486E+01     -0.1601585503E+00      0.4717750521E+00
    0.6275593617E+01      0.6275593617E+01     -0.1776793879E+00      0.4400594281E+00
    0.6291329059E+01      0.6291329059E+01     -0.1918372018E+00      0.4063465604E+00
    0.6307621118E+01      0.6307621118E+01     -0.2019437711E+00      0.3702838897E+00
    0.6324354712E+01      0.6324354712E+01     -0.2077482447E+00      0.3331551459E+00
    0.6342174831E+01      0.6342174831E+01     -0.2095359613E+00      0.2946130812E+00
    0.6359748905E+01      0.6359748905E+01     -0.2055392143E+00      0.2522386853E+00
    0.6376591109E+01      0.6376591109E+01     -0.1969440280E+00      0.2111004726E+00
    0.6393274387E+01      0.6393274387E+01     -0.1846197221E+00      0.1694032743E+00
    0.6409734444E+01      0.6409734444E+01     -0.1689266388E+00      0.1285857761E+00
    0.6426231224E+01      0.6426231224E+01     -0.1494516253E+00      0.8854982052E-01
    0.6442833552E+01      0.6442833552E+01     -0.1260769332E+00      0.4847749885E-01
    0.6459511607E+01      0.6459511607E+01     -0.9933864235E-01      0.9466492944E-02
    0.6476979271E+01      0.6476979271E+01     -0.7020130837E-01     -0.2759353002E-01
    0.6496106464E+01      0.6496106464E+01     -0.3939205543E-01     -0.6199139998E-01
    0.6517712767E+01      0.6517712767E+01     -0.7749083997E-02     -0.9217097361E-01
    0.6542654401E+01      0.6542654401E+01      0.2346306619E-01     -0.1169165781E+00
    0.0000000000E+00      0.2000000000E+02      0.0000000000E+00      0.0000000000E+00
    0.6184394392E+01      0.6184394392E+01     -0.1647946736E-01      0.6406837096E+00
    0.6184623290E+01      0.6184623290E+01     -0.3774781132E-01      0.6423180936E+00
    0.6189877014E+01      0.6189877014E+01     -0.6567347800E-01      0.6261203361E+00
    0.6195728696E+01      0.6195728696E+01     -0.9099501003E-01      0.6121872384E+00
    0.6204227420E+01      0.6204227420E+01     -0.1173911836E+00      0.5927704561E+00
    0.6214817574E+01      0.6214817574E+01     -0.1434238445E+00      0.5700185616E+00
    0.6227433821E+01      0.6227433821E+01     -0.1686131462E+00      0.5414928608E+00
    0.6241680049E+01      0.6241680049E+01     -0.1918669031E+00      0.5100109930E+00
    0.6256993138E+01      0.6256993138E+01     -0.2120771033E+00      0.4744028650E+00
    0.6272929714E+01      0.6272929714E+01     -0.2284456649E+00      0.4366567352E+00
    0.6289344080E+01      0.6289344080E+01     -0.2404719103E+00      0.3961849628E+00
    0.6306263591E+01      0.6306263591E+01     -0.2478980172E+00      0.3543810741E+00
    0.6324071150E+01      0.6324071150E+01     -0.2509081295E+00      0.3111570336E+00
    0.6342293285E+01      0.6342293285E+01     -0.2480013088E+00      0.2627791656E+00
    0.6359619535E+01      0.6359619535E+01     -0.2404992600E+00      0.2165012812E+00
    0.6376779371E+01      0.6376779371E+01     -0.2290749309E+00      0.1703443743E+00
    0.6393960255E+01      0.6393960255E+01     -0.2134243930E+00      0.1244857835E+00
    0.6411059686E+01      0.6411059686E+01     -0.1931005612E+00      0.7833893720E-01
    0.6427965896E+01      0.6427965896E+01     -0.1685834188E+00      0.3247363507E-01
    0.6444865040E+01      0.6444865040E+01     -0.1403813607E+00     -0.1214539217E-01
    0.6461987073E+01      0.6461987073E+01     -0.1089284737E+00     -0.5484716914E-01
    0.6479807747E+01      0.6479807747E+01     -0.7491152446E-01     -0.9498382260E-01
    0.6499157818E+01      0.6499157818E+01     -0.3919295800E-01     -0.1318728135E+00
    0.6521020877E+01      0.6521020877E+01     -0.2587296916E-02     -0.1637842467E+00
    0.0000000000E+00      0.2000000000E+02      0.0000000000E+00      0.0000000000E+00
    0.6157630815E+01      0.6157630815E+01     -0.1952652140E-01      0.6996717704E+00
    0.6158006697E+01      0.6158006697E+01     -0.4478696819E-01      0.7010135626E+00
    0.6164335917E+01      0.6164335917E+01     -0.7799473075E-01      0.6825500035E+00
    0.6171238987E+01      0.6171238987E+01     -0.1080899053E+00      0.6663648484E+00
    0.6180959567E+01      0.6180959567E+01     -0.1394458793E+00      0.6440017899E+00
    0.6192678978E+01      0.6192678978E+01     -0.1700914397E+00      0.6178106159E+00
    0.6206195634E+01      0.6206195634E+01     -0.1995268128E+00      0.5854337338E+00
    0.6221065204E+01      0.6221065204E+01     -0.2265401260E+00      0.5496971601E+00
    0.6236758304E+01      0.6236758304E+01     -0.2499966895E+00      0.5096714490E+00
    0.6252875162E+01      0.6252875162E+01     -0.2691694098E+00      0.4673683796E+00
    0.6269259436E+01      0.6269259436E+01     -0.2836039291E+00      0.4221554531E+00
    0.6285994161E+01      0.6285994161E+01     -0.2930098661E+00      0.3754084559E+00
    0.6303491993E+01      0.6303491993E+01     -0.2973070309E+00      0.3269182760E+00
    0.6322214229E+01      0.6322214229E+01     -0.2962119842E+00      0.2730157493E+00
    0.6339911903E+01      0.6339911903E+01     -0.2901405941E+00      0.2213436998E+00
    0.6357555554E+01      0.6357555554E+01     -0.2792737089E+00      0.1700830128E+00
    0.6375558576E+01      0.6375558576E+01     -0.2633706620E+00      0.1180506465E+00
    0.6393333141E+01      0.6393333141E+01     -0.2423590078E+00      0.6582453490E-01
    0.6410997946E+01      0.6410997946E+01     -0.2168788831E+00      0.1416778280E-01
    0.6428582963E+01      0.6428582963E+01     -0.1872503385E+00     -0.3610427996E-01
    0.6446177697E+01      0.6446177697E+01     -0.1537163508E+00     -0.8453716679E-01
    0.6463979018E+01      0.6463979018E+01     -0.1166927274E+00     -0.1303662166E+00
    0.6482522761E+01      0.6482522761E+01     -0.7694930458E-01     -0.1731893131E+00
    0.6502717563E+01      0.6502717563E+01     -0.3538846662E-01     -0.2119047542E+00
    0.0000000000E+00      0.2000000000E+02      0.0000000000E+00      0.0000000000E+00
    0.6129879488E+01      0.6129879488E+01     -0.2307895525E-01      0.7608750115E+00
    0.6130338776E+01      0.6130338776E+01     -0.5292777178E-01      0.7619269336E+00
    0.6137647194E+01      0.6137647194E+01     -0.9198609477E-01      0.7410259681E+00
    0.6145438784E+01      0.6145438784E+01     -0.1271650416E+00      0.7226333509E+00
    0.6156029187E+01      0.6156029187E+01     -0.1636514075E+00      0.6975552466E+00
    0.6168539985E+01      0.6168539985E+01     -0.1991488468E+00      0.6680223785E+00
    0.6182686684E+01      0.6182686684E+01     -0.2331025471E+00      0.6317723520E+00
    0.6197976279E+01      0.6197976279E+01     -0.2642692310E+00      0.5915958231E+00
    0.6213911740E+01      0.6213911740E+01     -0.2914763309E+00      0.5467612628E+00
    0.6230132585E+01      0.6230132585E+01     -0.3139207713E+00      0.4994022755E+00
    0.6246430563E+01      0.6246430563E+01     -0.3311475177E+00      0.4489620150E+00
    0.6262947533E+01      0.6262947533E+01     -0.3428955283E+00      0.3966918555E+00
    0.6280057711E+01      0.6280057711E+01     -0.3490119490E+00      0.3424142254E+00
    0.6298697382E+01      0.6298697382E+01     -0.3501909767E+00      0.2837801265E+00
    0.6317001920E+01      0.6317001920E+01     -0.3454926509E+00      0.2258143085E+00
    0.6335183103E+01      0.6335183103E+01     -0.3349905849E+00      0.1685857989E+00
    0.6353921713E+01      0.6353921713E+01     -0.3190466547E+00      0.1099291450E+00
    0.6372685594E+01      0.6372685594E+01     -0.2976316604E+00      0.5146558418E-01
    0.6391593208E+01      0.6391593208E+01     -0.2712947775E+00     -0.6327439514E-02
    0.6410450383E+01      0.6410450383E+01     -0.2401369231E+00     -0.6269660114E-01
    0.6429278336E+01      0.6429278336E+01     -0.2044325352E+00     -0.1171042454E+00
    0.6448203558E+01      0.6448203558E+01     -0.1645272031E+00     -0.1689961923E+00
    0.6467647109E+01      0.6467647109E+01     -0.1210176168E+00     -0.2178506791E+00
    0.6487970306E+01      0.6487970306E+01     -0.7460746554E-01     -0.2627464516E+00
    0.0000000000E+00      0.2000000000E+02      0.0000000000E+00      0.0000000000E+00
    0.6100229379E+01      0.6100229379E+01     -0.2726621529E-01      0.8249127086E+00
    0.6100664419E+01      0.6100664419E+01     -0.6239479047E-01      0.8256553698E+00
    0.6108803266E+01      0.6108803266E+01     -0.1080419178E+00      0.8020896013E+00
    0.6117334776E+01      0.6117334776E+01     -0.1489023330E+00      0.7814635580E+00
    0.6128543022E+01      0.6128543022E+01     -0.1908801573E+00      0.7537169577E+00
    0.6141615423E+01      0.6141615423E+01     -0.2315485863E+00      0.7208236737E+00
    0.6156159298E+01      0.6156159298E+01     -0.2702726678E+00      0.6807125313E+00
    0.6171624637E+01      0.6171624637E+01     -0.3058423084E+00      0.6360952228E+00
    0.6187534629E+01      0.6187534629E+01     -0.3370960089E+00      0.5863573105E+00
    0.6203601672E+01      0.6203601672E+01     -0.3632065582E+00      0.5337636768E+00
    0.6219733697E+01      0.6219733697E+01     -0.3837605339E+00      0.4777915912E+00
    0.6236179021E+01      0.6236179021E+01     -0.3985166551E+00      0.4192930911E+00
    0.6253259686E+01      0.6253259686E+01     -0.4072183155E+00      0.3584914764E+00
    0.6271128602E+01      0.6271128602E+01     -0.4104604648E+00      0.2956276148E+00
    0.6290755975E+01      0.6290755975E+01     -0.4072446187E+00      0.2296480055E+00
    0.6309419819E+01      0.6309419819E+01     -0.3970025414E+00      0.1657580730E+00
    0.6329332686E+01      0.6329332686E+01     -0.3813644455E+00      0.1000064544E+00
    0.6349364561E+01      0.6349364561E+01     -0.3595046037E+00      0.3492271649E-01
    0.6370082150E+01      0.6370082150E+01     -0.3323271808E+00     -0.2973380516E-01
    0.6390896089E+01      0.6390896089E+01     -0.2994517770E+00     -0.9289972517E-01
    0.6411993348E+01      0.6411993348E+01     -0.2614464359E+00     -0.1542096650E+00
    0.6433231049E+01      0.6433231049E+01     -0.2186059041E+00     -0.2127170362E+00
    0.6454748962E+01      0.6454748962E+01     -0.1715012478E+00     -0.2677818471E+00
    0.6476611590E+01      0.6476611590E+01     -0.1206354405E+00     -0.3185424762E+00
    0.0000000000E+00      0.2000000000E+02      0.0000000000E+00      0.0000000000E+00
    0.6068242505E+01      0.6068242505E+01     -0.3213773384E-01      0.8918096291E+00
    0.6068564798E+01      0.6068564798E+01     -0.7333651449E-01      0.8921373298E+00
    0.6077411476E+01      0.6077411476E+01     -0.1265066481E+00      0.8656552696E+00
    0.6086452069E+01      0.6086452069E+01     -0.1739070662E+00      0.8428553835E+00
    0.6097873410E+01      0.6097873410E+01     -0.2219661791E+00      0.8125076572E+00
    0.6111108565E+01      0.6111108565E+01     -0.2682382244E+00      0.7763581593E+00
    0.6125648426E+01      0.6125648426E+01     -0.3119198237E+00      0.7325565240E+00
    0.6140920071E+01      0.6140920071E+01     -0.3519178358E+00      0.6837228087E+00
    0.6156523330E+01      0.6156523330E+01     -0.3872576713E+00      0.6292018820E+00
    0.6172290411E+01      0.6172290411E+01     -0.4172615075E+00      0.5713262178E+00
    0.6188236803E+01      0.6188236803E+01     -0.4415588533E+00      0.5095840880E+00
    0.6204672888E+01      0.6204672888E+01     -0.4598092276E+00      0.4444528781E+00
    0.6221901285E+01      0.6221901285E+01     -0.4716083779E+00      0.3767494812E+00
    0.6240184819E+01      0.6240184819E+01     -0.4771474134E+00      0.3074897502E+00
    0.6261690658E+01      0.6261690658E+01     -0.4757215507E+00      0.2321100369E+00
    0.6281450601E+01      0.6281450601E+01     -0.4662190003E+00      0.1604987260E+00
    0.6302964699E+01      0.6302964699E+01     -0.4511473832E+00      0.8710464222E-01
    0.6324929488E+01      0.6324929488E+01     -0.4289314771E+00      0.1410746374E-01
    0.6348153803E+01      0.6348153803E+01     -0.4008495674E+00     -0.5861507111E-01
    0.6371647286E+01      0.6371647286E+01     -0.3661374396E+00     -0.1295316245E+00
    0.6395640073E+01      0.6395640073E+01     -0.3255636461E+00     -0.1981555028E+00
    0.6419595880E+01      0.6419595880E+01     -0.2791738071E+00     -0.2633313969E+00
    0.6443686012E+01      0.6443686012E+01     -0.2278080043E+00     -0.3246757543E+00
    0.6467820420E+01      0.6467820420E+01     -0.1720987852E+00     -0.3812079470E+00
    0.0000000000E+00      0.2000000000E+02      0.0000000000E+00      0.0000000000E+00
    0.6033371521E+01      0.6033371521E+01     -0.3749752765E-01      0.9616802955E+00
    0.6033487420E+01      0.6033487420E+01     -0.8535248003E-01      0.9614988708E+00
    0.6042896349E+01      0.6042896349E+01     -0.1467642999E+00      0.9320318848E+00
    0.6052187718E+01      0.6052187718E+01     -0.2015491772E+00      0.9071752415E+00
    0.6063501915E+01      0.6063501915E+01     -0.2563094135E+00      0.8739828425E+00
    0.6076543865E+01      0.6076543865E+01     -0.3086153609E+00      0.8345607550E+00
    0.6090696221E+01      0.6090696221E+01     -0.3575509536E+00      0.7872058959E+00
    0.6105438258E+01      0.6105438258E+01     -0.4022444498E+00      0.7344145133E+00
    0.6120530021E+01      0.6120530021E+01     -0.4420112724E+00      0.6753067400E+00
    0.6136003122E+01      0.6136003122E+01     -0.4763967670E+00      0.6121270083E+00
    0.6152039426E+01      0.6152039426E+01     -0.5051102129E+00      0.5442552677E+00
    0.6168970629E+01      0.6168970629E+01     -0.5277299462E+00      0.4718330854E+00
    0.6186966409E+01      0.6186966409E+01     -0.5435632959E+00      0.3961935400E+00
    0.6206467918E+01      0.6206467918E+01     -0.5520848273E+00      0.3185323887E+00
    0.6230104299E+01      0.6230104299E+01     -0.5533226397E+00      0.2332615417E+00
    0.6252426714E+01      0.6252426714E+01     -0.5450753158E+00      0.1516104993E+00
    0.6276362644E+01      0.6276362644E+01     -0.5303736302E+00      0.6927062957E-01
    0.6301194560E+01      0.6301194560E+01     -0.5078935832E+00     -0.1307748120E-01
    0.6327228779E+01      0.6327228779E+01     -0.4785464675E+00     -0.9456725506E-01
    0.6353573215E+01      0.6353573215E+01     -0.4416022416E+00     -0.1737576225E+00
    0.6380395202E+01      0.6380395202E+01     -0.3979188122E+00     -0.2500336751E+00
    0.6407112900E+01      0.6407112900E+01     -0.3475377832E+00     -0.3221373517E+00
    0.6433817943E+01      0.6433817943E+01     -0.2913265186E+00     -0.3897788442E+00
    0.6460337543E+01      0.6460337543E+01     -0.2301020879E+00     -0.4520498265E+00
    0.0000000000E+00      0.2000000000E+02      0.0000000000E+00      0.0000000000E+00
    0.5994806615E+01      0.5994806615E+01     -0.4298867729E-01      0.1035028288E+01
    0.5994625703E+01      0.5994625703E+01     -0.9804433571E-01      0.1034394379E+01
    0.6004299491E+01      0.6004299491E+01     -0.1679482453E+00      0.1002337941E+01
    0.6013271751E+01      0.6013271751E+01     -0.2308666619E+00      0.9758258929E+00
    0.6024137514E+01      0.6024137514E+01     -0.2930093024E+00      0.9396557528E+00
    0.6036532111E+01      0.6036532111E+01     -0.3519024415E+00      0.8970966455E+00
    0.6049945444E+01      0.6049945444E+01     -0.4067300746E+00      0.8463294689E+00
    0.6064058741E+01      0.6064058741E+01     -0.4568944440E+00      0.7896341268E+00
    0.6078851523E+01      0.6078851523E+01     -0.5020345915E+00      0.7257548154E+00
    0.6094494273E+01      0.6094494273E+01     -0.5418320079E+00      0.6567513079E+00
    0.6111210072E+01      0.6111210072E+01     -0.5758443577E+00      0.5819212384E+00
    0.6129243045E+01      0.6129243045E+01     -0.6033768930E+00      0.5012860930E+00
    0.6148855117E+01      0.6148855117E+01     -0.6236375680E+00      0.4164010798E+00
    0.6170515826E+01      0.6170515826E+01     -0.6360806120E+00      0.3284348982E+00
    0.6195783118E+01      0.6195783118E+01     -0.6407382845E+00      0.2334810971E+00
    0.6222232960E+01      0.6222232960E+01     -0.6342689987E+00      0.1394124609E+00
    0.6249178310E+01      0.6249178310E+01     -0.6196257806E+00      0.4666459183E-01
    0.6277226623E+01      0.6277226623E+01     -0.5965672855E+00     -0.4637200992E-01
    0.6306103406E+01      0.6306103406E+01     -0.5650683275E+00     -0.1374841344E+00
    0.6335443853E+01      0.6335443853E+01     -0.5251787570E+00     -0.2258394165E+00
    0.6365104575E+01      0.6365104575E+01     -0.4775018222E+00     -0.3104088312E+00
    0.6394514587E+01      0.6394514587E+01     -0.4223715352E+00     -0.3899821948E+00
    0.6423728577E+01      0.6423728577E+01     -0.3607152365E+00     -0.4641855558E+00
    0.6452537875E+01      0.6452537875E+01     -0.2934490871E+00     -0.5322089518E+00
    0.0000000000E+00      0.2000000000E+02      0.0000000000E+00      0.0000000000E+00
    0.5951971916E+01      0.5951971916E+01     -0.4846476360E-01      0.1112458541E+01
    0.5951387092E+01      0.5951387092E+01     -0.1110786958E+00      0.1111565371E+01
    0.5961006712E+01      0.5961006712E+01     -0.1895318243E+00      0.1077592741E+01
    0.5969262197E+01      0.5969262197E+01     -0.2610503816E+00      0.1049660686E+01
    0.5979241226E+01      0.5979241226E+01     -0.3311811495E+00      0.1010776728E+01
    0.5990679223E+01      0.5990679223E+01     -0.3975589439E+00      0.9652325831E+00
    0.6003305954E+01      0.6003305954E+01     -0.4595043990E+00      0.9109528405E+00
    0.6017040091E+01      0.6017040091E+01     -0.5165970082E+00      0.8500010463E+00
    0.6031984830E+01      0.6031984830E+01     -0.5685670172E+00      0.7807893803E+00
    0.6048329946E+01      0.6048329946E+01     -0.6150100791E+00      0.7052055707E+00
    0.6066308516E+01      0.6066308516E+01     -0.6553089034E+00      0.6224376405E+00
    0.6086125669E+01      0.6086125669E+01     -0.6886999730E+00      0.5325511515E+00
    0.6107992762E+01      0.6107992762E+01     -0.7143837479E+00      0.4372654542E+00
    0.6132076929E+01      0.6132076929E+01     -0.7314511891E+00      0.3383190259E+00
    0.6158769206E+01      0.6158769206E+01     -0.7393842140E+00      0.2332042013E+00
    0.6190056218E+01      0.6190056218E+01     -0.7361966189E+00      0.1248697097E+00
    0.6219206360E+01      0.6219206360E+01     -0.7213862562E+00      0.2129142556E-01
    0.6250604097E+01      0.6250604097E+01     -0.6977215834E+00     -0.8348998403E-01
    0.6282042745E+01      0.6282042745E+01     -0.6631303006E+00     -0.1852440370E+00
    0.6314258375E+01      0.6314258375E+01     -0.6192991470E+00     -0.2837416562E+00
    0.6346384755E+01      0.6346384755E+01     -0.5662985381E+00     -0.3771829562E+00
    0.6378203815E+01      0.6378203815E+01     -0.5051506459E+00     -0.4646561873E+00
    0.6409526718E+01      0.6409526718E+01     -0.4369145129E+00     -0.5454692868E+00
    0.6440201495E+01      0.6440201495E+01     -0.3626111044E+00     -0.6190490100E+00
    0.0000000000E+00      0.2000000000E+02      0.0000000000E+00      0.0000000000E+00
    0.5903832661E+01      0.5903832661E+01     -0.5417713193E-01      0.1196100620E+01
    0.5902782519E+01      0.5902782519E+01     -0.1247390317E+00      0.1195074085E+01
    0.5912176700E+01      0.5912176700E+01     -0.2119027313E+00      0.1159699713E+01
    0.5919489018E+01      0.5919489018E+01     -0.2924302940E+00      0.1130540559E+01
    0.5928454882E+01      0.5928454882E+01     -0.3712069122E+00      0.1089069876E+01
    0.5938991867E+01      0.5938991867E+01     -0.4460445741E+00      0.1040467232E+01
    0.5951081064E+01      0.5951081064E+01     -0.5163869920E+00      0.9823042449E+00
    0.5964801066E+01      0.5964801066E+01     -0.5817918868E+00      0.9165337891E+00
    0.5980306629E+01      0.5980306629E+01     -0.6419117691E+00      0.8413507591E+00
    0.5997799362E+01      0.5997799362E+01     -0.6962642047E+00      0.7584295484E+00
    0.6017464646E+01      0.6017464646E+01     -0.7441236410E+00      0.6668378628E+00
    0.6039296570E+01      0.6039296570E+01     -0.7845335030E+00      0.5669822090E+00
    0.6063286832E+01      0.6063286832E+01     -0.8164231000E+00      0.4608208093E+00
    0.6089497615E+01      0.6089497615E+01     -0.8385797496E+00      0.3504474077E+00
    0.6117875137E+01      0.6117875137E+01     -0.8499875685E+00      0.2338443586E+00
    0.6152936475E+01      0.6152936475E+01     -0.8495886395E+00      0.1105661542E+00
    0.6184571302E+01      0.6184571302E+01     -0.8345780693E+00     -0.5527878468E-02
    0.6218374669E+01      0.6218374669E+01     -0.8091742218E+00     -0.1221529244E+00
    0.6252058652E+01      0.6252058652E+01     -0.7711493635E+00     -0.2355965093E+00
    0.6286667768E+01      0.6286667768E+01     -0.7225148393E+00     -0.3451216773E+00
    0.6320972435E+01      0.6320972435E+01     -0.6634237850E+00     -0.4483583378E+00
    0.6354943433E+01      0.6354943433E+01     -0.5952218094E+00     -0.5445044716E+00
    0.6388187828E+01      0.6388187828E+01     -0.5192231105E+00     -0.6325164896E+00
    0.6420518584E+01      0.6420518584E+01     -0.4366527286E+00     -0.7119659051E+00
    0.0000000000E+00      0.2000000000E+02      0.0000000000E+00      0.0000000000E+00
    0.5851330410E+01      0.5851330410E+01     -0.6012492982E-01      0.1286468706E+01
    0.5849725685E+01      0.5849725685E+01     -0.1390394934E+00      0.1285383157E+01
    0.5858723525E+01      0.5858723525E+01     -0.2350696168E+00      0.1249038489E+01
    0.5864996549E+01      0.5864996549E+01     -0.3250367872E+00      0.1218923761E+01
    0.5872982398E+01      0.5872982398E+01     -0.4132885993E+00      0.1175021954E+01
    0.5882754050E+01      0.5882754050E+01     -0.4977506242E+00      0.1123414320E+01
    0.5894478011E+01      0.5894478011E+01     -0.5779039409E+00      0.1061183864E+01
    0.5908322174E+01      0.5908322174E+01     -0.6531361503E+00      0.9902925664E+00
    0.5924474139E+01      0.5924474139E+01     -0.7229558775E+00      0.9087864109E+00
    0.5943095025E+01      0.5943095025E+01     -0.7867172925E+00      0.8181722209E+00
    0.5964217851E+01      0.5964217851E+01     -0.8434843992E+00      0.7175086917E+00
    0.5987639915E+01      0.5987639915E+01     -0.8920880589E+00      0.6075502155E+00
    0.6013264118E+01      0.6013264118E+01     -0.9312040138E+00      0.4900729321E+00
    0.6041125352E+01      0.6041125352E+01     -0.9591212871E+00      0.3672894259E+00
    0.6071391705E+01      0.6071391705E+01     -0.9744299987E+00      0.2373747161E+00
    0.6108608673E+01      0.6108608673E+01     -0.9768670969E+00      0.9977455694E-01
    0.6143140575E+01      0.6143140575E+01     -0.9624883364E+00     -0.3180647343E-01
    0.6178971639E+01      0.6178971639E+01     -0.9347644496E+00     -0.1617289777E+00
    0.6214497775E+01      0.6214497775E+01     -0.8925492506E+00     -0.2878973023E+00
    0.6250956543E+01      0.6250956543E+01     -0.8379827528E+00     -0.4095229211E+00
    0.6287158195E+01      0.6287158195E+01     -0.7712609017E+00     -0.5238819700E+00
    0.6323003305E+01      0.6323003305E+01     -0.6942059445E+00     -0.6297046579E+00
    0.6358078513E+01      0.6358078513E+01     -0.6085019053E+00     -0.7258949190E+00
    0.6392123863E+01      0.6392123863E+01     -0.5157484317E+00     -0.8119890256E+00
    0.0000000000E+00      0.2000000000E+02      0.0000000000E+00      0.0000000000E+00
    0.5793933371E+01      0.5793933371E+01     -0.6625251277E-01      0.1386709672E+01
    0.5791869004E+01      0.5791869004E+01     -0.1537304839E+00      0.1385325087E+01
    0.5800720031E+01      0.5800720031E+01     -0.2589825368E+00      0.1347834875E+01
    0.5806192522E+01      0.5806192522E+01     -0.3588861179E+00      0.1316769995E+01
    0.5813352955E+01      0.5813352955E+01     -0.4573464728E+00      0.1270548679E+01
    0.5822332394E+01      0.5822332394E+01     -0.5523652845E+00      0.1216360168E+01
    0.5833531003E+01      0.5833531003E+01     -0.6435235247E+00      0.1150426165E+01
    0.5847269301E+01      0.5847269301E+01     -0.7300664224E+00      0.1074687008E+01
    0.5863816254E+01      0.5863816254E+01     -0.8113517228E+00      0.9869428209E+00
    0.5883261373E+01      0.5883261373E+01     -0.8864267433E+00      0.8885492505E+00
    0.5905445842E+01      0.5905445842E+01     -0.9539747879E+00      0.7785694593E+00
    0.5929966992E+01      0.5929966992E+01     -0.1012383019E+01      0.6579695266E+00
    0.5956612356E+01      0.5956612356E+01     -0.1059761962E+01      0.5281700147E+00
    0.5985517494E+01      0.5985517494E+01     -0.1093980627E+01      0.3915102644E+00
    0.6017139545E+01      0.6017139545E+01     -0.1113656551E+01      0.2468964878E+00
    0.6055382226E+01      0.6055382226E+01     -0.1119041017E+01      0.9470791310E-01
    0.6092597378E+01      0.6092597378E+01     -0.1104150998E+01     -0.5480264567E-01
    0.6129721703E+01      0.6129721703E+01     -0.1072777060E+01     -0.1997810866E+00
    0.6167388815E+01      0.6167388815E+01     -0.1025176417E+01     -0.3410791119E+00
    0.6205665356E+01      0.6205665356E+01     -0.9628672696E+00     -0.4766616825E+00
    0.6243734632E+01      0.6243734632E+01     -0.8869739366E+00     -0.6036707751E+00
    0.6281547936E+01      0.6281547936E+01     -0.7994949384E+00     -0.7206686673E+00
    0.6318659592E+01      0.6318659592E+01     -0.7024837348E+00     -0.8263756193E+00
    0.6354741696E+01      0.6354741696E+01     -0.5979799781E+00     -0.9201663596E+00
