    0.5392943147E+01      0.5392943147E+01      0.5981985503E+01      0.3270139471E+01
    0.5121294134E+01      0.5121294134E+01      0.5819754849E+01      0.2271398946E+01
    0.4946824728E+01      0.4946824728E+01      0.5561995749E+01      0.1558070312E+01
    0.4800537292E+01      0.4800537292E+01      0.5504173567E+01      0.1020065108E+01
    0.4661822611E+01      0.4661822611E+01      0.5613050588E+01      0.5733541813E+00
    0.4487228549E+01      0.4487228549E+01      0.5885218555E+01      0.1782665582E+00
    0.4379373685E+01      0.4379373685E+01      0.6235866072E+01     -0.2706554892E+00
    0.4305096065E+01      0.4305096065E+01      0.6603903432E+01     -0.7737170559E+00
    0.4294058694E+01      0.4294058694E+01      0.6985257250E+01     -0.1329460843E+01
    0.4349120762E+01      0.4349120762E+01      0.7212066573E+01     -0.1909010684E+01
    0.4454199305E+01      0.4454199305E+01      0.7255114937E+01     -0.2452654556E+01
    0.4598382125E+01      0.4598382125E+01      0.7189227796E+01     -0.2943390737E+01
    0.4786159596E+01      0.4786159596E+01      0.6987051047E+01     -0.3453523210E+01
    0.5031866686E+01      0.5031866686E+01      0.6602308193E+01     -0.3799194778E+01
    0.5293062887E+01      0.5293062887E+01      0.6128790975E+01     -0.3809860634E+01
    0.5513297197E+01      0.5513297197E+01      0.5643158706E+01     -0.3734818533E+01
    0.5696010922E+01      0.5696010922E+01      0.5192248690E+01     -0.3589967395E+01
    0.5847719068E+01      0.5847719068E+01      0.4804659598E+01     -0.3408341189E+01
    0.5970211696E+01      0.5970211696E+01      0.4478412417E+01     -0.3212466936E+01
    0.6067696986E+01      0.6067696986E+01      0.4208376028E+01     -0.3018018153E+01
    0.6147710946E+01      0.6147710946E+01      0.3988120368E+01     -0.2836083435E+01
    0.6214945268E+01      0.6214945268E+01      0.3806627029E+01     -0.2667432833E+01
    0.6267952572E+01      0.6267952572E+01      0.3649369116E+01     -0.2511832975E+01
    0.6306705554E+01      0.6306705554E+01      0.3507407397E+01     -0.2367463392E+01
    0.6336773802E+01      0.6336773802E+01      0.3381945785E+01     -0.2230996005E+01
    0.5764610413E+01      0.5764610413E+01      0.6792037661E+01      0.3129527360E+01
    0.5443564748E+01      0.5443564748E+01      0.7051464180E+01      0.2436703084E+01
    0.5250350121E+01      0.5250350121E+01      0.7114546324E+01      0.1762056432E+01
    0.5077968789E+01      0.5077968789E+01      0.7212209305E+01      0.1186402535E+01
    0.4922772282E+01      0.4922772282E+01      0.7333373412E+01      0.6731912050E+00
    0.4799593491E+01      0.4799593491E+01      0.7464317724E+01      0.1577723039E+00
    0.4722497008E+01      0.4722497008E+01      0.7576726848E+01     -0.3537535575E+00
    0.4675216851E+01      0.4675216851E+01      0.7683137659E+01     -0.8546376637E+00
    0.4684265636E+01      0.4684265636E+01      0.7754716850E+01     -0.1324723933E+01
    0.4702068560E+01      0.4702068560E+01      0.7758708270E+01     -0.1794628946E+01
    0.4768265580E+01      0.4768265580E+01      0.7670813097E+01     -0.2262017831E+01
    0.4897119218E+01      0.4897119218E+01      0.7460749712E+01     -0.2670494286E+01
    0.5061344306E+01      0.5061344306E+01      0.7147038662E+01     -0.3085797764E+01
    0.5267262278E+01      0.5267262278E+01      0.6701965638E+01     -0.3319879775E+01
    0.5474433801E+01      0.5474433801E+01      0.6222432259E+01     -0.3327586057E+01
    0.5636822479E+01      0.5636822479E+01      0.5751331729E+01     -0.3276429864E+01
    0.5787195799E+01      0.5787195799E+01      0.5324951279E+01     -0.3176474054E+01
    0.5917336882E+01      0.5917336882E+01      0.4956380784E+01     -0.3048006749E+01
    0.6023395412E+01      0.6023395412E+01      0.4641826973E+01     -0.2905759414E+01
    0.6108935075E+01      0.6108935075E+01      0.4374169992E+01     -0.2758339993E+01
    0.6180373493E+01      0.6180373493E+01      0.4149232272E+01     -0.2611562788E+01
    0.6241006789E+01      0.6241006789E+01      0.3959594334E+01     -0.2470813422E+01
    0.6289299608E+01      0.6289299608E+01      0.3793233548E+01     -0.2337462751E+01
    0.6324824145E+01      0.6324824145E+01      0.3642151577E+01     -0.2211700221E+01
    0.6352526823E+01      0.6352526823E+01      0.3507405242E+01     -0.2091422898E+01
    0.6162761381E+01      0.6162761381E+01      0.6668182972E+01      0.2904949177E+01
    0.5820357982E+01      0.5820357982E+01      0.7148217653E+01      0.2372903880E+01
    0.5606839134E+01      0.5606839134E+01      0.7410303392E+01      0.1806006136E+01
    0.5413409948E+01      0.5413409948E+01      0.7585944888E+01      0.1245577631E+01
    0.5258041352E+01      0.5258041352E+01      0.7764482847E+01      0.7221826701E+00
    0.5121184299E+01      0.5121184299E+01      0.7860935677E+01      0.2376287925E+00
    0.5044467714E+01      0.5044467714E+01      0.7955807247E+01     -0.2495538872E+00
    0.4988866442E+01      0.4988866442E+01      0.7965034201E+01     -0.7195289956E+00
    0.4985176585E+01      0.4985176585E+01      0.7942864840E+01     -0.1159346147E+01
    0.5008286062E+01      0.5008286062E+01      0.7874771071E+01     -0.1589616764E+01
    0.5068534181E+01      0.5068534181E+01      0.7730262915E+01     -0.1988962891E+01
    0.5177820380E+01      0.5177820380E+01      0.7486267471E+01     -0.2355898442E+01
    0.5310888371E+01      0.5310888371E+01      0.7140886126E+01     -0.2669593410E+01
    0.5489210179E+01      0.5489210179E+01      0.6682951290E+01     -0.2815205101E+01
    0.5645643438E+01      0.5645643438E+01      0.6213667895E+01     -0.2839859030E+01
    0.5771873511E+01      0.5771873511E+01      0.5785347983E+01     -0.2824741743E+01
    0.5885065653E+01      0.5885065653E+01      0.5399223292E+01     -0.2776763468E+01
    0.5989492215E+01      0.5989492215E+01      0.5060557743E+01     -0.2701033841E+01
    0.6077993623E+01      0.6077993623E+01      0.4764018509E+01     -0.2605832267E+01
    0.6150891975E+01      0.6150891975E+01      0.4504972529E+01     -0.2498015711E+01
    0.6212835222E+01      0.6212835222E+01      0.4281227429E+01     -0.2384104272E+01
    0.6266696259E+01      0.6266696259E+01      0.4088405975E+01     -0.2268787008E+01
    0.6310398211E+01      0.6310398211E+01      0.3917107318E+01     -0.2156619356E+01
    0.6342675400E+01      0.6342675400E+01      0.3760473256E+01     -0.2048865385E+01
    0.6367794237E+01      0.6367794237E+01      0.3619301391E+01     -0.1944401510E+01
    0.6446612986E+01      0.6446612986E+01      0.6340246939E+01      0.2572147869E+01
    0.6174835686E+01      0.6174835686E+01      0.6893174264E+01      0.2203420440E+01
    0.5947056723E+01      0.5947056723E+01      0.7262227071E+01      0.1757108500E+01
    0.5751098324E+01      0.5751098324E+01      0.7492434607E+01      0.1282218908E+01
    0.5590083010E+01      0.5590083010E+01      0.7693461249E+01      0.7930682430E+00
    0.5441253299E+01      0.5441253299E+01      0.7809812713E+01      0.3355910316E+00
    0.5361210648E+01      0.5361210648E+01      0.7896919938E+01     -0.1186510859E+00
    0.5296461736E+01      0.5296461736E+01      0.7891188603E+01     -0.5505558883E+00
    0.5282945920E+01      0.5282945920E+01      0.7845611090E+01     -0.9508224007E+00
    0.5297977835E+01      0.5297977835E+01      0.7742353595E+01     -0.1342639849E+01
    0.5348734284E+01      0.5348734284E+01      0.7547319050E+01     -0.1680983016E+01
    0.5431488721E+01      0.5431488721E+01      0.7259730465E+01     -0.1989635184E+01
    0.5542140749E+01      0.5542140749E+01      0.6891615895E+01     -0.2222940483E+01
    0.5663552539E+01      0.5663552539E+01      0.6494777448E+01     -0.2355772151E+01
    0.5775358774E+01      0.5775358774E+01      0.6103101866E+01     -0.2423293995E+01
    0.5876822064E+01      0.5876822064E+01      0.5746358008E+01     -0.2439545226E+01
    0.5966370615E+01      0.5966370615E+01      0.5421922988E+01     -0.2425420868E+01
    0.6051858609E+01      0.6051858609E+01      0.5122971453E+01     -0.2386109991E+01
    0.6126737628E+01      0.6126737628E+01      0.4849332232E+01     -0.2325245094E+01
    0.6189563359E+01      0.6189563359E+01      0.4602948177E+01     -0.2247987005E+01
    0.6244282835E+01      0.6244282835E+01      0.4385781999E+01     -0.2160010674E+01
    0.6292506462E+01      0.6292506462E+01      0.4195056210E+01     -0.2067000671E+01
    0.6331386853E+01      0.6331386853E+01      0.4022575012E+01     -0.1973481593E+01
    0.6360260394E+01      0.6360260394E+01      0.3863159730E+01     -0.1882310024E+01
    0.6382546135E+01      0.6382546135E+01      0.3717788920E+01     -0.1792491901E+01
    0.6669062218E+01      0.6669062218E+01      0.5998860543E+01      0.2262815405E+01
    0.6435155246E+01      0.6435155246E+01      0.6468482301E+01      0.1975342665E+01
    0.6232523291E+01      0.6232523291E+01      0.6877067635E+01      0.1632001426E+01
    0.6034519573E+01      0.6034519573E+01      0.7168836878E+01      0.1244899368E+01
    0.5889287695E+01      0.5889287695E+01      0.7389425967E+01      0.8351610702E+00
    0.5741793264E+01      0.5741793264E+01      0.7520428340E+01      0.4242693923E+00
    0.5655013654E+01      0.5655013654E+01      0.7608363458E+01      0.1786719435E-01
    0.5581159735E+01      0.5581159735E+01      0.7600454977E+01     -0.3656019118E+00
    0.5554128738E+01      0.5554128738E+01      0.7539776515E+01     -0.7266824131E+00
    0.5557601721E+01      0.5557601721E+01      0.7419897924E+01     -0.1067578560E+01
    0.5589814622E+01      0.5589814622E+01      0.7226920800E+01     -0.1363778258E+01
    0.5643180154E+01      0.5643180154E+01      0.6976740514E+01     -0.1629700629E+01
    0.5719621553E+01      0.5719621553E+01      0.6677117386E+01     -0.1837504493E+01
    0.5805195240E+01      0.5805195240E+01      0.6354419790E+01     -0.1976336155E+01
    0.5887878185E+01      0.5887878185E+01      0.6029908573E+01     -0.2066235482E+01
    0.5968677064E+01      0.5968677064E+01      0.5717861357E+01     -0.2110844712E+01
    0.6044860797E+01      0.6044860797E+01      0.5429834138E+01     -0.2113826950E+01
    0.6112815689E+01      0.6112815689E+01      0.5162097348E+01     -0.2097547160E+01
    0.6174873745E+01      0.6174873745E+01      0.4909990032E+01     -0.2061444829E+01
    0.6228501849E+01      0.6228501849E+01      0.4677693216E+01     -0.2007941933E+01
    0.6276408992E+01      0.6276408992E+01      0.4469026952E+01     -0.1941425560E+01
    0.6319106652E+01      0.6319106652E+01      0.4282531832E+01     -0.1867389892E+01
    0.6353272278E+01      0.6353272278E+01      0.4111156287E+01     -0.1790766564E+01
    0.6378109283E+01      0.6378109283E+01      0.3951024669E+01     -0.1714294623E+01
    0.6396992733E+01      0.6396992733E+01      0.3803292573E+01     -0.1638150840E+01
    0.6836934378E+01      0.6836934378E+01      0.5748172790E+01      0.2021103335E+01
    0.6639495554E+01      0.6639495554E+01      0.6122751630E+01      0.1780771858E+01
    0.6451452922E+01      0.6451452922E+01      0.6456687628E+01      0.1497407288E+01
    0.6269302943E+01      0.6269302943E+01      0.6743701414E+01      0.1177291372E+01
    0.6123657485E+01      0.6123657485E+01      0.6972293419E+01      0.8331720647E+00
    0.5986883985E+01      0.5986883985E+01      0.7104826341E+01      0.4796880449E+00
    0.5902451616E+01      0.5902451616E+01      0.7207392065E+01      0.1375491695E+00
    0.5823826415E+01      0.5823826415E+01      0.7213673563E+01     -0.2020090840E+00
    0.5779247279E+01      0.5779247279E+01      0.7171848250E+01     -0.5251760663E+00
    0.5767143685E+01      0.5767143685E+01      0.7079124318E+01     -0.8255377032E+00
    0.5779702794E+01      0.5779702794E+01      0.6932556956E+01     -0.1094159200E+01
    0.5812706202E+01      0.5812706202E+01      0.6731442262E+01     -0.1333286837E+01
    0.5863482632E+01      0.5863482632E+01      0.6487682700E+01     -0.1525251856E+01
    0.5924322543E+01      0.5924322543E+01      0.6221250242E+01     -0.1664631442E+01
    0.5988108944E+01      0.5988108944E+01      0.5948632936E+01     -0.1760887086E+01
    0.6050215081E+01      0.6050215081E+01      0.5675307157E+01     -0.1820862250E+01
    0.6112723198E+01      0.6112723198E+01      0.5419153125E+01     -0.1842975845E+01
    0.6169555053E+01      0.6169555053E+01      0.5178777894E+01     -0.1837832732E+01
    0.6221466135E+01      0.6221466135E+01      0.4949417606E+01     -0.1816968427E+01
    0.6267519594E+01      0.6267519594E+01      0.4732878559E+01     -0.1780070317E+01
    0.6309111983E+01      0.6309111983E+01      0.4534306733E+01     -0.1730197214E+01
    0.6346195994E+01      0.6346195994E+01      0.4353152576E+01     -0.1672227441E+01
    0.6375202895E+01      0.6375202895E+01      0.4183732162E+01     -0.1610748813E+01
    0.6395842840E+01      0.6395842840E+01      0.4024080623E+01     -0.1547964142E+01
    0.6411494935E+01      0.6411494935E+01      0.3876151568E+01     -0.1484098829E+01
    0.6951239935E+01      0.6951239935E+01      0.5555377454E+01      0.1804995952E+01
    0.6774821161E+01      0.6774821161E+01      0.5870321973E+01      0.1611054285E+01
    0.6613865983E+01      0.6613865983E+01      0.6164061800E+01      0.1372485041E+01
    0.6449073027E+01      0.6449073027E+01      0.6403448074E+01      0.1106714712E+01
    0.6313633317E+01      0.6313633317E+01      0.6619804110E+01      0.8167963085E+00
    0.6185303741E+01      0.6185303741E+01      0.6753166378E+01      0.5134157428E+00
    0.6093935294E+01      0.6093935294E+01      0.6860772393E+01      0.2178551015E+00
    0.6016703265E+01      0.6016703265E+01      0.6892758694E+01     -0.8163341177E-01
    0.5961517238E+01      0.5961517238E+01      0.6866108842E+01     -0.3694366463E+00
    0.5937360999E+01      0.5937360999E+01      0.6792857550E+01     -0.6370696766E+00
    0.5935211663E+01      0.5935211663E+01      0.6679820625E+01     -0.8802820257E+00
    0.5953704210E+01      0.5953704210E+01      0.6516815109E+01     -0.1092684542E+01
    0.5986745168E+01      0.5986745168E+01      0.6318011322E+01     -0.1268504719E+01
    0.6030266740E+01      0.6030266740E+01      0.6096592735E+01     -0.1402140976E+01
    0.6078981492E+01      0.6078981492E+01      0.5864745801E+01     -0.1497724088E+01
    0.6129040524E+01      0.6129040524E+01      0.5631260082E+01     -0.1562143221E+01
    0.6179105555E+01      0.6179105555E+01      0.5400876036E+01     -0.1596274441E+01
    0.6227638019E+01      0.6227638019E+01      0.5183302450E+01     -0.1601216629E+01
    0.6269749040E+01      0.6269749040E+01      0.4974688931E+01     -0.1590463321E+01
    0.6308261030E+01      0.6308261030E+01      0.4773294969E+01     -0.1565686995E+01
    0.6343536762E+01      0.6343536762E+01      0.4584931696E+01     -0.1528807817E+01
    0.6374241226E+01      0.6374241226E+01      0.4409513634E+01     -0.1484062935E+01
    0.6397247585E+01      0.6397247585E+01      0.4242921242E+01     -0.1435941549E+01
    0.6413163441E+01      0.6413163441E+01      0.4084593946E+01     -0.1385575682E+01
    0.6425591769E+01      0.6425591769E+01      0.3937412517E+01     -0.1332355612E+01
    0.7027803638E+01      0.7027803638E+01      0.5389172866E+01      0.1616235818E+01
    0.6872124126E+01      0.6872124126E+01      0.5667386128E+01      0.1447044112E+01
    0.6728017338E+01      0.6728017338E+01      0.5927663983E+01      0.1250604861E+01
    0.6583355300E+01      0.6583355300E+01      0.6141398940E+01      0.1024144811E+01
    0.6459979612E+01      0.6459979612E+01      0.6335585587E+01      0.7839657684E+00
    0.6341230452E+01      0.6341230452E+01      0.6472210750E+01      0.5208447987E+00
    0.6246961649E+01      0.6246961649E+01      0.6569854834E+01      0.2632536886E+00
    0.6174552925E+01      0.6174552925E+01      0.6619142550E+01      0.1652535951E-02
    0.6113320609E+01      0.6113320609E+01      0.6604856837E+01     -0.2526166751E+00
    0.6081804719E+01      0.6081804719E+01      0.6551407462E+01     -0.4895143356E+00
    0.6069341390E+01      0.6069341390E+01      0.6459053526E+01     -0.7072130692E+00
    0.6075915976E+01      0.6075915976E+01      0.6330327122E+01     -0.8965736830E+00
    0.6097378183E+01      0.6097378183E+01      0.6166201499E+01     -0.1053999347E+01
    0.6127894968E+01      0.6127894968E+01      0.5981419573E+01     -0.1178048173E+01
    0.6165269297E+01      0.6165269297E+01      0.5783779483E+01     -0.1269006513E+01
    0.6205368964E+01      0.6205368964E+01      0.5581358465E+01     -0.1332260929E+01
    0.6245506981E+01      0.6245506981E+01      0.5377737412E+01     -0.1370706473E+01
    0.6286063572E+01      0.6286063572E+01      0.5180099825E+01     -0.1384279578E+01
    0.6320491952E+01      0.6320491952E+01      0.4988134974E+01     -0.1379957535E+01
    0.6350940770E+01      0.6350940770E+01      0.4801064292E+01     -0.1364460721E+01
    0.6378531355E+01      0.6378531355E+01      0.4622380983E+01     -0.1338681883E+01
    0.6401776817E+01      0.6401776817E+01      0.4452601518E+01     -0.1306029406E+01
    0.6418810444E+01      0.6418810444E+01      0.4289647662E+01     -0.1268988072E+01
    0.6430665328E+01      0.6430665328E+01      0.4134175665E+01     -0.1228362998E+01
    0.6440238003E+01      0.6440238003E+01      0.3988876760E+01     -0.1183940022E+01
    0.7094153499E+01      0.7094153499E+01      0.5245079763E+01      0.1449682916E+01
    0.6951250728E+01      0.6951250728E+01      0.5493037700E+01      0.1303799846E+01
    0.6819162919E+01      0.6819162919E+01      0.5724884391E+01      0.1133849953E+01
    0.6690922095E+01      0.6690922095E+01      0.5922857137E+01      0.9410312703E+00
    0.6575939636E+01      0.6575939636E+01      0.6093560078E+01      0.7349697141E+00
    0.6471313955E+01      0.6471313955E+01      0.6229225380E+01      0.5115185745E+00
    0.6378544011E+01      0.6378544011E+01      0.6317329745E+01      0.2860124913E+00
    0.6311071441E+01      0.6311071441E+01      0.6378615830E+01      0.5986820029E-01
    0.6247440901E+01      0.6247440901E+01      0.6374852633E+01     -0.1645949536E+00
    0.6210761403E+01      0.6210761403E+01      0.6338761562E+01     -0.3722808807E+00
    0.6192515080E+01      0.6192515080E+01      0.6266641524E+01     -0.5620025783E+00
    0.6189133512E+01      0.6189133512E+01      0.6166101809E+01     -0.7301768793E+00
    0.6201237519E+01      0.6201237519E+01      0.6032803815E+01     -0.8695350342E+00
    0.6222371844E+01      0.6222371844E+01      0.5877442926E+01     -0.9811632034E+00
    0.6249353492E+01      0.6249353492E+01      0.5708374988E+01     -0.1066076629E+01
    0.6280021472E+01      0.6280021472E+01      0.5530968048E+01     -0.1127057474E+01
    0.6311243467E+01      0.6311243467E+01      0.5350917843E+01     -0.1166301018E+01
    0.6342001364E+01      0.6342001364E+01      0.5170409866E+01     -0.1186937715E+01
    0.6369706224E+01      0.6369706224E+01      0.4992681344E+01     -0.1188176808E+01
    0.6391767425E+01      0.6391767425E+01      0.4818076736E+01     -0.1180163668E+01
    0.6411928292E+01      0.6411928292E+01      0.4648444514E+01     -0.1163435967E+01
    0.6428765917E+01      0.6428765917E+01      0.4485038660E+01     -0.1139557590E+01
    0.6440737654E+01      0.6440737654E+01      0.4326896008E+01     -0.1110656224E+01
    0.6449105714E+01      0.6449105714E+01      0.4175373997E+01     -0.1077440846E+01
    0.6456150294E+01      0.6456150294E+01      0.4032821977E+01     -0.1039879020E+01
    0.7153326079E+01      0.7153326079E+01      0.5114641100E+01      0.1306838487E+01
    0.7029035033E+01      0.7029035033E+01      0.5342428618E+01      0.1178040160E+01
    0.6904271227E+01      0.6904271227E+01      0.5547888134E+01      0.1031084712E+01
    0.6790299978E+01      0.6790299978E+01      0.5735952185E+01      0.8626399344E+00
    0.6680625998E+01      0.6680625998E+01      0.5887610443E+01      0.6830995695E+00
    0.6588497056E+01      0.6588497056E+01      0.6015595952E+01      0.4913575024E+00
    0.6499105970E+01      0.6499105970E+01      0.6095925771E+01      0.2936003710E+00
    0.6435002634E+01      0.6435002634E+01      0.6166049732E+01      0.1020581082E+00
    0.6373418024E+01      0.6373418024E+01      0.6175926031E+01     -0.9410610929E-01
    0.6331541979E+01      0.6331541979E+01      0.6153571434E+01     -0.2746384025E+00
    0.6307871991E+01      0.6307871991E+01      0.6100718671E+01     -0.4384309571E+00
    0.6298147213E+01      0.6298147213E+01      0.6019110634E+01     -0.5836038494E+00
    0.6299787624E+01      0.6299787624E+01      0.5914336217E+01     -0.7079232726E+00
    0.6312076092E+01      0.6312076092E+01      0.5783822062E+01     -0.8072787423E+00
    0.6329626052E+01      0.6329626052E+01      0.5638170132E+01     -0.8853030191E+00
    0.6350548364E+01      0.6350548364E+01      0.5482270270E+01     -0.9438925182E+00
    0.6372658723E+01      0.6372658723E+01      0.5320806030E+01     -0.9838605868E+00
    0.6394339998E+01      0.6394339998E+01      0.5156549546E+01     -0.1007838236E+01
    0.6414358600E+01      0.6414358600E+01      0.4991564194E+01     -0.1016134316E+01
    0.6430018139E+01      0.6430018139E+01      0.4827482065E+01     -0.1012521657E+01
    0.6444394000E+01      0.6444394000E+01      0.4666742501E+01     -0.1001738525E+01
    0.6456077241E+01      0.6456077241E+01      0.4510076940E+01     -0.9842035470E+00
    0.6463988079E+01      0.6463988079E+01      0.4357304393E+01     -0.9612682292E+00
    0.6469495440E+01      0.6469495440E+01      0.4210235888E+01     -0.9333426307E+00
    0.6474278151E+01      0.6474278151E+01      0.4070856722E+01     -0.9008527917E+00
    0.7213533409E+01      0.7213533409E+01      0.5005031802E+01      0.1173390746E+01
    0.7100378904E+01      0.7100378904E+01      0.5209790257E+01      0.1061616715E+01
    0.6987374671E+01      0.6987374671E+01      0.5396317969E+01      0.9301952329E+00
    0.6883735049E+01      0.6883735049E+01      0.5570371001E+01      0.7849226518E+00
    0.6780511305E+01      0.6780511305E+01      0.5709851365E+01      0.6270534892E+00
    0.6694887273E+01      0.6694887273E+01      0.5833125390E+01      0.4638013919E+00
    0.6610838208E+01      0.6610838208E+01      0.5913829446E+01      0.2896183603E+00
    0.6545515485E+01      0.6545515485E+01      0.5977720823E+01      0.1278424709E+00
    0.6488774003E+01      0.6488774003E+01      0.6005323048E+01     -0.3900395542E-01
    0.6441151806E+01      0.6441151806E+01      0.5994030319E+01     -0.1943786329E+00
    0.6411508570E+01      0.6411508570E+01      0.5956847729E+01     -0.3352371633E+00
    0.6394691608E+01      0.6394691608E+01      0.5892774296E+01     -0.4603243164E+00
    0.6388428938E+01      0.6388428938E+01      0.5805113930E+01     -0.5682786227E+00
    0.6390616470E+01      0.6390616470E+01      0.5698319255E+01     -0.6579767098E+00
    0.6400159664E+01      0.6400159664E+01      0.5572134793E+01     -0.7280282880E+00
    0.6412612243E+01      0.6412612243E+01      0.5434673907E+01     -0.7827261643E+00
    0.6426651556E+01      0.6426651556E+01      0.5289363418E+01     -0.8222817407E+00
    0.6440973921E+01      0.6440973921E+01      0.5138992861E+01     -0.8470995928E+00
    0.6454931166E+01      0.6454931166E+01      0.4986363830E+01     -0.8591784890E+00
    0.6466347679E+01      0.6466347679E+01      0.4832734853E+01     -0.8582008697E+00
    0.6476529443E+01      0.6476529443E+01      0.4680270410E+01     -0.8516706394E+00
    0.6484455184E+01      0.6484455184E+01      0.4530106528E+01     -0.8387465455E+00
    0.6489598499E+01      0.6489598499E+01      0.4382899385E+01     -0.8201503121E+00
    0.6493051676E+01      0.6493051676E+01      0.4240424345E+01     -0.7961880078E+00
    0.6495855017E+01      0.6495855017E+01      0.4104173612E+01     -0.7678412575E+00
    0.7266653997E+01      0.7266653997E+01      0.4906018178E+01      0.1042273788E+01
    0.7168012214E+01      0.7168012214E+01      0.5093194070E+01      0.9427066644E+00
    0.7065090885E+01      0.7065090885E+01      0.5264259484E+01      0.8300511724E+00
    0.6970138341E+01      0.6970138341E+01      0.5424659258E+01      0.7035332519E+00
    0.6874330698E+01      0.6874330698E+01      0.5559031066E+01      0.5683146694E+00
    0.6789575780E+01      0.6789575780E+01      0.5676792026E+01      0.4292658093E+00
    0.6711839958E+01      0.6711839958E+01      0.5763950402E+01      0.2818279403E+00
    0.6643097028E+01      0.6643097028E+01      0.5820937886E+01      0.1431202010E+00
    0.6587896133E+01      0.6587896133E+01      0.5859499481E+01      0.3367500433E-02
    0.6535256200E+01      0.6535256200E+01      0.5856887198E+01     -0.1298055437E+00
    0.6499529015E+01      0.6499529015E+01      0.5832924409E+01     -0.2496478032E+00
    0.6475858603E+01      0.6475858603E+01      0.5784319604E+01     -0.3565467071E+00
    0.6462240098E+01      0.6462240098E+01      0.5712173227E+01     -0.4495451987E+00
    0.6457150367E+01      0.6457150367E+01      0.5619779293E+01     -0.5279148800E+00
    0.6458250046E+01      0.6458250046E+01      0.5512312361E+01     -0.5916186269E+00
    0.6464155783E+01      0.6464155783E+01      0.5390063728E+01     -0.6409735028E+00
    0.6472414180E+01      0.6472414180E+01      0.5258462355E+01     -0.6776912849E+00
    0.6481857571E+01      0.6481857571E+01      0.5120501211E+01     -0.7014413395E+00
    0.6491756405E+01      0.6491756405E+01      0.4978582904E+01     -0.7145865960E+00
    0.6501010780E+01      0.6501010780E+01      0.4834893908E+01     -0.7150721539E+00
    0.6508893367E+01      0.6508893367E+01      0.4690652479E+01     -0.7109747667E+00
    0.6514791764E+01      0.6514791764E+01      0.4546654472E+01     -0.7017014000E+00
    0.6518599720E+01      0.6518599720E+01      0.4404668960E+01     -0.6870085993E+00
    0.6520890579E+01      0.6520890579E+01      0.4266305203E+01     -0.6670357029E+00
    0.6522338453E+01      0.6522338453E+01      0.4132894144E+01     -0.6430847479E+00
    0.7319325884E+01      0.7319325884E+01      0.4820758471E+01      0.9099955084E+00
    0.7226333022E+01      0.7226333022E+01      0.4992187903E+01      0.8258318409E+00
    0.7134812187E+01      0.7134812187E+01      0.5153582761E+01      0.7261360130E+00
    0.7043355690E+01      0.7043355690E+01      0.5301444849E+01      0.6226530456E+00
    0.6955008254E+01      0.6955008254E+01      0.5433176946E+01      0.5068952293E+00
    0.6869759425E+01      0.6869759425E+01      0.5544003810E+01      0.3919733324E+00
    0.6794858451E+01      0.6794858451E+01      0.5636098713E+01      0.2703475529E+00
    0.6722653162E+01      0.6722653162E+01      0.5692672714E+01      0.1500244153E+00
    0.6666824830E+01      0.6666824830E+01      0.5738092244E+01      0.3665160270E-01
    0.6611315036E+01      0.6611315036E+01      0.5743720036E+01     -0.7781993462E-01
    0.6569680073E+01      0.6569680073E+01      0.5728145192E+01     -0.1790911168E+00
    0.6540316125E+01      0.6540316125E+01      0.5691025485E+01     -0.2688061456E+00
    0.6520822918E+01      0.6520822918E+01      0.5631936568E+01     -0.3470408378E+00
    0.6509905072E+01      0.6509905072E+01      0.5552641645E+01     -0.4135073339E+00
    0.6505993626E+01      0.6505993626E+01      0.5456753152E+01     -0.4683358021E+00
    0.6506864596E+01      0.6506864596E+01      0.5348721236E+01     -0.5117581675E+00
    0.6511618074E+01      0.6511618074E+01      0.5229010006E+01     -0.5443656422E+00
    0.6518583285E+01      0.6518583285E+01      0.5101563085E+01     -0.5656422567E+00
    0.6526794295E+01      0.6526794295E+01      0.4968922731E+01     -0.5784939953E+00
    0.6535265392E+01      0.6535265392E+01      0.4833830270E+01     -0.5805537000E+00
    0.6542231508E+01      0.6542231508E+01      0.4697289949E+01     -0.5784776719E+00
    0.6548095428E+01      0.6548095428E+01      0.4559800522E+01     -0.5729942118E+00
    0.6552197755E+01      0.6552197755E+01      0.4422534209E+01     -0.5632122094E+00
    0.6554618468E+01      0.6554618468E+01      0.4287524685E+01     -0.5488353555E+00
    0.6555270970E+01      0.6555270970E+01      0.4155966143E+01     -0.5306013852E+00
    0.7362171880E+01      0.7362171880E+01      0.4743619861E+01      0.7828859703E+00
    0.7277491668E+01      0.7277491668E+01      0.4907506088E+01      0.7078845311E+00
    0.7188348135E+01      0.7188348135E+01      0.5059976835E+01      0.6281071990E+00
    0.7101483599E+01      0.7101483599E+01      0.5201265263E+01      0.5392780020E+00
    0.7017077297E+01      0.7017077297E+01      0.5328845026E+01      0.4472692136E+00
    0.6933054528E+01      0.6933054528E+01      0.5435141271E+01      0.3512497425E+00
    0.6858979769E+01      0.6858979769E+01      0.5528740794E+01      0.2553750143E+00
    0.6786640753E+01      0.6786640753E+01      0.5590309078E+01      0.1543946335E+00
    0.6726828474E+01      0.6726828474E+01      0.5636946236E+01      0.6308710017E-01
    0.6671419681E+01      0.6671419681E+01      0.5652868634E+01     -0.3174253504E-01
    0.6625120907E+01      0.6625120907E+01      0.5642926302E+01     -0.1157514515E+00
    0.6591925782E+01      0.6591925782E+01      0.5613936949E+01     -0.1891219615E+00
    0.6568573070E+01      0.6568573070E+01      0.5564798528E+01     -0.2523217431E+00
    0.6553772170E+01      0.6553772170E+01      0.5496536657E+01     -0.3060124964E+00
    0.6546477836E+01      0.6546477836E+01      0.5411220777E+01     -0.3507721845E+00
    0.6545246707E+01      0.6545246707E+01      0.5312731445E+01     -0.3870017545E+00
    0.6548046663E+01      0.6548046663E+01      0.5202738060E+01     -0.4154055332E+00
    0.6554029028E+01      0.6554029028E+01      0.5083571486E+01     -0.4347452853E+00
    0.6561779549E+01      0.6561779549E+01      0.4958252179E+01     -0.4479573365E+00
    0.6570351761E+01      0.6570351761E+01      0.4829536436E+01     -0.4538752641E+00
    0.6578135728E+01      0.6578135728E+01      0.4698663667E+01     -0.4553984843E+00
    0.6585588834E+01      0.6585588834E+01      0.4566274993E+01     -0.4549518513E+00
    0.6591744923E+01      0.6591744923E+01      0.4433454485E+01     -0.4520582828E+00
    0.6596170063E+01      0.6596170063E+01      0.4302231279E+01     -0.4456233244E+00
    0.6598095462E+01      0.6598095462E+01      0.4173386026E+01     -0.4352637210E+00
    0.7403814787E+01      0.7403814787E+01      0.4680412106E+01      0.6619983055E+00
    0.7315665020E+01      0.7315665020E+01      0.4834473976E+01      0.6013158411E+00
    0.7231747737E+01      0.7231747737E+01      0.4984487878E+01      0.5323289188E+00
    0.7144330430E+01      0.7144330430E+01      0.5119536103E+01      0.4626550021E+00
    0.7062621717E+01      0.7062621717E+01      0.5244731287E+01      0.3873644496E+00
    0.6980473319E+01      0.6980473319E+01      0.5349195697E+01      0.3109531194E+00
    0.6905864893E+01      0.6905864893E+01      0.5441112954E+01      0.2363870074E+00
    0.6835266925E+01      0.6835266925E+01      0.5509698252E+01      0.1565119522E+00
    0.6772151305E+01      0.6772151305E+01      0.5557240085E+01      0.8568438806E-01
    0.6718314533E+01      0.6718314533E+01      0.5582648304E+01      0.1130582135E-01
    0.6668493698E+01      0.6668493698E+01      0.5577725852E+01     -0.5569006544E-01
    0.6632820586E+01      0.6632820586E+01      0.5555218100E+01     -0.1133043155E+00
    0.6607153922E+01      0.6607153922E+01      0.5513517179E+01     -0.1619745063E+00
    0.6590033302E+01      0.6590033302E+01      0.5453429348E+01     -0.2027870933E+00
    0.6580733838E+01      0.6580733838E+01      0.5376230228E+01     -0.2374854225E+00
    0.6578498865E+01      0.6578498865E+01      0.5284623361E+01     -0.2668913046E+00
    0.6580800413E+01      0.6580800413E+01      0.5181010477E+01     -0.2914083036E+00
    0.6587049453E+01      0.6587049453E+01      0.5067091943E+01     -0.3103873145E+00
    0.6595683700E+01      0.6595683700E+01      0.4946151214E+01     -0.3257453801E+00
    0.6606210630E+01      0.6606210630E+01      0.4820703067E+01     -0.3360926399E+00
    0.6617353930E+01      0.6617353930E+01      0.4693120354E+01     -0.3440398436E+00
    0.6628636540E+01      0.6628636540E+01      0.4564412461E+01     -0.3512709633E+00
    0.6638841306E+01      0.6638841306E+01      0.4435335445E+01     -0.3571170573E+00
    0.6647598774E+01      0.6647598774E+01      0.4307967904E+01     -0.3603947489E+00
    0.6652776735E+01      0.6652776735E+01      0.4182815016E+01     -0.3592451997E+00
    0.7430894128E+01      0.7430894128E+01      0.4623391233E+01      0.5519349452E+00
    0.7349606446E+01      0.7349606446E+01      0.4776869823E+01      0.5004449812E+00
    0.7263567015E+01      0.7263567015E+01      0.4920369573E+01      0.4477408476E+00
    0.7178915568E+01      0.7178915568E+01      0.5054926724E+01      0.3906203589E+00
    0.7096525891E+01      0.7096525891E+01      0.5177565212E+01      0.3336662909E+00
    0.7016079963E+01      0.7016079963E+01      0.5283192074E+01      0.2726695168E+00
    0.6939983291E+01      0.6939983291E+01      0.5373032574E+01      0.2177534048E+00
    0.6872149520E+01      0.6872149520E+01      0.5446406495E+01      0.1580501825E+00
    0.6806811108E+01      0.6806811108E+01      0.5493854569E+01      0.1069467825E+00
    0.6755387001E+01      0.6755387001E+01      0.5527753355E+01      0.5435334923E-01
    0.6703061621E+01      0.6703061621E+01      0.5527838759E+01      0.3529424506E-02
    0.6665345237E+01      0.6665345237E+01      0.5511061336E+01     -0.3849657798E-01
    0.6638047815E+01      0.6638047815E+01      0.5475232565E+01     -0.7361301166E-01
    0.6619297293E+01      0.6619297293E+01      0.5420703612E+01     -0.1030175263E+00
    0.6609140120E+01      0.6609140120E+01      0.5348399460E+01     -0.1289336721E+00
    0.6606763748E+01      0.6606763748E+01      0.5261066945E+01     -0.1526378407E+00
    0.6609810245E+01      0.6609810245E+01      0.5161105437E+01     -0.1743329213E+00
    0.6617916363E+01      0.6617916363E+01      0.5049990845E+01     -0.1943118947E+00
    0.6629566621E+01      0.6629566621E+01      0.4931690694E+01     -0.2127476913E+00
    0.6644955834E+01      0.6644955834E+01      0.4807605053E+01     -0.2298540647E+00
    0.6661846600E+01      0.6661846600E+01      0.4681130763E+01     -0.2467804456E+00
    0.6678843785E+01      0.6678843785E+01      0.4554684232E+01     -0.2634483741E+00
    0.6693613896E+01      0.6693613896E+01      0.4428254689E+01     -0.2781572070E+00
    0.6706667754E+01      0.6706667754E+01      0.4304571883E+01     -0.2913433551E+00
    0.6716595260E+01      0.6716595260E+01      0.4184342709E+01     -0.3001643350E+00
    0.7456593638E+01      0.7456593638E+01      0.4579508752E+01      0.4473765229E+00
    0.7372222332E+01      0.7372222332E+01      0.4726516129E+01      0.4088416035E+00
    0.7289706307E+01      0.7289706307E+01      0.4870229784E+01      0.3674830447E+00
    0.7204804809E+01      0.7204804809E+01      0.5003088534E+01      0.3258332133E+00
    0.7122453650E+01      0.7122453650E+01      0.5125124672E+01      0.2840005452E+00
    0.7043497097E+01      0.7043497097E+01      0.5233649251E+01      0.2394863045E+00
    0.6965444955E+01      0.6965444955E+01      0.5322288642E+01      0.2012054151E+00
    0.6898638534E+01      0.6898638534E+01      0.5400009697E+01      0.1606285894E+00
    0.6831863898E+01      0.6831863898E+01      0.5449202410E+01      0.1263342881E+00
    0.6780034988E+01      0.6780034988E+01      0.5487133740E+01      0.9311844648E-01
    0.6727524109E+01      0.6727524109E+01      0.5494436735E+01      0.5928351689E-01
    0.6687780540E+01      0.6687780540E+01      0.5480905165E+01      0.3256169416E-01
    0.6659890315E+01      0.6659890315E+01      0.5448546534E+01      0.1067868095E-01
    0.6641646088E+01      0.6641646088E+01      0.5397044018E+01     -0.7517385508E-02
    0.6632431090E+01      0.6632431090E+01      0.5326885528E+01     -0.2577641259E-01
    0.6631642588E+01      0.6631642588E+01      0.5241654955E+01     -0.4469501347E-01
    0.6637173403E+01      0.6637173403E+01      0.5142012547E+01     -0.6524411860E-01
    0.6649510458E+01      0.6649510458E+01      0.5030417593E+01     -0.8707318197E-01
    0.6667075996E+01      0.6667075996E+01      0.4910761712E+01     -0.1111851805E+00
    0.6689008624E+01      0.6689008624E+01      0.4785686307E+01     -0.1368827377E+00
    0.6711976741E+01      0.6711976741E+01      0.4659256414E+01     -0.1631211124E+00
    0.6734416340E+01      0.6734416340E+01      0.4535237237E+01     -0.1889413437E+00
    0.6753073535E+01      0.6753073535E+01      0.4412242153E+01     -0.2110412440E+00
    0.6768286444E+01      0.6768286444E+01      0.4291839766E+01     -0.2302664725E+00
    0.6782175550E+01      0.6782175550E+01      0.4176623338E+01     -0.2466935919E+00
    0.7468905656E+01      0.7468905656E+01      0.4543730325E+01      0.3470114201E+00
    0.7388881303E+01      0.7388881303E+01      0.4692658996E+01      0.3182329474E+00
    0.7305539756E+01      0.7305539756E+01      0.4834463250E+01      0.2901866199E+00
    0.7222235935E+01      0.7222235935E+01      0.4968884025E+01      0.2618147376E+00
    0.7138969031E+01      0.7138969031E+01      0.5090435588E+01      0.2354709361E+00
    0.7060768966E+01      0.7060768966E+01      0.5201774502E+01      0.2068954211E+00
    0.6981891455E+01      0.6981891455E+01      0.5291764153E+01      0.1849297764E+00
    0.6915063431E+01      0.6915063431E+01      0.5371187374E+01      0.1624321480E+00
    0.6848801185E+01      0.6848801185E+01      0.5422490047E+01      0.1457844957E+00
    0.6796715999E+01      0.6796715999E+01      0.5463687990E+01      0.1309768127E+00
    0.6744533860E+01      0.6744533860E+01      0.5476956945E+01      0.1153599455E+00
    0.6703433278E+01      0.6703433278E+01      0.5465358375E+01      0.1036439019E+00
    0.6675131021E+01      0.6675131021E+01      0.5434451075E+01      0.9324072957E-01
    0.6657769748E+01      0.6657769748E+01      0.5382777979E+01      0.8273040663E-01
    0.6651462210E+01      0.6651462210E+01      0.5311605971E+01      0.7099964488E-01
    0.6654180711E+01      0.6654180711E+01      0.5225293766E+01      0.5537815380E-01
    0.6665810756E+01      0.6665810756E+01      0.5122357600E+01      0.3512546196E-01
    0.6684980257E+01      0.6684980257E+01      0.5007065897E+01      0.9359745593E-02
    0.6710293099E+01      0.6710293099E+01      0.4883559476E+01     -0.2153192165E-01
    0.6738417832E+01      0.6738417832E+01      0.4756051811E+01     -0.5490487685E-01
    0.6765059610E+01      0.6765059610E+01      0.4628689242E+01     -0.8773545838E-01
    0.6791013693E+01      0.6791013693E+01      0.4505729238E+01     -0.1189084369E+00
    0.6812488050E+01      0.6812488050E+01      0.4385709096E+01     -0.1456433118E+00
    0.6828221568E+01      0.6828221568E+01      0.4267834932E+01     -0.1673846580E+00
    0.6842289821E+01      0.6842289821E+01      0.4156093781E+01     -0.1874375493E+00
    0.7476547935E+01      0.7476547935E+01      0.4521871575E+01      0.2446912736E+00
    0.7394812382E+01      0.7394812382E+01      0.4669539327E+01      0.2270065943E+00
    0.7313015850E+01      0.7313015850E+01      0.4813117269E+01      0.2103368973E+00
    0.7229852794E+01      0.7229852794E+01      0.4948526294E+01      0.1963781784E+00
    0.7146588036E+01      0.7146588036E+01      0.5071416004E+01      0.1848758164E+00
    0.7068467332E+01      0.7068467332E+01      0.5184748088E+01      0.1726318222E+00
    0.6989103472E+01      0.6989103472E+01      0.5276762462E+01      0.1659695257E+00
    0.6920843311E+01      0.6920843311E+01      0.5360317211E+01      0.1601877881E+00
    0.6853554525E+01      0.6853554525E+01      0.5416036267E+01      0.1594315382E+00
    0.6800204494E+01      0.6800204494E+01      0.5460216328E+01      0.1604777962E+00
    0.6747634796E+01      0.6747634796E+01      0.5476026575E+01      0.1625601987E+00
    0.6705991190E+01      0.6705991190E+01      0.5464302896E+01      0.1658930033E+00
    0.6680651890E+01      0.6680651890E+01      0.5431440225E+01      0.1684449391E+00
    0.6667876340E+01      0.6667876340E+01      0.5376229813E+01      0.1670192087E+00
    0.6667503569E+01      0.6667503569E+01      0.5303211310E+01      0.1610448071E+00
    0.6678235511E+01      0.6678235511E+01      0.5208883476E+01      0.1477441706E+00
    0.6698110815E+01      0.6698110815E+01      0.5099293471E+01      0.1256629553E+00
    0.6725419918E+01      0.6725419918E+01      0.4978271409E+01      0.9556488086E-01
    0.6757174023E+01      0.6757174023E+01      0.4850287055E+01      0.5997848677E-01
    0.6788898506E+01      0.6788898506E+01      0.4721834006E+01      0.2437795370E-01
    0.6816146199E+01      0.6816146199E+01      0.4594383854E+01     -0.8786836460E-02
    0.6841366791E+01      0.6841366791E+01      0.4472825214E+01     -0.4138889434E-01
    0.6863456986E+01      0.6863456986E+01      0.4356227790E+01     -0.7132219519E-01
    0.6878906115E+01      0.6878906115E+01      0.4241164874E+01     -0.9626637562E-01
    0.6891005220E+01      0.6891005220E+01      0.4130851182E+01     -0.1182593146E+00
    0.7474147138E+01      0.7474147138E+01      0.4506016351E+01      0.1404011664E+00
    0.7394044196E+01      0.7394044196E+01      0.4658163958E+01      0.1317104031E+00
    0.7311115648E+01      0.7311115648E+01      0.4802792598E+01      0.1261630615E+00
    0.7228627907E+01      0.7228627907E+01      0.4940748025E+01      0.1255454359E+00
    0.7144809271E+01      0.7144809271E+01      0.5066734313E+01      0.1279167327E+00
    0.7066305857E+01      0.7066305857E+01      0.5184028911E+01      0.1327673303E+00
    0.6986118387E+01      0.6986118387E+01      0.5279754399E+01      0.1417257963E+00
    0.6916901732E+01      0.6916901732E+01      0.5365459087E+01      0.1542678641E+00
    0.6847445854E+01      0.6847445854E+01      0.5423405518E+01      0.1712315432E+00
    0.6793176226E+01      0.6793176226E+01      0.5469693794E+01      0.1900077588E+00
    0.6740338717E+01      0.6740338717E+01      0.5486419349E+01      0.2103315536E+00
    0.6701488970E+01      0.6701488970E+01      0.5472445346E+01      0.2291068594E+00
    0.6681448566E+01      0.6681448566E+01      0.5434763724E+01      0.2400638196E+00
    0.6675350224E+01      0.6675350224E+01      0.5374961751E+01      0.2482686734E+00
    0.6683583416E+01      0.6683583416E+01      0.5293592247E+01      0.2451754697E+00
    0.6705167781E+01      0.6705167781E+01      0.5189206541E+01      0.2324953986E+00
    0.6733735779E+01      0.6733735779E+01      0.5071599658E+01      0.2090935006E+00
    0.6768338116E+01      0.6768338116E+01      0.4943794562E+01      0.1780709513E+00
    0.6802466082E+01      0.6802466082E+01      0.4813836404E+01      0.1451299358E+00
    0.6832668111E+01      0.6832668111E+01      0.4686163337E+01      0.1112981281E+00
    0.6857371584E+01      0.6857371584E+01      0.4559995291E+01      0.7911725700E-01
    0.6879560102E+01      0.6879560102E+01      0.4439095382E+01      0.4742086597E-01
    0.6900684910E+01      0.6900684910E+01      0.4324828533E+01      0.1595648825E-01
    0.6916469776E+01      0.6916469776E+01      0.4213012422E+01     -0.1230997745E-01
    0.6927177822E+01      0.6927177822E+01      0.4103871212E+01     -0.3682410578E-01
    0.7468736483E+01      0.7468736483E+01      0.4499703725E+01      0.3654100047E-01
    0.7384387434E+01      0.7384387434E+01      0.4653470244E+01      0.3790945535E-01
    0.7301272110E+01      0.7301272110E+01      0.4803957124E+01      0.4408133097E-01
    0.7217004500E+01      0.7217004500E+01      0.4946074579E+01      0.5485309070E-01
    0.7132128955E+01      0.7132128955E+01      0.5076737487E+01      0.7155292607E-01
    0.7052503522E+01      0.7052503522E+01      0.5198537912E+01      0.9280108831E-01
    0.6971016598E+01      0.6971016598E+01      0.5298901883E+01      0.1191575556E+00
    0.6901178718E+01      0.6901178718E+01      0.5388776202E+01      0.1496328043E+00
    0.6831057237E+01      0.6831057237E+01      0.5448819851E+01      0.1841542720E+00
    0.6779183372E+01      0.6779183372E+01      0.5497200851E+01      0.2186557289E+00
    0.6727146640E+01      0.6727146640E+01      0.5509387654E+01      0.2557694376E+00
    0.6693920546E+01      0.6693920546E+01      0.5491091928E+01      0.2877084724E+00
    0.6680426894E+01      0.6680426894E+01      0.5446279306E+01      0.3098862754E+00
    0.6682060190E+01      0.6682060190E+01      0.5380349232E+01      0.3274815094E+00
    0.6702725860E+01      0.6702725860E+01      0.5282872958E+01      0.3245632470E+00
    0.6733659179E+01      0.6733659179E+01      0.5167161494E+01      0.3137231140E+00
    0.6769459031E+01      0.6769459031E+01      0.5041635095E+01      0.2942940202E+00
    0.6805209892E+01      0.6805209892E+01      0.4911723036E+01      0.2691497191E+00
    0.6836260069E+01      0.6836260069E+01      0.4781047046E+01      0.2409661455E+00
    0.6864181410E+01      0.6864181410E+01      0.4653774884E+01      0.2105774243E+00
    0.6886657154E+01      0.6886657154E+01      0.4528017136E+01      0.1796676072E+00
    0.6905636600E+01      0.6905636600E+01      0.4406242419E+01      0.1487280544E+00
    0.6924607915E+01      0.6924607915E+01      0.4291819357E+01      0.1166168834E+00
    0.6940909714E+01      0.6940909714E+01      0.4181890687E+01      0.8481312953E-01
    0.6952032745E+01      0.6952032745E+01      0.4074298302E+01      0.5647788731E-01
    0.7456058966E+01      0.7456058966E+01      0.4496601035E+01     -0.6936359710E-01
    0.7372949242E+01      0.7372949242E+01      0.4659199311E+01     -0.6016976197E-01
    0.7285784300E+01      0.7285784300E+01      0.4815854379E+01     -0.4476974108E-01
    0.7200315672E+01      0.7200315672E+01      0.4965932603E+01     -0.2049296379E-01
    0.7113246149E+01      0.7113246149E+01      0.5103342124E+01      0.8933537182E-02
    0.7031864104E+01      0.7031864104E+01      0.5231944423E+01      0.4719383516E-01
    0.6948061980E+01      0.6948061980E+01      0.5337421434E+01      0.9093280251E-01
    0.6877946633E+01      0.6877946633E+01      0.5433460278E+01      0.1398394336E+00
    0.6806929114E+01      0.6806929114E+01      0.5494419715E+01      0.1920258401E+00
    0.6758485361E+01      0.6758485361E+01      0.5543553599E+01      0.2442503271E+00
    0.6708199338E+01      0.6708199338E+01      0.5547667821E+01      0.2987092615E+00
    0.6682892288E+01      0.6682892288E+01      0.5522824205E+01      0.3454029977E+00
    0.6676365757E+01      0.6676365757E+01      0.5471665419E+01      0.3816727374E+00
    0.6689626427E+01      0.6689626427E+01      0.5389757926E+01      0.4062602687E+00
    0.6722197582E+01      0.6722197582E+01      0.5274707261E+01      0.4090388311E+00
    0.6759228650E+01      0.6759228650E+01      0.5148559317E+01      0.4030611722E+00
    0.6795967834E+01      0.6795967834E+01      0.5018074770E+01      0.3902119516E+00
    0.6829243052E+01      0.6829243052E+01      0.4885546206E+01      0.3724801938E+00
    0.6857600680E+01      0.6857600680E+01      0.4753349216E+01      0.3499516619E+00
    0.6883679081E+01      0.6883679081E+01      0.4624998659E+01      0.3231324024E+00
    0.6905025570E+01      0.6905025570E+01      0.4498058132E+01      0.2931966158E+00
    0.6922322496E+01      0.6922322496E+01      0.4373877492E+01      0.2617301299E+00
    0.6939194246E+01      0.6939194246E+01      0.4256831777E+01      0.2282265944E+00
    0.6955592493E+01      0.6955592493E+01      0.4146748415E+01      0.1926844310E+00
    0.6968163153E+01      0.6968163153E+01      0.4040597257E+01      0.1592943119E+00
    0.7445849843E+01      0.7445849843E+01      0.4502308103E+01     -0.1814611673E+00
    0.7356535388E+01      0.7356535388E+01      0.4673025035E+01     -0.1665670202E+00
    0.7269038840E+01      0.7269038840E+01      0.4840447478E+01     -0.1400326989E+00
    0.7178243858E+01      0.7178243858E+01      0.4999433248E+01     -0.1046754238E+00
    0.7090184500E+01      0.7090184500E+01      0.5148750828E+01     -0.5928538033E-01
    0.7004047221E+01      0.7004047221E+01      0.5284120052E+01     -0.4044645716E-02
    0.6919432409E+01      0.6919432409E+01      0.5397462546E+01      0.5737143384E-01
    0.6847739353E+01      0.6847739353E+01      0.5497928749E+01      0.1259055098E+00
    0.6776667912E+01      0.6776667912E+01      0.5560608906E+01      0.1973584458E+00
    0.6729604711E+01      0.6729604711E+01      0.5609271512E+01      0.2709950482E+00
    0.6682202547E+01      0.6682202547E+01      0.5605453546E+01      0.3448554385E+00
    0.6663238338E+01      0.6663238338E+01      0.5571399527E+01      0.4110991164E+00
    0.6665774862E+01      0.6665774862E+01      0.5510144644E+01      0.4620407314E+00
    0.6695767580E+01      0.6695767580E+01      0.5403850890E+01      0.4900282125E+00
    0.6734550346E+01      0.6734550346E+01      0.5275703611E+01      0.5053492036E+00
    0.6774219197E+01      0.6774219197E+01      0.5139993393E+01      0.5058644168E+00
    0.6810576597E+01      0.6810576597E+01      0.5002767420E+01      0.5004201564E+00
    0.6841984639E+01      0.6841984639E+01      0.4865318007E+01      0.4892571540E+00
    0.6868882556E+01      0.6868882556E+01      0.4729078043E+01      0.4719009115E+00
    0.6894019864E+01      0.6894019864E+01      0.4597068049E+01      0.4478290295E+00
    0.6915401816E+01      0.6915401816E+01      0.4467251810E+01      0.4178718963E+00
    0.6932520440E+01      0.6932520440E+01      0.4339931801E+01      0.3842969412E+00
    0.6948467634E+01      0.6948467634E+01      0.4219337253E+01      0.3476654338E+00
    0.6964775466E+01      0.6964775466E+01      0.4107520923E+01      0.3077202278E+00
    0.6979029751E+01      0.6979029751E+01      0.4002103357E+01      0.2682124973E+00
    0.7429702179E+01      0.7429702179E+01      0.4513779911E+01     -0.3024015960E+00
    0.7339372368E+01      0.7339372368E+01      0.4697187319E+01     -0.2790421722E+00
    0.7244516559E+01      0.7244516559E+01      0.4875874618E+01     -0.2438675951E+00
    0.7151372214E+01      0.7151372214E+01      0.5048252916E+01     -0.1933415834E+00
    0.7059314722E+01      0.7059314722E+01      0.5209615291E+01     -0.1339281181E+00
    0.6968849168E+01      0.6968849168E+01      0.5353044075E+01     -0.5990344559E-01
    0.6885085645E+01      0.6885085645E+01      0.5479444624E+01      0.1895172872E-01
    0.6809102020E+01      0.6809102020E+01      0.5580812575E+01      0.1100227072E+00
    0.6741333096E+01      0.6741333096E+01      0.5650558126E+01      0.2015775464E+00
    0.6692827766E+01      0.6692827766E+01      0.5694942490E+01      0.2989095318E+00
    0.6650528757E+01      0.6650528757E+01      0.5684755080E+01      0.3942616956E+00
    0.6637870628E+01      0.6637870628E+01      0.5642136891E+01      0.4852311393E+00
    0.6657691170E+01      0.6657691170E+01      0.5554549780E+01      0.5446555313E+00
    0.6699264232E+01      0.6699264232E+01      0.5426962118E+01      0.5822933053E+00
    0.6740028760E+01      0.6740028760E+01      0.5288338365E+01      0.6142390115E+00
    0.6779372865E+01      0.6779372865E+01      0.5142704580E+01      0.6257801183E+00
    0.6815948006E+01      0.6815948006E+01      0.4995733904E+01      0.6256361681E+00
    0.6846597854E+01      0.6846597854E+01      0.4850142452E+01      0.6197713822E+00
    0.6872956033E+01      0.6872956033E+01      0.4706751664E+01      0.6060475125E+00
    0.6898055132E+01      0.6898055132E+01      0.4568402074E+01      0.5832956563E+00
    0.6920460740E+01      0.6920460740E+01      0.4433886197E+01      0.5519260027E+00
    0.6938691710E+01      0.6938691710E+01      0.4302519845E+01      0.5145184433E+00
    0.6954892231E+01      0.6954892231E+01      0.4178019870E+01      0.4727471764E+00
    0.6971494708E+01      0.6971494708E+01      0.4063504709E+01      0.4268390904E+00
    0.6987292449E+01      0.6987292449E+01      0.3957977196E+01      0.3801740742E+00
    0.7413079126E+01      0.7413079126E+01      0.4532555062E+01     -0.4320739665E+00
    0.7314453620E+01      0.7314453620E+01      0.4729927589E+01     -0.4041735152E+00
    0.7218782564E+01      0.7218782564E+01      0.4925163721E+01     -0.3572689410E+00
    0.7118544393E+01      0.7118544393E+01      0.5110188152E+01     -0.2966656755E+00
    0.7025434708E+01      0.7025434708E+01      0.5286895583E+01     -0.2188378425E+00
    0.6928918273E+01      0.6928918273E+01      0.5441229208E+01     -0.1285839736E+00
    0.6845689188E+01      0.6845689188E+01      0.5582047256E+01     -0.2634494724E-01
    0.6763226066E+01      0.6763226066E+01      0.5686439968E+01      0.8785962219E-01
    0.6698334419E+01      0.6698334419E+01      0.5765555377E+01      0.2050791893E+00
    0.6647046960E+01      0.6647046960E+01      0.5803277108E+01      0.3286311733E+00
    0.6611552546E+01      0.6611552546E+01      0.5783402597E+01      0.4498850217E+00
    0.6610508851E+01      0.6610508851E+01      0.5730200267E+01      0.5642148347E+00
    0.6649076001E+01      0.6649076001E+01      0.5610154275E+01      0.6356860015E+00
    0.6696513116E+01      0.6696513116E+01      0.5466108766E+01      0.6876541962E+00
    0.6738492711E+01      0.6738492711E+01      0.5313868257E+01      0.7356619296E+00
    0.6777518171E+01      0.6777518171E+01      0.5155534565E+01      0.7609245491E+00
    0.6813918063E+01      0.6813918063E+01      0.4995931989E+01      0.7663648215E+00
    0.6845173624E+01      0.6845173624E+01      0.4839310261E+01      0.7631469409E+00
    0.6872062843E+01      0.6872062843E+01      0.4685721895E+01      0.7512614155E+00
    0.6897947156E+01      0.6897947156E+01      0.4538354963E+01      0.7281135720E+00
    0.6921878411E+01      0.6921878411E+01      0.4396715461E+01      0.6941120810E+00
    0.6941972437E+01      0.6941972437E+01      0.4259790255E+01      0.6514264903E+00
    0.6959504636E+01      0.6959504636E+01      0.4130731546E+01      0.6021864501E+00
    0.6977080148E+01      0.6977080148E+01      0.4013177366E+01      0.5481647396E+00
    0.6994290415E+01      0.6994290415E+01      0.3906606774E+01      0.4930872955E+00
