    0.5817959570E+01      0.5817959570E+01      0.4588060707E+01     -0.3655921476E+01
    0.5918279313E+01      0.5918279313E+01      0.4369739598E+01     -0.3481020878E+01
    0.6003253208E+01      0.6003253208E+01      0.4182854136E+01     -0.3313773570E+01
    0.6075256743E+01      0.6075256743E+01      0.4021373789E+01     -0.3154984088E+01
    0.6135532116E+01      0.6135532116E+01      0.3880966697E+01     -0.3003318668E+01
    0.6186991570E+01      0.6186991570E+01      0.3759904984E+01     -0.2859043655E+01
    0.6231892720E+01      0.6231892720E+01      0.3656059188E+01     -0.2723259254E+01
    0.6271243903E+01      0.6271243903E+01      0.3566076877E+01     -0.2597166138E+01
    0.6305593632E+01      0.6305593632E+01      0.3487007900E+01     -0.2479897160E+01
    0.6335826635E+01      0.6335826635E+01      0.3417581173E+01     -0.2369998363E+01
    0.6361995441E+01      0.6361995441E+01      0.3356566154E+01     -0.2266718058E+01
    0.6382789094E+01      0.6382789094E+01      0.3301556105E+01     -0.2168236807E+01
    0.6397429401E+01      0.6397429401E+01      0.3250641201E+01     -0.2073214854E+01
    0.6408267704E+01      0.6408267704E+01      0.3205101849E+01     -0.1982832240E+01
    0.6418889843E+01      0.6418889843E+01      0.3167138346E+01     -0.1898008352E+01
    0.6429621109E+01      0.6429621109E+01      0.3134923367E+01     -0.1819239593E+01
    0.6439828370E+01      0.6439828370E+01      0.3105321174E+01     -0.1745866387E+01
    0.6450393460E+01      0.6450393460E+01      0.3076863970E+01     -0.1678098808E+01
    0.6461774576E+01      0.6461774576E+01      0.3048058549E+01     -0.1616570151E+01
    0.6473867671E+01      0.6473867671E+01      0.3018542865E+01     -0.1561053844E+01
    0.6484625053E+01      0.6484625053E+01      0.2991400186E+01     -0.1509047116E+01
    0.6490863982E+01      0.6490863982E+01      0.2966379506E+01     -0.1458657538E+01
    0.6493844251E+01      0.6493844251E+01      0.2947109538E+01     -0.1409183012E+01
    0.6493206125E+01      0.6493206125E+01      0.2931565200E+01     -0.1359643750E+01
    0.6486996343E+01      0.6486996343E+01      0.2920939440E+01     -0.1286909542E+01
    0.5882592107E+01      0.5882592107E+01      0.4740483638E+01     -0.3396754084E+01
    0.5970710598E+01      0.5970710598E+01      0.4523905192E+01     -0.3254056017E+01
    0.6046844391E+01      0.6046844391E+01      0.4334094150E+01     -0.3113971345E+01
    0.6112384399E+01      0.6112384399E+01      0.4167174878E+01     -0.2978121615E+01
    0.6167982120E+01      0.6167982120E+01      0.4019873115E+01     -0.2846586177E+01
    0.6215550811E+01      0.6215550811E+01      0.3890848817E+01     -0.2719819152E+01
    0.6257232355E+01      0.6257232355E+01      0.3779066385E+01     -0.2598509639E+01
    0.6294081618E+01      0.6294081618E+01      0.3681949869E+01     -0.2484051558E+01
    0.6326383134E+01      0.6326383134E+01      0.3596345554E+01     -0.2376508641E+01
    0.6354503540E+01      0.6354503540E+01      0.3520345400E+01     -0.2275240439E+01
    0.6378613505E+01      0.6378613505E+01      0.3452864980E+01     -0.2179992132E+01
    0.6398133234E+01      0.6398133234E+01      0.3392407425E+01     -0.2089319897E+01
    0.6411864612E+01      0.6411864612E+01      0.3336784702E+01     -0.2001300363E+01
    0.6421588085E+01      0.6421588085E+01      0.3286571616E+01     -0.1916584084E+01
    0.6431044603E+01      0.6431044603E+01      0.3243912103E+01     -0.1836514205E+01
    0.6441315838E+01      0.6441315838E+01      0.3207268981E+01     -0.1762330784E+01
    0.6452005770E+01      0.6452005770E+01      0.3173642405E+01     -0.1693322470E+01
    0.6463286088E+01      0.6463286088E+01      0.3140697090E+01     -0.1629887300E+01
    0.6475472517E+01      0.6475472517E+01      0.3107272642E+01     -0.1572615422E+01
    0.6486982581E+01      0.6486982581E+01      0.3074832504E+01     -0.1520407153E+01
    0.6495872134E+01      0.6495872134E+01      0.3045721947E+01     -0.1470253468E+01
    0.6500853162E+01      0.6500853162E+01      0.3020425001E+01     -0.1423095764E+01
    0.6501897063E+01      0.6501897063E+01      0.2999826027E+01     -0.1375662987E+01
    0.6500447446E+01      0.6500447446E+01      0.2984357286E+01     -0.1329301167E+01
    0.6493242839E+01      0.6493242839E+01      0.2972566006E+01     -0.1261240254E+01
    0.5942816667E+01      0.5942816667E+01      0.4861692462E+01     -0.3145312441E+01
    0.6022703344E+01      0.6022703344E+01      0.4650212106E+01     -0.3031068343E+01
    0.6091143525E+01      0.6091143525E+01      0.4461689401E+01     -0.2913880726E+01
    0.6150786088E+01      0.6150786088E+01      0.4293420597E+01     -0.2798594866E+01
    0.6201780505E+01      0.6201780505E+01      0.4142561114E+01     -0.2685369895E+01
    0.6245362219E+01      0.6245362219E+01      0.4008134481E+01     -0.2574964450E+01
    0.6283642993E+01      0.6283642993E+01      0.3890148257E+01     -0.2467823705E+01
    0.6317776626E+01      0.6317776626E+01      0.3787066105E+01     -0.2365226204E+01
    0.6347863047E+01      0.6347863047E+01      0.3695995339E+01     -0.2267698630E+01
    0.6373781606E+01      0.6373781606E+01      0.3614574555E+01     -0.2175261951E+01
    0.6395660170E+01      0.6395660170E+01      0.3541662409E+01     -0.2088036913E+01
    0.6413638406E+01      0.6413638406E+01      0.3476607502E+01     -0.2005078747E+01
    0.6426401816E+01      0.6426401816E+01      0.3416975031E+01     -0.1924277155E+01
    0.6435279296E+01      0.6435279296E+01      0.3362685861E+01     -0.1845836644E+01
    0.6443933572E+01      0.6443933572E+01      0.3315706835E+01     -0.1771332837E+01
    0.6453792873E+01      0.6453792873E+01      0.3274531751E+01     -0.1702211925E+01
    0.6465075049E+01      0.6465075049E+01      0.3236472382E+01     -0.1638039885E+01
    0.6477430113E+01      0.6477430113E+01      0.3198925793E+01     -0.1579588549E+01
    0.6489882944E+01      0.6489882944E+01      0.3162026968E+01     -0.1526623385E+01
    0.6500526416E+01      0.6500526416E+01      0.3127797342E+01     -0.1477656877E+01
    0.6507407210E+01      0.6507407210E+01      0.3097097304E+01     -0.1429521520E+01
    0.6511001314E+01      0.6511001314E+01      0.3071472862E+01     -0.1385188569E+01
    0.6510322687E+01      0.6510322687E+01      0.3049548381E+01     -0.1340457544E+01
    0.6508095233E+01      0.6508095233E+01      0.3033889231E+01     -0.1297194423E+01
    0.6499832863E+01      0.6499832863E+01      0.3020908059E+01     -0.1233963809E+01
    0.6003375265E+01      0.6003375265E+01      0.4959140501E+01     -0.2902379169E+01
    0.6074048818E+01      0.6074048818E+01      0.4754151570E+01     -0.2810992035E+01
    0.6135636629E+01      0.6135636629E+01      0.4568480043E+01     -0.2715362296E+01
    0.6189299300E+01      0.6189299300E+01      0.4401139763E+01     -0.2617951765E+01
    0.6235541185E+01      0.6235541185E+01      0.4249237136E+01     -0.2520994808E+01
    0.6275287516E+01      0.6275287516E+01      0.4111717258E+01     -0.2425527439E+01
    0.6310490744E+01      0.6310490744E+01      0.3989358821E+01     -0.2332231689E+01
    0.6342028052E+01      0.6342028052E+01      0.3881517999E+01     -0.2241671912E+01
    0.6369937031E+01      0.6369937031E+01      0.3785970615E+01     -0.2154515294E+01
    0.6393641878E+01      0.6393641878E+01      0.3700157295E+01     -0.2071104715E+01
    0.6413227840E+01      0.6413227840E+01      0.3622875267E+01     -0.1991898458E+01
    0.6429448238E+01      0.6429448238E+01      0.3554032573E+01     -0.1916411183E+01
    0.6441088131E+01      0.6441088131E+01      0.3490891656E+01     -0.1842814235E+01
    0.6449352915E+01      0.6449352915E+01      0.3433075966E+01     -0.1771144477E+01
    0.6457614738E+01      0.6457614738E+01      0.3382123431E+01     -0.1702976894E+01
    0.6467384863E+01      0.6467384863E+01      0.3336351036E+01     -0.1639343222E+01
    0.6479353924E+01      0.6479353924E+01      0.3293286355E+01     -0.1580568461E+01
    0.6492505079E+01      0.6492505079E+01      0.3251705819E+01     -0.1527367414E+01
    0.6504724143E+01      0.6504724143E+01      0.3212493291E+01     -0.1478567812E+01
    0.6514023223E+01      0.6514023223E+01      0.3176887763E+01     -0.1432468251E+01
    0.6519636508E+01      0.6519636508E+01      0.3145595266E+01     -0.1387460725E+01
    0.6521123827E+01      0.6521123827E+01      0.3118613148E+01     -0.1345184715E+01
    0.6519454564E+01      0.6519454564E+01      0.3096616353E+01     -0.1303827583E+01
    0.6516327215E+01      0.6516327215E+01      0.3080119609E+01     -0.1263722433E+01
    0.6506939120E+01      0.6506939120E+01      0.3065807094E+01     -0.1205370160E+01
    0.6060789151E+01      0.6060789151E+01      0.5034538532E+01     -0.2669235723E+01
    0.6124137714E+01      0.6124137714E+01      0.4837413908E+01     -0.2598029222E+01
    0.6178957730E+01      0.6178957730E+01      0.4656094642E+01     -0.2520128515E+01
    0.6227491305E+01      0.6227491305E+01      0.4490902750E+01     -0.2439334745E+01
    0.6269611654E+01      0.6269611654E+01      0.4340077023E+01     -0.2356997918E+01
    0.6305803853E+01      0.6305803853E+01      0.4202081039E+01     -0.2274710430E+01
    0.6337892597E+01      0.6337892597E+01      0.4077298436E+01     -0.2193799515E+01
    0.6366878018E+01      0.6366878018E+01      0.3965916428E+01     -0.2114830376E+01
    0.6392549864E+01      0.6392549864E+01      0.3866753753E+01     -0.2037984702E+01
    0.6413970553E+01      0.6413970553E+01      0.3777315046E+01     -0.1963621234E+01
    0.6431298286E+01      0.6431298286E+01      0.3696580744E+01     -0.1892471817E+01
    0.6445676534E+01      0.6445676534E+01      0.3624620975E+01     -0.1824246902E+01
    0.6456067299E+01      0.6456067299E+01      0.3558292999E+01     -0.1757791387E+01
    0.6463974098E+01      0.6463974098E+01      0.3497444256E+01     -0.1693336055E+01
    0.6472256785E+01      0.6472256785E+01      0.3442696068E+01     -0.1632008134E+01
    0.6482467530E+01      0.6482467530E+01      0.3392111762E+01     -0.1574373271E+01
    0.6494994483E+01      0.6494994483E+01      0.3344052057E+01     -0.1521432859E+01
    0.6508322348E+01      0.6508322348E+01      0.3299423322E+01     -0.1473305277E+01
    0.6520011326E+01      0.6520011326E+01      0.3258886396E+01     -0.1428725419E+01
    0.6527464804E+01      0.6527464804E+01      0.3221942670E+01     -0.1385148297E+01
    0.6531916657E+01      0.6531916657E+01      0.3190489984E+01     -0.1343423431E+01
    0.6531501986E+01      0.6531501986E+01      0.3162229130E+01     -0.1303641787E+01
    0.6528944104E+01      0.6528944104E+01      0.3140267758E+01     -0.1265668754E+01
    0.6525198157E+01      0.6525198157E+01      0.3122886840E+01     -0.1229095692E+01
    0.6514803577E+01      0.6514803577E+01      0.3107332651E+01     -0.1175826612E+01
    0.6115646850E+01      0.6115646850E+01      0.5092642092E+01     -0.2447843870E+01
    0.6172023787E+01      0.6172023787E+01      0.4903385080E+01     -0.2392748651E+01
    0.6221128555E+01      0.6221128555E+01      0.4727313903E+01     -0.2330462691E+01
    0.6264980586E+01      0.6264980586E+01      0.4565432057E+01     -0.2263752868E+01
    0.6303374649E+01      0.6303374649E+01      0.4416272029E+01     -0.2194651633E+01
    0.6336683550E+01      0.6336683550E+01      0.4279269087E+01     -0.2124430582E+01
    0.6365944808E+01      0.6365944808E+01      0.4154125235E+01     -0.2054483508E+01
    0.6392159949E+01      0.6392159949E+01      0.4040685207E+01     -0.1985928946E+01
    0.6415609042E+01      0.6415609042E+01      0.3938837485E+01     -0.1919066836E+01
    0.6434763972E+01      0.6434763972E+01      0.3846472414E+01     -0.1853740930E+01
    0.6449945911E+01      0.6449945911E+01      0.3763032873E+01     -0.1790678791E+01
    0.6462462778E+01      0.6462462778E+01      0.3688344487E+01     -0.1729557569E+01
    0.6471636783E+01      0.6471636783E+01      0.3619061390E+01     -0.1670339295E+01
    0.6479484524E+01      0.6479484524E+01      0.3555521361E+01     -0.1613411237E+01
    0.6488190915E+01      0.6488190915E+01      0.3496918273E+01     -0.1559048404E+01
    0.6499127410E+01      0.6499127410E+01      0.3441436381E+01     -0.1507817957E+01
    0.6511936646E+01      0.6511936646E+01      0.3389210351E+01     -0.1460943128E+01
    0.6524820192E+01      0.6524820192E+01      0.3342535242E+01     -0.1417622117E+01
    0.6535369273E+01      0.6535369273E+01      0.3301053779E+01     -0.1376888386E+01
    0.6541459394E+01      0.6541459394E+01      0.3263536138E+01     -0.1336463053E+01
    0.6543872430E+01      0.6543872430E+01      0.3230770400E+01     -0.1297664686E+01
    0.6542444144E+01      0.6542444144E+01      0.3202670543E+01     -0.1261120026E+01
    0.6538826692E+01      0.6538826692E+01      0.3180298064E+01     -0.1226209226E+01
    0.6534453483E+01      0.6534453483E+01      0.3161870385E+01     -0.1193225859E+01
    0.6523265714E+01      0.6523265714E+01      0.3145306560E+01     -0.1145323108E+01
    0.6167712525E+01      0.6167712525E+01      0.5136013375E+01     -0.2236750669E+01
    0.6218345702E+01      0.6218345702E+01      0.4954774648E+01     -0.2195331170E+01
    0.6262436857E+01      0.6262436857E+01      0.4784415407E+01     -0.2146019619E+01
    0.6302182002E+01      0.6302182002E+01      0.4626508864E+01     -0.2091857034E+01
    0.6337141546E+01      0.6337141546E+01      0.4479808138E+01     -0.2034741233E+01
    0.6367494490E+01      0.6367494490E+01      0.4343950579E+01     -0.1975818969E+01
    0.6394368747E+01      0.6394368747E+01      0.4219401209E+01     -0.1916109101E+01
    0.6418327654E+01      0.6418327654E+01      0.4105758121E+01     -0.1857030345E+01
    0.6439413302E+01      0.6439413302E+01      0.4002594284E+01     -0.1799173604E+01
    0.6456240505E+01      0.6456240505E+01      0.3908152144E+01     -0.1742563618E+01
    0.6469387143E+01      0.6469387143E+01      0.3822593441E+01     -0.1687443357E+01
    0.6480119373E+01      0.6480119373E+01      0.3745238326E+01     -0.1633413532E+01
    0.6488393585E+01      0.6488393585E+01      0.3673235367E+01     -0.1581821490E+01
    0.6496442982E+01      0.6496442982E+01      0.3606987111E+01     -0.1532363781E+01
    0.6505943989E+01      0.6505943989E+01      0.3544246165E+01     -0.1485001254E+01
    0.6517524365E+01      0.6517524365E+01      0.3484458507E+01     -0.1440388826E+01
    0.6530209432E+01      0.6530209432E+01      0.3429578053E+01     -0.1399477121E+01
    0.6542223560E+01      0.6542223560E+01      0.3381514040E+01     -0.1360825973E+01
    0.6550982355E+01      0.6550982355E+01      0.3338774713E+01     -0.1323513595E+01
    0.6556141247E+01      0.6556141247E+01      0.3301241686E+01     -0.1286909031E+01
    0.6556608124E+01      0.6556608124E+01      0.3266996617E+01     -0.1251408986E+01
    0.6554206678E+01      0.6554206678E+01      0.3239303288E+01     -0.1218217326E+01
    0.6549729379E+01      0.6549729379E+01      0.3216557857E+01     -0.1186438490E+01
    0.6544639200E+01      0.6544639200E+01      0.3197346075E+01     -0.1156844543E+01
    0.6532438247E+01      0.6532438247E+01      0.3179751633E+01     -0.1114059842E+01
    0.6218893793E+01      0.6218893793E+01      0.5167687396E+01     -0.2033649168E+01
    0.6264416872E+01      0.6264416872E+01      0.4994341166E+01     -0.2003657564E+01
    0.6303780990E+01      0.6303780990E+01      0.4829583798E+01     -0.1966275949E+01
    0.6339304949E+01      0.6339304949E+01      0.4675563040E+01     -0.1923913237E+01
    0.6370839358E+01      0.6370839358E+01      0.4531651940E+01     -0.1878202231E+01
    0.6398471522E+01      0.6398471522E+01      0.4397539703E+01     -0.1829833796E+01
    0.6423095183E+01      0.6423095183E+01      0.4273859768E+01     -0.1779709604E+01
    0.6445117159E+01      0.6445117159E+01      0.4160761767E+01     -0.1729405111E+01
    0.6464282543E+01      0.6464282543E+01      0.4057621292E+01     -0.1679973809E+01
    0.6479149554E+01      0.6479149554E+01      0.3962360971E+01     -0.1631730547E+01
    0.6490552381E+01      0.6490552381E+01      0.3875240029E+01     -0.1584260915E+01
    0.6499761501E+01      0.6499761501E+01      0.3795305981E+01     -0.1537720292E+01
    0.6507541507E+01      0.6507541507E+01      0.3721048440E+01     -0.1493925775E+01
    0.6516022229E+01      0.6516022229E+01      0.3651400963E+01     -0.1451701026E+01
    0.6526301653E+01      0.6526301653E+01      0.3584602125E+01     -0.1411360270E+01
    0.6538152309E+01      0.6538152309E+01      0.3521718174E+01     -0.1373365355E+01
    0.6550420334E+01      0.6550420334E+01      0.3465524274E+01     -0.1337986771E+01
    0.6561224012E+01      0.6561224012E+01      0.3416318718E+01     -0.1303836054E+01
    0.6568498265E+01      0.6568498265E+01      0.3372614928E+01     -0.1270578942E+01
    0.6571988434E+01      0.6571988434E+01      0.3334212926E+01     -0.1237428803E+01
    0.6571028227E+01      0.6571028227E+01      0.3299874204E+01     -0.1206067102E+01
    0.6567517154E+01      0.6567517154E+01      0.3272134262E+01     -0.1176109994E+01
    0.6562158243E+01      0.6562158243E+01      0.3248901193E+01     -0.1147385984E+01
    0.6556426019E+01      0.6556426019E+01      0.3229199554E+01     -0.1121087314E+01
    0.6543259377E+01      0.6543259377E+01      0.3210752724E+01     -0.1083181874E+01
    0.6268313318E+01      0.6268313318E+01      0.5189711702E+01     -0.1839060248E+01
    0.6308915968E+01      0.6308915968E+01      0.5023664431E+01     -0.1819390016E+01
    0.6343803555E+01      0.6343803555E+01      0.4864017586E+01     -0.1793020907E+01
    0.6375527080E+01      0.6375527080E+01      0.4713701807E+01     -0.1761561230E+01
    0.6404239470E+01      0.6404239470E+01      0.4572768516E+01     -0.1726048683E+01
    0.6429801488E+01      0.6429801488E+01      0.4440964939E+01     -0.1687200539E+01
    0.6452505997E+01      0.6452505997E+01      0.4318539178E+01     -0.1646077494E+01
    0.6472852675E+01      0.6472852675E+01      0.4206422028E+01     -0.1604199101E+01
    0.6490242578E+01      0.6490242578E+01      0.4103897432E+01     -0.1562451511E+01
    0.6503326280E+01      0.6503326280E+01      0.4008623987E+01     -0.1522018719E+01
    0.6513277935E+01      0.6513277935E+01      0.3920590395E+01     -0.1481907889E+01
    0.6521298009E+01      0.6521298009E+01      0.3838468276E+01     -0.1443184065E+01
    0.6529040932E+01      0.6529040932E+01      0.3761976814E+01     -0.1406956697E+01
    0.6538102439E+01      0.6538102439E+01      0.3688753194E+01     -0.1371954341E+01
    0.6549010649E+01      0.6549010649E+01      0.3618595780E+01     -0.1338486821E+01
    0.6560819833E+01      0.6560819833E+01      0.3553548547E+01     -0.1307065840E+01
    0.6572495223E+01      0.6572495223E+01      0.3496832722E+01     -0.1276926768E+01
    0.6581816850E+01      0.6581816850E+01      0.3446771045E+01     -0.1247220941E+01
    0.6587707191E+01      0.6587707191E+01      0.3402879541E+01     -0.1218265683E+01
    0.6589041157E+01      0.6589041157E+01      0.3362848944E+01     -0.1188844295E+01
    0.6586922176E+01      0.6586922176E+01      0.3329263456E+01     -0.1161521887E+01
    0.6582389329E+01      0.6582389329E+01      0.3301223836E+01     -0.1134974232E+01
    0.6576212760E+01      0.6576212760E+01      0.3277476652E+01     -0.1109372658E+01
    0.6569872238E+01      0.6569872238E+01      0.3257315809E+01     -0.1086251081E+01
    0.6555801922E+01      0.6555801922E+01      0.3238119746E+01     -0.1053108807E+01
    0.6315350384E+01      0.6315350384E+01      0.5202863694E+01     -0.1653719049E+01
    0.6351464655E+01      0.6351464655E+01      0.5043874796E+01     -0.1642980308E+01
    0.6382605745E+01      0.6382605745E+01      0.4889145589E+01     -0.1626336848E+01
    0.6411321856E+01      0.6411321856E+01      0.4742571545E+01     -0.1604692258E+01
    0.6437900203E+01      0.6437900203E+01      0.4604694007E+01     -0.1578425979E+01
    0.6461924082E+01      0.6461924082E+01      0.4475316623E+01     -0.1548363136E+01
    0.6483026538E+01      0.6483026538E+01      0.4354476185E+01     -0.1515688096E+01
    0.6501748197E+01      0.6501748197E+01      0.4243614193E+01     -0.1481798871E+01
    0.6517347899E+01      0.6517347899E+01      0.4141877061E+01     -0.1447471957E+01
    0.6528813605E+01      0.6528813605E+01      0.4047003177E+01     -0.1414233841E+01
    0.6537494908E+01      0.6537494908E+01      0.3958237529E+01     -0.1381155637E+01
    0.6544860662E+01      0.6544860662E+01      0.3874720945E+01     -0.1350266110E+01
    0.6552867809E+01      0.6552867809E+01      0.3795634979E+01     -0.1321199340E+01
    0.6562598870E+01      0.6562598870E+01      0.3719076808E+01     -0.1293345738E+01
    0.6573780018E+01      0.6573780018E+01      0.3646396858E+01     -0.1266615613E+01
    0.6585285252E+01      0.6585285252E+01      0.3580540635E+01     -0.1241513718E+01
    0.6596024333E+01      0.6596024333E+01      0.3523437868E+01     -0.1216226898E+01
    0.6603741905E+01      0.6603741905E+01      0.3473021958E+01     -0.1191168325E+01
    0.6607917028E+01      0.6607917028E+01      0.3428739499E+01     -0.1166042503E+01
    0.6607335010E+01      0.6607335010E+01      0.3388049821E+01     -0.1141174803E+01
    0.6604052469E+01      0.6604052469E+01      0.3354770745E+01     -0.1117643013E+01
    0.6598605131E+01      0.6598605131E+01      0.3326413027E+01     -0.1094633165E+01
    0.6591737141E+01      0.6591737141E+01      0.3302206396E+01     -0.1072356726E+01
    0.6584947720E+01      0.6584947720E+01      0.3281671618E+01     -0.1052435437E+01
    0.6570113224E+01      0.6570113224E+01      0.3261802227E+01     -0.1023926405E+01
    0.6359912695E+01      0.6359912695E+01      0.5208097336E+01     -0.1477668467E+01
    0.6392142284E+01      0.6392142284E+01      0.5055865168E+01     -0.1474647682E+01
    0.6420217933E+01      0.6420217933E+01      0.4906033024E+01     -0.1466579677E+01
    0.6446944765E+01      0.6446944765E+01      0.4763119010E+01     -0.1453344299E+01
    0.6472195318E+01      0.6472195318E+01      0.4628418617E+01     -0.1435445908E+01
    0.6495024374E+01      0.6495024374E+01      0.4501543877E+01     -0.1413479952E+01
    0.6514665369E+01      0.6514665369E+01      0.4382611718E+01     -0.1388678739E+01
    0.6531646635E+01      0.6531646635E+01      0.4273174092E+01     -0.1362217485E+01
    0.6545301860E+01      0.6545301860E+01      0.4172189437E+01     -0.1335031648E+01
    0.6555295698E+01      0.6555295698E+01      0.4077773718E+01     -0.1308463611E+01
    0.6562893956E+01      0.6562893956E+01      0.3988269323E+01     -0.1282493987E+01
    0.6570148200E+01      0.6570148200E+01      0.3903771215E+01     -0.1258990422E+01
    0.6578691173E+01      0.6578691173E+01      0.3821971688E+01     -0.1236827434E+01
    0.6588981240E+01      0.6588981240E+01      0.3742625513E+01     -0.1215800434E+01
    0.6600010625E+01      0.6600010625E+01      0.3668343401E+01     -0.1195599136E+01
    0.6610962425E+01      0.6610962425E+01      0.3602667452E+01     -0.1176133316E+01
    0.6620225239E+01      0.6620225239E+01      0.3545355827E+01     -0.1155701906E+01
    0.6626594138E+01      0.6626594138E+01      0.3495371925E+01     -0.1135176359E+01
    0.6628283266E+01      0.6628283266E+01      0.3449573988E+01     -0.1113845318E+01
    0.6626455331E+01      0.6626455331E+01      0.3409892084E+01     -0.1093774645E+01
    0.6622057688E+01      0.6622057688E+01      0.3376401739E+01     -0.1074087714E+01
    0.6615816984E+01      0.6615816984E+01      0.3347604478E+01     -0.1054729199E+01
    0.6608361994E+01      0.6608361994E+01      0.3322861630E+01     -0.1035960285E+01
    0.6601330699E+01      0.6601330699E+01      0.3302100861E+01     -0.1019299314E+01
    0.6585937160E+01      0.6585937160E+01      0.3281712087E+01     -0.9954620969E+00
    0.6400314718E+01      0.6400314718E+01      0.5206957768E+01     -0.1312052470E+01
    0.6430865019E+01      0.6430865019E+01      0.5059850433E+01     -0.1314771248E+01
    0.6457348803E+01      0.6457348803E+01      0.4915392375E+01     -0.1313163436E+01
    0.6482796635E+01      0.6482796635E+01      0.4776627277E+01     -0.1307244189E+01
    0.6507205419E+01      0.6507205419E+01      0.4645167053E+01     -0.1296887262E+01
    0.6528882095E+01      0.6528882095E+01      0.4520694904E+01     -0.1282350421E+01
    0.6546959101E+01      0.6546959101E+01      0.4403857277E+01     -0.1264736399E+01
    0.6561923987E+01      0.6561923987E+01      0.4295888610E+01     -0.1245019577E+01
    0.6573513104E+01      0.6573513104E+01      0.4195621572E+01     -0.1224547707E+01
    0.6582115097E+01      0.6582115097E+01      0.4101284675E+01     -0.1204405346E+01
    0.6589113906E+01      0.6589113906E+01      0.4011389141E+01     -0.1185773033E+01
    0.6596618812E+01      0.6596618812E+01      0.3925373214E+01     -0.1169038409E+01
    0.6605778667E+01      0.6605778667E+01      0.3841046407E+01     -0.1153469654E+01
    0.6616336904E+01      0.6616336904E+01      0.3759791043E+01     -0.1138756156E+01
    0.6626938098E+01      0.6626938098E+01      0.3685104169E+01     -0.1124738762E+01
    0.6636741418E+01      0.6636741418E+01      0.3619931017E+01     -0.1109934631E+01
    0.6644334606E+01      0.6644334606E+01      0.3562851965E+01     -0.1094351650E+01
    0.6648752989E+01      0.6648752989E+01      0.3512889818E+01     -0.1077647574E+01
    0.6648448681E+01      0.6648448681E+01      0.3466338556E+01     -0.1061115526E+01
    0.6645451513E+01      0.6645451513E+01      0.3427415639E+01     -0.1045403668E+01
    0.6640238471E+01      0.6640238471E+01      0.3393754959E+01     -0.1029964310E+01
    0.6633542575E+01      0.6633542575E+01      0.3364637138E+01     -0.1014680442E+01
    0.6625728976E+01      0.6625728976E+01      0.3339465070E+01     -0.9997501394E+00
    0.6618603848E+01      0.6618603848E+01      0.3318494448E+01     -0.9863875062E+00
    0.6602855097E+01      0.6602855097E+01      0.3297740778E+01     -0.9672961819E+00
    0.6438316464E+01      0.6438316464E+01      0.5200273301E+01     -0.1153550129E+01
    0.6467790827E+01      0.6467790827E+01      0.5057978089E+01     -0.1162127841E+01
    0.6494113036E+01      0.6494113036E+01      0.4918161722E+01     -0.1166007664E+01
    0.6519143421E+01      0.6519143421E+01      0.4783864376E+01     -0.1165774225E+01
    0.6542446959E+01      0.6542446959E+01      0.4655701670E+01     -0.1161825244E+01
    0.6562764523E+01      0.6562764523E+01      0.4533611016E+01     -0.1153984183E+01
    0.6579176979E+01      0.6579176979E+01      0.4418901531E+01     -0.1142797845E+01
    0.6592079292E+01      0.6592079292E+01      0.4312326853E+01     -0.1129304494E+01
    0.6601783983E+01      0.6601783983E+01      0.4212861064E+01     -0.1115092163E+01
    0.6608930483E+01      0.6608930483E+01      0.4118163477E+01     -0.1101705618E+01
    0.6615657535E+01      0.6615657535E+01      0.4027928786E+01     -0.1090225040E+01
    0.6623613708E+01      0.6623613708E+01      0.3939818301E+01     -0.1079838812E+01
    0.6633282384E+01      0.6633282384E+01      0.3853304298E+01     -0.1070314473E+01
    0.6643576705E+01      0.6643576705E+01      0.3771260371E+01     -0.1061269482E+01
    0.6653303465E+01      0.6653303465E+01      0.3697493466E+01     -0.1052340868E+01
    0.6661395839E+01      0.6661395839E+01      0.3632548800E+01     -0.1042240657E+01
    0.6667453330E+01      0.6667453330E+01      0.3576211560E+01     -0.1031147654E+01
    0.6669291957E+01      0.6669291957E+01      0.3524798977E+01     -0.1018768228E+01
    0.6667663235E+01      0.6667663235E+01      0.3479512260E+01     -0.1007030031E+01
    0.6663626370E+01      0.6663626370E+01      0.3440616515E+01     -0.9956618166E+00
    0.6657760719E+01      0.6657760719E+01      0.3406641639E+01     -0.9845218247E+00
    0.6650829194E+01      0.6650829194E+01      0.3377185227E+01     -0.9734618555E+00
    0.6643101408E+01      0.6643101408E+01      0.3351817342E+01     -0.9627795216E+00
    0.6636213599E+01      0.6636213599E+01      0.3330768513E+01     -0.9530601262E+00
    0.6620437228E+01      0.6620437228E+01      0.3309866912E+01     -0.9390003886E+00
    0.6474986544E+01      0.6474986544E+01      0.5189139253E+01     -0.1001191096E+01
    0.6504038846E+01      0.6504038846E+01      0.5051416400E+01     -0.1014077921E+01
    0.6530578362E+01      0.6530578362E+01      0.4916438011E+01     -0.1022844916E+01
    0.6555321750E+01      0.6555321750E+01      0.4785457593E+01     -0.1027837723E+01
    0.6577995445E+01      0.6577995445E+01      0.4660171753E+01     -0.1028495877E+01
    0.6596631096E+01      0.6596631096E+01      0.4541115053E+01     -0.1026554025E+01
    0.6610709344E+01      0.6610709344E+01      0.4428725295E+01     -0.1021867463E+01
    0.6621148690E+01      0.6621148690E+01      0.4323311788E+01     -0.1015047360E+01
    0.6628820930E+01      0.6628820930E+01      0.4223933825E+01     -0.1007338932E+01
    0.6634980982E+01      0.6634980982E+01      0.4128955550E+01     -0.1000693700E+01
    0.6641820993E+01      0.6641820993E+01      0.4037445205E+01     -0.9953747826E+00
    0.6650347462E+01      0.6650347462E+01      0.3947398539E+01     -0.9906411884E+00
    0.6660063335E+01      0.6660063335E+01      0.3859808920E+01     -0.9864355666E+00
    0.6669707757E+01      0.6669707757E+01      0.3778464764E+01     -0.9825869918E+00
    0.6678113670E+01      0.6678113670E+01      0.3705706983E+01     -0.9780747656E+00
    0.6684597470E+01      0.6684597470E+01      0.3641402128E+01     -0.9726212965E+00
    0.6688579955E+01      0.6688579955E+01      0.3585085549E+01     -0.9655832827E+00
    0.6688240169E+01      0.6688240169E+01      0.3532999940E+01     -0.9583319404E+00
    0.6685423756E+01      0.6685423756E+01      0.3488728712E+01     -0.9512496889E+00
    0.6680526348E+01      0.6680526348E+01      0.3449680222E+01     -0.9442828751E+00
    0.6674255965E+01      0.6674255965E+01      0.3415315281E+01     -0.9375175231E+00
    0.6667279270E+01      0.6667279270E+01      0.3385557564E+01     -0.9308432672E+00
    0.6659753329E+01      0.6659753329E+01      0.3359950120E+01     -0.9244074316E+00
    0.6653257570E+01      0.6653257570E+01      0.3338855976E+01     -0.9184218372E+00
    0.6637712426E+01      0.6637712426E+01      0.3318076442E+01     -0.9094713256E+00
    0.6510687975E+01      0.6510687975E+01      0.5173197247E+01     -0.8535283376E+00
    0.6539643368E+01      0.6539643368E+01      0.5039541658E+01     -0.8698219590E+00
    0.6566362627E+01      0.6566362627E+01      0.4908820194E+01     -0.8822200433E+00
    0.6590525358E+01      0.6590525358E+01      0.4781681685E+01     -0.8911604113E+00
    0.6611796146E+01      0.6611796146E+01      0.4659621014E+01     -0.8970595916E+00
    0.6628472612E+01      0.6628472612E+01      0.4543125645E+01     -0.9006613651E+00
    0.6640626142E+01      0.6640626142E+01      0.4432777403E+01     -0.9015599580E+00
    0.6648954212E+01      0.6648954212E+01      0.4328408947E+01     -0.9010803701E+00
    0.6654686383E+01      0.6654686383E+01      0.4228759853E+01     -0.9003543869E+00
    0.6660331583E+01      0.6660331583E+01      0.4133781554E+01     -0.9001716656E+00
    0.6667371293E+01      0.6667371293E+01      0.4040753791E+01     -0.9007181614E+00
    0.6676201096E+01      0.6676201096E+01      0.3949365550E+01     -0.9013381911E+00
    0.6685589183E+01      0.6685589183E+01      0.3862067303E+01     -0.9020007218E+00
    0.6694258842E+01      0.6694258842E+01      0.3782278274E+01     -0.9023391127E+00
    0.6701068320E+01      0.6701068320E+01      0.3710507822E+01     -0.9018697502E+00
    0.6706000364E+01      0.6706000364E+01      0.3647292220E+01     -0.9004797250E+00
    0.6707277631E+01      0.6707277631E+01      0.3589502033E+01     -0.8981092250E+00
    0.6705498856E+01      0.6705498856E+01      0.3538785836E+01     -0.8959699594E+00
    0.6701504551E+01      0.6701504551E+01      0.3494394656E+01     -0.8935834845E+00
    0.6695971029E+01      0.6695971029E+01      0.3454778517E+01     -0.8911876098E+00
    0.6689520772E+01      0.6689520772E+01      0.3419918471E+01     -0.8889218606E+00
    0.6682707566E+01      0.6682707566E+01      0.3389868452E+01     -0.8866585516E+00
    0.6675579086E+01      0.6675579086E+01      0.3364123990E+01     -0.8844782936E+00
    0.6669424324E+01      0.6669424324E+01      0.3343004818E+01     -0.8822713799E+00
    0.6654122286E+01      0.6654122286E+01      0.3322460142E+01     -0.8784724707E+00
    0.6544861912E+01      0.6544861912E+01      0.5154870566E+01     -0.7095273836E+00
    0.6573903842E+01      0.6573903842E+01      0.5024678650E+01     -0.7280973893E+00
    0.6600550204E+01      0.6600550204E+01      0.4897386122E+01     -0.7434388954E+00
    0.6623565315E+01      0.6623565315E+01      0.4773308218E+01     -0.7561397625E+00
    0.6642302360E+01      0.6642302360E+01      0.4653477322E+01     -0.7673041029E+00
    0.6656465886E+01      0.6656465886E+01      0.4539157145E+01     -0.7766600296E+00
    0.6666421810E+01      0.6666421810E+01      0.4430350617E+01     -0.7837914523E+00
    0.6672962244E+01      0.6672962244E+01      0.4326553812E+01     -0.7896090548E+00
    0.6677997066E+01      0.6677997066E+01      0.4227387399E+01     -0.7953126099E+00
    0.6683873291E+01      0.6683873291E+01      0.4132009545E+01     -0.8008349941E+00
    0.6691665842E+01      0.6691665842E+01      0.4038193045E+01     -0.8065139848E+00
    0.6700757944E+01      0.6700757944E+01      0.3946802213E+01     -0.8117022546E+00
    0.6709668986E+01      0.6709668986E+01      0.3861203729E+01     -0.8165282231E+00
    0.6716956596E+01      0.6716956596E+01      0.3783011183E+01     -0.8203003958E+00
    0.6722212913E+01      0.6722212913E+01      0.3712526221E+01     -0.8239014026E+00
    0.6724912367E+01      0.6724912367E+01      0.3649313890E+01     -0.8260494627E+00
    0.6724110595E+01      0.6724110595E+01      0.3591232384E+01     -0.8290164249E+00
    0.6720988552E+01      0.6720988552E+01      0.3541284996E+01     -0.8320617432E+00
    0.6716010364E+01      0.6716010364E+01      0.3496569018E+01     -0.8341960171E+00
    0.6710061184E+01      0.6710061184E+01      0.3456223019E+01     -0.8364993816E+00
    0.6703689419E+01      0.6703689419E+01      0.3420893350E+01     -0.8389117757E+00
    0.6697162648E+01      0.6697162648E+01      0.3390644072E+01     -0.8409964117E+00
    0.6690489923E+01      0.6690489923E+01      0.3364920826E+01     -0.8430334487E+00
    0.6684634336E+01      0.6684634336E+01      0.3343889358E+01     -0.8445785606E+00
    0.6669602356E+01      0.6669602356E+01      0.3323647266E+01     -0.8458811398E+00
    0.6577751529E+01      0.6577751529E+01      0.5134622560E+01     -0.5668292637E+00
    0.6606393039E+01      0.6606393039E+01      0.5007494853E+01     -0.5872699845E+00
    0.6631809150E+01      0.6631809150E+01      0.4882861046E+01     -0.6059797984E+00
    0.6652714057E+01      0.6652714057E+01      0.4760552248E+01     -0.6228367067E+00
    0.6668698489E+01      0.6668698489E+01      0.4641734676E+01     -0.6389493508E+00
    0.6680703885E+01      0.6680703885E+01      0.4528441140E+01     -0.6534825201E+00
    0.6689169093E+01      0.6689169093E+01      0.4420349399E+01     -0.6662400107E+00
    0.6694663586E+01      0.6694663586E+01      0.4316156731E+01     -0.6784525611E+00
    0.6699939893E+01      0.6699939893E+01      0.4216803279E+01     -0.6901383193E+00
    0.6706602990E+01      0.6706602990E+01      0.4119959431E+01     -0.7011510106E+00
    0.6715046235E+01      0.6715046235E+01      0.4025224822E+01     -0.7116679139E+00
    0.6724071714E+01      0.6724071714E+01      0.3934776150E+01     -0.7214854622E+00
    0.6732044912E+01      0.6732044912E+01      0.3851647933E+01     -0.7298399097E+00
    0.6737853405E+01      0.6737853405E+01      0.3775608291E+01     -0.7373959057E+00
    0.6741441396E+01      0.6741441396E+01      0.3707294022E+01     -0.7443494193E+00
    0.6741600761E+01      0.6741600761E+01      0.3643435382E+01     -0.7514396470E+00
    0.6739390400E+01      0.6739390400E+01      0.3587999583E+01     -0.7596268769E+00
    0.6735059758E+01      0.6735059758E+01      0.3538388001E+01     -0.7674900363E+00
    0.6729478558E+01      0.6729478558E+01      0.3493305628E+01     -0.7742035183E+00
    0.6723313015E+01      0.6723313015E+01      0.3452894658E+01     -0.7812855443E+00
    0.6717073279E+01      0.6717073279E+01      0.3417812290E+01     -0.7882809335E+00
    0.6710888967E+01      0.6710888967E+01      0.3387936259E+01     -0.7944235869E+00
    0.6704621829E+01      0.6704621829E+01      0.3362651333E+01     -0.8003757286E+00
    0.6698940224E+01      0.6698940224E+01      0.3341803092E+01     -0.8054193267E+00
    0.6684104193E+01      0.6684104193E+01      0.3321811506E+01     -0.8118192991E+00
    0.6607883372E+01      0.6607883372E+01      0.5114247584E+01     -0.4252644747E+00
    0.6634898378E+01      0.6634898378E+01      0.4988058995E+01     -0.4482172029E+00
    0.6658237551E+01      0.6658237551E+01      0.4864312925E+01     -0.4704730089E+00
    0.6676662199E+01      0.6676662199E+01      0.4742842013E+01     -0.4914149391E+00
    0.6690338169E+01      0.6690338169E+01      0.4625154095E+01     -0.5117801283E+00
    0.6701193451E+01      0.6701193451E+01      0.4513405191E+01     -0.5305916265E+00
    0.6708784274E+01      0.6708784274E+01      0.4405584367E+01     -0.5483793626E+00
    0.6714331411E+01      0.6714331411E+01      0.4301120956E+01     -0.5666040924E+00
    0.6720433273E+01      0.6720433273E+01      0.4200555028E+01     -0.5840535558E+00
    0.6728239673E+01      0.6728239673E+01      0.4102255770E+01     -0.6004172066E+00
    0.6737228275E+01      0.6737228275E+01      0.4007363964E+01     -0.6158191768E+00
    0.6746133725E+01      0.6746133725E+01      0.3919064896E+01     -0.6298339816E+00
    0.6753031553E+01      0.6753031553E+01      0.3837621698E+01     -0.6420481424E+00
    0.6757486456E+01      0.6757486456E+01      0.3763440223E+01     -0.6535376822E+00
    0.6758812660E+01      0.6758812660E+01      0.3694861073E+01     -0.6647392071E+00
    0.6757249220E+01      0.6757249220E+01      0.3633356881E+01     -0.6772949942E+00
    0.6753555115E+01      0.6753555115E+01      0.3579044644E+01     -0.6907783510E+00
    0.6748358466E+01      0.6748358466E+01      0.3529371280E+01     -0.7031972169E+00
    0.6742395900E+01      0.6742395900E+01      0.3484174003E+01     -0.7146446359E+00
    0.6736194745E+01      0.6736194745E+01      0.3444129757E+01     -0.7264612188E+00
    0.6730221160E+01      0.6730221160E+01      0.3409713782E+01     -0.7376636020E+00
    0.6724268724E+01      0.6724268724E+01      0.3380400646E+01     -0.7474717034E+00
    0.6718207564E+01      0.6718207564E+01      0.3355704419E+01     -0.7569463911E+00
    0.6712559209E+01      0.6712559209E+01      0.3335190518E+01     -0.7652150086E+00
    0.6697718875E+01      0.6697718875E+01      0.3315434273E+01     -0.7764728037E+00
    0.6632620261E+01      0.6632620261E+01      0.5090530614E+01     -0.2858755641E+00
    0.6657771215E+01      0.6657771215E+01      0.4964436335E+01     -0.3110704800E+00
    0.6679419026E+01      0.6679419026E+01      0.4841511171E+01     -0.3362592074E+00
    0.6696142302E+01      0.6696142302E+01      0.4721033897E+01     -0.3606356815E+00
    0.6708405140E+01      0.6708405140E+01      0.4604305373E+01     -0.3847271618E+00
    0.6718583549E+01      0.6718583549E+01      0.4493383482E+01     -0.4074915471E+00
    0.6725949007E+01      0.6725949007E+01      0.4385594016E+01     -0.4302313483E+00
    0.6732443936E+01      0.6732443936E+01      0.4281313399E+01     -0.4538574707E+00
    0.6739940829E+01      0.6739940829E+01      0.4179696692E+01     -0.4768121256E+00
    0.6748913209E+01      0.6748913209E+01      0.4080931345E+01     -0.4984764132E+00
    0.6758474634E+01      0.6758474634E+01      0.3987598253E+01     -0.5189090217E+00
    0.6766859175E+01      0.6766859175E+01      0.3901487609E+01     -0.5368082907E+00
    0.6772738267E+01      0.6772738267E+01      0.3821698730E+01     -0.5534939955E+00
    0.6775478843E+01      0.6775478843E+01      0.3748229167E+01     -0.5692512201E+00
    0.6774618220E+01      0.6774618220E+01      0.3680455880E+01     -0.5861486243E+00
    0.6771588935E+01      0.6771588935E+01      0.3620625443E+01     -0.6045569968E+00
    0.6766845748E+01      0.6766845748E+01      0.3566500562E+01     -0.6228843020E+00
    0.6761150150E+01      0.6761150150E+01      0.3516646312E+01     -0.6397099653E+00
    0.6755042186E+01      0.6755042186E+01      0.3471519921E+01     -0.6559236587E+00
    0.6749058225E+01      0.6749058225E+01      0.3432031013E+01     -0.6721004274E+00
    0.6743366983E+01      0.6743366983E+01      0.3398090811E+01     -0.6872258747E+00
    0.6737545757E+01      0.6737545757E+01      0.3369350433E+01     -0.7004140527E+00
    0.6731483688E+01      0.6731483688E+01      0.3345227595E+01     -0.7131249768E+00
    0.6725704783E+01      0.6725704783E+01      0.3325084547E+01     -0.7243704164E+00
    0.6710699134E+01      0.6710699134E+01      0.3305397624E+01     -0.7402118096E+00
    0.6652694470E+01      0.6652694470E+01      0.5065218854E+01     -0.1465177891E+00
    0.6676322782E+01      0.6676322782E+01      0.4938074766E+01     -0.1734349468E+00
    0.6696618027E+01      0.6696618027E+01      0.4814503038E+01     -0.2013120581E+00
    0.6711992009E+01      0.6711992009E+01      0.4693586355E+01     -0.2291962896E+00
    0.6723503260E+01      0.6723503260E+01      0.4576992025E+01     -0.2569784503E+00
    0.6733626629E+01      0.6733626629E+01      0.4466342524E+01     -0.2838689769E+00
    0.6741699181E+01      0.6741699181E+01      0.4358763362E+01     -0.3114708491E+00
    0.6749831397E+01      0.6749831397E+01      0.4254540920E+01     -0.3400726323E+00
    0.6758982337E+01      0.6758982337E+01      0.4152402669E+01     -0.3683670076E+00
    0.6768960699E+01      0.6768960699E+01      0.4054237209E+01     -0.3956489401E+00
    0.6778829470E+01      0.6778829470E+01      0.3963451645E+01     -0.4204602756E+00
    0.6786611315E+01      0.6786611315E+01      0.3878791290E+01     -0.4430665802E+00
    0.6791291981E+01      0.6791291981E+01      0.3800964861E+01     -0.4643721421E+00
    0.6791383325E+01      0.6791383325E+01      0.3726999087E+01     -0.4863317154E+00
    0.6789150340E+01      0.6789150340E+01      0.3661740300E+01     -0.5092718881E+00
    0.6785000026E+01      0.6785000026E+01      0.3602853148E+01     -0.5333265570E+00
    0.6779600939E+01      0.6779600939E+01      0.3548724044E+01     -0.5561701488E+00
    0.6773624441E+01      0.6773624441E+01      0.3498858634E+01     -0.5775649605E+00
    0.6767713491E+01      0.6767713491E+01      0.3454582576E+01     -0.5982713355E+00
    0.6762082749E+01      0.6762082749E+01      0.3416044405E+01     -0.6182886033E+00
    0.6756576326E+01      0.6756576326E+01      0.3382732752E+01     -0.6371116855E+00
    0.6750795148E+01      0.6750795148E+01      0.3354674949E+01     -0.6534580311E+00
    0.6744599913E+01      0.6744599913E+01      0.3331145998E+01     -0.6692129352E+00
    0.6738551993E+01      0.6738551993E+01      0.3311333965E+01     -0.6832689014E+00
    0.6723273907E+01      0.6723273907E+01      0.3291527782E+01     -0.7034480676E+00
    0.6667967748E+01      0.6667967748E+01      0.5037526635E+01     -0.5856445190E-02
    0.6690708305E+01      0.6690708305E+01      0.4908808227E+01     -0.3424860789E-01
    0.6710216415E+01      0.6710216415E+01      0.4784074430E+01     -0.6465421119E-01
    0.6724840481E+01      0.6724840481E+01      0.4662093407E+01     -0.9599013827E-01
    0.6736503119E+01      0.6736503119E+01      0.4545159505E+01     -0.1275497765E+00
    0.6747303245E+01      0.6747303245E+01      0.4434124522E+01     -0.1589940101E+00
    0.6757042533E+01      0.6757042533E+01      0.4326720623E+01     -0.1914988369E+00
    0.6767084490E+01      0.6767084490E+01      0.4222132739E+01     -0.2250998017E+00
    0.6777681514E+01      0.6777681514E+01      0.4120245843E+01     -0.2589234239E+00
    0.6788631999E+01      0.6788631999E+01      0.4024281845E+01     -0.2918863260E+00
    0.6798063559E+01      0.6798063559E+01      0.3934900108E+01     -0.3216788008E+00
    0.6804506203E+01      0.6804506203E+01      0.3851773138E+01     -0.3503015238E+00
    0.6806790383E+01      0.6806790383E+01      0.3773602085E+01     -0.3776334928E+00
    0.6805631703E+01      0.6805631703E+01      0.3702207659E+01     -0.4059292438E+00
    0.6802394379E+01      0.6802394379E+01      0.3638215852E+01     -0.4348231473E+00
    0.6797639770E+01      0.6797639770E+01      0.3579746932E+01     -0.4640560218E+00
    0.6792089198E+01      0.6792089198E+01      0.3525850675E+01     -0.4911076870E+00
    0.6786197955E+01      0.6786197955E+01      0.3476921247E+01     -0.5170951041E+00
    0.6780730555E+01      0.6780730555E+01      0.3433966452E+01     -0.5419519604E+00
    0.6775378769E+01      0.6775378769E+01      0.3396454529E+01     -0.5652924981E+00
    0.6769918693E+01      0.6769918693E+01      0.3364025175E+01     -0.5874772463E+00
    0.6764063773E+01      0.6764063773E+01      0.3336678264E+01     -0.6067040468E+00
    0.6757664050E+01      0.6757664050E+01      0.3313669411E+01     -0.6253232335E+00
    0.6751245246E+01      0.6751245246E+01      0.3294098531E+01     -0.6421271769E+00
    0.6735661452E+01      0.6735661452E+01      0.3274011795E+01     -0.6665319671E+00
    0.6679062242E+01      0.6679062242E+01      0.5008275701E+01      0.1379137125E+00
    0.6701633631E+01      0.6701633631E+01      0.4877005393E+01      0.1080239234E+00
    0.6721056141E+01      0.6721056141E+01      0.4750245661E+01      0.7496150800E-01
    0.6735765331E+01      0.6735765331E+01      0.4626718230E+01      0.3998258629E-01
    0.6748287401E+01      0.6748287401E+01      0.4508896784E+01      0.4226264246E-02
    0.6760462619E+01      0.6760462619E+01      0.4397169662E+01     -0.3227409418E-01
    0.6772305099E+01      0.6772305099E+01      0.4289399066E+01     -0.7010851311E-01
    0.6784353635E+01      0.6784353635E+01      0.4184580853E+01     -0.1091462611E+00
    0.6796319010E+01      0.6796319010E+01      0.4083968650E+01     -0.1489440387E+00
    0.6807187406E+01      0.6807187406E+01      0.3989427522E+01     -0.1880290191E+00
    0.6814997590E+01      0.6814997590E+01      0.3900495850E+01     -0.2244411318E+00
    0.6820143503E+01      0.6820143503E+01      0.3818802316E+01     -0.2590394849E+00
    0.6820617861E+01      0.6820617861E+01      0.3741348925E+01     -0.2933552140E+00
    0.6818786737E+01      0.6818786737E+01      0.3672307544E+01     -0.3279778187E+00
    0.6815054460E+01      0.6815054460E+01      0.3609367567E+01     -0.3625262488E+00
    0.6810205689E+01      0.6810205689E+01      0.3551374875E+01     -0.3964985613E+00
    0.6804720952E+01      0.6804720952E+01      0.3498448685E+01     -0.4282282513E+00
    0.6799212096E+01      0.6799212096E+01      0.3451180460E+01     -0.4584534881E+00
    0.6794103169E+01      0.6794103169E+01      0.3409736749E+01     -0.4869043607E+00
    0.6788908061E+01      0.6788908061E+01      0.3373586338E+01     -0.5132159505E+00
    0.6783442512E+01      0.6783442512E+01      0.3342250448E+01     -0.5382997691E+00
    0.6777383261E+01      0.6777383261E+01      0.3315606373E+01     -0.5601632761E+00
    0.6770610976E+01      0.6770610976E+01      0.3292912347E+01     -0.5816148392E+00
    0.6763760637E+01      0.6763760637E+01      0.3273360529E+01     -0.6011815559E+00
    0.6747860039E+01      0.6747860039E+01      0.3252907388E+01     -0.6297587142E+00
    0.6686575689E+01      0.6686575689E+01      0.4977765905E+01      0.2868794187E+00
    0.6709709984E+01      0.6709709984E+01      0.4842672668E+01      0.2551210222E+00
    0.6729807874E+01      0.6729807874E+01      0.4712950135E+01      0.2187919138E+00
    0.6745546107E+01      0.6745546107E+01      0.4587376793E+01      0.1795446198E+00
    0.6759445533E+01      0.6759445533E+01      0.4467880361E+01      0.1387140467E+00
    0.6773449382E+01      0.6773449382E+01      0.4354840142E+01      0.9630891931E-01
    0.6787394835E+01      0.6787394835E+01      0.4246304612E+01      0.5234562265E-01
    0.6801019549E+01      0.6801019549E+01      0.4141724096E+01      0.6635046781E-02
    0.6813135221E+01      0.6813135221E+01      0.4041778971E+01     -0.4026264574E-01
    0.6822986313E+01      0.6822986313E+01      0.3947890155E+01     -0.8613183227E-01
    0.6829650634E+01      0.6829650634E+01      0.3860213810E+01     -0.1292191577E+00
    0.6833568593E+01      0.6833568593E+01      0.3779523805E+01     -0.1706073928E+00
    0.6833381887E+01      0.6833381887E+01      0.3704470048E+01     -0.2117984528E+00
    0.6831287093E+01      0.6831287093E+01      0.3636936810E+01     -0.2525278253E+00
    0.6827640906E+01      0.6827640906E+01      0.3574984392E+01     -0.2922633505E+00
    0.6822971124E+01      0.6822971124E+01      0.3518304005E+01     -0.3313057130E+00
    0.6817764445E+01      0.6817764445E+01      0.3467070405E+01     -0.3676037951E+00
    0.6812708154E+01      0.6812708154E+01      0.3421763576E+01     -0.4014702823E+00
    0.6807710216E+01      0.6807710216E+01      0.3382026470E+01     -0.4330746324E+00
    0.6802464405E+01      0.6802464405E+01      0.3347382760E+01     -0.4619677358E+00
    0.6796772706E+01      0.6796772706E+01      0.3317224390E+01     -0.4897605142E+00
    0.6790353433E+01      0.6790353433E+01      0.3291226582E+01     -0.5141818814E+00
    0.6783170388E+01      0.6783170388E+01      0.3268776807E+01     -0.5383271035E+00
    0.6775958698E+01      0.6775958698E+01      0.3249177390E+01     -0.5606056757E+00
    0.6759839102E+01      0.6759839102E+01      0.3228430744E+01     -0.5932923504E+00
    0.6690916081E+01      0.6690916081E+01      0.4946139807E+01      0.4432652465E+00
    0.6715354746E+01      0.6715354746E+01      0.4805395775E+01      0.4086511582E+00
    0.6736931085E+01      0.6736931085E+01      0.4671521231E+01      0.3678634266E+00
    0.6754379740E+01      0.6754379740E+01      0.4542826261E+01      0.3230490250E+00
    0.6770011549E+01      0.6770011549E+01      0.4420677550E+01      0.2757163667E+00
    0.6785941633E+01      0.6785941633E+01      0.4305709459E+01      0.2262210492E+00
    0.6801585039E+01      0.6801585039E+01      0.4196000210E+01      0.1746967513E+00
    0.6815976232E+01      0.6815976232E+01      0.4091408393E+01      0.1211354318E+00
    0.6827794610E+01      0.6827794610E+01      0.3992102322E+01      0.6661019934E-01
    0.6836585686E+01      0.6836585686E+01      0.3899141455E+01      0.1351351146E-01
    0.6842444553E+01      0.6842444553E+01      0.3813101858E+01     -0.3639211064E-01
    0.6845614783E+01      0.6845614783E+01      0.3734234574E+01     -0.8543013332E-01
    0.6845321698E+01      0.6845321698E+01      0.3661562285E+01     -0.1332391316E+00
    0.6843462921E+01      0.6843462921E+01      0.3595891758E+01     -0.1796337564E+00
    0.6840274075E+01      0.6840274075E+01      0.3535921356E+01     -0.2247593479E+00
    0.6836022938E+01      0.6836022938E+01      0.3481447455E+01     -0.2686640889E+00
    0.6831291499E+01      0.6831291499E+01      0.3432494800E+01     -0.3088829875E+00
    0.6826427230E+01      0.6826427230E+01      0.3389225819E+01     -0.3458834793E+00
    0.6821435021E+01      0.6821435021E+01      0.3351352862E+01     -0.3802340699E+00
    0.6816063723E+01      0.6816063723E+01      0.3318284995E+01     -0.4113389793E+00
    0.6810025645E+01      0.6810025645E+01      0.3289242329E+01     -0.4415273526E+00
    0.6803127371E+01      0.6803127371E+01      0.3263739682E+01     -0.4684647065E+00
    0.6795433241E+01      0.6795433241E+01      0.3241364675E+01     -0.4952850190E+00
    0.6787860375E+01      0.6787860375E+01      0.3221610770E+01     -0.5203651063E+00
    0.6771554295E+01      0.6771554295E+01      0.3200626637E+01     -0.5572419391E+00
    0.6692378811E+01      0.6692378811E+01      0.4913239045E+01      0.6077996738E+00
    0.6718696272E+01      0.6718696272E+01      0.4764523907E+01      0.5697284079E+00
    0.6742494504E+01      0.6742494504E+01      0.4624741378E+01      0.5227116301E+00
    0.6762084233E+01      0.6762084233E+01      0.4491497150E+01      0.4702265652E+00
    0.6779609677E+01      0.6779609677E+01      0.4365708089E+01      0.4144314098E+00
    0.6797302640E+01      0.6797302640E+01      0.4248236225E+01      0.3562058939E+00
    0.6813965018E+01      0.6813965018E+01      0.4137269741E+01      0.2956106666E+00
    0.6828915675E+01      0.6828915675E+01      0.4033114535E+01      0.2334961548E+00
    0.6840289361E+01      0.6840289361E+01      0.3934911293E+01      0.1709486372E+00
    0.6848640420E+01      0.6848640420E+01      0.3843818930E+01      0.1106843390E+00
    0.6853838426E+01      0.6853838426E+01      0.3759742375E+01      0.5327455710E-01
    0.6857068677E+01      0.6857068677E+01      0.3683772702E+01     -0.3309992302E-02
    0.6857216053E+01      0.6857216053E+01      0.3613628037E+01     -0.5751259072E-01
    0.6855895276E+01      0.6855895276E+01      0.3550378978E+01     -0.1097190881E+00
    0.6853255582E+01      0.6853255582E+01      0.3492872660E+01     -0.1601742960E+00
    0.6849497089E+01      0.6849497089E+01      0.3440919545E+01     -0.2082161535E+00
    0.6845066360E+01      0.6845066360E+01      0.3394332876E+01     -0.2517541268E+00
    0.6840245322E+01      0.6840245322E+01      0.3353392571E+01     -0.2914832986E+00
    0.6835035517E+01      0.6835035517E+01      0.3317537398E+01     -0.3282746918E+00
    0.6829172017E+01      0.6829172017E+01      0.3285913123E+01     -0.3616832512E+00
    0.6822486190E+01      0.6822486190E+01      0.3257707330E+01     -0.3942593250E+00
    0.6815015063E+01      0.6815015063E+01      0.3232568748E+01     -0.4237267092E+00
    0.6806792497E+01      0.6806792497E+01      0.3210174505E+01     -0.4531531947E+00
    0.6799020547E+01      0.6799020547E+01      0.3190602309E+01     -0.4809106852E+00
    0.6782818957E+01      0.6782818957E+01      0.3169790119E+01     -0.5218085276E+00
