    0.8840876949E+01      0.8840876949E+01      0.1407325660E+01      0.8515729364E+00
    0.8870605318E+01      0.8870605318E+01      0.1408513060E+01      0.8575734938E+00
    0.8888261932E+01      0.8888261932E+01      0.1417290819E+01      0.8730430777E+00
    0.8897655195E+01      0.8897655195E+01      0.1433152320E+01      0.8975266035E+00
    0.8899917493E+01      0.8899917493E+01      0.1454450942E+01      0.9295001338E+00
    0.8896605158E+01      0.8896605158E+01      0.1480177904E+01      0.9693905201E+00
    0.8887352862E+01      0.8887352862E+01      0.1511622417E+01      0.1017526058E+01
    0.8872666386E+01      0.8872666386E+01      0.1548659120E+01      0.1072296799E+01
    0.8852373463E+01      0.8852373463E+01      0.1590448291E+01      0.1134787846E+01
    0.8827850564E+01      0.8827850564E+01      0.1636862085E+01      0.1206060900E+01
    0.8798971338E+01      0.8798971338E+01      0.1687692138E+01      0.1285682387E+01
    0.8766765927E+01      0.8766765927E+01      0.1741893775E+01      0.1374130798E+01
    0.8732256100E+01      0.8732256100E+01      0.1800028114E+01      0.1471670257E+01
    0.8692657717E+01      0.8692657717E+01      0.1864738114E+01      0.1579706915E+01
    0.8646760257E+01      0.8646760257E+01      0.1938058060E+01      0.1700984197E+01
    0.8594150753E+01      0.8594150753E+01      0.2021794392E+01      0.1837537433E+01
    0.8529377122E+01      0.8529377122E+01      0.2120197057E+01      0.1992711080E+01
    0.8450913931E+01      0.8450913931E+01      0.2239534083E+01      0.2170563627E+01
    0.8352875942E+01      0.8352875942E+01      0.2386445353E+01      0.2378067988E+01
    0.8227405230E+01      0.8227405230E+01      0.2576086054E+01      0.2622635821E+01
    0.8064690218E+01      0.8064690218E+01      0.2827368817E+01      0.2918045825E+01
    0.7840922995E+01      0.7840922995E+01      0.3185643642E+01      0.3280271974E+01
    0.7508673421E+01      0.7508673421E+01      0.3750871482E+01      0.3707496921E+01
    0.6934182801E+01      0.6934182801E+01      0.4768062342E+01      0.4418272163E+01
    0.5907885559E+01      0.5907885559E+01      0.6120174280E+01      0.3605548118E+01
    0.8886532107E+01      0.8886532107E+01      0.1413152451E+01      0.7782370356E+00
    0.8904533404E+01      0.8904533404E+01      0.1422665475E+01      0.7913175842E+00
    0.8913329080E+01      0.8913329080E+01      0.1440111179E+01      0.8126929624E+00
    0.8915086087E+01      0.8915086087E+01      0.1463260120E+01      0.8407403623E+00
    0.8911207265E+01      0.8911207265E+01      0.1491316203E+01      0.8761068981E+00
    0.8901500777E+01      0.8901500777E+01      0.1525341621E+01      0.9186039153E+00
    0.8886234638E+01      0.8886234638E+01      0.1565120282E+01      0.9672325580E+00
    0.8866107246E+01      0.8866107246E+01      0.1610143344E+01      0.1023829861E+01
    0.8841364936E+01      0.8841364936E+01      0.1660334323E+01      0.1088161307E+01
    0.8812652618E+01      0.8812652618E+01      0.1715661916E+01      0.1159727462E+01
    0.8780979501E+01      0.8780979501E+01      0.1774583674E+01      0.1237403236E+01
    0.8748568462E+01      0.8748568462E+01      0.1837596144E+01      0.1320962813E+01
    0.8713550834E+01      0.8713550834E+01      0.1905239478E+01      0.1412951004E+01
    0.8673645927E+01      0.8673645927E+01      0.1981580832E+01      0.1515007236E+01
    0.8626967432E+01      0.8626967432E+01      0.2068926479E+01      0.1628493934E+01
    0.8572742698E+01      0.8572742698E+01      0.2168814314E+01      0.1755259626E+01
    0.8507777943E+01      0.8507777943E+01      0.2287703631E+01      0.1897024896E+01
    0.8427904390E+01      0.8427904390E+01      0.2430983319E+01      0.2056834975E+01
    0.8329950696E+01      0.8329950696E+01      0.2608360660E+01      0.2237080610E+01
    0.8205262436E+01      0.8205262436E+01      0.2833853738E+01      0.2441869698E+01
    0.8047785845E+01      0.8047785845E+01      0.3127695683E+01      0.2673764843E+01
    0.7839093299E+01      0.7839093299E+01      0.3523490893E+01      0.2944461906E+01
    0.7562105646E+01      0.7562105646E+01      0.4066199390E+01      0.3185052297E+01
    0.7172626874E+01      0.7172626874E+01      0.4886821960E+01      0.3476060651E+01
    0.6596890184E+01      0.6596890184E+01      0.5990081078E+01      0.3107353430E+01
    0.8916814530E+01      0.8916814530E+01      0.1425185539E+01      0.7139337184E+00
    0.8925427881E+01      0.8925427881E+01      0.1442805236E+01      0.7317495178E+00
    0.8927039490E+01      0.8927039490E+01      0.1466686337E+01      0.7558986452E+00
    0.8923365725E+01      0.8923365725E+01      0.1495797293E+01      0.7869893562E+00
    0.8913850094E+01      0.8913850094E+01      0.1531155591E+01      0.8248610867E+00
    0.8898774136E+01      0.8898774136E+01      0.1572261634E+01      0.8683867956E+00
    0.8879031219E+01      0.8879031219E+01      0.1618657881E+01      0.9191013453E+00
    0.8854535425E+01      0.8854535425E+01      0.1670674987E+01      0.9762935043E+00
    0.8826815644E+01      0.8826815644E+01      0.1727890972E+01      0.1039192780E+01
    0.8797091227E+01      0.8797091227E+01      0.1788986121E+01      0.1106340027E+01
    0.8767160320E+01      0.8767160320E+01      0.1854284870E+01      0.1178366492E+01
    0.8734655979E+01      0.8734655979E+01      0.1924105933E+01      0.1256721177E+01
    0.8699103182E+01      0.8699103182E+01      0.2001414827E+01      0.1342244474E+01
    0.8657765911E+01      0.8657765911E+01      0.2088287471E+01      0.1436726955E+01
    0.8610352870E+01      0.8610352870E+01      0.2187370409E+01      0.1540740223E+01
    0.8555986694E+01      0.8555986694E+01      0.2300555843E+01      0.1655286509E+01
    0.8490751945E+01      0.8490751945E+01      0.2433942447E+01      0.1781306944E+01
    0.8411942062E+01      0.8411942062E+01      0.2594278718E+01      0.1919412536E+01
    0.8315447441E+01      0.8315447441E+01      0.2788914420E+01      0.2069984775E+01
    0.8195407757E+01      0.8195407757E+01      0.3032117124E+01      0.2233039744E+01
    0.8046205881E+01      0.8046205881E+01      0.3339314386E+01      0.2404664970E+01
    0.7858050251E+01      0.7858050251E+01      0.3733590290E+01      0.2583635245E+01
    0.7628484688E+01      0.7628484688E+01      0.4226908555E+01      0.2706220105E+01
    0.7348496857E+01      0.7348496857E+01      0.4859696660E+01      0.2763245705E+01
    0.6966296033E+01      0.6966296033E+01      0.5686183194E+01      0.2554076364E+01
    0.8937344355E+01      0.8937344355E+01      0.1440812981E+01      0.6576881421E+00
    0.8939121565E+01      0.8939121565E+01      0.1464696628E+01      0.6781093313E+00
    0.8935597681E+01      0.8935597681E+01      0.1494327152E+01      0.7041557181E+00
    0.8925705312E+01      0.8925705312E+01      0.1530821960E+01      0.7368325665E+00
    0.8910444741E+01      0.8910444741E+01      0.1573396825E+01      0.7752500400E+00
    0.8890857323E+01      0.8890857323E+01      0.1620694027E+01      0.8204897600E+00
    0.8867410626E+01      0.8867410626E+01      0.1673052012E+01      0.8712862722E+00
    0.8841485345E+01      0.8841485345E+01      0.1729767803E+01      0.9255299900E+00
    0.8814388919E+01      0.8814388919E+01      0.1790502995E+01      0.9829017442E+00
    0.8786638766E+01      0.8786638766E+01      0.1855820369E+01      0.1044298697E+01
    0.8756354850E+01      0.8756354850E+01      0.1926121368E+01      0.1110763584E+01
    0.8723738131E+01      0.8723738131E+01      0.2003288062E+01      0.1182883762E+01
    0.8686664819E+01      0.8686664819E+01      0.2088051966E+01      0.1261827880E+01
    0.8644748312E+01      0.8644748312E+01      0.2183684740E+01      0.1347760259E+01
    0.8596673824E+01      0.8596673824E+01      0.2291370913E+01      0.1441120766E+01
    0.8542411106E+01      0.8542411106E+01      0.2413712328E+01      0.1542471994E+01
    0.8478224366E+01      0.8478224366E+01      0.2556612156E+01      0.1651344000E+01
    0.8400664165E+01      0.8400664165E+01      0.2725996239E+01      0.1767650159E+01
    0.8307863456E+01      0.8307863456E+01      0.2929072730E+01      0.1888963996E+01
    0.8192489379E+01      0.8192489379E+01      0.3177194701E+01      0.2014267419E+01
    0.8051948912E+01      0.8051948912E+01      0.3481491349E+01      0.2130082424E+01
    0.7885298144E+01      0.7885298144E+01      0.3849946708E+01      0.2235629145E+01
    0.7694630166E+01      0.7694630166E+01      0.4282753411E+01      0.2287124235E+01
    0.7474435689E+01      0.7474435689E+01      0.4790968179E+01      0.2253036196E+01
    0.7202437495E+01      0.7202437495E+01      0.5368877219E+01      0.2077607636E+01
    0.8948949581E+01      0.8948949581E+01      0.1459705807E+01      0.6042262524E+00
    0.8946695792E+01      0.8946695792E+01      0.1488206592E+01      0.6260957412E+00
    0.8937721237E+01      0.8937721237E+01      0.1524154787E+01      0.6541591474E+00
    0.8922731437E+01      0.8922731437E+01      0.1567279439E+01      0.6874514548E+00
    0.8902824639E+01      0.8902824639E+01      0.1615707874E+01      0.7272568719E+00
    0.8879907784E+01      0.8879907784E+01      0.1668608902E+01      0.7720245439E+00
    0.8855933732E+01      0.8855933732E+01      0.1724220456E+01      0.8187699760E+00
    0.8831889378E+01      0.8831889378E+01      0.1783054586E+01      0.8679727745E+00
    0.8806557657E+01      0.8806557657E+01      0.1846417583E+01      0.9198442651E+00
    0.8778641589E+01      0.8778641589E+01      0.1915312652E+01      0.9757594068E+00
    0.8748086824E+01      0.8748086824E+01      0.1991004355E+01      0.1036327914E+01
    0.8713938862E+01      0.8713938862E+01      0.2073637576E+01      0.1102269544E+01
    0.8676160963E+01      0.8676160963E+01      0.2165111628E+01      0.1173785023E+01
    0.8633284549E+01      0.8633284549E+01      0.2266760772E+01      0.1250945433E+01
    0.8585180439E+01      0.8585180439E+01      0.2380769263E+01      0.1333449494E+01
    0.8531030059E+01      0.8531030059E+01      0.2509033754E+01      0.1421306050E+01
    0.8467897834E+01      0.8467897834E+01      0.2656767022E+01      0.1513697943E+01
    0.8392648048E+01      0.8392648048E+01      0.2830027134E+01      0.1609397933E+01
    0.8302866782E+01      0.8302866782E+01      0.3033720657E+01      0.1704046572E+01
    0.8193496625E+01      0.8193496625E+01      0.3277813852E+01      0.1795988046E+01
    0.8062407559E+01      0.8062407559E+01      0.3566386189E+01      0.1868652447E+01
    0.7914376642E+01      0.7914376642E+01      0.3899675712E+01      0.1925206056E+01
    0.7742185766E+01      0.7742185766E+01      0.4286154729E+01      0.1923849490E+01
    0.7561399519E+01      0.7561399519E+01      0.4698539819E+01      0.1863105801E+01
    0.7359189790E+01      0.7359189790E+01      0.5133621155E+01      0.1710714753E+01
    0.8957143934E+01      0.8957143934E+01      0.1478483826E+01      0.5538618396E+00
    0.8949935478E+01      0.8949935478E+01      0.1513028092E+01      0.5769719589E+00
    0.8935765776E+01      0.8935765776E+01      0.1555491006E+01      0.6049157071E+00
    0.8915987750E+01      0.8915987750E+01      0.1604447074E+01      0.6392936413E+00
    0.8892976921E+01      0.8892976921E+01      0.1658064849E+01      0.6782825069E+00
    0.8870340796E+01      0.8870340796E+01      0.1713240532E+01      0.7185018281E+00
    0.8848487229E+01      0.8848487229E+01      0.1770711537E+01      0.7606142415E+00
    0.8825699783E+01      0.8825699783E+01      0.1831659962E+01      0.8046109427E+00
    0.8800576220E+01      0.8800576220E+01      0.1897794339E+01      0.8516302907E+00
    0.8772272175E+01      0.8772272175E+01      0.1970675654E+01      0.9023040709E+00
    0.8740432934E+01      0.8740432934E+01      0.2050513014E+01      0.9572731955E+00
    0.8705307468E+01      0.8705307468E+01      0.2138069171E+01      0.1016817721E+01
    0.8666335103E+01      0.8666335103E+01      0.2234161759E+01      0.1080848550E+01
    0.8622986935E+01      0.8622986935E+01      0.2340379022E+01      0.1149195565E+01
    0.8574586819E+01      0.8574586819E+01      0.2458256400E+01      0.1221178025E+01
    0.8520471562E+01      0.8520471562E+01      0.2589883575E+01      0.1296333295E+01
    0.8457675659E+01      0.8457675659E+01      0.2739904756E+01      0.1373478849E+01
    0.8383634279E+01      0.8383634279E+01      0.2912623052E+01      0.1450767448E+01
    0.8298113857E+01      0.8298113857E+01      0.3111354333E+01      0.1522414332E+01
    0.8195265865E+01      0.8195265865E+01      0.3342937396E+01      0.1587767535E+01
    0.8073613917E+01      0.8073613917E+01      0.3609518628E+01      0.1633942478E+01
    0.7936713145E+01      0.7936713145E+01      0.3911689548E+01      0.1652030761E+01
    0.7775995193E+01      0.7775995193E+01      0.4251909212E+01      0.1624955853E+01
    0.7621897447E+01      0.7621897447E+01      0.4595646739E+01      0.1551999879E+01
    0.7454825946E+01      0.7454825946E+01      0.4948605910E+01      0.1419248058E+01
    0.8961195075E+01      0.8961195075E+01      0.1498831330E+01      0.5045646342E+00
    0.8949398713E+01      0.8949398713E+01      0.1538640334E+01      0.5279193194E+00
    0.8930914407E+01      0.8930914407E+01      0.1586563206E+01      0.5564720662E+00
    0.8907615153E+01      0.8907615153E+01      0.1640555677E+01      0.5898894405E+00
    0.8885268924E+01      0.8885268924E+01      0.1695461211E+01      0.6245255949E+00
    0.8864709295E+01      0.8864709295E+01      0.1752141045E+01      0.6604350322E+00
    0.8843729380E+01      0.8843729380E+01      0.1811434145E+01      0.6978102141E+00
    0.8821025067E+01      0.8821025067E+01      0.1874792895E+01      0.7374233923E+00
    0.8795427385E+01      0.8795427385E+01      0.1944166438E+01      0.7798294040E+00
    0.8765975249E+01      0.8765975249E+01      0.2020312631E+01      0.8255689300E+00
    0.8733016212E+01      0.8733016212E+01      0.2103809487E+01      0.8751055694E+00
    0.8696473565E+01      0.8696473565E+01      0.2195004859E+01      0.9284399693E+00
    0.8656059999E+01      0.8656059999E+01      0.2294695064E+01      0.9854220601E+00
    0.8611399654E+01      0.8611399654E+01      0.2404182659E+01      0.1045515452E+01
    0.8562019423E+01      0.8562019423E+01      0.2524873552E+01      0.1107995252E+01
    0.8507055299E+01      0.8507055299E+01      0.2658469336E+01      0.1172240373E+01
    0.8444734650E+01      0.8444734650E+01      0.2807761588E+01      0.1236242716E+01
    0.8372998075E+01      0.8372998075E+01      0.2976672062E+01      0.1298025317E+01
    0.8290353173E+01      0.8290353173E+01      0.3166681231E+01      0.1351885533E+01
    0.8193897731E+01      0.8193897731E+01      0.3382425173E+01      0.1398082383E+01
    0.8082303676E+01      0.8082303676E+01      0.3626051749E+01      0.1428671773E+01
    0.7951216796E+01      0.7951216796E+01      0.3900433894E+01      0.1423772718E+01
    0.7808009365E+01      0.7808009365E+01      0.4195674017E+01      0.1384959572E+01
    0.7664842935E+01      0.7664842935E+01      0.4489268657E+01      0.1309332151E+01
    0.7515936866E+01      0.7515936866E+01      0.4786527892E+01      0.1190206649E+01
    0.8962010008E+01      0.8962010008E+01      0.1519715108E+01      0.4564017603E+00
    0.8946428476E+01      0.8946428476E+01      0.1564864494E+01      0.4794175047E+00
    0.8924260021E+01      0.8924260021E+01      0.1617324549E+01      0.5073217740E+00
    0.8901162288E+01      0.8901162288E+01      0.1672598127E+01      0.5369041551E+00
    0.8880820960E+01      0.8880820960E+01      0.1728651046E+01      0.5671888031E+00
    0.8860752861E+01      0.8860752861E+01      0.1786681145E+01      0.5987834252E+00
    0.8839977894E+01      0.8839977894E+01      0.1848011985E+01      0.6320239110E+00
    0.8816637718E+01      0.8816637718E+01      0.1914292700E+01      0.6676836128E+00
    0.8789215863E+01      0.8789215863E+01      0.1986909197E+01      0.7061981545E+00
    0.8757720105E+01      0.8757720105E+01      0.2066662263E+01      0.7480284575E+00
    0.8722544135E+01      0.8722544135E+01      0.2153404345E+01      0.7931593403E+00
    0.8683982755E+01      0.8683982755E+01      0.2247313166E+01      0.8412782149E+00
    0.8641997273E+01      0.8641997273E+01      0.2349400402E+01      0.8919608728E+00
    0.8595993078E+01      0.8595993078E+01      0.2460805259E+01      0.9447008361E+00
    0.8545328629E+01      0.8545328629E+01      0.2582645027E+01      0.9987408641E+00
    0.8489398196E+01      0.8489398196E+01      0.2716248846E+01      0.1053379497E+01
    0.8427329323E+01      0.8427329323E+01      0.2863408722E+01      0.1106981307E+01
    0.8356821674E+01      0.8356821674E+01      0.3026239440E+01      0.1157108481E+01
    0.8276982401E+01      0.8276982401E+01      0.3207033627E+01      0.1198967120E+01
    0.8185823555E+01      0.8185823555E+01      0.3406946867E+01      0.1233608569E+01
    0.8081752336E+01      0.8081752336E+01      0.3627869083E+01      0.1247651837E+01
    0.7960867093E+01      0.7960867093E+01      0.3875056387E+01      0.1236910540E+01
    0.7830926955E+01      0.7830926955E+01      0.4132167169E+01      0.1196264627E+01
    0.7698033025E+01      0.7698033025E+01      0.4391322816E+01      0.1123323475E+01
    0.7561713635E+01      0.7561713635E+01      0.4646107359E+01      0.1016623451E+01
    0.8960632891E+01      0.8960632891E+01      0.1540854344E+01      0.4079849580E+00
    0.8941620235E+01      0.8941620235E+01      0.1590196758E+01      0.4305772333E+00
    0.8918610718E+01      0.8918610718E+01      0.1645149006E+01      0.4558505847E+00
    0.8897252634E+01      0.8897252634E+01      0.1700342636E+01      0.4815037364E+00
    0.8877341787E+01      0.8877341787E+01      0.1757296214E+01      0.5077418153E+00
    0.8857144801E+01      0.8857144801E+01      0.1816837682E+01      0.5353408809E+00
    0.8834748013E+01      0.8834748013E+01      0.1880535548E+01      0.5653445674E+00
    0.8808911089E+01      0.8808911089E+01      0.1949961074E+01      0.5983203107E+00
    0.8779083155E+01      0.8779083155E+01      0.2025935479E+01      0.6344735473E+00
    0.8745085013E+01      0.8745085013E+01      0.2108637549E+01      0.6733378940E+00
    0.8707583206E+01      0.8707583206E+01      0.2197996765E+01      0.7146287062E+00
    0.8667047078E+01      0.8667047078E+01      0.2294040935E+01      0.7580856009E+00
    0.8623171672E+01      0.8623171672E+01      0.2397578946E+01      0.8032148449E+00
    0.8575197580E+01      0.8575197580E+01      0.2509802331E+01      0.8495193160E+00
    0.8522879854E+01      0.8522879854E+01      0.2631885711E+01      0.8965473978E+00
    0.8465549772E+01      0.8465549772E+01      0.2764555820E+01      0.9439634818E+00
    0.8402579477E+01      0.8402579477E+01      0.2908494235E+01      0.9894683055E+00
    0.8333340901E+01      0.8333340901E+01      0.3065488792E+01      0.1031237366E+01
    0.8255475066E+01      0.8255475066E+01      0.3236944513E+01      0.1065001460E+01
    0.8168811152E+01      0.8168811152E+01      0.3422618160E+01      0.1092362764E+01
    0.8071164793E+01      0.8071164793E+01      0.3626396484E+01      0.1097150690E+01
    0.7960216060E+01      0.7960216060E+01      0.3845683897E+01      0.1079720850E+01
    0.7842973940E+01      0.7842973940E+01      0.4073488263E+01      0.1043755590E+01
    0.7720802474E+01      0.7720802474E+01      0.4303907940E+01      0.9798121572E+00
    0.7596191938E+01      0.7596191938E+01      0.4528691483E+01      0.8864796949E+00
    0.8957552533E+01      0.8957552533E+01      0.1561440576E+01      0.3595239214E+00
    0.8936461656E+01      0.8936461656E+01      0.1613821508E+01      0.3808308930E+00
    0.8914118003E+01      0.8914118003E+01      0.1669050463E+01      0.4029364078E+00
    0.8893595041E+01      0.8893595041E+01      0.1725154465E+01      0.4249436082E+00
    0.8872740813E+01      0.8872740813E+01      0.1783178514E+01      0.4479888527E+00
    0.8850417456E+01      0.8850417456E+01      0.1844908385E+01      0.4731320702E+00
    0.8825249476E+01      0.8825249476E+01      0.1911519887E+01      0.5013633151E+00
    0.8796438197E+01      0.8796438197E+01      0.1983925002E+01      0.5327329442E+00
    0.8763636526E+01      0.8763636526E+01      0.2062616813E+01      0.5667587307E+00
    0.8727030530E+01      0.8727030530E+01      0.2147850406E+01      0.6030898912E+00
    0.8687077858E+01      0.8687077858E+01      0.2239340758E+01      0.6412901736E+00
    0.8644264521E+01      0.8644264521E+01      0.2337017261E+01      0.6809182760E+00
    0.8598239277E+01      0.8598239277E+01      0.2441522605E+01      0.7214661263E+00
    0.8548245567E+01      0.8548245567E+01      0.2554233308E+01      0.7627399168E+00
    0.8493636705E+01      0.8493636705E+01      0.2675949656E+01      0.8042490689E+00
    0.8434283097E+01      0.8434283097E+01      0.2807077423E+01      0.8455952085E+00
    0.8370592941E+01      0.8370592941E+01      0.2947742416E+01      0.8852011789E+00
    0.8301724917E+01      0.8301724917E+01      0.3098601183E+01      0.9201141277E+00
    0.8225579728E+01      0.8225579728E+01      0.3260907359E+01      0.9485724318E+00
    0.8143875092E+01      0.8143875092E+01      0.3434173946E+01      0.9705245447E+00
    0.8050057230E+01      0.8050057230E+01      0.3622571283E+01      0.9698197335E+00
    0.7950517570E+01      0.7950517570E+01      0.3819401368E+01      0.9527667392E+00
    0.7840978950E+01      0.7840978950E+01      0.4023041898E+01      0.9154422163E+00
    0.7729788958E+01      0.7729788958E+01      0.4226020562E+01      0.8606755849E+00
    0.7615990742E+01      0.7615990742E+01      0.4427816813E+01      0.7831155581E+00
    0.8952835398E+01      0.8952835398E+01      0.1580505209E+01      0.3109909373E+00
    0.8930824734E+01      0.8930824734E+01      0.1634628007E+01      0.3302422805E+00
    0.8908663302E+01      0.8908663302E+01      0.1690283317E+01      0.3497838850E+00
    0.8887266570E+01      0.8887266570E+01      0.1747441709E+01      0.3696386471E+00
    0.8864637873E+01      0.8864637873E+01      0.1807324569E+01      0.3909645950E+00
    0.8839096286E+01      0.8839096286E+01      0.1871690846E+01      0.4149998877E+00
    0.8810255835E+01      0.8810255835E+01      0.1941286155E+01      0.4421314837E+00
    0.8777932646E+01      0.8777932646E+01      0.2016426236E+01      0.4721644480E+00
    0.8742074820E+01      0.8742074820E+01      0.2097364551E+01      0.5046270546E+00
    0.8702756450E+01      0.8702756450E+01      0.2184321287E+01      0.5388770786E+00
    0.8660367682E+01      0.8660367682E+01      0.2277213237E+01      0.5743919538E+00
    0.8615231767E+01      0.8615231767E+01      0.2375924116E+01      0.6108005158E+00
    0.8567075181E+01      0.8567075181E+01      0.2481038425E+01      0.6477988535E+00
    0.8514797533E+01      0.8514797533E+01      0.2593729464E+01      0.6850730760E+00
    0.8457968657E+01      0.8457968657E+01      0.2714779474E+01      0.7220222691E+00
    0.8396905741E+01      0.8396905741E+01      0.2844283472E+01      0.7585810163E+00
    0.8332362102E+01      0.8332362102E+01      0.2981303376E+01      0.7928574735E+00
    0.8263602714E+01      0.8263602714E+01      0.3126419457E+01      0.8219315798E+00
    0.8190585631E+01      0.8190585631E+01      0.3280682313E+01      0.8461441956E+00
    0.8111179076E+01      0.8111179076E+01      0.3442270502E+01      0.8633450913E+00
    0.8024021076E+01      0.8024021076E+01      0.3617900025E+01      0.8593884446E+00
    0.7930697837E+01      0.7930697837E+01      0.3795551578E+01      0.8443053928E+00
    0.7831830861E+01      0.7831830861E+01      0.3981591472E+01      0.8122421648E+00
    0.7727986594E+01      0.7727986594E+01      0.4162989848E+01      0.7613978395E+00
    0.7623730056E+01      0.7623730056E+01      0.4340132641E+01      0.6962168495E+00
    0.8945822996E+01      0.8945822996E+01      0.1597832237E+01      0.2636124279E+00
    0.8922857293E+01      0.8922857293E+01      0.1652734591E+01      0.2813534084E+00
    0.8900124201E+01      0.8900124201E+01      0.1708994551E+01      0.2992553730E+00
    0.8876901771E+01      0.8876901771E+01      0.1767256501E+01      0.3179533305E+00
    0.8851129858E+01      0.8851129858E+01      0.1829760519E+01      0.3386363226E+00
    0.8821704596E+01      0.8821704596E+01      0.1897367948E+01      0.3622800445E+00
    0.8788954197E+01      0.8788954197E+01      0.1969942890E+01      0.3888040219E+00
    0.8753060025E+01      0.8753060025E+01      0.2047627894E+01      0.4178536491E+00
    0.8714094107E+01      0.8714094107E+01      0.2130468652E+01      0.4488642374E+00
    0.8672283944E+01      0.8672283944E+01      0.2218742777E+01      0.4811875125E+00
    0.8627689695E+01      0.8627689695E+01      0.2312487562E+01      0.5142504196E+00
    0.8580464345E+01      0.8580464345E+01      0.2411823149E+01      0.5478210188E+00
    0.8530214174E+01      0.8530214174E+01      0.2517154022E+01      0.5816554428E+00
    0.8476075261E+01      0.8476075261E+01      0.2629500487E+01      0.6155829934E+00
    0.8417756108E+01      0.8417756108E+01      0.2749463267E+01      0.6486756257E+00
    0.8355731535E+01      0.8355731535E+01      0.2876601933E+01      0.6804378531E+00
    0.8290657034E+01      0.8290657034E+01      0.3009980649E+01      0.7095164961E+00
    0.8223806289E+01      0.8223806289E+01      0.3149971156E+01      0.7324492930E+00
    0.8151024526E+01      0.8151024526E+01      0.3295842094E+01      0.7532926511E+00
    0.8077506103E+01      0.8077506103E+01      0.3449833974E+01      0.7650955225E+00
    0.7992374123E+01      0.7992374123E+01      0.3610541318E+01      0.7605795292E+00
    0.7908225410E+01      0.7908225410E+01      0.3776310858E+01      0.7471878961E+00
    0.7814225693E+01      0.7814225693E+01      0.3943091619E+01      0.7205183289E+00
    0.7719870814E+01      0.7719870814E+01      0.4111541302E+01      0.6799669698E+00
    0.7621911663E+01      0.7621911663E+01      0.4272635763E+01      0.6231619051E+00
    0.8935289526E+01      0.8935289526E+01      0.1614645845E+01      0.2188408208E+00
    0.8911215861E+01      0.8911215861E+01      0.1669937120E+01      0.2357435980E+00
    0.8887059626E+01      0.8887059626E+01      0.1726624882E+01      0.2528859183E+00
    0.8861165085E+01      0.8861165085E+01      0.1786399476E+01      0.2712772249E+00
    0.8831509441E+01      0.8831509441E+01      0.1851547113E+01      0.2920444026E+00
    0.8797900881E+01      0.8797900881E+01      0.1922130319E+01      0.3155363626E+00
    0.8761388745E+01      0.8761388745E+01      0.1997426555E+01      0.3415893790E+00
    0.8722085763E+01      0.8722085763E+01      0.2077144157E+01      0.3696713839E+00
    0.8680522066E+01      0.8680522066E+01      0.2161471935E+01      0.3992160699E+00
    0.8636560830E+01      0.8636560830E+01      0.2250495908E+01      0.4294871392E+00
    0.8590174508E+01      0.8590174508E+01      0.2344668443E+01      0.4600276303E+00
    0.8541220283E+01      0.8541220283E+01      0.2444290717E+01      0.4907278446E+00
    0.8489298545E+01      0.8489298545E+01      0.2549556763E+01      0.5215696598E+00
    0.8434151608E+01      0.8434151608E+01      0.2661166424E+01      0.5522200915E+00
    0.8375457510E+01      0.8375457510E+01      0.2779187372E+01      0.5811409128E+00
    0.8313468483E+01      0.8313468483E+01      0.2903592110E+01      0.6078924305E+00
    0.8249932688E+01      0.8249932688E+01      0.3033397418E+01      0.6310784668E+00
    0.8182129817E+01      0.8182129817E+01      0.3168400369E+01      0.6490926983E+00
    0.8114403491E+01      0.8114403491E+01      0.3308767457E+01      0.6660683149E+00
    0.8039482285E+01      0.8039482285E+01      0.3454137912E+01      0.6740477638E+00
    0.7963420790E+01      0.7963420790E+01      0.3606605502E+01      0.6695816348E+00
    0.7879419978E+01      0.7879419978E+01      0.3758649689E+01      0.6579927537E+00
    0.7795656111E+01      0.7795656111E+01      0.3914921925E+01      0.6369859164E+00
    0.7704986557E+01      0.7704986557E+01      0.4067155387E+01      0.6038260674E+00
    0.7614687500E+01      0.7614687500E+01      0.4217255790E+01      0.5601681350E+00
    0.8920310232E+01      0.8920310232E+01      0.1630592028E+01      0.1780918111E+00
    0.8894715081E+01      0.8894715081E+01      0.1686134517E+01      0.1948361962E+00
    0.8868519571E+01      0.8868519571E+01      0.1743321486E+01      0.2119300035E+00
    0.8839458435E+01      0.8839458435E+01      0.1804909085E+01      0.2306025927E+00
    0.8805752340E+01      0.8805752340E+01      0.1872333313E+01      0.2514491288E+00
    0.8768363484E+01      0.8768363484E+01      0.1945494512E+01      0.2746915496E+00
    0.8728245782E+01      0.8728245782E+01      0.2022864594E+01      0.2999435306E+00
    0.8686222646E+01      0.8686222646E+01      0.2104298828E+01      0.3268544386E+00
    0.8642544664E+01      0.8642544664E+01      0.2189466275E+01      0.3545904016E+00
    0.8597166496E+01      0.8597166496E+01      0.2278805002E+01      0.3824717449E+00
    0.8549686555E+01      0.8549686555E+01      0.2373127374E+01      0.4101303234E+00
    0.8499401027E+01      0.8499401027E+01      0.2472792941E+01      0.4376228379E+00
    0.8446724769E+01      0.8446724769E+01      0.2578054566E+01      0.4650186492E+00
    0.8391271564E+01      0.8391271564E+01      0.2688479965E+01      0.4918096380E+00
    0.8333488575E+01      0.8333488575E+01      0.2804418007E+01      0.5160059138E+00
    0.8273204646E+01      0.8273204646E+01      0.2925605310E+01      0.5380597004E+00
    0.8209619877E+01      0.8209619877E+01      0.3052264587E+01      0.5557722354E+00
    0.8145149073E+01      0.8145149073E+01      0.3183290567E+01      0.5697366851E+00
    0.8076212307E+01      0.8076212307E+01      0.3318218769E+01      0.5830479942E+00
    0.8006922067E+01      0.8006922067E+01      0.3458977380E+01      0.5877974344E+00
    0.7930083828E+01      0.7930083828E+01      0.3601433674E+01      0.5841622704E+00
    0.7854272678E+01      0.7854272678E+01      0.3747568411E+01      0.5750773870E+00
    0.7771255272E+01      0.7771255272E+01      0.3891150279E+01      0.5580332065E+00
    0.7688634938E+01      0.7688634938E+01      0.4035429113E+01      0.5333852737E+00
    0.7602060611E+01      0.7602060611E+01      0.4173726942E+01      0.4991321078E+00
    0.8900224623E+01      0.8900224623E+01      0.1646763924E+01      0.1421847472E+00
    0.8872784548E+01      0.8872784548E+01      0.1702675792E+01      0.1590638796E+00
    0.8844253730E+01      0.8844253730E+01      0.1760718200E+01      0.1767089783E+00
    0.8811862553E+01      0.8811862553E+01      0.1823806326E+01      0.1956442716E+00
    0.8774869015E+01      0.8774869015E+01      0.1893278368E+01      0.2164741240E+00
    0.8734057618E+01      0.8734057618E+01      0.1968094081E+01      0.2389273652E+00
    0.8691202126E+01      0.8691202126E+01      0.2047059440E+01      0.2629752461E+00
    0.8646994775E+01      0.8646994775E+01      0.2129371769E+01      0.2880477152E+00
    0.8602132643E+01      0.8602132643E+01      0.2214712510E+01      0.3133425185E+00
    0.8556329232E+01      0.8556329232E+01      0.2303793981E+01      0.3381576764E+00
    0.8508241563E+01      0.8508241563E+01      0.2397673527E+01      0.3622758164E+00
    0.8457544448E+01      0.8457544448E+01      0.2497311583E+01      0.3858679624E+00
    0.8404164148E+01      0.8404164148E+01      0.2602129754E+01      0.4091605762E+00
    0.8349361851E+01      0.8349361851E+01      0.2711576348E+01      0.4314113340E+00
    0.8293211695E+01      0.8293211695E+01      0.2824652558E+01      0.4515171749E+00
    0.8234800430E+01      0.8234800430E+01      0.2942826814E+01      0.4689367752E+00
    0.8173682904E+01      0.8173682904E+01      0.3066158086E+01      0.4825761254E+00
    0.8109018243E+01      0.8109018243E+01      0.3194139123E+01      0.4925354663E+00
    0.8043842435E+01      0.8043842435E+01      0.3325697424E+01      0.5026574926E+00
    0.7973053481E+01      0.7973053481E+01      0.3460957039E+01      0.5047506670E+00
    0.7902252718E+01      0.7902252718E+01      0.3598941565E+01      0.5023928983E+00
    0.7825434207E+01      0.7825434207E+01      0.3736572961E+01      0.4949485111E+00
    0.7748964512E+01      0.7748964512E+01      0.3875016239E+01      0.4827411909E+00
    0.7667864858E+01      0.7667864858E+01      0.4009810441E+01      0.4642161047E+00
    0.7586833700E+01      0.7586833700E+01      0.4141700608E+01      0.4403096413E+00
    0.8875107226E+01      0.8875107226E+01      0.1662944570E+01      0.1111605752E+00
    0.8845573048E+01      0.8845573048E+01      0.1719380265E+01      0.1283917088E+00
    0.8814586347E+01      0.8814586347E+01      0.1778298612E+01      0.1464849966E+00
    0.8779561795E+01      0.8779561795E+01      0.1842631297E+01      0.1657015011E+00
    0.8739831767E+01      0.8739831767E+01      0.1913264334E+01      0.1859115485E+00
    0.8696748164E+01      0.8696748164E+01      0.1989257252E+01      0.2071823359E+00
    0.8651884790E+01      0.8651884790E+01      0.2068989215E+01      0.2292850279E+00
    0.8606609494E+01      0.8606609494E+01      0.2151454438E+01      0.2515711173E+00
    0.8561486945E+01      0.8561486945E+01      0.2236409065E+01      0.2733520976E+00
    0.8515574364E+01      0.8515574364E+01      0.2324701496E+01      0.2943790911E+00
    0.8467646999E+01      0.8467646999E+01      0.2418006485E+01      0.3146031130E+00
    0.8416703622E+01      0.8416703622E+01      0.2517002922E+01      0.3340594697E+00
    0.8363649197E+01      0.8363649197E+01      0.2621280180E+01      0.3527332103E+00
    0.8309687652E+01      0.8309687652E+01      0.2729019074E+01      0.3702766655E+00
    0.8255576914E+01      0.8255576914E+01      0.2839884008E+01      0.3856643736E+00
    0.8199422675E+01      0.8199422675E+01      0.2954897284E+01      0.3989974150E+00
    0.8140077686E+01      0.8140077686E+01      0.3075564172E+01      0.4086303579E+00
    0.8077474473E+01      0.8077474473E+01      0.3200726937E+01      0.4162326827E+00
    0.8012660412E+01      0.8012660412E+01      0.3329334644E+01      0.4227561718E+00
    0.7945125487E+01      0.7945125487E+01      0.3461500790E+01      0.4245000133E+00
    0.7873993754E+01      0.7873993754E+01      0.3594422716E+01      0.4222041895E+00
    0.7801546995E+01      0.7801546995E+01      0.3728579192E+01      0.4172847865E+00
    0.7725012115E+01      0.7725012115E+01      0.3860932896E+01      0.4085270660E+00
    0.7648071447E+01      0.7648071447E+01      0.3991842487E+01      0.3966361924E+00
    0.7568568780E+01      0.7568568780E+01      0.4117832667E+01      0.3808273594E+00
    0.8845447718E+01      0.8845447718E+01      0.1678968416E+01      0.8465283774E-01
    0.8813775282E+01      0.8813775282E+01      0.1736211169E+01      0.1020815200E+00
    0.8780642581E+01      0.8780642581E+01      0.1795948880E+01      0.1204414324E+00
    0.8743638949E+01      0.8743638949E+01      0.1860890029E+01      0.1392873404E+00
    0.8702402825E+01      0.8702402825E+01      0.1932110256E+01      0.1584622990E+00
    0.8658002201E+01      0.8658002201E+01      0.2008441785E+01      0.1777812106E+00
    0.8612306349E+01      0.8612306349E+01      0.2088243668E+01      0.1969897140E+00
    0.8566912601E+01      0.8566912601E+01      0.2170094414E+01      0.2155836948E+00
    0.8521852869E+01      0.8521852869E+01      0.2254380066E+01      0.2335150896E+00
    0.8476334512E+01      0.8476334512E+01      0.2341801884E+01      0.2506251466E+00
    0.8428813488E+01      0.8428813488E+01      0.2433989052E+01      0.2667252481E+00
    0.8378565325E+01      0.8378565325E+01      0.2531971568E+01      0.2815720200E+00
    0.8326294373E+01      0.8326294373E+01      0.2634933631E+01      0.2951009120E+00
    0.8273860718E+01      0.8273860718E+01      0.2740985241E+01      0.3073135851E+00
    0.8221448657E+01      0.8221448657E+01      0.2849749923E+01      0.3178055053E+00
    0.8167551675E+01      0.8167551675E+01      0.2962462483E+01      0.3270021195E+00
    0.8109902243E+01      0.8109902243E+01      0.3080824295E+01      0.3333574169E+00
    0.8049006917E+01      0.8049006917E+01      0.3203953394E+01      0.3385041776E+00
    0.7985137053E+01      0.7985137053E+01      0.3330854936E+01      0.3425490549E+00
    0.7918562473E+01      0.7918562473E+01      0.3460271909E+01      0.3434334733E+00
    0.7849651805E+01      0.7849651805E+01      0.3591199659E+01      0.3425041454E+00
    0.7777597651E+01      0.7777597651E+01      0.3721878434E+01      0.3394561428E+00
    0.7703678548E+01      0.7703678548E+01      0.3852227306E+01      0.3349365527E+00
    0.7627253352E+01      0.7627253352E+01      0.3979861566E+01      0.3287023070E+00
    0.7550047517E+01      0.7550047517E+01      0.4103577469E+01      0.3211764327E+00
    0.8812256249E+01      0.8812256249E+01      0.1696409841E+01      0.6195390467E-01
    0.8778458513E+01      0.8778458513E+01      0.1754625018E+01      0.7918712977E-01
    0.8743650030E+01      0.8743650030E+01      0.1814965029E+01      0.9706648870E-01
    0.8705790157E+01      0.8705790157E+01      0.1880075467E+01      0.1149625288E+00
    0.8664009019E+01      0.8664009019E+01      0.1951144821E+01      0.1323899313E+00
    0.8619303996E+01      0.8619303996E+01      0.2027220638E+01      0.1489105963E+00
    0.8573750481E+01      0.8573750481E+01      0.2106521969E+01      0.1646067837E+00
    0.8528761152E+01      0.8528761152E+01      0.2187661379E+01      0.1792932993E+00
    0.8484185557E+01      0.8484185557E+01      0.2271231793E+01      0.1930926175E+00
    0.8439378055E+01      0.8439378055E+01      0.2357781657E+01      0.2058976952E+00
    0.8392987856E+01      0.8392987856E+01      0.2448791890E+01      0.2175073163E+00
    0.8344155911E+01      0.8344155911E+01      0.2545306556E+01      0.2274982227E+00
    0.8293505825E+01      0.8293505825E+01      0.2646630644E+01      0.2356577472E+00
    0.8242479778E+01      0.8242479778E+01      0.2751177779E+01      0.2422854512E+00
    0.8191432575E+01      0.8191432575E+01      0.2858509862E+01      0.2477700491E+00
    0.8138931435E+01      0.8138931435E+01      0.2969770213E+01      0.2526397892E+00
    0.8082892577E+01      0.8082892577E+01      0.3086511661E+01      0.2559929195E+00
    0.8023213441E+01      0.8023213441E+01      0.3208096618E+01      0.2587650834E+00
    0.7960577369E+01      0.7960577369E+01      0.3333698187E+01      0.2606419397E+00
    0.7895152997E+01      0.7895152997E+01      0.3461461555E+01      0.2612516334E+00
    0.7827057651E+01      0.7827057651E+01      0.3591052852E+01      0.2609819541E+00
    0.7756361799E+01      0.7756361799E+01      0.3720973519E+01      0.2605885031E+00
    0.7683054840E+01      0.7683054840E+01      0.3850237402E+01      0.2600878094E+00
    0.7607710609E+01      0.7607710609E+01      0.3977406131E+01      0.2600069878E+00
    0.7530904986E+01      0.7530904986E+01      0.4100219782E+01      0.2599397393E+00
    0.8776721841E+01      0.8776721841E+01      0.1713438848E+01      0.4217958538E-01
    0.8741210172E+01      0.8741210172E+01      0.1772463506E+01      0.5831458833E-01
    0.8705331000E+01      0.8705331000E+01      0.1833178097E+01      0.7493691268E-01
    0.8667321393E+01      0.8667321393E+01      0.1897904641E+01      0.9112391116E-01
    0.8625896201E+01      0.8625896201E+01      0.1968082063E+01      0.1060947057E+00
    0.8581943775E+01      0.8581943775E+01      0.2043024275E+01      0.1195481496E+00
    0.8537299434E+01      0.8537299434E+01      0.2121121945E+01      0.1314804930E+00
    0.8493219069E+01      0.8493219069E+01      0.2201158087E+01      0.1419962390E+00
    0.8449584526E+01      0.8449584526E+01      0.2283720633E+01      0.1512868906E+00
    0.8405821175E+01      0.8405821175E+01      0.2369226995E+01      0.1594410703E+00
    0.8360914795E+01      0.8360914795E+01      0.2458860665E+01      0.1662471844E+00
    0.8314014299E+01      0.8314014299E+01      0.2553552464E+01      0.1712644791E+00
    0.8265308189E+01      0.8265308189E+01      0.2652996841E+01      0.1741861548E+00
    0.8215647097E+01      0.8215647097E+01      0.2756272432E+01      0.1753855873E+00
    0.8165376202E+01      0.8165376202E+01      0.2862724731E+01      0.1759257238E+00
    0.8113463304E+01      0.8113463304E+01      0.2973489561E+01      0.1761856211E+00
    0.8058264720E+01      0.8058264720E+01      0.3089298481E+01      0.1764900156E+00
    0.7999851169E+01      0.7999851169E+01      0.3210163132E+01      0.1764655143E+00
    0.7938082743E+01      0.7938082743E+01      0.3335108322E+01      0.1761814969E+00
    0.7873995547E+01      0.7873995547E+01      0.3462609705E+01      0.1763317935E+00
    0.7806478212E+01      0.7806478212E+01      0.3592054116E+01      0.1770086983E+00
    0.7736184119E+01      0.7736184119E+01      0.3722742472E+01      0.1792284709E+00
    0.7663233967E+01      0.7663233967E+01      0.3852910247E+01      0.1832005644E+00
    0.7588128784E+01      0.7588128784E+01      0.3980979805E+01      0.1890655099E+00
    0.7511689371E+01      0.7511689371E+01      0.4104888017E+01      0.1970260301E+00
    0.8740552693E+01      0.8740552693E+01      0.1728481156E+01      0.2395407704E-01
    0.8703647186E+01      0.8703647186E+01      0.1787970935E+01      0.3814029383E-01
    0.8667022906E+01      0.8667022906E+01      0.1849047919E+01      0.5245329432E-01
    0.8629330315E+01      0.8629330315E+01      0.1913134917E+01      0.6646376379E-01
    0.8589119618E+01      0.8589119618E+01      0.1981817168E+01      0.7895973995E-01
    0.8546683968E+01      0.8546683968E+01      0.2055022220E+01      0.8907976274E-01
    0.8503574987E+01      0.8503574987E+01      0.2131366025E+01      0.9705808413E-01
    0.8460891246E+01      0.8460891246E+01      0.2209944632E+01      0.1031506916E+00
    0.8418494408E+01      0.8418494408E+01      0.2291145136E+01      0.1077525257E+00
    0.8376043079E+01      0.8376043079E+01      0.2375333937E+01      0.1110011249E+00
    0.8332724684E+01      0.8332724684E+01      0.2463354954E+01      0.1128482883E+00
    0.8287864654E+01      0.8287864654E+01      0.2556043571E+01      0.1127906110E+00
    0.8241121089E+01      0.8241121089E+01      0.2653560866E+01      0.1107555500E+00
    0.8192757348E+01      0.8192757348E+01      0.2755482147E+01      0.1071282804E+00
    0.8142992833E+01      0.8142992833E+01      0.2861681624E+01      0.1026199407E+00
    0.8090898228E+01      0.8090898228E+01      0.2972505225E+01      0.9845866971E-01
    0.8036221385E+01      0.8036221385E+01      0.3088502811E+01      0.9479926317E-01
    0.7978466933E+01      0.7978466933E+01      0.3209069677E+01      0.9166280794E-01
    0.7917979766E+01      0.7917979766E+01      0.3334330470E+01      0.8837739739E-01
    0.7854139012E+01      0.7854139012E+01      0.3462779293E+01      0.8803027347E-01
    0.7787129435E+01      0.7787129435E+01      0.3593927425E+01      0.8972024473E-01
    0.7716270916E+01      0.7716270916E+01      0.3726879223E+01      0.9441476845E-01
    0.7643090468E+01      0.7643090468E+01      0.3859743641E+01      0.1028388937E+00
    0.7567577608E+01      0.7567577608E+01      0.3990766725E+01      0.1151336261E+00
    0.7490392825E+01      0.7490392825E+01      0.4117656488E+01      0.1313773025E+00
    0.8704753032E+01      0.8704753032E+01      0.1741774250E+01      0.6263334869E-02
    0.8666873777E+01      0.8666873777E+01      0.1801416030E+01      0.1781349793E-01
    0.8629884609E+01      0.8629884609E+01      0.1862534070E+01      0.2951515944E-01
    0.8592721592E+01      0.8592721592E+01      0.1925903951E+01      0.4068941154E-01
    0.8554136055E+01      0.8554136055E+01      0.1992701425E+01      0.5040143564E-01
    0.8513958671E+01      0.8513958671E+01      0.2063504209E+01      0.5713922450E-01
    0.8472963444E+01      0.8472963444E+01      0.2137542320E+01      0.6107511563E-01
    0.8431904419E+01      0.8431904419E+01      0.2214206099E+01      0.6278017649E-01
    0.8390949691E+01      0.8390949691E+01      0.2293657579E+01      0.6256230729E-01
    0.8349812205E+01      0.8349812205E+01      0.2376186928E+01      0.6090826839E-01
    0.8308062747E+01      0.8308062747E+01      0.2462443800E+01      0.5770113963E-01
    0.8264976384E+01      0.8264976384E+01      0.2553064315E+01      0.5274001640E-01
    0.8219998074E+01      0.8219998074E+01      0.2648561319E+01      0.4602349871E-01
    0.8173082482E+01      0.8173082482E+01      0.2749047809E+01      0.3751948114E-01
    0.8123545693E+01      0.8123545693E+01      0.2854819882E+01      0.2854220601E-01
    0.8071525189E+01      0.8071525189E+01      0.2966415425E+01      0.1930164240E-01
    0.8016656035E+01      0.8016656035E+01      0.3082885652E+01      0.1141081977E-01
    0.7959774951E+01      0.7959774951E+01      0.3204490294E+01      0.3854243763E-02
    0.7899657762E+01      0.7899657762E+01      0.3330638861E+01     -0.2614463901E-02
    0.7835941063E+01      0.7835941063E+01      0.3462060127E+01     -0.4449518121E-02
    0.7767773891E+01      0.7767773891E+01      0.3597121493E+01     -0.1695920442E-02
    0.7695710460E+01      0.7695710460E+01      0.3734221622E+01      0.5727480476E-02
    0.7621306186E+01      0.7621306186E+01      0.3871861349E+01      0.1842361717E-01
    0.7544108548E+01      0.7544108548E+01      0.4007750802E+01      0.3766951801E-01
    0.7465530091E+01      0.7465530091E+01      0.4139979846E+01      0.6291047333E-01
    0.8670945924E+01      0.8670945924E+01      0.1751763523E+01     -0.1090212173E-01
    0.8631858426E+01      0.8631858426E+01      0.1811468690E+01     -0.2307285591E-02
    0.8594633538E+01      0.8594633538E+01      0.1872174579E+01      0.6172482902E-02
    0.8558044699E+01      0.8558044699E+01      0.1934482650E+01      0.1383456860E-01
    0.8521398803E+01      0.8521398803E+01      0.1999095152E+01      0.2019739231E-01
    0.8483798818E+01      0.8483798818E+01      0.2066881771E+01      0.2361359414E-01
    0.8445185417E+01      0.8445185417E+01      0.2138093649E+01      0.2359350149E-01
    0.8406006648E+01      0.8406006648E+01      0.2212436686E+01      0.2108467365E-01
    0.8366560020E+01      0.8366560020E+01      0.2289904913E+01      0.1630149771E-01
    0.8326736460E+01      0.8326736460E+01      0.2370791061E+01      0.9596480590E-02
    0.8286203248E+01      0.8286203248E+01      0.2455477885E+01      0.1351413465E-02
    0.8244449149E+01      0.8244449149E+01      0.2544468355E+01     -0.8315396371E-02
    0.8201212449E+01      0.8201212449E+01      0.2638269779E+01     -0.2001859863E-01
    0.8155336917E+01      0.8155336917E+01      0.2737456450E+01     -0.3280016730E-01
    0.8106795342E+01      0.8106795342E+01      0.2843111463E+01     -0.4699264823E-01
    0.8054579597E+01      0.8054579597E+01      0.2954947062E+01     -0.6079243304E-01
    0.8000519838E+01      0.8000519838E+01      0.3072867385E+01     -0.7445569063E-01
    0.7943342576E+01      0.7943342576E+01      0.3195617346E+01     -0.8643358302E-01
    0.7883588019E+01      0.7883588019E+01      0.3324636626E+01     -0.9709824868E-01
    0.7818794927E+01      0.7818794927E+01      0.3459973198E+01     -0.1015931500E+00
    0.7747861155E+01      0.7747861155E+01      0.3601801832E+01     -0.9748190393E-01
    0.7674265031E+01      0.7674265031E+01      0.3745748120E+01     -0.8837874583E-01
    0.7596164203E+01      0.7596164203E+01      0.3890205605E+01     -0.7037293961E-01
    0.7516827659E+01      0.7516827659E+01      0.4034165753E+01     -0.4441367941E-01
    0.7435964901E+01      0.7435964901E+01      0.4173447142E+01     -0.1023552558E-01
    0.8639310812E+01      0.8639310812E+01      0.1758813775E+01     -0.2750127508E-01
    0.8599377997E+01      0.8599377997E+01      0.1818620508E+01     -0.2255364205E-01
    0.8561766076E+01      0.8561766076E+01      0.1878687919E+01     -0.1780609231E-01
    0.8525977980E+01      0.8525977980E+01      0.1939424150E+01     -0.1373427563E-01
    0.8491034311E+01      0.8491034311E+01      0.2001844559E+01     -0.1114428256E-01
    0.8455858813E+01      0.8455858813E+01      0.2066610084E+01     -0.1140596304E-01
    0.8419707229E+01      0.8419707229E+01      0.2134653672E+01     -0.1482534088E-01
    0.8382668302E+01      0.8382668302E+01      0.2206210386E+01     -0.2141465279E-01
    0.8344967739E+01      0.8344967739E+01      0.2281248534E+01     -0.3064982844E-01
    0.8306225705E+01      0.8306225705E+01      0.2360250198E+01     -0.4202946861E-01
    0.8266479365E+01      0.8266479365E+01      0.2443464380E+01     -0.5524002069E-01
    0.8225904081E+01      0.8225904081E+01      0.2530880386E+01     -0.7020115534E-01
    0.8183626656E+01      0.8183626656E+01      0.2622905389E+01     -0.8638566916E-01
    0.8139653518E+01      0.8139653518E+01      0.2721092320E+01     -0.1047120655E+00
    0.8091544676E+01      0.8091544676E+01      0.2825893857E+01     -0.1234173665E+00
    0.8040814208E+01      0.8040814208E+01      0.2938541257E+01     -0.1434096748E+00
    0.7986482561E+01      0.7986482561E+01      0.3057106568E+01     -0.1622991296E+00
    0.7930155522E+01      0.7930155522E+01      0.3183166088E+01     -0.1803226203E+00
    0.7868532911E+01      0.7868532911E+01      0.3315529933E+01     -0.1948795818E+00
    0.7802483668E+01      0.7802483668E+01      0.3457118766E+01     -0.2034826481E+00
    0.7728058020E+01      0.7728058020E+01      0.3607829194E+01     -0.1999899375E+00
    0.7650631606E+01      0.7650631606E+01      0.3760500400E+01     -0.1883138329E+00
    0.7571274942E+01      0.7571274942E+01      0.3915700447E+01     -0.1687508616E+00
    0.7489361715E+01      0.7489361715E+01      0.4068008462E+01     -0.1387940182E+00
    0.7409689636E+01      0.7409689636E+01      0.4217387425E+01     -0.1003178831E+00
    0.8610410813E+01      0.8610410813E+01      0.1762572905E+01     -0.4351255974E-01
    0.8570713635E+01      0.8570713635E+01      0.1821236938E+01     -0.4166684149E-01
    0.8532053495E+01      0.8532053495E+01      0.1880527082E+01     -0.4150609920E-01
    0.8496567713E+01      0.8496567713E+01      0.1939642810E+01     -0.4167855481E-01
    0.8463025123E+01      0.8463025123E+01      0.1999736444E+01     -0.4298236418E-01
    0.8429761714E+01      0.8429761714E+01      0.2061782398E+01     -0.4690785460E-01
    0.8396054805E+01      0.8396054805E+01      0.2126590812E+01     -0.5388181026E-01
    0.8361258335E+01      0.8361258335E+01      0.2194947511E+01     -0.6422193199E-01
    0.8324990358E+01      0.8324990358E+01      0.2267366662E+01     -0.7750458526E-01
    0.8287479086E+01      0.8287479086E+01      0.2344192214E+01     -0.9350970532E-01
    0.8248582070E+01      0.8248582070E+01      0.2425488361E+01     -0.1116903758E+00
    0.8208627891E+01      0.8208627891E+01      0.2511293901E+01     -0.1316897084E+00
    0.8168048038E+01      0.8168048038E+01      0.2601995915E+01     -0.1539303636E+00
    0.8124562438E+01      0.8124562438E+01      0.2698573196E+01     -0.1771874436E+00
    0.8078890025E+01      0.8078890025E+01      0.2803475431E+01     -0.2025195405E+00
    0.8028216146E+01      0.8028216146E+01      0.2915613986E+01     -0.2278167034E+00
    0.7975653844E+01      0.7975653844E+01      0.3036643931E+01     -0.2538427535E+00
    0.7917605712E+01      0.7917605712E+01      0.3165020146E+01     -0.2773329065E+00
    0.7855628950E+01      0.7855628950E+01      0.3304185253E+01     -0.2972186811E+00
    0.7785849645E+01      0.7785849645E+01      0.3452583322E+01     -0.3112122465E+00
    0.7708580156E+01      0.7708580156E+01      0.3612995857E+01     -0.3098812839E+00
    0.7630289993E+01      0.7630289993E+01      0.3776985300E+01     -0.3011564691E+00
    0.7549734557E+01      0.7549734557E+01      0.3941612365E+01     -0.2825347746E+00
    0.7470954487E+01      0.7470954487E+01      0.4106134636E+01     -0.2549353379E+00
    0.7392782229E+01      0.7392782229E+01      0.4266267504E+01     -0.2130605662E+00
    0.8582655463E+01      0.8582655463E+01      0.1764343761E+01     -0.5942757061E-01
    0.8545171172E+01      0.8545171172E+01      0.1820450785E+01     -0.6054805993E-01
    0.8506182053E+01      0.8506182053E+01      0.1878959317E+01     -0.6419677481E-01
    0.8470248343E+01      0.8470248343E+01      0.1937070215E+01     -0.6896197686E-01
    0.8437116321E+01      0.8437116321E+01      0.1995168325E+01     -0.7476758424E-01
    0.8405327692E+01      0.8405327692E+01      0.2054624735E+01     -0.8248815924E-01
    0.8373574996E+01      0.8373574996E+01      0.2116294932E+01     -0.9295795733E-01
    0.8340892679E+01      0.8340892679E+01      0.2181183372E+01     -0.1064725363E+00
    0.8306565415E+01      0.8306565415E+01      0.2250347082E+01     -0.1234731835E+00
    0.8270199421E+01      0.8270199421E+01      0.2324274132E+01     -0.1437940762E+00
    0.8232389138E+01      0.8232389138E+01      0.2403265669E+01     -0.1671572586E+00
    0.8193546709E+01      0.8193546709E+01      0.2486897215E+01     -0.1930265016E+00
    0.8153305394E+01      0.8153305394E+01      0.2575758341E+01     -0.2209337495E+00
    0.8112045553E+01      0.8112045553E+01      0.2671278455E+01     -0.2513040564E+00
    0.8066362897E+01      0.8066362897E+01      0.2774295551E+01     -0.2824589328E+00
    0.8018697068E+01      0.8018697068E+01      0.2887338836E+01     -0.3158582209E+00
    0.7964805379E+01      0.7964805379E+01      0.3008703385E+01     -0.3479138812E+00
    0.7907810388E+01      0.7907810388E+01      0.3142443003E+01     -0.3792751287E+00
    0.7841544207E+01      0.7841544207E+01      0.3286430468E+01     -0.4042596872E+00
    0.7770210586E+01      0.7770210586E+01      0.3444801156E+01     -0.4255271577E+00
    0.7693158905E+01      0.7693158905E+01      0.3612919742E+01     -0.4329733010E+00
    0.7615133733E+01      0.7615133733E+01      0.3786805637E+01     -0.4304898901E+00
    0.7539301921E+01      0.7539301921E+01      0.3964455360E+01     -0.4201131245E+00
    0.7462649603E+01      0.7462649603E+01      0.4141326304E+01     -0.3947635612E+00
    0.7385035170E+01      0.7385035170E+01      0.4317451821E+01     -0.3530941810E+00
