    0.5743286991E+01      0.5743286991E+01     -0.5337921891E-01     -0.1971192961E+01
    0.5765814363E+01      0.5765814363E+01      0.4851327904E-01     -0.1997070563E+01
    0.5789097445E+01      0.5789097445E+01      0.1480832128E+00     -0.2010764622E+01
    0.5811711607E+01      0.5811711607E+01      0.2433250864E+00     -0.2014640995E+01
    0.5833521449E+01      0.5833521449E+01      0.3343753809E+00     -0.2010514345E+01
    0.5854584462E+01      0.5854584462E+01      0.4207045418E+00     -0.1998944491E+01
    0.5875043975E+01      0.5875043975E+01      0.5019646435E+00     -0.1981179935E+01
    0.5895240168E+01      0.5895240168E+01      0.5784666017E+00     -0.1958328139E+01
    0.5914522951E+01      0.5914522951E+01      0.6494959178E+00     -0.1930767769E+01
    0.5932256522E+01      0.5932256522E+01      0.7144755971E+00     -0.1899037844E+01
    0.5948657237E+01      0.5948657237E+01      0.7738818508E+00     -0.1863940184E+01
    0.5964114504E+01      0.5964114504E+01      0.8284258326E+00     -0.1826060903E+01
    0.5979159118E+01      0.5979159118E+01      0.8788793119E+00     -0.1786266856E+01
    0.5994307649E+01      0.5994307649E+01      0.9258766776E+00     -0.1745412581E+01
    0.6010290430E+01      0.6010290430E+01      0.9698797595E+00     -0.1704063399E+01
    0.6026837347E+01      0.6026837347E+01      0.1011168934E+01     -0.1662305682E+01
    0.6041996860E+01      0.6041996860E+01      0.1047556946E+01     -0.1619705337E+01
    0.6056048460E+01      0.6056048460E+01      0.1079836427E+01     -0.1576182653E+01
    0.6068850947E+01      0.6068850947E+01      0.1108056048E+01     -0.1532081300E+01
    0.6081057119E+01      0.6081057119E+01      0.1133166122E+01     -0.1487458437E+01
    0.6092360909E+01      0.6092360909E+01      0.1154974484E+01     -0.1442953505E+01
    0.6102733860E+01      0.6102733860E+01      0.1174130590E+01     -0.1398688286E+01
    0.6113983740E+01      0.6113983740E+01      0.1192696011E+01     -0.1355364213E+01
    0.6123510981E+01      0.6123510981E+01      0.1208400286E+01     -0.1312671955E+01
    0.6137493560E+01      0.6137493560E+01      0.1226575069E+01     -0.1249051993E+01
    0.5700003839E+01      0.5700003839E+01     -0.7901916597E-01     -0.2098906504E+01
    0.5729815210E+01      0.5729815210E+01      0.3487188790E-01     -0.2114618739E+01
    0.5758784337E+01      0.5758784337E+01      0.1444033059E+00     -0.2118970722E+01
    0.5786197732E+01      0.5786197732E+01      0.2487428175E+00     -0.2113892256E+01
    0.5812411438E+01      0.5812411438E+01      0.3477281041E+00     -0.2100763038E+01
    0.5837255551E+01      0.5837255551E+01      0.4406217788E+00     -0.2080313887E+01
    0.5860705720E+01      0.5860705720E+01      0.5272205513E+00     -0.2053851927E+01
    0.5883482996E+01      0.5883482996E+01      0.6083525100E+00     -0.2022750745E+01
    0.5905200070E+01      0.5905200070E+01      0.6835875237E+00     -0.1987648901E+01
    0.5925117064E+01      0.5925117064E+01      0.7521927243E+00     -0.1949061303E+01
    0.5943365644E+01      0.5943365644E+01      0.8145783771E+00     -0.1907576652E+01
    0.5960273197E+01      0.5960273197E+01      0.8712641049E+00     -0.1863748683E+01
    0.5976134952E+01      0.5976134952E+01      0.9228421069E+00     -0.1818272462E+01
    0.5991683627E+01      0.5991683627E+01      0.9703780670E+00     -0.1772080779E+01
    0.6007584204E+01      0.6007584204E+01      0.1014501029E+01     -0.1725745044E+01
    0.6024127555E+01      0.6024127555E+01      0.1055894749E+01     -0.1679545748E+01
    0.6039641116E+01      0.6039641116E+01      0.1092861343E+01     -0.1633244157E+01
    0.6053991486E+01      0.6053991486E+01      0.1125605251E+01     -0.1586542780E+01
    0.6066974917E+01      0.6066974917E+01      0.1154074867E+01     -0.1539620335E+01
    0.6079078687E+01      0.6079078687E+01      0.1179043740E+01     -0.1492247700E+01
    0.6089981205E+01      0.6089981205E+01      0.1200604194E+01     -0.1445084683E+01
    0.6099704900E+01      0.6099704900E+01      0.1219426924E+01     -0.1398634096E+01
    0.6110064812E+01      0.6110064812E+01      0.1237308107E+01     -0.1353104732E+01
    0.6119267104E+01      0.6119267104E+01      0.1252857840E+01     -0.1308670053E+01
    0.6133238550E+01      0.6133238550E+01      0.1271174988E+01     -0.1242602676E+01
    0.5672084572E+01      0.5672084572E+01     -0.9537532689E-01     -0.2220220804E+01
    0.5706883309E+01      0.5706883309E+01      0.3009134880E-01     -0.2228260032E+01
    0.5740159550E+01      0.5740159550E+01      0.1501927580E+00     -0.2224631752E+01
    0.5771165172E+01      0.5771165172E+01      0.2634972372E+00     -0.2211167272E+01
    0.5800561041E+01      0.5800561041E+01      0.3700264594E+00     -0.2189570485E+01
    0.5828102021E+01      0.5828102021E+01      0.4693729788E+00     -0.2160691637E+01
    0.5853490699E+01      0.5853490699E+01      0.5610066528E+00     -0.2125786085E+01
    0.5877762082E+01      0.5877762082E+01      0.6461509637E+00     -0.2086530409E+01
    0.5900887833E+01      0.5900887833E+01      0.7248216372E+00     -0.2043901199E+01
    0.5922153229E+01      0.5922153229E+01      0.7963944126E+00     -0.1998426955E+01
    0.5941570768E+01      0.5941570768E+01      0.8611675525E+00     -0.1950301762E+01
    0.5959364538E+01      0.5959364538E+01      0.9195836709E+00     -0.1900432180E+01
    0.5975591274E+01      0.5975591274E+01      0.9720071513E+00     -0.1849530047E+01
    0.5991093002E+01      0.5991093002E+01      0.1019644030E+01     -0.1798414531E+01
    0.6006707801E+01      0.6006707801E+01      0.1063613887E+01     -0.1747592804E+01
    0.6022739316E+01      0.6022739316E+01      0.1104642716E+01     -0.1697086293E+01
    0.6037981760E+01      0.6037981760E+01      0.1141506430E+01     -0.1646990264E+01
    0.6052176380E+01      0.6052176380E+01      0.1174195842E+01     -0.1596883485E+01
    0.6065053172E+01      0.6065053172E+01      0.1202572124E+01     -0.1546902778E+01
    0.6076912135E+01      0.6076912135E+01      0.1227371502E+01     -0.1496852850E+01
    0.6087518309E+01      0.6087518309E+01      0.1248905926E+01     -0.1447375532E+01
    0.6096684270E+01      0.6096684270E+01      0.1267323387E+01     -0.1398682426E+01
    0.6106120966E+01      0.6106120966E+01      0.1284402706E+01     -0.1350720411E+01
    0.6114642210E+01      0.6114642210E+01      0.1299513317E+01     -0.1304060882E+01
    0.6128257055E+01      0.6128257055E+01      0.1317529158E+01     -0.1235154949E+01
    0.5652811588E+01      0.5652811588E+01     -0.1026555351E+00     -0.2342767446E+01
    0.5692295578E+01      0.5692295578E+01      0.3511606467E-01     -0.2343783418E+01
    0.5729533575E+01      0.5729533575E+01      0.1662833438E+00     -0.2332286128E+01
    0.5763589446E+01      0.5763589446E+01      0.2882670927E+00     -0.2310311719E+01
    0.5795480485E+01      0.5795480485E+01      0.4020827280E+00     -0.2280182640E+01
    0.5824912634E+01      0.5824912634E+01      0.5075376949E+00     -0.2242518180E+01
    0.5851402796E+01      0.5851402796E+01      0.6036888922E+00     -0.2198634244E+01
    0.5876408845E+01      0.5876408845E+01      0.6921483446E+00     -0.2150900022E+01
    0.5900214699E+01      0.5900214699E+01      0.7734284148E+00     -0.2100406246E+01
    0.5922152564E+01      0.5922152564E+01      0.8469371104E+00     -0.2047703498E+01
    0.5942497592E+01      0.5942497592E+01      0.9134555183E+00     -0.1993806807E+01
    0.5961015828E+01      0.5961015828E+01      0.9733686018E+00     -0.1938625140E+01
    0.5977266867E+01      0.5977266867E+01      0.1026421488E+01     -0.1882181596E+01
    0.5992220229E+01      0.5992220229E+01      0.1073785400E+01     -0.1825573821E+01
    0.6007106411E+01      0.6007106411E+01      0.1117149138E+01     -0.1769833257E+01
    0.6022414420E+01      0.6022414420E+01      0.1157361403E+01     -0.1715176823E+01
    0.6037060957E+01      0.6037060957E+01      0.1193615306E+01     -0.1661219425E+01
    0.6050724107E+01      0.6050724107E+01      0.1225734682E+01     -0.1607604810E+01
    0.6063194936E+01      0.6063194936E+01      0.1253747215E+01     -0.1554389000E+01
    0.6074783704E+01      0.6074783704E+01      0.1278409868E+01     -0.1501624115E+01
    0.6085104242E+01      0.6085104242E+01      0.1299840948E+01     -0.1449754321E+01
    0.6093808284E+01      0.6093808284E+01      0.1317837415E+01     -0.1398571742E+01
    0.6102396811E+01      0.6102396811E+01      0.1334373454E+01     -0.1348084756E+01
    0.6110017450E+01      0.6110017450E+01      0.1348811672E+01     -0.1298970586E+01
    0.6122859731E+01      0.6122859731E+01      0.1365977401E+01     -0.1226813130E+01
    0.5637875286E+01      0.5637875286E+01     -0.1008106224E+00     -0.2472575504E+01
    0.5682159571E+01      0.5682159571E+01      0.5120184758E-01     -0.2465786847E+01
    0.5723311385E+01      0.5723311385E+01      0.1934454237E+00     -0.2445569604E+01
    0.5760511768E+01      0.5760511768E+01      0.3245572625E+00     -0.2414839914E+01
    0.5794419880E+01      0.5794419880E+01      0.4455367084E+00     -0.2374844464E+01
    0.5825408522E+01      0.5825408522E+01      0.5560705273E+00     -0.2327320235E+01
    0.5853317947E+01      0.5853317947E+01      0.6557269724E+00     -0.2274984757E+01
    0.5879222064E+01      0.5879222064E+01      0.7464404958E+00     -0.2219167570E+01
    0.5903635696E+01      0.5903635696E+01      0.8292652749E+00     -0.2161172184E+01
    0.5926062463E+01      0.5926062463E+01      0.9041700358E+00     -0.2101715346E+01
    0.5946761170E+01      0.5946761170E+01      0.9720995345E+00     -0.2041358658E+01
    0.5965509567E+01      0.5965509567E+01      0.1033154799E+01     -0.1980050071E+01
    0.5981565194E+01      0.5981565194E+01      0.1086565465E+01     -0.1917607424E+01
    0.5995644468E+01      0.5995644468E+01      0.1133326002E+01     -0.1855062912E+01
    0.6009200174E+01      0.6009200174E+01      0.1175473301E+01     -0.1793668332E+01
    0.6023068205E+01      0.6023068205E+01      0.1214065577E+01     -0.1733898916E+01
    0.6036773550E+01      0.6036773550E+01      0.1249130967E+01     -0.1675798461E+01
    0.6049840661E+01      0.6049840661E+01      0.1280474020E+01     -0.1618505173E+01
    0.6061824905E+01      0.6061824905E+01      0.1308015171E+01     -0.1561804924E+01
    0.6073036327E+01      0.6073036327E+01      0.1332497976E+01     -0.1506205511E+01
    0.6082988352E+01      0.6082988352E+01      0.1353768493E+01     -0.1451750450E+01
    0.6091181078E+01      0.6091181078E+01      0.1371391828E+01     -0.1398135530E+01
    0.6098932961E+01      0.6098932961E+01      0.1387321249E+01     -0.1345118048E+01
    0.6105600655E+01      0.6105600655E+01      0.1400967811E+01     -0.1293490925E+01
    0.6117307179E+01      0.6117307179E+01      0.1416859913E+01     -0.1217737003E+01
    0.5623817629E+01      0.5623817629E+01     -0.8726406043E-01     -0.2615180046E+01
    0.5673331986E+01      0.5673331986E+01      0.7958207088E-01     -0.2597853053E+01
    0.5718789544E+01      0.5718789544E+01      0.2332795131E+00     -0.2567311089E+01
    0.5759813196E+01      0.5759813196E+01      0.3736353303E+00     -0.2526714396E+01
    0.5796526075E+01      0.5796526075E+01      0.5006198360E+00     -0.2476283456E+01
    0.5830148196E+01      0.5830148196E+01      0.6153995844E+00     -0.2419836633E+01
    0.5859745048E+01      0.5859745048E+01      0.7179571967E+00     -0.2358420777E+01
    0.5886278094E+01      0.5886278094E+01      0.8102575589E+00     -0.2293545216E+01
    0.5910642643E+01      0.5910642643E+01      0.8939709885E+00     -0.2226880577E+01
    0.5932692718E+01      0.5932692718E+01      0.9693343428E+00     -0.2159364350E+01
    0.5953201697E+01      0.5953201697E+01      0.1037669586E+01     -0.2091805634E+01
    0.5972095123E+01      0.5972095123E+01      0.1099215343E+01     -0.2024064445E+01
    0.5988206239E+01      0.5988206239E+01      0.1152796802E+01     -0.1955614812E+01
    0.6001632122E+01      0.6001632122E+01      0.1198848604E+01     -0.1887040731E+01
    0.6013765985E+01      0.6013765985E+01      0.1239314721E+01     -0.1819585859E+01
    0.6025771262E+01      0.6025771262E+01      0.1275817703E+01     -0.1753958858E+01
    0.6037866834E+01      0.6037866834E+01      0.1308972229E+01     -0.1690562324E+01
    0.6049870188E+01      0.6049870188E+01      0.1339029866E+01     -0.1629271585E+01
    0.6061113909E+01      0.6061113909E+01      0.1365839506E+01     -0.1569327870E+01
    0.6071722328E+01      0.6071722328E+01      0.1389913926E+01     -0.1510750450E+01
    0.6081047424E+01      0.6081047424E+01      0.1410809052E+01     -0.1453327619E+01
    0.6088778821E+01      0.6088778821E+01      0.1428104988E+01     -0.1397198119E+01
    0.6095744692E+01      0.6095744692E+01      0.1443330467E+01     -0.1341662501E+01
    0.6101448788E+01      0.6101448788E+01      0.1456022606E+01     -0.1287551216E+01
    0.6111809657E+01      0.6111809657E+01      0.1470315144E+01     -0.1208070723E+01
    0.5607758489E+01      0.5607758489E+01     -0.6319994924E-01     -0.2772467914E+01
    0.5663685397E+01      0.5663685397E+01      0.1202085810E+00     -0.2742143117E+01
    0.5714690197E+01      0.5714690197E+01      0.2864975906E+00     -0.2699389730E+01
    0.5760266596E+01      0.5760266596E+01      0.4356166870E+00     -0.2646585910E+01
    0.5800996862E+01      0.5800996862E+01      0.5686920290E+00     -0.2585210972E+01
    0.5837218829E+01      0.5837218829E+01      0.6873654986E+00     -0.2517837603E+01
    0.5868548932E+01      0.5868548932E+01      0.7922410044E+00     -0.2446316405E+01
    0.5895902168E+01      0.5895902168E+01      0.8855455017E+00     -0.2371985949E+01
    0.5920355082E+01      0.5920355082E+01      0.9692862821E+00     -0.2296385243E+01
    0.5942158439E+01      0.5942158439E+01      0.1044088762E+01     -0.2220555986E+01
    0.5962300668E+01      0.5962300668E+01      0.1111567601E+01     -0.2145244599E+01
    0.5981018401E+01      0.5981018401E+01      0.1172353096E+01     -0.2070396239E+01
    0.5997131936E+01      0.5997131936E+01      0.1225358776E+01     -0.1995544113E+01
    0.6010198346E+01      0.6010198346E+01      0.1270474699E+01     -0.1920954649E+01
    0.6021177665E+01      0.6021177665E+01      0.1309264600E+01     -0.1847532247E+01
    0.6031468724E+01      0.6031468724E+01      0.1343734071E+01     -0.1775889314E+01
    0.6041509893E+01      0.6041509893E+01      0.1374653879E+01     -0.1706843276E+01
    0.6051682415E+01      0.6051682415E+01      0.1402833075E+01     -0.1640689525E+01
    0.6061511276E+01      0.6061511276E+01      0.1428159143E+01     -0.1576592950E+01
    0.6071107420E+01      0.6071107420E+01      0.1451310918E+01     -0.1515081188E+01
    0.6079566648E+01      0.6079566648E+01      0.1471468879E+01     -0.1454446508E+01
    0.6086509080E+01      0.6086509080E+01      0.1488110233E+01     -0.1395405244E+01
    0.6092668815E+01      0.6092668815E+01      0.1502348644E+01     -0.1337344698E+01
    0.6097425576E+01      0.6097425576E+01      0.1513857476E+01     -0.1280844165E+01
    0.6106349600E+01      0.6106349600E+01      0.1526304322E+01     -0.1197679984E+01
    0.5590275122E+01      0.5590275122E+01     -0.2869999365E-01     -0.2948464674E+01
    0.5653315869E+01      0.5653315869E+01      0.1719383329E+00     -0.2901330441E+01
    0.5710573843E+01      0.5710573843E+01      0.3514721064E+00     -0.2842957303E+01
    0.5761340455E+01      0.5761340455E+01      0.5099997283E+00     -0.2775025185E+01
    0.5806021856E+01      0.5806021856E+01      0.6496611260E+00     -0.2699694485E+01
    0.5845228688E+01      0.5845228688E+01      0.7725210945E+00     -0.2619881153E+01
    0.5878894987E+01      0.5878894987E+01      0.8798275726E+00     -0.2537670888E+01
    0.5907976246E+01      0.5907976246E+01      0.9740360807E+00     -0.2453878686E+01
    0.5933272619E+01      0.5933272619E+01      0.1057033351E+01     -0.2369279409E+01
    0.5955314050E+01      0.5955314050E+01      0.1130117795E+01     -0.2285009791E+01
    0.5975141891E+01      0.5975141891E+01      0.1195336446E+01     -0.2201595913E+01
    0.5993429031E+01      0.5993429031E+01      0.1254022379E+01     -0.2119142232E+01
    0.6009185275E+01      0.6009185275E+01      0.1305339819E+01     -0.2037396374E+01
    0.6021746084E+01      0.6021746084E+01      0.1348950772E+01     -0.1956564273E+01
    0.6031682887E+01      0.6031682887E+01      0.1385952068E+01     -0.1877147926E+01
    0.6040402180E+01      0.6040402180E+01      0.1418345957E+01     -0.1799663107E+01
    0.6048267883E+01      0.6048267883E+01      0.1446886047E+01     -0.1724997113E+01
    0.6056255346E+01      0.6056255346E+01      0.1472868670E+01     -0.1653694535E+01
    0.6063843074E+01      0.6063843074E+01      0.1496066199E+01     -0.1584787243E+01
    0.6071541475E+01      0.6071541475E+01      0.1517229829E+01     -0.1519143014E+01
    0.6078708389E+01      0.6078708389E+01      0.1536062576E+01     -0.1455273791E+01
    0.6084490418E+01      0.6084490418E+01      0.1551549395E+01     -0.1392780687E+01
    0.6089539254E+01      0.6089539254E+01      0.1564413562E+01     -0.1331767150E+01
    0.6093283202E+01      0.6093283202E+01      0.1574404252E+01     -0.1272834571E+01
    0.6100694587E+01      0.6100694587E+01      0.1584751644E+01     -0.1186166690E+01
    0.5572725590E+01      0.5572725590E+01      0.1826785892E-01     -0.3146724939E+01
    0.5643687738E+01      0.5643687738E+01      0.2362231848E+00     -0.3077878634E+01
    0.5707139252E+01      0.5707139252E+01      0.4284029125E+00     -0.2999344786E+01
    0.5762912914E+01      0.5762912914E+01      0.5964756414E+00     -0.2912170870E+01
    0.5812157380E+01      0.5812157380E+01      0.7430640546E+00     -0.2820588936E+01
    0.5855115636E+01      0.5855115636E+01      0.8701491460E+00     -0.2727096306E+01
    0.5891977037E+01      0.5891977037E+01      0.9797354385E+00     -0.2633268985E+01
    0.5923602235E+01      0.5923602235E+01      0.1074399159E+01     -0.2539267082E+01
    0.5950301838E+01      0.5950301838E+01      0.1155991770E+01     -0.2445259306E+01
    0.5972993549E+01      0.5972993549E+01      0.1226837495E+01     -0.2352463226E+01
    0.5992865468E+01      0.5992865468E+01      0.1289372207E+01     -0.2261116928E+01
    0.6010855998E+01      0.6010855998E+01      0.1345409470E+01     -0.2171224661E+01
    0.6026256990E+01      0.6026256990E+01      0.1394553889E+01     -0.2082806784E+01
    0.6038302048E+01      0.6038302048E+01      0.1436395133E+01     -0.1995783000E+01
    0.6047138937E+01      0.6047138937E+01      0.1471421101E+01     -0.1910258465E+01
    0.6054061766E+01      0.6054061766E+01      0.1501439786E+01     -0.1826836531E+01
    0.6059519460E+01      0.6059519460E+01      0.1527186074E+01     -0.1746297547E+01
    0.6064598944E+01      0.6064598944E+01      0.1550160989E+01     -0.1669060845E+01
    0.6069279049E+01      0.6069279049E+01      0.1570508657E+01     -0.1594814605E+01
    0.6074185285E+01      0.6074185285E+01      0.1588928292E+01     -0.1524059720E+01
    0.6079276521E+01      0.6079276521E+01      0.1605270399E+01     -0.1455637609E+01
    0.6083465733E+01      0.6083465733E+01      0.1618735940E+01     -0.1389681273E+01
    0.6086946025E+01      0.6086946025E+01      0.1629586544E+01     -0.1325427280E+01
    0.6089247749E+01      0.6089247749E+01      0.1637666457E+01     -0.1263633087E+01
    0.6094486527E+01      0.6094486527E+01      0.1645511268E+01     -0.1172924665E+01
    0.5554793833E+01      0.5554793833E+01      0.8445525732E-01     -0.3366395102E+01
    0.5634846722E+01      0.5634846722E+01      0.3180144396E+00     -0.3270309775E+01
    0.5705476918E+01      0.5705476918E+01      0.5207160416E+00     -0.3167808752E+01
    0.5767128697E+01      0.5767128697E+01      0.6958477364E+00     -0.3059174302E+01
    0.5821886421E+01      0.5821886421E+01      0.8477395413E+00     -0.2949993368E+01
    0.5869272940E+01      0.5869272940E+01      0.9783436691E+00     -0.2841373646E+01
    0.5909447181E+01      0.5909447181E+01      0.1089411692E+01     -0.2734008141E+01
    0.5943731134E+01      0.5943731134E+01      0.1184287614E+01     -0.2628509010E+01
    0.5972224695E+01      0.5972224695E+01      0.1264847968E+01     -0.2524612586E+01
    0.5995919513E+01      0.5995919513E+01      0.1333697714E+01     -0.2423089827E+01
    0.6016136405E+01      0.6016136405E+01      0.1393548238E+01     -0.2323963363E+01
    0.6034021169E+01      0.6034021169E+01      0.1446743898E+01     -0.2227021832E+01
    0.6049166450E+01      0.6049166450E+01      0.1493452871E+01     -0.2132389489E+01
    0.6060905729E+01      0.6060905729E+01      0.1533402232E+01     -0.2039632723E+01
    0.6068983722E+01      0.6068983722E+01      0.1566616607E+01     -0.1948511324E+01
    0.6074106221E+01      0.6074106221E+01      0.1594145951E+01     -0.1859177221E+01
    0.6077016088E+01      0.6077016088E+01      0.1616844740E+01     -0.1772394244E+01
    0.6078712344E+01      0.6078712344E+01      0.1635970427E+01     -0.1688819742E+01
    0.6079894842E+01      0.6079894842E+01      0.1652475810E+01     -0.1608362325E+01
    0.6081343170E+01      0.6081343170E+01      0.1666731732E+01     -0.1531529830E+01
    0.6083208497E+01      0.6083208497E+01      0.1679164670E+01     -0.1457676340E+01
    0.6085389483E+01      0.6085389483E+01      0.1689850357E+01     -0.1387286814E+01
    0.6086373149E+01      0.6086373149E+01      0.1698099949E+01     -0.1319206992E+01
    0.6086846177E+01      0.6086846177E+01      0.1703922995E+01     -0.1254704689E+01
    0.6089280649E+01      0.6089280649E+01      0.1708692317E+01     -0.1159805167E+01
    0.5536214773E+01      0.5536214773E+01      0.1783557705E+00     -0.3605599708E+01
    0.5627311926E+01      0.5627311926E+01      0.4253652795E+00     -0.3474726128E+01
    0.5705925695E+01      0.5705925695E+01      0.6332273656E+00     -0.3343164826E+01
    0.5774606900E+01      0.5774606900E+01      0.8111525545E+00     -0.3213340006E+01
    0.5835184429E+01      0.5835184429E+01      0.9652150071E+00     -0.3085232293E+01
    0.5887469823E+01      0.5887469823E+01      0.1096718164E+01     -0.2960338144E+01
    0.5931694750E+01      0.5931694750E+01      0.1207998442E+01     -0.2839185024E+01
    0.5969344227E+01      0.5969344227E+01      0.1302572900E+01     -0.2722229192E+01
    0.6000440528E+01      0.6000440528E+01      0.1382098936E+01     -0.2608791089E+01
    0.6025778894E+01      0.6025778894E+01      0.1449151341E+01     -0.2498927679E+01
    0.6046931604E+01      0.6046931604E+01      0.1506684160E+01     -0.2392637854E+01
    0.6065118069E+01      0.6065118069E+01      0.1557329657E+01     -0.2289300176E+01
    0.6080159637E+01      0.6080159637E+01      0.1601641678E+01     -0.2188775569E+01
    0.6091611612E+01      0.6091611612E+01      0.1639644544E+01     -0.2090474449E+01
    0.6098966707E+01      0.6098966707E+01      0.1670939186E+01     -0.1993825081E+01
    0.6102271126E+01      0.6102271126E+01      0.1695700116E+01     -0.1898349369E+01
    0.6102661396E+01      0.6102661396E+01      0.1714610355E+01     -0.1805229403E+01
    0.6101201705E+01      0.6101201705E+01      0.1729572689E+01     -0.1715407653E+01
    0.6098532623E+01      0.6098532623E+01      0.1741351658E+01     -0.1627908293E+01
    0.6095752051E+01      0.6095752051E+01      0.1750537497E+01     -0.1544490871E+01
    0.6093486257E+01      0.6093486257E+01      0.1758416093E+01     -0.1464373497E+01
    0.6091835378E+01      0.6091835378E+01      0.1765158254E+01     -0.1388839641E+01
    0.6090414735E+01      0.6090414735E+01      0.1770450074E+01     -0.1315919058E+01
    0.6088166384E+01      0.6088166384E+01      0.1773191646E+01     -0.1247019689E+01
    0.6086900520E+01      0.6086900520E+01      0.1774300083E+01     -0.1148333548E+01
    0.5517622853E+01      0.5517622853E+01      0.3066626086E+00     -0.3862612497E+01
    0.5620694079E+01      0.5620694079E+01      0.5638331802E+00     -0.3685364153E+01
    0.5707809937E+01      0.5707809937E+01      0.7729405725E+00     -0.3521356174E+01
    0.5782449880E+01      0.5782449880E+01      0.9477062346E+00     -0.3366082033E+01
    0.5848499710E+01      0.5848499710E+01      0.1098135985E+01     -0.3218211748E+01
    0.5905838072E+01      0.5905838072E+01      0.1227292149E+01     -0.3077322444E+01
    0.5954476740E+01      0.5954476740E+01      0.1336714606E+01     -0.2942602214E+01
    0.5995782946E+01      0.5995782946E+01      0.1429318200E+01     -0.2814252269E+01
    0.6030200821E+01      0.6030200821E+01      0.1506883732E+01     -0.2691917236E+01
    0.6058187591E+01      0.6058187591E+01      0.1571442947E+01     -0.2574717380E+01
    0.6081294012E+01      0.6081294012E+01      0.1626056830E+01     -0.2462459772E+01
    0.6101228332E+01      0.6101228332E+01      0.1673808553E+01     -0.2354552855E+01
    0.6117736320E+01      0.6117736320E+01      0.1715481137E+01     -0.2250129755E+01
    0.6130783946E+01      0.6130783946E+01      0.1751622234E+01     -0.2148693817E+01
    0.6138924336E+01      0.6138924336E+01      0.1781411247E+01     -0.2047984966E+01
    0.6140787339E+01      0.6140787339E+01      0.1802208576E+01     -0.1946415134E+01
    0.6138786311E+01      0.6138786311E+01      0.1817238994E+01     -0.1847037086E+01
    0.6134306536E+01      0.6134306536E+01      0.1828259533E+01     -0.1750859252E+01
    0.6127741418E+01      0.6127741418E+01      0.1835530542E+01     -0.1656384776E+01
    0.6120239304E+01      0.6120239304E+01      0.1840079949E+01     -0.1566052648E+01
    0.6112700414E+01      0.6112700414E+01      0.1843088395E+01     -0.1478835444E+01
    0.6106028034E+01      0.6106028034E+01      0.1845311711E+01     -0.1396720463E+01
    0.6100127481E+01      0.6100127481E+01      0.1846549488E+01     -0.1318163058E+01
    0.6094732856E+01      0.6094732856E+01      0.1846400564E+01     -0.1244747726E+01
    0.6089416272E+01      0.6089416272E+01      0.1842620091E+01     -0.1139666858E+01
    0.5497360612E+01      0.5497360612E+01      0.4751725847E+00     -0.4130864773E+01
    0.5613816983E+01      0.5613816983E+01      0.7360150544E+00     -0.3897044899E+01
    0.5709756182E+01      0.5709756182E+01      0.9407071279E+00     -0.3694767588E+01
    0.5790711925E+01      0.5790711925E+01      0.1107875195E+01     -0.3512783245E+01
    0.5861580218E+01      0.5861580218E+01      0.1250400692E+01     -0.3344627632E+01
    0.5923503449E+01      0.5923503449E+01      0.1373182669E+01     -0.3187147235E+01
    0.5976391495E+01      0.5976391495E+01      0.1477484184E+01     -0.3038721131E+01
    0.6021132005E+01      0.6021132005E+01      0.1565405087E+01     -0.2898820060E+01
    0.6058590753E+01      0.6058590753E+01      0.1638679048E+01     -0.2767408888E+01
    0.6089172375E+01      0.6089172375E+01      0.1698987048E+01     -0.2643046056E+01
    0.6114226509E+01      0.6114226509E+01      0.1749024002E+01     -0.2525071942E+01
    0.6135796000E+01      0.6135796000E+01      0.1792261465E+01     -0.2412768551E+01
    0.6154122069E+01      0.6154122069E+01      0.1829657859E+01     -0.2305332586E+01
    0.6169255693E+01      0.6169255693E+01      0.1862210807E+01     -0.2202436981E+01
    0.6181282812E+01      0.6181282812E+01      0.1890128142E+01     -0.2101241689E+01
    0.6185898935E+01      0.6185898935E+01      0.1908429765E+01     -0.1999389741E+01
    0.6184748053E+01      0.6184748053E+01      0.1921348628E+01     -0.1897445526E+01
    0.6179050045E+01      0.6179050045E+01      0.1930087382E+01     -0.1796680434E+01
    0.6169080446E+01      0.6169080446E+01      0.1934279318E+01     -0.1695954343E+01
    0.6156675473E+01      0.6156675473E+01      0.1935150144E+01     -0.1598798177E+01
    0.6143634523E+01      0.6143634523E+01      0.1934013486E+01     -0.1504273638E+01
    0.6130801329E+01      0.6130801329E+01      0.1931642167E+01     -0.1414690597E+01
    0.6118834760E+01      0.6118834760E+01      0.1928125955E+01     -0.1328342237E+01
    0.6108281412E+01      0.6108281412E+01      0.1924155429E+01     -0.1249277862E+01
    0.6098227145E+01      0.6098227145E+01      0.1914038102E+01     -0.1138214932E+01
    0.5472180436E+01      0.5472180436E+01      0.6926757853E+00     -0.4392929923E+01
    0.5605780068E+01      0.5605780068E+01      0.9445884622E+00     -0.4103178158E+01
    0.5711402886E+01      0.5711402886E+01      0.1138877026E+01     -0.3857684139E+01
    0.5798773738E+01      0.5798773738E+01      0.1292938286E+01     -0.3647239947E+01
    0.5873768275E+01      0.5873768275E+01      0.1421969086E+01     -0.3458700117E+01
    0.5939289711E+01      0.5939289711E+01      0.1533208857E+01     -0.3285070243E+01
    0.5995912481E+01      0.5995912481E+01      0.1628521700E+01     -0.3123666695E+01
    0.6044066856E+01      0.6044066856E+01      0.1709093492E+01     -0.2972730006E+01
    0.6084425228E+01      0.6084425228E+01      0.1776019623E+01     -0.2832204774E+01
    0.6117715786E+01      0.6117715786E+01      0.1830540551E+01     -0.2700811201E+01
    0.6144775544E+01      0.6144775544E+01      0.1874626001E+01     -0.2577427891E+01
    0.6167902333E+01      0.6167902333E+01      0.1911920711E+01     -0.2460931890E+01
    0.6187576127E+01      0.6187576127E+01      0.1943639983E+01     -0.2350521317E+01
    0.6204580969E+01      0.6204580969E+01      0.1971274019E+01     -0.2245573234E+01
    0.6219371086E+01      0.6219371086E+01      0.1995714077E+01     -0.2143765217E+01
    0.6227867266E+01      0.6227867266E+01      0.2013357885E+01     -0.2043813839E+01
    0.6229443332E+01      0.6229443332E+01      0.2024126617E+01     -0.1943312429E+01
    0.6226762065E+01      0.6226762065E+01      0.2032431966E+01     -0.1843892885E+01
    0.6219127379E+01      0.6219127379E+01      0.2036988857E+01     -0.1744202766E+01
    0.6205890691E+01      0.6205890691E+01      0.2037166425E+01     -0.1644478521E+01
    0.6188758015E+01      0.6188758015E+01      0.2033785113E+01     -0.1543756203E+01
    0.6169509770E+01      0.6169509770E+01      0.2027087065E+01     -0.1446173159E+01
    0.6150538729E+01      0.6150538729E+01      0.2017998138E+01     -0.1351204639E+01
    0.6133071473E+01      0.6133071473E+01      0.2008947705E+01     -0.1264271505E+01
    0.6115261899E+01      0.6115261899E+01      0.1990085320E+01     -0.1144396547E+01
    0.5448084610E+01      0.5448084610E+01      0.9720387843E+00     -0.4631386523E+01
    0.5598962201E+01      0.5598962201E+01      0.1196315585E+01     -0.4291824013E+01
    0.5713651222E+01      0.5713651222E+01      0.1369104160E+01     -0.4001800857E+01
    0.5807054382E+01      0.5807054382E+01      0.1503250171E+01     -0.3762664101E+01
    0.5885613574E+01      0.5885613574E+01      0.1613237831E+01     -0.3554325250E+01
    0.5953781467E+01      0.5953781467E+01      0.1707515814E+01     -0.3366008674E+01
    0.6013214624E+01      0.6013214624E+01      0.1789236237E+01     -0.3193218420E+01
    0.6064188215E+01      0.6064188215E+01      0.1859129779E+01     -0.3032863615E+01
    0.6107120152E+01      0.6107120152E+01      0.1917449365E+01     -0.2884127934E+01
    0.6142845412E+01      0.6142845412E+01      0.1964887532E+01     -0.2745992243E+01
    0.6171908182E+01      0.6171908182E+01      0.2002249061E+01     -0.2617627007E+01
    0.6196655940E+01      0.6196655940E+01      0.2033042043E+01     -0.2496992106E+01
    0.6217517817E+01      0.6217517817E+01      0.2058237843E+01     -0.2384113713E+01
    0.6235934191E+01      0.6235934191E+01      0.2080666960E+01     -0.2276997703E+01
    0.6252318938E+01      0.6252318938E+01      0.2101165297E+01     -0.2174966706E+01
    0.6264067190E+01      0.6264067190E+01      0.2117365597E+01     -0.2076951605E+01
    0.6269252291E+01      0.6269252291E+01      0.2127724599E+01     -0.1979246705E+01
    0.6269270529E+01      0.6269270529E+01      0.2134506634E+01     -0.1882097079E+01
    0.6265087566E+01      0.6265087566E+01      0.2139360676E+01     -0.1785472932E+01
    0.6255455537E+01      0.6255455537E+01      0.2140351969E+01     -0.1689163547E+01
    0.6241597845E+01      0.6241597845E+01      0.2137564966E+01     -0.1590885228E+01
    0.6221975246E+01      0.6221975246E+01      0.2130773521E+01     -0.1491240550E+01
    0.6197632572E+01      0.6197632572E+01      0.2117738012E+01     -0.1388796698E+01
    0.6172471802E+01      0.6172471802E+01      0.2102385438E+01     -0.1293366742E+01
    0.6145266387E+01      0.6145266387E+01      0.2072579263E+01     -0.1162863672E+01
    0.5428933523E+01      0.5428933523E+01      0.1307322559E+01     -0.4824688216E+01
    0.5593534891E+01      0.5593534891E+01      0.1486158134E+01     -0.4450340532E+01
    0.5716746778E+01      0.5716746778E+01      0.1626512325E+01     -0.4118817213E+01
    0.5815813166E+01      0.5815813166E+01      0.1734917533E+01     -0.3853379927E+01
    0.5897636345E+01      0.5897636345E+01      0.1821988941E+01     -0.3627077712E+01
    0.5967838847E+01      0.5967838847E+01      0.1895773564E+01     -0.3426280189E+01
    0.6029155571E+01      0.6029155571E+01      0.1960395528E+01     -0.3244277073E+01
    0.6082307022E+01      0.6082307022E+01      0.2016640904E+01     -0.3076688640E+01
    0.6127219675E+01      0.6127219675E+01      0.2063821861E+01     -0.2921567866E+01
    0.6164613480E+01      0.6164613480E+01      0.2102037798E+01     -0.2777802966E+01
    0.6195487082E+01      0.6195487082E+01      0.2132068072E+01     -0.2644669030E+01
    0.6221563818E+01      0.6221563818E+01      0.2156002106E+01     -0.2520458443E+01
    0.6243042662E+01      0.6243042662E+01      0.2174767776E+01     -0.2405648148E+01
    0.6262556086E+01      0.6262556086E+01      0.2191781756E+01     -0.2297106209E+01
    0.6280149435E+01      0.6280149435E+01      0.2207741611E+01     -0.2194822490E+01
    0.6294112250E+01      0.6294112250E+01      0.2221113726E+01     -0.2098005662E+01
    0.6302754890E+01      0.6302754890E+01      0.2230333795E+01     -0.2003639927E+01
    0.6305656928E+01      0.6305656928E+01      0.2235287393E+01     -0.1910073774E+01
    0.6304467829E+01      0.6304467829E+01      0.2238623748E+01     -0.1816336058E+01
    0.6298857351E+01      0.6298857351E+01      0.2239953601E+01     -0.1723224789E+01
    0.6289109662E+01      0.6289109662E+01      0.2237885375E+01     -0.1629059896E+01
    0.6273851642E+01      0.6273851642E+01      0.2232384395E+01     -0.1534191518E+01
    0.6253680140E+01      0.6253680140E+01      0.2220779599E+01     -0.1435957562E+01
    0.6227590360E+01      0.6227590360E+01      0.2204090805E+01     -0.1337778081E+01
    0.6192108890E+01      0.6192108890E+01      0.2163335587E+01     -0.1197352668E+01
    0.5420547858E+01      0.5420547858E+01      0.1689721633E+01     -0.4955856922E+01
    0.5592944794E+01      0.5592944794E+01      0.1809911498E+01     -0.4562299502E+01
    0.5722946145E+01      0.5722946145E+01      0.1906430534E+01     -0.4201579783E+01
    0.5826280733E+01      0.5826280733E+01      0.1982051726E+01     -0.3915217528E+01
    0.5910832244E+01      0.5910832244E+01      0.2042477009E+01     -0.3674836874E+01
    0.5982360156E+01      0.5982360156E+01      0.2093452060E+01     -0.3464335008E+01
    0.6044647035E+01      0.6044647035E+01      0.2138965522E+01     -0.3275460251E+01
    0.6099230800E+01      0.6099230800E+01      0.2179767091E+01     -0.3102881939E+01
    0.6145625553E+01      0.6145625553E+01      0.2214341635E+01     -0.2943544172E+01
    0.6184135868E+01      0.6184135868E+01      0.2242266152E+01     -0.2795525414E+01
    0.6216127289E+01      0.6216127289E+01      0.2263940353E+01     -0.2658747671E+01
    0.6242736065E+01      0.6242736065E+01      0.2280157276E+01     -0.2532444872E+01
    0.6265621019E+01      0.6265621019E+01      0.2292808283E+01     -0.2415543318E+01
    0.6286033068E+01      0.6286033068E+01      0.2304069322E+01     -0.2305903816E+01
    0.6303801348E+01      0.6303801348E+01      0.2314305576E+01     -0.2203699591E+01
    0.6318487581E+01      0.6318487581E+01      0.2323086688E+01     -0.2108164770E+01
    0.6329490402E+01      0.6329490402E+01      0.2329896460E+01     -0.2016162505E+01
    0.6335730142E+01      0.6335730142E+01      0.2333817291E+01     -0.1926067504E+01
    0.6337259188E+01      0.6337259188E+01      0.2334832103E+01     -0.1835702261E+01
    0.6335243704E+01      0.6335243704E+01      0.2335491406E+01     -0.1745937000E+01
    0.6329565182E+01      0.6329565182E+01      0.2333798917E+01     -0.1656146617E+01
    0.6318900974E+01      0.6318900974E+01      0.2328891563E+01     -0.1566435827E+01
    0.6304520531E+01      0.6304520531E+01      0.2318497744E+01     -0.1475298660E+01
    0.6285897801E+01      0.6285897801E+01      0.2302324768E+01     -0.1385060538E+01
    0.6254584552E+01      0.6254584552E+01      0.2260729161E+01     -0.1247975744E+01
    0.5427283686E+01      0.5427283686E+01      0.2101963478E+01     -0.5023102763E+01
    0.5601278851E+01      0.5601278851E+01      0.2156026864E+01     -0.4622331912E+01
    0.5735296421E+01      0.5735296421E+01      0.2201401412E+01     -0.4244193876E+01
    0.5841133924E+01      0.5841133924E+01      0.2238800919E+01     -0.3945264077E+01
    0.5927512577E+01      0.5927512577E+01      0.2269592086E+01     -0.3696881027E+01
    0.5999917052E+01      0.5999917052E+01      0.2296364969E+01     -0.3480876214E+01
    0.6062466369E+01      0.6062466369E+01      0.2321409882E+01     -0.3287713785E+01
    0.6117375115E+01      0.6117375115E+01      0.2345493008E+01     -0.3111979515E+01
    0.6164478347E+01      0.6164478347E+01      0.2366588319E+01     -0.2949949065E+01
    0.6203739744E+01      0.6203739744E+01      0.2383083550E+01     -0.2799090559E+01
    0.6236360865E+01      0.6236360865E+01      0.2395252085E+01     -0.2659658540E+01
    0.6263696309E+01      0.6263696309E+01      0.2404082133E+01     -0.2530855789E+01
    0.6287002277E+01      0.6287002277E+01      0.2410607853E+01     -0.2412115535E+01
    0.6307314408E+01      0.6307314408E+01      0.2415551536E+01     -0.2302349686E+01
    0.6324647710E+01      0.6324647710E+01      0.2419476562E+01     -0.2200922888E+01
    0.6339579651E+01      0.6339579651E+01      0.2423370463E+01     -0.2106925521E+01
    0.6351918044E+01      0.6351918044E+01      0.2427259448E+01     -0.2017309537E+01
    0.6360602109E+01      0.6360602109E+01      0.2429994643E+01     -0.1930390385E+01
    0.6364835054E+01      0.6364835054E+01      0.2430173823E+01     -0.1843533434E+01
    0.6365078750E+01      0.6365078750E+01      0.2428350113E+01     -0.1757281083E+01
    0.6362401600E+01      0.6362401600E+01      0.2425313045E+01     -0.1671818616E+01
    0.6356340177E+01      0.6356340177E+01      0.2419748868E+01     -0.1587957515E+01
    0.6347993059E+01      0.6347993059E+01      0.2408896472E+01     -0.1504123739E+01
    0.6337621907E+01      0.6337621907E+01      0.2392098932E+01     -0.1422148171E+01
    0.6313988983E+01      0.6313988983E+01      0.2355375112E+01     -0.1294405981E+01
    0.5459037293E+01      0.5459037293E+01      0.2514861223E+01     -0.5038336230E+01
    0.5631270987E+01      0.5631270987E+01      0.2502817493E+01     -0.4629617891E+01
    0.5764160344E+01      0.5764160344E+01      0.2497376005E+01     -0.4246656891E+01
    0.5868196359E+01      0.5868196359E+01      0.2498091319E+01     -0.3943126276E+01
    0.5952048896E+01      0.5952048896E+01      0.2499908637E+01     -0.3689988407E+01
    0.6022510008E+01      0.6022510008E+01      0.2502469764E+01     -0.3470876431E+01
    0.6082955952E+01      0.6082955952E+01      0.2506104171E+01     -0.3276075480E+01
    0.6135608535E+01      0.6135608535E+01      0.2511819746E+01     -0.3099579044E+01
    0.6181779883E+01      0.6181779883E+01      0.2518882071E+01     -0.2937270138E+01
    0.6220467407E+01      0.6220467407E+01      0.2523999387E+01     -0.2786279672E+01
    0.6252394373E+01      0.6252394373E+01      0.2526405796E+01     -0.2646419802E+01
    0.6279151516E+01      0.6279151516E+01      0.2526794674E+01     -0.2517299484E+01
    0.6302319868E+01      0.6302319868E+01      0.2526269638E+01     -0.2398050730E+01
    0.6322168013E+01      0.6322168013E+01      0.2524747841E+01     -0.2288228520E+01
    0.6338757581E+01      0.6338757581E+01      0.2522327918E+01     -0.2187131021E+01
    0.6353721301E+01      0.6353721301E+01      0.2520894246E+01     -0.2093536161E+01
    0.6367615425E+01      0.6367615425E+01      0.2521221467E+01     -0.2005241933E+01
    0.6379232004E+01      0.6379232004E+01      0.2522227934E+01     -0.1920803992E+01
    0.6387171497E+01      0.6387171497E+01      0.2522125307E+01     -0.1838275638E+01
    0.6390301239E+01      0.6390301239E+01      0.2518823773E+01     -0.1757504430E+01
    0.6389398141E+01      0.6389398141E+01      0.2513344454E+01     -0.1677037267E+01
    0.6386728614E+01      0.6386728614E+01      0.2505190934E+01     -0.1598534594E+01
    0.6384172584E+01      0.6384172584E+01      0.2492134844E+01     -0.1521698976E+01
    0.6380648090E+01      0.6380648090E+01      0.2474189447E+01     -0.1447251131E+01
    0.6363192675E+01      0.6363192675E+01      0.2444319609E+01     -0.1328412318E+01
    0.5490779227E+01      0.5490779227E+01      0.2919021531E+01     -0.4958190517E+01
    0.5652181744E+01      0.5652181744E+01      0.2840750121E+01     -0.4560161339E+01
    0.5783036394E+01      0.5783036394E+01      0.2788415039E+01     -0.4200232719E+01
    0.5885650251E+01      0.5885650251E+01      0.2753602744E+01     -0.3904823302E+01
    0.5969257985E+01      0.5969257985E+01      0.2726825926E+01     -0.3654672803E+01
    0.6039522489E+01      0.6039522489E+01      0.2705689842E+01     -0.3437568602E+01
    0.6099288914E+01      0.6099288914E+01      0.2688851442E+01     -0.3244802721E+01
    0.6151486345E+01      0.6151486345E+01      0.2676879755E+01     -0.3070669252E+01
    0.6197252378E+01      0.6197252378E+01      0.2669114418E+01     -0.2910401785E+01
    0.6235799985E+01      0.6235799985E+01      0.2662580399E+01     -0.2761090429E+01
    0.6267471813E+01      0.6267471813E+01      0.2655314848E+01     -0.2621777513E+01
    0.6293762899E+01      0.6293762899E+01      0.2647218446E+01     -0.2492738778E+01
    0.6316259242E+01      0.6316259242E+01      0.2639132225E+01     -0.2373905863E+01
    0.6335363615E+01      0.6335363615E+01      0.2631054469E+01     -0.2264928486E+01
    0.6351181567E+01      0.6351181567E+01      0.2622987734E+01     -0.2164361786E+01
    0.6365364796E+01      0.6365364796E+01      0.2616412929E+01     -0.2071185762E+01
    0.6379042740E+01      0.6379042740E+01      0.2612535257E+01     -0.1984122814E+01
    0.6391179365E+01      0.6391179365E+01      0.2610164296E+01     -0.1901951334E+01
    0.6400645758E+01      0.6400645758E+01      0.2607615026E+01     -0.1822470556E+01
    0.6407142009E+01      0.6407142009E+01      0.2603227964E+01     -0.1745623685E+01
    0.6410706647E+01      0.6410706647E+01      0.2596041320E+01     -0.1670382210E+01
    0.6412569631E+01      0.6412569631E+01      0.2585802940E+01     -0.1598577372E+01
    0.6414127085E+01      0.6414127085E+01      0.2570543637E+01     -0.1528675894E+01
    0.6414563578E+01      0.6414563578E+01      0.2551095789E+01     -0.1460068255E+01
    0.6401348705E+01      0.6401348705E+01      0.2527193997E+01     -0.1349825916E+01
    0.5533090189E+01      0.5533090189E+01      0.3289020986E+01     -0.4823169057E+01
    0.5686275834E+01      0.5686275834E+01      0.3161081308E+01     -0.4449456656E+01
    0.5811931633E+01      0.5811931633E+01      0.3070478601E+01     -0.4119960333E+01
    0.5911122028E+01      0.5911122028E+01      0.3003072518E+01     -0.3839075341E+01
    0.5991761940E+01      0.5991761940E+01      0.2949465829E+01     -0.3596215664E+01
    0.6059892871E+01      0.6059892871E+01      0.2906259851E+01     -0.3383970047E+01
    0.6117832714E+01      0.6117832714E+01      0.2870255215E+01     -0.3195110481E+01
    0.6167900174E+01      0.6167900174E+01      0.2840651152E+01     -0.3024522764E+01
    0.6212392594E+01      0.6212392594E+01      0.2817863499E+01     -0.2868565689E+01
    0.6250906017E+01      0.6250906017E+01      0.2799497072E+01     -0.2723250614E+01
    0.6282310703E+01      0.6282310703E+01      0.2782118823E+01     -0.2586571053E+01
    0.6307819135E+01      0.6307819135E+01      0.2765123148E+01     -0.2459133318E+01
    0.6329260073E+01      0.6329260073E+01      0.2749288043E+01     -0.2341678764E+01
    0.6347508691E+01      0.6347508691E+01      0.2734870400E+01     -0.2234103310E+01
    0.6362823285E+01      0.6362823285E+01      0.2721654585E+01     -0.2134570355E+01
    0.6376060610E+01      0.6376060610E+01      0.2710158232E+01     -0.2042028925E+01
    0.6388791940E+01      0.6388791940E+01      0.2701722200E+01     -0.1955955849E+01
    0.6400748037E+01      0.6400748037E+01      0.2695562665E+01     -0.1875484001E+01
    0.6410796070E+01      0.6410796070E+01      0.2689682234E+01     -0.1798590410E+01
    0.6418898222E+01      0.6418898222E+01      0.2682410627E+01     -0.1725595692E+01
    0.6425391980E+01      0.6425391980E+01      0.2672013525E+01     -0.1655436261E+01
    0.6431813577E+01      0.6431813577E+01      0.2658576794E+01     -0.1589126532E+01
    0.6438345911E+01      0.6438345911E+01      0.2643054918E+01     -0.1524749689E+01
    0.6441592293E+01      0.6441592293E+01      0.2624978082E+01     -0.1461581321E+01
    0.6429758048E+01      0.6429758048E+01      0.2605205959E+01     -0.1359265197E+01
    0.5579950031E+01      0.5579950031E+01      0.3623884287E+01     -0.4636644938E+01
    0.5724586041E+01      0.5724586041E+01      0.3459649059E+01     -0.4297323401E+01
    0.5843357723E+01      0.5843357723E+01      0.3336853040E+01     -0.4002178019E+01
    0.5938771561E+01      0.5938771561E+01      0.3240962948E+01     -0.3742204094E+01
    0.6016370209E+01      0.6016370209E+01      0.3163178413E+01     -0.3512399359E+01
    0.6082139298E+01      0.6082139298E+01      0.3099717377E+01     -0.3309007216E+01
    0.6138353988E+01      0.6138353988E+01      0.3046307800E+01     -0.3127337969E+01
    0.6186527394E+01      0.6186527394E+01      0.3000842558E+01     -0.2963230475E+01
    0.6229082499E+01      0.6229082499E+01      0.2963790835E+01     -0.2812961147E+01
    0.6266608785E+01      0.6266608785E+01      0.2933610534E+01     -0.2672974834E+01
    0.6297671159E+01      0.6297671159E+01      0.2906593192E+01     -0.2540892711E+01
    0.6322203104E+01      0.6322203104E+01      0.2880786587E+01     -0.2416588172E+01
    0.6342141702E+01      0.6342141702E+01      0.2856871061E+01     -0.2301522423E+01
    0.6359285756E+01      0.6359285756E+01      0.2835919309E+01     -0.2196015282E+01
    0.6374127823E+01      0.6374127823E+01      0.2817770408E+01     -0.2098233602E+01
    0.6386612320E+01      0.6386612320E+01      0.2801716981E+01     -0.2007016553E+01
    0.6398223458E+01      0.6398223458E+01      0.2788660929E+01     -0.1922280933E+01
    0.6409579797E+01      0.6409579797E+01      0.2778362384E+01     -0.1843568608E+01
    0.6419763361E+01      0.6419763361E+01      0.2768531734E+01     -0.1769246597E+01
    0.6429051301E+01      0.6429051301E+01      0.2757410370E+01     -0.1699727066E+01
    0.6437932711E+01      0.6437932711E+01      0.2743374206E+01     -0.1633993387E+01
    0.6447135491E+01      0.6447135491E+01      0.2726286767E+01     -0.1572631829E+01
    0.6454810910E+01      0.6454810910E+01      0.2708895327E+01     -0.1512263411E+01
    0.6459700906E+01      0.6459700906E+01      0.2693565233E+01     -0.1452310943E+01
    0.6451570227E+01      0.6451570227E+01      0.2678279309E+01     -0.1358175699E+01
    0.5632072081E+01      0.5632072081E+01      0.3920444678E+01     -0.4412961728E+01
    0.5767262267E+01      0.5767262267E+01      0.3731329080E+01     -0.4117230763E+01
    0.5878534034E+01      0.5878534034E+01      0.3583357943E+01     -0.3856410453E+01
    0.5969341977E+01      0.5969341977E+01      0.3463749650E+01     -0.3620986294E+01
    0.6043503292E+01      0.6043503292E+01      0.3364951347E+01     -0.3408216683E+01
    0.6106423012E+01      0.6106423012E+01      0.3283513357E+01     -0.3216517524E+01
    0.6160362913E+01      0.6160362913E+01      0.3214730908E+01     -0.3043813953E+01
    0.6206399032E+01      0.6206399032E+01      0.3155226762E+01     -0.2887557810E+01
    0.6246927318E+01      0.6246927318E+01      0.3105117501E+01     -0.2744473281E+01
    0.6283046408E+01      0.6283046408E+01      0.3063635589E+01     -0.2611119762E+01
    0.6313443751E+01      0.6313443751E+01      0.3027300569E+01     -0.2485064213E+01
    0.6337061684E+01      0.6337061684E+01      0.2993170611E+01     -0.2365653264E+01
    0.6355409831E+01      0.6355409831E+01      0.2961442866E+01     -0.2254077072E+01
    0.6371101192E+01      0.6371101192E+01      0.2933859718E+01     -0.2151296764E+01
    0.6385239230E+01      0.6385239230E+01      0.2910810668E+01     -0.2055944488E+01
    0.6397139557E+01      0.6397139557E+01      0.2890537561E+01     -0.1966846357E+01
    0.6407742076E+01      0.6407742076E+01      0.2873008094E+01     -0.1883897598E+01
    0.6418501190E+01      0.6418501190E+01      0.2858288820E+01     -0.1807175131E+01
    0.6428836865E+01      0.6428836865E+01      0.2844033901E+01     -0.1735561108E+01
    0.6439201776E+01      0.6439201776E+01      0.2828512469E+01     -0.1669498965E+01
    0.6449929730E+01      0.6449929730E+01      0.2810407962E+01     -0.1608120989E+01
    0.6460004451E+01      0.6460004451E+01      0.2790389220E+01     -0.1550085975E+01
    0.6467036862E+01      0.6467036862E+01      0.2771615544E+01     -0.1492899792E+01
    0.6471235905E+01      0.6471235905E+01      0.2757592720E+01     -0.1435628635E+01
    0.6465219519E+01      0.6465219519E+01      0.2745124485E+01     -0.1348097093E+01
    0.5694085985E+01      0.5694085985E+01      0.4180568432E+01     -0.4171845063E+01
    0.5816784480E+01      0.5816784480E+01      0.3974900220E+01     -0.3919557676E+01
    0.5919001056E+01      0.5919001056E+01      0.3808090597E+01     -0.3691204877E+01
    0.6003449005E+01      0.6003449005E+01      0.3669600511E+01     -0.3480909436E+01
    0.6072955214E+01      0.6072955214E+01      0.3553010001E+01     -0.3286995431E+01
    0.6132244722E+01      0.6132244722E+01      0.3455638840E+01     -0.3109287532E+01
    0.6183509159E+01      0.6183509159E+01      0.3373344927E+01     -0.2947464272E+01
    0.6227420089E+01      0.6227420089E+01      0.3301951972E+01     -0.2800306768E+01
    0.6265772911E+01      0.6265772911E+01      0.3240408350E+01     -0.2665136228E+01
    0.6300090554E+01      0.6300090554E+01      0.3188386334E+01     -0.2539124351E+01
    0.6329434131E+01      0.6329434131E+01      0.3143131352E+01     -0.2420125481E+01
    0.6352155557E+01      0.6352155557E+01      0.3101305867E+01     -0.2306886419E+01
    0.6369040340E+01      0.6369040340E+01      0.3062341697E+01     -0.2199873450E+01
    0.6383061879E+01      0.6383061879E+01      0.3028270080E+01     -0.2100522973E+01
    0.6396249805E+01      0.6396249805E+01      0.3000300861E+01     -0.2008205959E+01
    0.6407698790E+01      0.6407698790E+01      0.2976051385E+01     -0.1921881784E+01
    0.6417738880E+01      0.6417738880E+01      0.2954349432E+01     -0.1841434912E+01
    0.6428085602E+01      0.6428085602E+01      0.2934975946E+01     -0.1767102364E+01
    0.6438612874E+01      0.6438612874E+01      0.2916010468E+01     -0.1698480354E+01
    0.6449867415E+01      0.6449867415E+01      0.2895682541E+01     -0.1635876852E+01
    0.6461806362E+01      0.6461806362E+01      0.2873830245E+01     -0.1578488537E+01
    0.6471031331E+01      0.6471031331E+01      0.2851500920E+01     -0.1522750164E+01
    0.6476890089E+01      0.6476890089E+01      0.2832282029E+01     -0.1468549405E+01
    0.6479407890E+01      0.6479407890E+01      0.2818346559E+01     -0.1413521078E+01
    0.6474082273E+01      0.6474082273E+01      0.2807463695E+01     -0.1331492676E+01
    0.5754880621E+01      0.5754880621E+01      0.4402556928E+01     -0.3914666886E+01
    0.5865487897E+01      0.5865487897E+01      0.4187199128E+01     -0.3702689683E+01
    0.5959286470E+01      0.5959286470E+01      0.4007468819E+01     -0.3506470059E+01
    0.6037880104E+01      0.6037880104E+01      0.3855155980E+01     -0.3322851264E+01
    0.6103232767E+01      0.6103232767E+01      0.3724965318E+01     -0.3150483239E+01
    0.6158922967E+01      0.6158922967E+01      0.3614559232E+01     -0.2989255988E+01
    0.6207216868E+01      0.6207216868E+01      0.3520648821E+01     -0.2839959925E+01
    0.6248995866E+01      0.6248995866E+01      0.3439227387E+01     -0.2702981003E+01
    0.6285359021E+01      0.6285359021E+01      0.3368106591E+01     -0.2576512141E+01
    0.6317681973E+01      0.6317681973E+01      0.3306690872E+01     -0.2458352189E+01
    0.6345618614E+01      0.6345618614E+01      0.3253132609E+01     -0.2347070470E+01
    0.6367447444E+01      0.6367447444E+01      0.3204338961E+01     -0.2240944524E+01
    0.6383093041E+01      0.6383093041E+01      0.3158958188E+01     -0.2139497392E+01
    0.6395406643E+01      0.6395406643E+01      0.3118809478E+01     -0.2044233382E+01
    0.6407372670E+01      0.6407372670E+01      0.3085847338E+01     -0.1955389368E+01
    0.6418467035E+01      0.6418467035E+01      0.3057693815E+01     -0.1872552634E+01
    0.6428419861E+01      0.6428419861E+01      0.3032018800E+01     -0.1795318520E+01
    0.6438686586E+01      0.6438686586E+01      0.3008029837E+01     -0.1723949969E+01
    0.6449467113E+01      0.6449467113E+01      0.2984201435E+01     -0.1658654980E+01
    0.6461428517E+01      0.6461428517E+01      0.2958978217E+01     -0.1599560611E+01
    0.6473345871E+01      0.6473345871E+01      0.2934130101E+01     -0.1545269056E+01
    0.6481065572E+01      0.6481065572E+01      0.2910028140E+01     -0.1491986139E+01
    0.6485609155E+01      0.6485609155E+01      0.2890990589E+01     -0.1440382255E+01
    0.6486368932E+01      0.6486368932E+01      0.2876254259E+01     -0.1387894198E+01
    0.6480817121E+01      0.6480817121E+01      0.2865968312E+01     -0.1310563101E+01
