    0.7245958686E+01      0.7245958686E+01      0.4495791260E+01     -0.3181452865E+00
    0.7145817757E+01      0.7145817757E+01      0.4655986159E+01     -0.1823723645E+00
    0.7058540354E+01      0.7058540354E+01      0.4798896446E+01     -0.2906774639E-01
    0.6971544172E+01      0.6971544172E+01      0.4896212908E+01      0.1372729488E+00
    0.6903816013E+01      0.6903816013E+01      0.4968503984E+01      0.3110325799E+00
    0.6831551957E+01      0.6831551957E+01      0.4987457772E+01      0.4962182289E+00
    0.6774980385E+01      0.6774980385E+01      0.4963981588E+01      0.6731196045E+00
    0.6735796193E+01      0.6735796193E+01      0.4908028490E+01      0.8294124999E+00
    0.6708587039E+01      0.6708587039E+01      0.4822624217E+01      0.9620131157E+00
    0.6690652863E+01      0.6690652863E+01      0.4713827016E+01      0.1067670980E+01
    0.6679742427E+01      0.6679742427E+01      0.4588214970E+01      0.1148337799E+01
    0.6674280736E+01      0.6674280736E+01      0.4452493827E+01      0.1205873311E+01
    0.6672374771E+01      0.6672374771E+01      0.4312977399E+01      0.1244091132E+01
    0.6673866498E+01      0.6673866498E+01      0.4172636526E+01      0.1257050143E+01
    0.6676716227E+01      0.6676716227E+01      0.4037137037E+01      0.1253214866E+01
    0.6681372810E+01      0.6681372810E+01      0.3904679011E+01      0.1238866873E+01
    0.6686776380E+01      0.6686776380E+01      0.3778369801E+01      0.1213140044E+01
    0.6692237622E+01      0.6692237622E+01      0.3659519993E+01      0.1177868916E+01
    0.6697732650E+01      0.6697732650E+01      0.3548709634E+01      0.1135425736E+01
    0.6702334267E+01      0.6702334267E+01      0.3445097606E+01      0.1088689946E+01
    0.6705101318E+01      0.6705101318E+01      0.3347752462E+01      0.1040618793E+01
    0.6705716206E+01      0.6705716206E+01      0.3255980985E+01      0.9928187084E+00
    0.6705020410E+01      0.6705020410E+01      0.3169907261E+01      0.9457842642E+00
    0.6702973482E+01      0.6702973482E+01      0.3088607330E+01      0.8992743489E+00
    0.6699183264E+01      0.6699183264E+01      0.3011643219E+01      0.8539589524E+00
    0.7174531448E+01      0.7174531448E+01      0.4638419013E+01     -0.4288583955E+00
    0.7072129157E+01      0.7072129157E+01      0.4826961797E+01     -0.2708205543E+00
    0.6979808906E+01      0.6979808906E+01      0.4984413640E+01     -0.8552084252E-01
    0.6891654528E+01      0.6891654528E+01      0.5093572091E+01      0.1132920641E+00
    0.6828817331E+01      0.6828817331E+01      0.5170899365E+01      0.3234455811E+00
    0.6752866679E+01      0.6752866679E+01      0.5182918603E+01      0.5498262505E+00
    0.6697467523E+01      0.6697467523E+01      0.5144631208E+01      0.7706966927E+00
    0.6660807222E+01      0.6660807222E+01      0.5064289045E+01      0.9618265709E+00
    0.6637168814E+01      0.6637168814E+01      0.4950246628E+01      0.1120502963E+01
    0.6623839403E+01      0.6623839403E+01      0.4812282894E+01      0.1244038057E+01
    0.6618519160E+01      0.6618519160E+01      0.4659098139E+01      0.1334307772E+01
    0.6618480190E+01      0.6618480190E+01      0.4498777935E+01      0.1395709985E+01
    0.6621486308E+01      0.6621486308E+01      0.4334881813E+01      0.1433448137E+01
    0.6626551227E+01      0.6626551227E+01      0.4174776338E+01      0.1440002078E+01
    0.6632698194E+01      0.6632698194E+01      0.4023094468E+01      0.1432473536E+01
    0.6640276291E+01      0.6640276291E+01      0.3878016864E+01      0.1412072531E+01
    0.6648318874E+01      0.6648318874E+01      0.3742712092E+01      0.1379022641E+01
    0.6656169994E+01      0.6656169994E+01      0.3616820795E+01      0.1335323367E+01
    0.6664140020E+01      0.6664140020E+01      0.3500725579E+01      0.1283661278E+01
    0.6672112579E+01      0.6672112579E+01      0.3394617353E+01      0.1227190563E+01
    0.6678487049E+01      0.6678487049E+01      0.3297041795E+01      0.1169035507E+01
    0.6682270266E+01      0.6682270266E+01      0.3206114998E+01      0.1112199022E+01
    0.6683590749E+01      0.6683590749E+01      0.3120792906E+01      0.1057508534E+01
    0.6683215228E+01      0.6683215228E+01      0.3041088140E+01      0.1003969845E+01
    0.6681471743E+01      0.6681471743E+01      0.2966234638E+01      0.9517595421E+00
    0.7100422528E+01      0.7100422528E+01      0.4808485246E+01     -0.5863476475E+00
    0.6997473408E+01      0.6997473408E+01      0.5035243734E+01     -0.3997444374E+00
    0.6897729298E+01      0.6897729298E+01      0.5211816008E+01     -0.1787608671E+00
    0.6810608316E+01      0.6810608316E+01      0.5341349218E+01      0.6081545138E-01
    0.6744832683E+01      0.6744832683E+01      0.5424347333E+01      0.3202867308E+00
    0.6666769277E+01      0.6666769277E+01      0.5424671667E+01      0.5973105780E+00
    0.6615830873E+01      0.6615830873E+01      0.5367817124E+01      0.8734449001E+00
    0.6583333474E+01      0.6583333474E+01      0.5256237737E+01      0.1107400216E+01
    0.6564219146E+01      0.6564219146E+01      0.5104755539E+01      0.1296847166E+01
    0.6554755950E+01      0.6554755950E+01      0.4928735130E+01      0.1441285016E+01
    0.6554877505E+01      0.6554877505E+01      0.4739959319E+01      0.1541891055E+01
    0.6559091960E+01      0.6559091960E+01      0.4544740593E+01      0.1608455178E+01
    0.6566249160E+01      0.6566249160E+01      0.4351382171E+01      0.1640715428E+01
    0.6574465875E+01      0.6574465875E+01      0.4171847084E+01      0.1640887155E+01
    0.6584106828E+01      0.6584106828E+01      0.4001202683E+01      0.1627492561E+01
    0.6595837612E+01      0.6595837612E+01      0.3842020761E+01      0.1597110252E+01
    0.6609158465E+01      0.6609158465E+01      0.3695743800E+01      0.1551087995E+01
    0.6622390266E+01      0.6622390266E+01      0.3562360272E+01      0.1494696391E+01
    0.6634552101E+01      0.6634552101E+01      0.3442037263E+01      0.1430846522E+01
    0.6645550924E+01      0.6645550924E+01      0.3334787150E+01      0.1362739219E+01
    0.6654053339E+01      0.6654053339E+01      0.3237696479E+01      0.1294038638E+01
    0.6660019648E+01      0.6660019648E+01      0.3148486382E+01      0.1227966246E+01
    0.6663251744E+01      0.6663251744E+01      0.3065534635E+01      0.1165040103E+01
    0.6663804795E+01      0.6663804795E+01      0.2987527773E+01      0.1105186032E+01
    0.6663016487E+01      0.6663016487E+01      0.2914524795E+01      0.1047843868E+01
    0.7030932563E+01      0.7030932563E+01      0.5012660449E+01     -0.8096002404E+00
    0.6920992676E+01      0.6920992676E+01      0.5291643213E+01     -0.5906996328E+00
    0.6809260436E+01      0.6809260436E+01      0.5499773538E+01     -0.3195955666E+00
    0.6720095429E+01      0.6720095429E+01      0.5654977564E+01     -0.2183290089E-01
    0.6643648976E+01      0.6643648976E+01      0.5743142530E+01      0.3051962530E+00
    0.6567011262E+01      0.6567011262E+01      0.5727255401E+01      0.6464098406E+00
    0.6520390851E+01      0.6520390851E+01      0.5644553555E+01      0.9908319387E+00
    0.6497283289E+01      0.6497283289E+01      0.5492823627E+01      0.1276966992E+01
    0.6487264857E+01      0.6487264857E+01      0.5292515139E+01      0.1499606357E+01
    0.6485665862E+01      0.6485665862E+01      0.5067268405E+01      0.1663484544E+01
    0.6489702339E+01      0.6489702339E+01      0.4828375189E+01      0.1776976553E+01
    0.6496068661E+01      0.6496068661E+01      0.4588796786E+01      0.1846502047E+01
    0.6506221929E+01      0.6506221929E+01      0.4364159862E+01      0.1868691993E+01
    0.6518501968E+01      0.6518501968E+01      0.4158596522E+01      0.1860742423E+01
    0.6534273187E+01      0.6534273187E+01      0.3965031846E+01      0.1833379833E+01
    0.6553397648E+01      0.6553397648E+01      0.3788906382E+01      0.1784889682E+01
    0.6574024985E+01      0.6574024985E+01      0.3632827694E+01      0.1720962744E+01
    0.6592225124E+01      0.6592225124E+01      0.3493136984E+01      0.1648022441E+01
    0.6608461202E+01      0.6608461202E+01      0.3370400322E+01      0.1569603278E+01
    0.6622966708E+01      0.6622966708E+01      0.3264029772E+01      0.1488730982E+01
    0.6633967936E+01      0.6633967936E+01      0.3169491897E+01      0.1410205106E+01
    0.6641542479E+01      0.6641542479E+01      0.3083460240E+01      0.1335770331E+01
    0.6645975813E+01      0.6645975813E+01      0.3003803623E+01      0.1265256750E+01
    0.6646893975E+01      0.6646893975E+01      0.2928069161E+01      0.1199489874E+01
    0.6646060216E+01      0.6646060216E+01      0.2856971925E+01      0.1137752459E+01
    0.6949622435E+01      0.6949622435E+01      0.5273454628E+01     -0.1123367004E+01
    0.6818860353E+01      0.6818860353E+01      0.5650249872E+01     -0.8517610702E+00
    0.6685890041E+01      0.6685890041E+01      0.5908608459E+01     -0.5036687451E+00
    0.6591049357E+01      0.6591049357E+01      0.6084779391E+01     -0.1178417334E+00
    0.6500698809E+01      0.6500698809E+01      0.6160141952E+01      0.2960469865E+00
    0.6430091555E+01      0.6430091555E+01      0.6122540241E+01      0.7202286714E+00
    0.6393647076E+01      0.6393647076E+01      0.5997557184E+01      0.1147867904E+01
    0.6385052783E+01      0.6385052783E+01      0.5788777354E+01      0.1498891363E+01
    0.6393891484E+01      0.6393891484E+01      0.5518919385E+01      0.1752903589E+01
    0.6405900105E+01      0.6405900105E+01      0.5223353515E+01      0.1932169638E+01
    0.6416909661E+01      0.6416909661E+01      0.4922921970E+01      0.2051464183E+01
    0.6430847156E+01      0.6430847156E+01      0.4633693642E+01      0.2110493737E+01
    0.6448078273E+01      0.6448078273E+01      0.4369770921E+01      0.2113359632E+01
    0.6469082716E+01      0.6469082716E+01      0.4126161685E+01      0.2091536184E+01
    0.6494843579E+01      0.6494843579E+01      0.3903545669E+01      0.2043796040E+01
    0.6523338559E+01      0.6523338559E+01      0.3712047944E+01      0.1973481501E+01
    0.6551421327E+01      0.6551421327E+01      0.3550228607E+01      0.1888987027E+01
    0.6573986367E+01      0.6573986367E+01      0.3408741013E+01      0.1796591902E+01
    0.6593287597E+01      0.6593287597E+01      0.3287586122E+01      0.1700087780E+01
    0.6609402128E+01      0.6609402128E+01      0.3184449358E+01      0.1603689691E+01
    0.6621541363E+01      0.6621541363E+01      0.3093824558E+01      0.1513704626E+01
    0.6629515200E+01      0.6629515200E+01      0.3011759136E+01      0.1430741236E+01
    0.6634042686E+01      0.6634042686E+01      0.2935917484E+01      0.1354008710E+01
    0.6634622246E+01      0.6634622246E+01      0.2862753924E+01      0.1283412369E+01
    0.6633168619E+01      0.6633168619E+01      0.2794212265E+01      0.1218493754E+01
    0.6816909852E+01      0.6816909852E+01      0.5574885335E+01     -0.1501479697E+01
    0.6645355013E+01      0.6645355013E+01      0.5991582794E+01     -0.1148280065E+01
    0.6469537437E+01      0.6469537437E+01      0.6304871136E+01     -0.7064942590E+00
    0.6362493992E+01      0.6362493992E+01      0.6570676327E+01     -0.2040888011E+00
    0.6271641474E+01      0.6271641474E+01      0.6670673665E+01      0.3208989128E+00
    0.6202368891E+01      0.6202368891E+01      0.6615979956E+01      0.8623860900E+00
    0.6192949741E+01      0.6192949741E+01      0.6449004320E+01      0.1388020112E+01
    0.6210955136E+01      0.6210955136E+01      0.6155576280E+01      0.1827664473E+01
    0.6258137365E+01      0.6258137365E+01      0.5776163186E+01      0.2105156043E+01
    0.6301180713E+01      0.6301180713E+01      0.5382639132E+01      0.2276104635E+01
    0.6333111948E+01      0.6333111948E+01      0.5002380717E+01      0.2375146748E+01
    0.6366016001E+01      0.6366016001E+01      0.4658155036E+01      0.2397349754E+01
    0.6397265468E+01      0.6397265468E+01      0.4348494758E+01      0.2375513590E+01
    0.6432178178E+01      0.6432178178E+01      0.4063691514E+01      0.2324771160E+01
    0.6467218406E+01      0.6467218406E+01      0.3816748106E+01      0.2245669924E+01
    0.6502603681E+01      0.6502603681E+01      0.3613595190E+01      0.2145526557E+01
    0.6535709853E+01      0.6535709853E+01      0.3445883970E+01      0.2036545167E+01
    0.6563495406E+01      0.6563495406E+01      0.3305535796E+01      0.1923664482E+01
    0.6586192852E+01      0.6586192852E+01      0.3189226283E+01      0.1809364566E+01
    0.6604786121E+01      0.6604786121E+01      0.3092521708E+01      0.1699971364E+01
    0.6618479828E+01      0.6618479828E+01      0.3008867336E+01      0.1600217316E+01
    0.6626658401E+01      0.6626658401E+01      0.2933054114E+01      0.1510198163E+01
    0.6630100914E+01      0.6630100914E+01      0.2861883587E+01      0.1428989592E+01
    0.6629330251E+01      0.6629330251E+01      0.2792586398E+01      0.1354814556E+01
    0.6626427284E+01      0.6626427284E+01      0.2727497616E+01      0.1287675206E+01
    0.6555528300E+01      0.6555528300E+01      0.5743916787E+01     -0.1834203684E+01
    0.6413424124E+01      0.6413424124E+01      0.6011718000E+01     -0.1427342362E+01
    0.6215456940E+01      0.6215456940E+01      0.6354243191E+01     -0.9712036189E+00
    0.6040288534E+01      0.6040288534E+01      0.6708897411E+01     -0.3531043439E+00
    0.5953038112E+01      0.5953038112E+01      0.6913420387E+01      0.3337389370E+00
    0.5893059751E+01      0.5893059751E+01      0.6909007157E+01      0.1023266191E+01
    0.5896972674E+01      0.5896972674E+01      0.6811661434E+01      0.1674264863E+01
    0.5926690741E+01      0.5926690741E+01      0.6572043381E+01      0.2268013830E+01
    0.6031343133E+01      0.6031343133E+01      0.6121965950E+01      0.2612340614E+01
    0.6155261199E+01      0.6155261199E+01      0.5601590806E+01      0.2732038633E+01
    0.6240853609E+01      0.6240853609E+01      0.5109762239E+01      0.2761597716E+01
    0.6303419522E+01      0.6303419522E+01      0.4664543633E+01      0.2731177986E+01
    0.6363178490E+01      0.6363178490E+01      0.4285737234E+01      0.2655241554E+01
    0.6414716052E+01      0.6414716052E+01      0.3962351934E+01      0.2556419826E+01
    0.6461195595E+01      0.6461195595E+01      0.3696922007E+01      0.2439014039E+01
    0.6507579541E+01      0.6507579541E+01      0.3486761677E+01      0.2306687360E+01
    0.6548112229E+01      0.6548112229E+01      0.3319811989E+01      0.2166466695E+01
    0.6580044451E+01      0.6580044451E+01      0.3186247555E+01      0.2025540821E+01
    0.6604474758E+01      0.6604474758E+01      0.3078899217E+01      0.1890188049E+01
    0.6623449927E+01      0.6623449927E+01      0.2991795531E+01      0.1766663842E+01
    0.6636731755E+01      0.6636731755E+01      0.2917497487E+01      0.1657831397E+01
    0.6643811002E+01      0.6643811002E+01      0.2850028777E+01      0.1563468502E+01
    0.6644230554E+01      0.6644230554E+01      0.2783235752E+01      0.1481766550E+01
    0.6640476805E+01      0.6640476805E+01      0.2720493904E+01      0.1408504221E+01
    0.6633399163E+01      0.6633399163E+01      0.2659731332E+01      0.1343115941E+01
    0.6254989817E+01      0.6254989817E+01      0.5247647396E+01     -0.2048333049E+01
    0.6244723976E+01      0.6244723976E+01      0.4964013578E+01     -0.1610827139E+01
    0.6032633800E+01      0.6032633800E+01      0.5174023930E+01     -0.1170019380E+01
    0.5740015011E+01      0.5740015011E+01      0.5594634510E+01     -0.6287533399E+00
    0.5519999497E+01      0.5519999497E+01      0.6140903079E+01      0.1447094782E+00
    0.5497244971E+01      0.5497244971E+01      0.6487670795E+01      0.1080529630E+01
    0.5546295339E+01      0.5546295339E+01      0.6502525667E+01      0.1874212637E+01
    0.5612231682E+01      0.5612231682E+01      0.6431629540E+01      0.2615401782E+01
    0.5748930021E+01      0.5748930021E+01      0.6100400459E+01      0.3178438352E+01
    0.5960305749E+01      0.5960305749E+01      0.5588754680E+01      0.3287747602E+01
    0.6110814212E+01      0.6110814212E+01      0.5052745850E+01      0.3219382443E+01
    0.6241125249E+01      0.6241125249E+01      0.4564689796E+01      0.3082262752E+01
    0.6352603143E+01      0.6352603143E+01      0.4145539534E+01      0.2934933978E+01
    0.6434324970E+01      0.6434324970E+01      0.3801183958E+01      0.2774349659E+01
    0.6497042889E+01      0.6497042889E+01      0.3530893336E+01      0.2596249992E+01
    0.6549769819E+01      0.6549769819E+01      0.3325649406E+01      0.2413274379E+01
    0.6593002128E+01      0.6593002128E+01      0.3170313799E+01      0.2236635153E+01
    0.6625427665E+01      0.6625427665E+01      0.3051475225E+01      0.2070617134E+01
    0.6647340663E+01      0.6647340663E+01      0.2958364758E+01      0.1920370638E+01
    0.6663452470E+01      0.6663452470E+01      0.2883713010E+01      0.1788786076E+01
    0.6674726539E+01      0.6674726539E+01      0.2820896139E+01      0.1675407885E+01
    0.6678958393E+01      0.6678958393E+01      0.2761241743E+01      0.1580232246E+01
    0.6676479545E+01      0.6676479545E+01      0.2702989409E+01      0.1498908088E+01
    0.6669260414E+01      0.6669260414E+01      0.2647605794E+01      0.1428994321E+01
    0.6657581182E+01      0.6657581182E+01      0.2592828639E+01      0.1368251430E+01
    0.6144359111E+01      0.6144359111E+01      0.3036912467E+01     -0.1377275979E+01
    0.6185436870E+01      0.6185436870E+01      0.2021647563E+01     -0.1461518131E+01
    0.5837623907E+01      0.5837623907E+01      0.2428909130E+01     -0.1399074667E+01
    0.5539470857E+01      0.5539470857E+01      0.3036114217E+01     -0.1133849178E+01
    0.5250662109E+01      0.5250662109E+01      0.3835394566E+01     -0.4826182714E+00
    0.5064729374E+01      0.5064729374E+01      0.4853536369E+01      0.5773921745E+00
    0.5097306632E+01      0.5097306632E+01      0.5592413406E+01      0.1733127373E+01
    0.5228573744E+01      0.5228573744E+01      0.5805141345E+01      0.2718202338E+01
    0.5457181972E+01      0.5457181972E+01      0.5675697255E+01      0.3579222292E+01
    0.5754759707E+01      0.5754759707E+01      0.5305423833E+01      0.3749654771E+01
    0.6037775632E+01      0.6037775632E+01      0.4837735800E+01      0.3645209650E+01
    0.6245057205E+01      0.6245057205E+01      0.4348109838E+01      0.3435575939E+01
    0.6392980504E+01      0.6392980504E+01      0.3918601911E+01      0.3183462015E+01
    0.6504283335E+01      0.6504283335E+01      0.3575763373E+01      0.2922074427E+01
    0.6580166294E+01      0.6580166294E+01      0.3321370316E+01      0.2672823689E+01
    0.6628269644E+01      0.6628269644E+01      0.3137870920E+01      0.2450411035E+01
    0.6663827237E+01      0.6663827237E+01      0.3004690576E+01      0.2248507727E+01
    0.6690311077E+01      0.6690311077E+01      0.2905073708E+01      0.2065644604E+01
    0.6710468322E+01      0.6710468322E+01      0.2828546481E+01      0.1906039386E+01
    0.6724480751E+01      0.6724480751E+01      0.2768505964E+01      0.1769811376E+01
    0.6733213613E+01      0.6733213613E+01      0.2719057653E+01      0.1655962593E+01
    0.6733413620E+01      0.6733413620E+01      0.2668408639E+01      0.1562413273E+01
    0.6726714096E+01      0.6726714096E+01      0.2621999968E+01      0.1484896487E+01
    0.6713556424E+01      0.6713556424E+01      0.2575452389E+01      0.1420619038E+01
    0.6696832038E+01      0.6696832038E+01      0.2528286402E+01      0.1366528548E+01
    0.5334874478E+01      0.5334874478E+01     -0.5101619128E+00     -0.7220156322E+00
    0.5860502017E+01      0.5860502017E+01      0.2882561058E-01     -0.2184196497E+01
    0.5672423067E+01      0.5672423067E+01      0.9653418375E+00     -0.2314067927E+01
    0.5424962873E+01      0.5424962873E+01      0.1820302993E+01     -0.2000092760E+01
    0.5136596013E+01      0.5136596013E+01      0.2592208237E+01     -0.1323545986E+01
    0.4905270731E+01      0.4905270731E+01      0.3373146949E+01     -0.2036693096E+00
    0.4825256489E+01      0.4825256489E+01      0.4350124475E+01      0.1248735197E+01
    0.4963634511E+01      0.4963634511E+01      0.4851902846E+01      0.2570271465E+01
    0.5204541866E+01      0.5204541866E+01      0.4894996440E+01      0.3630678798E+01
    0.5618616736E+01      0.5618616736E+01      0.4658933604E+01      0.4022654115E+01
    0.5998715005E+01      0.5998715005E+01      0.4346039026E+01      0.3947421231E+01
    0.6293416417E+01      0.6293416417E+01      0.3973177657E+01      0.3693571025E+01
    0.6487869388E+01      0.6487869388E+01      0.3592206294E+01      0.3341855957E+01
    0.6616766989E+01      0.6616766989E+01      0.3297945201E+01      0.2977848831E+01
    0.6689704947E+01      0.6689704947E+01      0.3079971464E+01      0.2672594159E+01
    0.6742602989E+01      0.6742602989E+01      0.2920844928E+01      0.2415483519E+01
    0.6784399322E+01      0.6784399322E+01      0.2812502314E+01      0.2184261455E+01
    0.6815089532E+01      0.6815089532E+01      0.2739633964E+01      0.1981199649E+01
    0.6834593237E+01      0.6834593237E+01      0.2687917658E+01      0.1810886397E+01
    0.6846711581E+01      0.6846711581E+01      0.2649886478E+01      0.1672185997E+01
    0.6849367450E+01      0.6849367450E+01      0.2613715348E+01      0.1562386387E+01
    0.6843931627E+01      0.6843931627E+01      0.2580282052E+01      0.1474301096E+01
    0.6829104504E+01      0.6829104504E+01      0.2548342739E+01      0.1406321596E+01
    0.6806032987E+01      0.6806032987E+01      0.2513476867E+01      0.1355716848E+01
    0.6774647396E+01      0.6774647396E+01      0.2474288073E+01      0.1318829378E+01
    0.0000000000E+00      0.2000000000E+02      0.0000000000E+00      0.0000000000E+00
    0.5655370150E+01      0.5655370150E+01      0.4325463892E+00     -0.3280934727E+01
    0.5547014237E+01      0.5547014237E+01      0.6984690630E+00     -0.3159400880E+01
    0.5272375550E+01      0.5272375550E+01      0.1198116869E+01     -0.2754167879E+01
    0.4997595098E+01      0.4997595098E+01      0.1707147462E+01     -0.1991702279E+01
    0.4742127725E+01      0.4742127725E+01      0.2264205983E+01     -0.8815671510E+00
    0.4608487381E+01      0.4608487381E+01      0.3024326804E+01      0.6525865773E+00
    0.4764119784E+01      0.4764119784E+01      0.3644926283E+01      0.2290745770E+01
    0.5089454341E+01      0.5089454341E+01      0.3820124829E+01      0.3516676116E+01
    0.5529819500E+01      0.5529819500E+01      0.3724458193E+01      0.4019224950E+01
    0.5987348011E+01      0.5987348011E+01      0.3579928616E+01      0.4014311062E+01
    0.6349756242E+01      0.6349756242E+01      0.3387111992E+01      0.3798743712E+01
    0.6605585607E+01      0.6605585607E+01      0.3154575320E+01      0.3396972643E+01
    0.6754384259E+01      0.6754384259E+01      0.2937038264E+01      0.2955391636E+01
    0.6844083365E+01      0.6844083365E+01      0.2780886743E+01      0.2603580918E+01
    0.6893089766E+01      0.6893089766E+01      0.2674224978E+01      0.2322696450E+01
    0.6923305709E+01      0.6923305709E+01      0.2606780573E+01      0.2082479815E+01
    0.6944204925E+01      0.6944204925E+01      0.2566117275E+01      0.1877541994E+01
    0.6959514686E+01      0.6959514686E+01      0.2541617829E+01      0.1707825548E+01
    0.6969448355E+01      0.6969448355E+01      0.2524889585E+01      0.1569955833E+01
    0.6971783343E+01      0.6971783343E+01      0.2506690962E+01      0.1458527710E+01
    0.6968427768E+01      0.6968427768E+01      0.2492061927E+01      0.1366861016E+01
    0.6958841410E+01      0.6958841410E+01      0.2477758989E+01      0.1292476415E+01
    0.6940152404E+01      0.6940152404E+01      0.2461052877E+01      0.1235443349E+01
    0.6911450589E+01      0.6911450589E+01      0.2438968263E+01      0.1197502666E+01
    0.0000000000E+00      0.2000000000E+02      0.0000000000E+00      0.0000000000E+00
    0.5382622282E+01      0.5382622282E+01      0.8489493374E-01     -0.3948608875E+01
    0.5312927969E+01      0.5312927969E+01      0.1403026458E+00     -0.3689546495E+01
    0.5082888560E+01      0.5082888560E+01      0.3900329760E+00     -0.3324851983E+01
    0.4843980539E+01      0.4843980539E+01      0.6633834407E+00     -0.2521304952E+01
    0.4612999871E+01      0.4612999871E+01      0.1025116311E+01     -0.1401290441E+01
    0.4485563849E+01      0.4485563849E+01      0.1642619796E+01      0.1468949397E+00
    0.4689427385E+01      0.4689427385E+01      0.2202846466E+01      0.1995516630E+01
    0.5097655794E+01      0.5097655794E+01      0.2468988726E+01      0.3336331306E+01
    0.5600448527E+01      0.5600448527E+01      0.2564351531E+01      0.3840451523E+01
    0.6087968583E+01      0.6087968583E+01      0.2644428156E+01      0.3858208759E+01
    0.6449305038E+01      0.6449305038E+01      0.2651001273E+01      0.3709138481E+01
    0.6707646588E+01      0.6707646588E+01      0.2611572132E+01      0.3377839289E+01
    0.6865891162E+01      0.6865891162E+01      0.2534235786E+01      0.2949111530E+01
    0.6946910092E+01      0.6946910092E+01      0.2461728175E+01      0.2559283733E+01
    0.6985774733E+01      0.6985774733E+01      0.2418093788E+01      0.2257872139E+01
    0.7007906313E+01      0.7007906313E+01      0.2396629796E+01      0.2011193780E+01
    0.7024381272E+01      0.7024381272E+01      0.2389864255E+01      0.1805943277E+01
    0.7037032724E+01      0.7037032724E+01      0.2390226527E+01      0.1635589235E+01
    0.7047203666E+01      0.7047203666E+01      0.2394090510E+01      0.1497082246E+01
    0.7051570642E+01      0.7051570642E+01      0.2395557037E+01      0.1383726527E+01
    0.7050906018E+01      0.7050906018E+01      0.2396426037E+01      0.1288438404E+01
    0.7046624910E+01      0.7046624910E+01      0.2397252212E+01      0.1208122765E+01
    0.7037724684E+01      0.7037724684E+01      0.2396439689E+01      0.1143532060E+01
    0.7021664303E+01      0.7021664303E+01      0.2392663518E+01      0.1094282939E+01
    0.0000000000E+00      0.2000000000E+02      0.0000000000E+00      0.0000000000E+00
    0.5412673181E+01      0.5412673181E+01     -0.7927184346E-01     -0.4025174029E+01
    0.5300833162E+01      0.5300833162E+01     -0.2231602502E+00     -0.3826712007E+01
    0.5117030553E+01      0.5117030553E+01     -0.2636288561E+00     -0.3492989897E+01
    0.4907230494E+01      0.4907230494E+01     -0.2416872586E+00     -0.2703026871E+01
    0.4714558004E+01      0.4714558004E+01     -0.1550606925E+00     -0.1629162326E+01
    0.4625874904E+01      0.4625874904E+01      0.1827678756E+00     -0.1758277177E+00
    0.4830453935E+01      0.4830453935E+01      0.6176226775E+00      0.1663000261E+01
    0.5236181423E+01      0.5236181423E+01      0.1011590974E+01      0.2980625575E+01
    0.5700067839E+01      0.5700067839E+01      0.1368651124E+01      0.3560186634E+01
    0.6133489608E+01      0.6133489608E+01      0.1675264529E+01      0.3667690467E+01
    0.6488160925E+01      0.6488160925E+01      0.1897288583E+01      0.3579450062E+01
    0.6742844130E+01      0.6742844130E+01      0.2035602802E+01      0.3311910191E+01
    0.6893128735E+01      0.6893128735E+01      0.2089030135E+01      0.2908070649E+01
    0.6981797157E+01      0.6981797157E+01      0.2118480258E+01      0.2503121341E+01
    0.7029361281E+01      0.7029361281E+01      0.2147144044E+01      0.2192802163E+01
    0.7056092844E+01      0.7056092844E+01      0.2175295849E+01      0.1945863695E+01
    0.7073068634E+01      0.7073068634E+01      0.2201350141E+01      0.1744105567E+01
    0.7087455565E+01      0.7087455565E+01      0.2228607520E+01      0.1578016365E+01
    0.7101797479E+01      0.7101797479E+01      0.2256941851E+01      0.1442341775E+01
    0.7110086075E+01      0.7110086075E+01      0.2279776560E+01      0.1329248349E+01
    0.7112300681E+01      0.7112300681E+01      0.2297319762E+01      0.1233426190E+01
    0.7111861458E+01      0.7111861458E+01      0.2312900716E+01      0.1151680596E+01
    0.7108856230E+01      0.7108856230E+01      0.2326861772E+01      0.1082772073E+01
    0.7101107150E+01      0.7101107150E+01      0.2337463330E+01      0.1025481754E+01
    0.0000000000E+00      0.2000000000E+02      0.0000000000E+00      0.0000000000E+00
    0.5499255169E+01      0.5499255169E+01     -0.2181064995E+00     -0.3750533771E+01
    0.5445360354E+01      0.5445360354E+01     -0.5269939973E+00     -0.3702828584E+01
    0.5314622914E+01      0.5314622914E+01     -0.7894050358E+00     -0.3388228226E+01
    0.5154222330E+01      0.5154222330E+01     -0.9697904438E+00     -0.2688400607E+01
    0.5001216279E+01      0.5001216279E+01     -0.1067515165E+01     -0.1656390258E+01
    0.4953639740E+01      0.4953639740E+01     -0.9453303712E+00     -0.3259095163E+00
    0.5147512508E+01      0.5147512508E+01     -0.6798683940E+00      0.1296048514E+01
    0.5448235877E+01      0.5448235877E+01     -0.1911273826E+00      0.2547413947E+01
    0.5821903872E+01      0.5821903872E+01      0.3003285322E+00      0.3214860061E+01
    0.6188747965E+01      0.6188747965E+01      0.7574974228E+00      0.3410473578E+01
    0.6510217831E+01      0.6510217831E+01      0.1142056596E+01      0.3379794381E+01
    0.6758598292E+01      0.6758598292E+01      0.1438913003E+01      0.3160828575E+01
    0.6911730779E+01      0.6911730779E+01      0.1632032806E+01      0.2787717725E+01
    0.7002319913E+01      0.7002319913E+01      0.1769067449E+01      0.2395890056E+01
    0.7056759888E+01      0.7056759888E+01      0.1876267035E+01      0.2096533835E+01
    0.7086934989E+01      0.7086934989E+01      0.1955685227E+01      0.1861070233E+01
    0.7104218146E+01      0.7104218146E+01      0.2016015998E+01      0.1670742244E+01
    0.7120929197E+01      0.7120929197E+01      0.2069690711E+01      0.1515025927E+01
    0.7138102037E+01      0.7138102037E+01      0.2120294229E+01      0.1385262113E+01
    0.7149390532E+01      0.7149390532E+01      0.2162651856E+01      0.1274838525E+01
    0.7154279381E+01      0.7154279381E+01      0.2196821148E+01      0.1180567698E+01
    0.7155565493E+01      0.7155565493E+01      0.2225901791E+01      0.1098878368E+01
    0.7154599268E+01      0.7154599268E+01      0.2251990428E+01      0.1027388365E+01
    0.7149510463E+01      0.7149510463E+01      0.2274168339E+01      0.9649496068E+00
    0.0000000000E+00      0.2000000000E+02      0.0000000000E+00      0.0000000000E+00
    0.5647799361E+01      0.5647799361E+01     -0.2557062398E+00     -0.3340012496E+01
    0.5582152666E+01      0.5582152666E+01     -0.6626923080E+00     -0.3216564730E+01
    0.5499435267E+01      0.5499435267E+01     -0.1102957629E+01     -0.2955585659E+01
    0.5390218000E+01      0.5390218000E+01     -0.1455897613E+01     -0.2362408094E+01
    0.5303806767E+01      0.5303806767E+01     -0.1689143377E+01     -0.1441430623E+01
    0.5359358007E+01      0.5359358007E+01     -0.1721177077E+01     -0.2932178782E+00
    0.5500050481E+01      0.5500050481E+01     -0.1441768668E+01      0.9837967514E+00
    0.5756181210E+01      0.5756181210E+01     -0.9940184448E+00      0.2016572689E+01
    0.6048120552E+01      0.6048120552E+01     -0.4446412386E+00      0.2709226667E+01
    0.6338207400E+01      0.6338207400E+01      0.7972425210E-01      0.2988432240E+01
    0.6595742478E+01      0.6595742478E+01      0.5377764347E+00      0.3035392845E+01
    0.6806486897E+01      0.6806486897E+01      0.9345321795E+00      0.2880790334E+01
    0.6944625182E+01      0.6944625182E+01      0.1240970309E+01      0.2566268129E+01
    0.7028107024E+01      0.7028107024E+01      0.1466319258E+01      0.2222870468E+01
    0.7081330874E+01      0.7081330874E+01      0.1632088486E+01      0.1959878839E+01
    0.7111221108E+01      0.7111221108E+01      0.1749879576E+01      0.1750302126E+01
    0.7129563139E+01      0.7129563139E+01      0.1838492660E+01      0.1580352968E+01
    0.7147305160E+01      0.7147305160E+01      0.1914975033E+01      0.1439435779E+01
    0.7165006395E+01      0.7165006395E+01      0.1984481446E+01      0.1318067480E+01
    0.7177442573E+01      0.7177442573E+01      0.2043822369E+01      0.1212109039E+01
    0.7183034490E+01      0.7183034490E+01      0.2092438967E+01      0.1120447629E+01
    0.7184241058E+01      0.7184241058E+01      0.2133525942E+01      0.1040063922E+01
    0.7183184906E+01      0.7183184906E+01      0.2170483151E+01      0.9688661371E+00
    0.7179675634E+01      0.7179675634E+01      0.2203183718E+01      0.9065079314E+00
    0.0000000000E+00      0.2000000000E+02      0.0000000000E+00      0.0000000000E+00
    0.5825949083E+01      0.5825949083E+01     -0.3121685976E+00     -0.2826323738E+01
    0.5792513003E+01      0.5792513003E+01     -0.7421937559E+00     -0.2709443963E+01
    0.5751193658E+01      0.5751193658E+01     -0.1220482328E+01     -0.2467078327E+01
    0.5684057987E+01      0.5684057987E+01     -0.1634651516E+01     -0.1975263786E+01
    0.5653792986E+01      0.5653792986E+01     -0.1902494124E+01     -0.1185540601E+01
    0.5729636647E+01      0.5729636647E+01     -0.1996777851E+01     -0.2232883258E+00
    0.5852819332E+01      0.5852819332E+01     -0.1789430345E+01      0.7372139455E+00
    0.6046458729E+01      0.6046458729E+01     -0.1420137338E+01      0.1588309767E+01
    0.6251395009E+01      0.6251395009E+01     -0.9053162815E+00      0.2198173535E+01
    0.6481271878E+01      0.6481271878E+01     -0.3803267728E+00      0.2527379700E+01
    0.6689719457E+01      0.6689719457E+01      0.1240763247E+00      0.2621951429E+01
    0.6865773779E+01      0.6865773779E+01      0.5803458416E+00      0.2517989648E+01
    0.6983522774E+01      0.6983522774E+01      0.9457813772E+00      0.2277264801E+01
    0.7055232964E+01      0.7055232964E+01      0.1213709843E+01      0.2007153237E+01
    0.7102106457E+01      0.7102106457E+01      0.1407973563E+01      0.1793231483E+01
    0.7130197433E+01      0.7130197433E+01      0.1550116672E+01      0.1617719961E+01
    0.7150401583E+01      0.7150401583E+01      0.1662853693E+01      0.1471136807E+01
    0.7168111970E+01      0.7168111970E+01      0.1759923512E+01      0.1345637273E+01
    0.7184413706E+01      0.7184413706E+01      0.1846624946E+01      0.1234535182E+01
    0.7196503189E+01      0.7196503189E+01      0.1922000137E+01      0.1135174410E+01
    0.7202113951E+01      0.7202113951E+01      0.1985222890E+01      0.1047943118E+01
    0.7203169262E+01      0.7203169262E+01      0.2039351843E+01      0.9709695727E+00
    0.7202215699E+01      0.7202215699E+01      0.2088209801E+01      0.9026185275E+00
    0.7199146947E+01      0.7199146947E+01      0.2131874949E+01      0.8420851267E+00
    0.0000000000E+00      0.2000000000E+02      0.0000000000E+00      0.0000000000E+00
    0.6009029898E+01      0.6009029898E+01     -0.3065155373E+00     -0.2274508227E+01
    0.5987799999E+01      0.5987799999E+01     -0.7190208092E+00     -0.2162459164E+01
    0.5973572015E+01      0.5973572015E+01     -0.1177196449E+01     -0.1946321539E+01
    0.5939433642E+01      0.5939433642E+01     -0.1574434592E+01     -0.1553105412E+01
    0.5945764782E+01      0.5945764782E+01     -0.1831056830E+01     -0.9186298046E+00
    0.6028402918E+01      0.6028402918E+01     -0.1932589339E+01     -0.1672245425E+00
    0.6141480332E+01      0.6141480332E+01     -0.1787836752E+01      0.5611532669E+00
    0.6292142232E+01      0.6292142232E+01     -0.1490985028E+01      0.1244396688E+01
    0.6443935520E+01      0.6443935520E+01     -0.1064034313E+01      0.1745408678E+01
    0.6610217819E+01      0.6610217819E+01     -0.6002240964E+00      0.2053628937E+01
    0.6770492859E+01      0.6770492859E+01     -0.1178905014E+00      0.2172124470E+01
    0.6912861058E+01      0.6912861058E+01      0.3366486255E+00      0.2120349268E+01
    0.7013795061E+01      0.7013795061E+01      0.7129627427E+00      0.1960735934E+01
    0.7075125493E+01      0.7075125493E+01      0.9935431581E+00      0.1768687705E+01
    0.7116357101E+01      0.7116357101E+01      0.1202237703E+01      0.1605456967E+01
    0.7143398085E+01      0.7143398085E+01      0.1364154535E+01      0.1464550892E+01
    0.7165223769E+01      0.7165223769E+01      0.1499561507E+01      0.1340927173E+01
    0.7182860871E+01      0.7182860871E+01      0.1616330381E+01      0.1231292673E+01
    0.7197387764E+01      0.7197387764E+01      0.1718950540E+01      0.1132534483E+01
    0.7208637183E+01      0.7208637183E+01      0.1809220943E+01      0.1042145207E+01
    0.7214221255E+01      0.7214221255E+01      0.1886290887E+01      0.9616470302E+00
    0.7215270029E+01      0.7215270029E+01      0.1952325618E+01      0.8900436570E+00
    0.7214258547E+01      0.7214258547E+01      0.2011467296E+01      0.8258833244E+00
    0.7210761171E+01      0.7210761171E+01      0.2063923508E+01      0.7679297751E+00
    0.0000000000E+00      0.2000000000E+02      0.0000000000E+00      0.0000000000E+00
    0.6149632328E+01      0.6149632328E+01     -0.2664298416E+00     -0.1790869731E+01
    0.6140170044E+01      0.6140170044E+01     -0.6163821842E+00     -0.1687896364E+01
    0.6147846025E+01      0.6147846025E+01     -0.1008141067E+01     -0.1490724185E+01
    0.6147266147E+01      0.6147266147E+01     -0.1349315661E+01     -0.1168719554E+01
    0.6169288471E+01      0.6169288471E+01     -0.1596349969E+01     -0.6846453197E+00
    0.6245892493E+01      0.6245892493E+01     -0.1701292930E+01     -0.1143827139E+00
    0.6352409726E+01      0.6352409726E+01     -0.1619967657E+01      0.4342262885E+00
    0.6466497163E+01      0.6466497163E+01     -0.1381605104E+01      0.9566738926E+00
    0.6583546903E+01      0.6583546903E+01     -0.1020291780E+01      0.1356586264E+01
    0.6711085788E+01      0.6711085788E+01     -0.6113256478E+00      0.1626068883E+01
    0.6834012215E+01      0.6834012215E+01     -0.1914720259E+00      0.1747614173E+01
    0.6945424031E+01      0.6945424031E+01      0.2088986212E+00      0.1736000606E+01
    0.7030342253E+01      0.7030342253E+01      0.5536396764E+00      0.1643605053E+01
    0.7087590555E+01      0.7087590555E+01      0.8286167743E+00      0.1520838525E+01
    0.7125385579E+01      0.7125385579E+01      0.1044467306E+01      0.1402016854E+01
    0.7152390974E+01      0.7152390974E+01      0.1220735622E+01      0.1292406074E+01
    0.7174760034E+01      0.7174760034E+01      0.1372490843E+01      0.1191261104E+01
    0.7192284828E+01      0.7192284828E+01      0.1503997862E+01      0.1098568298E+01
    0.7205042596E+01      0.7205042596E+01      0.1618185436E+01      0.1013927420E+01
    0.7214981416E+01      0.7214981416E+01      0.1718867826E+01      0.9345337544E+00
    0.7220237138E+01      0.7220237138E+01      0.1805665756E+01      0.8621179909E+00
    0.7220990216E+01      0.7220990216E+01      0.1880374999E+01      0.7971590175E+00
    0.7219454416E+01      0.7219454416E+01      0.1946922042E+01      0.7381374928E+00
    0.7215028618E+01      0.7215028618E+01      0.2005405402E+01      0.6841611435E+00
    0.0000000000E+00      0.2000000000E+02      0.0000000000E+00      0.0000000000E+00
    0.6257645446E+01      0.6257645446E+01     -0.2227652952E+00     -0.1383092160E+01
    0.6253990025E+01      0.6253990025E+01     -0.5053772407E+00     -0.1294920032E+01
    0.6272462518E+01      0.6272462518E+01     -0.8269690856E+00     -0.1118786901E+01
    0.6290471874E+01      0.6290471874E+01     -0.1095405110E+01     -0.8559087337E+00
    0.6324485400E+01      0.6324485400E+01     -0.1291662922E+01     -0.4868719127E+00
    0.6395449766E+01      0.6395449766E+01     -0.1381179817E+01     -0.6398727607E-01
    0.6492942748E+01      0.6492942748E+01     -0.1334210421E+01      0.3453331746E+00
    0.6583965119E+01      0.6583965119E+01     -0.1157055896E+01      0.7232591731E+00
    0.6679067332E+01      0.6679067332E+01     -0.8788233636E+00      0.1027279137E+01
    0.6779203093E+01      0.6779203093E+01     -0.5422355914E+00      0.1251188263E+01
    0.6877488855E+01      0.6877488855E+01     -0.1799280679E+00      0.1377407460E+01
    0.6969132048E+01      0.6969132048E+01      0.1668468478E+00      0.1395878560E+01
    0.7040696637E+01      0.7040696637E+01      0.4719792637E+00      0.1347064892E+01
    0.7092159859E+01      0.7092159859E+01      0.7270220866E+00      0.1270375206E+01
    0.7129643688E+01      0.7129643688E+01      0.9400729927E+00      0.1188669801E+01
    0.7157205242E+01      0.7157205242E+01      0.1121925632E+01      0.1107304343E+01
    0.7179527468E+01      0.7179527468E+01      0.1280447117E+01      0.1027778173E+01
    0.7196997500E+01      0.7196997500E+01      0.1418816739E+01      0.9520678922E+00
    0.7208161730E+01      0.7208161730E+01      0.1537861070E+01      0.8815045063E+00
    0.7215711888E+01      0.7215711888E+01      0.1642630592E+01      0.8142623976E+00
    0.7220586591E+01      0.7220586591E+01      0.1735521059E+01      0.7507205111E+00
    0.7221048550E+01      0.7221048550E+01      0.1816109844E+01      0.6937506069E+00
    0.7219098201E+01      0.7219098201E+01      0.1888401789E+01      0.6419134189E+00
    0.7214652017E+01      0.7214652017E+01      0.1952200857E+01      0.5943762971E+00
    0.0000000000E+00      0.2000000000E+02      0.0000000000E+00      0.0000000000E+00
    0.6337689179E+01      0.6337689179E+01     -0.1785416771E+00     -0.1048878418E+01
    0.6336763388E+01      0.6336763388E+01     -0.4013894786E+00     -0.9795378081E+00
    0.6356749954E+01      0.6356749954E+01     -0.6530817809E+00     -0.8329474571E+00
    0.6381356226E+01      0.6381356226E+01     -0.8568060817E+00     -0.6242919161E+00
    0.6421300528E+01      0.6421300528E+01     -0.1001029603E+01     -0.3411387882E+00
    0.6490867928E+01      0.6490867928E+01     -0.1064222475E+01     -0.2624782350E-01
    0.6576676285E+01      0.6576676285E+01     -0.1019439172E+01      0.2771520319E+00
    0.6657555002E+01      0.6657555002E+01     -0.8832426043E+00      0.5478973723E+00
    0.6739918630E+01      0.6739918630E+01     -0.6736669568E+00      0.7720125009E+00
    0.6821690490E+01      0.6821690490E+01     -0.4108622001E+00      0.9422551269E+00
    0.6899507319E+01      0.6899507319E+01     -0.1215278979E+00      0.1051384620E+01
    0.6976246813E+01      0.6976246813E+01      0.1727019066E+00      0.1090164672E+01
    0.7040110184E+01      0.7040110184E+01      0.4400558836E+00      0.1072384749E+01
    0.7088987746E+01      0.7088987746E+01      0.6738552344E+00      0.1030494613E+01
    0.7125944457E+01      0.7125944457E+01      0.8763540861E+00      0.9766739979E+00
    0.7154815472E+01      0.7154815472E+01      0.1054070160E+01      0.9182919582E+00
    0.7177789353E+01      0.7177789353E+01      0.1211876932E+01      0.8581134363E+00
    0.7195135696E+01      0.7195135696E+01      0.1351653715E+01      0.7984169368E+00
    0.7206077517E+01      0.7206077517E+01      0.1473886469E+01      0.7416136677E+00
    0.7212016335E+01      0.7212016335E+01      0.1581162832E+01      0.6875245252E+00
    0.7216253672E+01      0.7216253672E+01      0.1677933304E+01      0.6348858767E+00
    0.7217673012E+01      0.7217673012E+01      0.1763262262E+01      0.5861886742E+00
    0.7216298675E+01      0.7216298675E+01      0.1839784468E+01      0.5426183344E+00
    0.7213192789E+01      0.7213192789E+01      0.1908249641E+01      0.5027588289E+00
    0.0000000000E+00      0.2000000000E+02      0.0000000000E+00      0.0000000000E+00
    0.6402794297E+01      0.6402794297E+01     -0.1415281101E+00     -0.7707034168E+00
    0.6400619870E+01      0.6400619870E+01     -0.3175536476E+00     -0.7220561355E+00
    0.6416214686E+01      0.6416214686E+01     -0.5115042471E+00     -0.6104097804E+00
    0.6439142911E+01      0.6439142911E+01     -0.6635438186E+00     -0.4540700561E+00
    0.6478551352E+01      0.6478551352E+01     -0.7648784826E+00     -0.2425332712E+00
    0.6547909152E+01      0.6547909152E+01     -0.8037438866E+00     -0.7670655677E-02
    0.6621640127E+01      0.6621640127E+01     -0.7527880067E+00      0.2120385063E+00
    0.6694972645E+01      0.6694972645E+01     -0.6388015038E+00      0.4067120457E+00
    0.6768677200E+01      0.6768677200E+01     -0.4716070544E+00      0.5709891631E+00
    0.6841489707E+01      0.6841489707E+01     -0.2647935078E+00      0.6977423917E+00
    0.6910207651E+01      0.6910207651E+01     -0.3470223236E-01      0.7829882256E+00
    0.6974390628E+01      0.6974390628E+01      0.2040528119E+00      0.8249795050E+00
    0.7033200433E+01      0.7033200433E+01      0.4362887957E+00      0.8275226910E+00
    0.7080247226E+01      0.7080247226E+01      0.6472173314E+00      0.8071894367E+00
    0.7117322114E+01      0.7117322114E+01      0.8364668432E+00      0.7736154192E+00
    0.7146896317E+01      0.7146896317E+01      0.1006562554E+01      0.7332096746E+00
    0.7170190120E+01      0.7170190120E+01      0.1159905418E+01      0.6889945532E+00
    0.7188242997E+01      0.7188242997E+01      0.1298484225E+01      0.6431615211E+00
    0.7200050802E+01      0.7200050802E+01      0.1421840017E+01      0.5985346037E+00
    0.7206421258E+01      0.7206421258E+01      0.1531294356E+01      0.5555048357E+00
    0.7210983524E+01      0.7210983524E+01      0.1631063509E+01      0.5144730353E+00
    0.7214009236E+01      0.7214009236E+01      0.1721473414E+01      0.4760282683E+00
    0.7213970807E+01      0.7213970807E+01      0.1801052178E+01      0.4417129082E+00
    0.7212375684E+01      0.7212375684E+01      0.1873563197E+01      0.4104931405E+00
    0.0000000000E+00      0.2000000000E+02      0.0000000000E+00      0.0000000000E+00
    0.6444339602E+01      0.6444339602E+01     -0.1159891021E+00     -0.5507531335E+00
    0.6443481206E+01      0.6443481206E+01     -0.2574325866E+00     -0.5161384613E+00
    0.6456280070E+01      0.6456280070E+01     -0.4102257211E+00     -0.4357563471E+00
    0.6477182811E+01      0.6477182811E+01     -0.5263971329E+00     -0.3242252486E+00
    0.6512742300E+01      0.6512742300E+01     -0.5972619446E+00     -0.1747496997E+00
    0.6581553058E+01      0.6581553058E+01     -0.6141777066E+00     -0.2189587119E-02
    0.6642507117E+01      0.6642507117E+01     -0.5610438204E+00      0.1462705409E+00
    0.6709616768E+01      0.6709616768E+01     -0.4655378444E+00      0.2859011742E+00
    0.6776075580E+01      0.6776075580E+01     -0.3254459365E+00      0.4030091880E+00
    0.6843305438E+01      0.6843305438E+01     -0.1531190275E+00      0.4965618976E+00
    0.6908193296E+01      0.6908193296E+01      0.4006904254E-01      0.5627060364E+00
    0.6968352675E+01      0.6968352675E+01      0.2422963472E+00      0.6007599779E+00
    0.7022539391E+01      0.7022539391E+01      0.4427989726E+00      0.6103256648E+00
    0.7068301387E+01      0.7068301387E+01      0.6329346816E+00      0.6019009293E+00
    0.7105842210E+01      0.7105842210E+01      0.8097670700E+00      0.5823788689E+00
    0.7136135973E+01      0.7136135973E+01      0.9725845615E+00      0.5551537746E+00
    0.7160108403E+01      0.7160108403E+01      0.1121955332E+01      0.5234184246E+00
    0.7179104968E+01      0.7179104968E+01      0.1259085344E+01      0.4893680162E+00
    0.7192753590E+01      0.7192753590E+01      0.1383336366E+01      0.4559034525E+00
    0.7201173679E+01      0.7201173679E+01      0.1494912660E+01      0.4244247496E+00
    0.7207510136E+01      0.7207510136E+01      0.1597095268E+01      0.3947528873E+00
    0.7212162536E+01      0.7212162536E+01      0.1690391494E+01      0.3669870761E+00
    0.7213391547E+01      0.7213391547E+01      0.1772784330E+01      0.3415733048E+00
    0.7212589262E+01      0.7212589262E+01      0.1846994454E+01      0.3182878609E+00
    0.0000000000E+00      0.2000000000E+02      0.0000000000E+00      0.0000000000E+00
    0.6469671703E+01      0.6469671703E+01     -0.9531623100E-01     -0.3685428780E+00
    0.6473278601E+01      0.6473278601E+01     -0.2142617173E+00     -0.3426205410E+00
    0.6486853688E+01      0.6486853688E+01     -0.3382904914E+00     -0.2870690687E+00
    0.6508271492E+01      0.6508271492E+01     -0.4299244719E+00     -0.2117850914E+00
    0.6541837981E+01      0.6541837981E+01     -0.4812255203E+00     -0.1136240199E+00
    0.6605426754E+01      0.6605426754E+01     -0.4866958249E+00      0.1810899494E-02
    0.6657873263E+01      0.6657873263E+01     -0.4365584358E+00      0.9458507652E-01
    0.6720333727E+01      0.6720333727E+01     -0.3524810676E+00      0.1910353076E+00
    0.6781898297E+01      0.6781898297E+01     -0.2292929103E+00      0.2688430170E+00
    0.6844600095E+01      0.6844600095E+01     -0.7887753393E-01      0.3330583155E+00
    0.6905164398E+01      0.6905164398E+01      0.9019655024E-01      0.3795650605E+00
    0.6961488828E+01      0.6961488828E+01      0.2687465081E+00      0.4077543802E+00
    0.7012659293E+01      0.7012659293E+01      0.4494067017E+00      0.4183283126E+00
    0.7057757531E+01      0.7057757531E+01      0.6260331203E+00      0.4155393341E+00
    0.7095572060E+01      0.7095572060E+01      0.7942285049E+00      0.4045612509E+00
    0.7126519335E+01      0.7126519335E+01      0.9519701096E+00      0.3869746401E+00
    0.7151332465E+01      0.7151332465E+01      0.1098422146E+01      0.3654834767E+00
    0.7171716958E+01      0.7171716958E+01      0.1234322106E+01      0.3419876707E+00
    0.7187609043E+01      0.7187609043E+01      0.1359001737E+01      0.3189336801E+00
    0.7198511918E+01      0.7198511918E+01      0.1471589906E+01      0.2977061324E+00
    0.7206493868E+01      0.7206493868E+01      0.1574595259E+01      0.2781001394E+00
    0.7212151129E+01      0.7212151129E+01      0.1668613589E+01      0.2597538258E+00
    0.7214207848E+01      0.7214207848E+01      0.1751988765E+01      0.2425499957E+00
    0.7214012695E+01      0.7214012695E+01      0.1826708961E+01      0.2268736351E+00
    0.0000000000E+00      0.2000000000E+02      0.0000000000E+00      0.0000000000E+00
    0.6479251175E+01      0.6479251175E+01     -0.8177138133E-01     -0.2159704282E+00
    0.6485180471E+01      0.6485180471E+01     -0.1852678487E+00     -0.1995009024E+00
    0.6501099071E+01      0.6501099071E+01     -0.2931705352E+00     -0.1658824053E+00
    0.6524125988E+01      0.6524125988E+01     -0.3717691122E+00     -0.1216651741E+00
    0.6558299137E+01      0.6558299137E+01     -0.4139442669E+00     -0.6510612247E-01
    0.6617924123E+01      0.6617924123E+01     -0.4118563247E+00      0.1004006762E-02
    0.6665625779E+01      0.6665625779E+01     -0.3629495060E+00      0.5036815631E-01
    0.6725775560E+01      0.6725775560E+01     -0.2850111498E+00      0.1084085235E+00
    0.6785240805E+01      0.6785240805E+01     -0.1721450302E+00      0.1536714948E+00
    0.6845261686E+01      0.6845261686E+01     -0.3481931885E-01      0.1919948775E+00
    0.6902855180E+01      0.6902855180E+01      0.1201019805E+00      0.2196634408E+00
    0.6956406652E+01      0.6956406652E+01      0.2853094182E+00      0.2361563602E+00
    0.7005294214E+01      0.7005294214E+01      0.4542824259E+00      0.2432247863E+00
    0.7049748219E+01      0.7049748219E+01      0.6225599976E+00      0.2424518006E+00
    0.7087618949E+01      0.7087618949E+01      0.7847799462E+00      0.2368240755E+00
    0.7119041550E+01      0.7119041550E+01      0.9384791788E+00      0.2268793783E+00
    0.7144746298E+01      0.7144746298E+01      0.1082298207E+01      0.2144894135E+00
    0.7166517303E+01      0.7166517303E+01      0.1216835005E+01      0.2009315957E+00
    0.7184509819E+01      0.7184509819E+01      0.1341389109E+01      0.1878140647E+00
    0.7197460794E+01      0.7197460794E+01      0.1454369770E+01      0.1759843813E+00
    0.7207044823E+01      0.7207044823E+01      0.1557786054E+01      0.1648068189E+00
    0.7213692019E+01      0.7213692019E+01      0.1652068731E+01      0.1550159824E+00
    0.7216003977E+01      0.7216003977E+01      0.1735714534E+01      0.1456024548E+00
    0.7215862016E+01      0.7215862016E+01      0.1811163570E+01      0.1367493597E+00
    0.0000000000E+00      0.2000000000E+02      0.0000000000E+00      0.0000000000E+00
    0.6487152416E+01      0.6487152416E+01     -0.7444685854E-01     -0.6890248014E-01
    0.6493254936E+01      0.6493254936E+01     -0.1688140090E+00     -0.6346573312E-01
    0.6509927167E+01      0.6509927167E+01     -0.2679691640E+00     -0.5229167270E-01
    0.6533492016E+01      0.6533492016E+01     -0.3398043970E+00     -0.3770365582E-01
    0.6568706599E+01      0.6568706599E+01     -0.3772358419E+00     -0.1891898529E-01
    0.6624689240E+01      0.6624689240E+01     -0.3741174181E+00      0.1246153338E-02
    0.6672678579E+01      0.6672678579E+01     -0.3288451592E+00      0.1736814077E-01
    0.6730644323E+01      0.6730644323E+01     -0.2530147605E+00      0.3631631404E-01
    0.6788792077E+01      0.6788792077E+01     -0.1448143483E+00      0.5101749363E-01
    0.6846433626E+01      0.6846433626E+01     -0.1282745998E-01      0.6322831816E-01
    0.6902114743E+01      0.6902114743E+01      0.1363567909E+00      0.7200335014E-01
    0.6954345424E+01      0.6954345424E+01      0.2962418137E+00      0.7726187049E-01
    0.7002265616E+01      0.7002265616E+01      0.4604038100E+00      0.7952975869E-01
    0.7046282062E+01      0.7046282062E+01      0.6248078754E+00      0.7932699412E-01
    0.7084100924E+01      0.7084100924E+01      0.7841818692E+00      0.7759515678E-01
    0.7115866959E+01      0.7115866959E+01      0.9360667360E+00      0.7446515588E-01
    0.7142249297E+01      0.7142249297E+01      0.1078885583E+01      0.7057131042E-01
    0.7164970339E+01      0.7164970339E+01      0.1213155999E+01      0.6631933320E-01
    0.7184188431E+01      0.7184188431E+01      0.1338157141E+01      0.6222439033E-01
    0.7198130116E+01      0.7198130116E+01      0.1451721391E+01      0.5853111517E-01
    0.7208329592E+01      0.7208329592E+01      0.1555821060E+01      0.5512867375E-01
    0.7214944615E+01      0.7214944615E+01      0.1650650608E+01      0.5200075488E-01
    0.7217038935E+01      0.7217038935E+01      0.1735189431E+01      0.4889878119E-01
    0.7216914518E+01      0.7216914518E+01      0.1812037589E+01      0.4603059808E-01
