    0.9442895651E+01      0.9442895651E+01      0.3934209814E+00      0.4749587368E+00
    0.9425614185E+01      0.9425614185E+01      0.3958454534E+00      0.5031204702E+00
    0.9409256515E+01      0.9409256515E+01      0.3965632594E+00      0.5312233962E+00
    0.9394001280E+01      0.9394001280E+01      0.3949031867E+00      0.5590522246E+00
    0.9380003763E+01      0.9380003763E+01      0.3914658219E+00      0.5866564222E+00
    0.9366916255E+01      0.9366916255E+01      0.3862832690E+00      0.6138913957E+00
    0.9354535437E+01      0.9354535437E+01      0.3792698659E+00      0.6408679564E+00
    0.9342910975E+01      0.9342910975E+01      0.3704758730E+00      0.6673476569E+00
    0.9332073234E+01      0.9332073234E+01      0.3598870540E+00      0.6932749748E+00
    0.9322042497E+01      0.9322042497E+01      0.3474702073E+00      0.7184562750E+00
    0.9312830757E+01      0.9312830757E+01      0.3332256124E+00      0.7427240270E+00
    0.9304433698E+01      0.9304433698E+01      0.3171862239E+00      0.7660154085E+00
    0.9296817889E+01      0.9296817889E+01      0.2994022541E+00      0.7881759040E+00
    0.9289943321E+01      0.9289943321E+01      0.2799266143E+00      0.8091142553E+00
    0.9283781315E+01      0.9283781315E+01      0.2588295241E+00      0.8286852177E+00
    0.9278311489E+01      0.9278311489E+01      0.2361905808E+00      0.8467823865E+00
    0.9273510443E+01      0.9273510443E+01      0.2121101946E+00      0.8632604807E+00
    0.9269358650E+01      0.9269358650E+01      0.1867096801E+00      0.8780065175E+00
    0.9265837640E+01      0.9265837640E+01      0.1601222935E+00      0.8908942602E+00
    0.9262927086E+01      0.9262927086E+01      0.1324992770E+00      0.9017799601E+00
    0.9260604220E+01      0.9260604220E+01      0.1040458173E+00      0.9105603782E+00
    0.9258779371E+01      0.9258779371E+01      0.7516752213E-01      0.9172970875E+00
    0.9255685706E+01      0.9255685706E+01      0.4472165482E-01      0.9247102255E+00
    0.9256602206E+01      0.9256602206E+01      0.1919284467E-01      0.9248504508E+00
    0.0000000000E+00      0.2000000000E+02      0.0000000000E+00      0.0000000000E+00
    0.9413910787E+01      0.9413910787E+01      0.4222389150E+00      0.4984405771E+00
    0.9396656003E+01      0.9396656003E+01      0.4245509889E+00      0.5277616787E+00
    0.9380154554E+01      0.9380154554E+01      0.4250167133E+00      0.5570781755E+00
    0.9364843061E+01      0.9364843061E+01      0.4231990485E+00      0.5861761519E+00
    0.9350666580E+01      0.9350666580E+01      0.4194891903E+00      0.6151724713E+00
    0.9337400195E+01      0.9337400195E+01      0.4139907750E+00      0.6438051573E+00
    0.9324947817E+01      0.9324947817E+01      0.4065676706E+00      0.6721917339E+00
    0.9313315157E+01      0.9313315157E+01      0.3972100675E+00      0.7000093974E+00
    0.9302547087E+01      0.9302547087E+01      0.3859161073E+00      0.7272432186E+00
    0.9292660168E+01      0.9292660168E+01      0.3726674516E+00      0.7537201074E+00
    0.9283594030E+01      0.9283594030E+01      0.3574752688E+00      0.7793127897E+00
    0.9275314505E+01      0.9275314505E+01      0.3403740383E+00      0.8039338749E+00
    0.9267800393E+01      0.9267800393E+01      0.3214104101E+00      0.8274144029E+00
    0.9261020669E+01      0.9261020669E+01      0.3006299041E+00      0.8496639151E+00
    0.9254946865E+01      0.9254946865E+01      0.2780985495E+00      0.8705085208E+00
    0.9249546505E+01      0.9249546505E+01      0.2538951768E+00      0.8898339571E+00
    0.9244801679E+01      0.9244801679E+01      0.2281217745E+00      0.9074752592E+00
    0.9240694038E+01      0.9240694038E+01      0.2008977685E+00      0.9233023021E+00
    0.9237205173E+01      0.9237205173E+01      0.1723663912E+00      0.9371705677E+00
    0.9234320447E+01      0.9234320447E+01      0.1426890032E+00      0.9489216750E+00
    0.9232017546E+01      0.9232017546E+01      0.1120819795E+00      0.9584152066E+00
    0.9230207195E+01      0.9230207195E+01      0.8096853747E-01      0.9656838695E+00
    0.9226984338E+01      0.9226984338E+01      0.4823183444E-01      0.9737484090E+00
    0.9227999191E+01      0.9227999191E+01      0.2068196881E-01      0.9738751921E+00
    0.0000000000E+00      0.2000000000E+02      0.0000000000E+00      0.0000000000E+00
    0.9384744908E+01      0.9384744908E+01      0.4521965981E+00      0.5217554403E+00
    0.9367475753E+01      0.9367475753E+01      0.4544776477E+00      0.5523070949E+00
    0.9350784715E+01      0.9350784715E+01      0.4547945094E+00      0.5828823270E+00
    0.9335400433E+01      0.9335400433E+01      0.4528739588E+00      0.6133377716E+00
    0.9321113629E+01      0.9321113629E+01      0.4489272876E+00      0.6437089012E+00
    0.9307800427E+01      0.9307800427E+01      0.4430880017E+00      0.6737273920E+00
    0.9295379917E+01      0.9295379917E+01      0.4352272479E+00      0.7034917559E+00
    0.9283817283E+01      0.9283817283E+01      0.4252761299E+00      0.7326683438E+00
    0.9273156753E+01      0.9273156753E+01      0.4132638204E+00      0.7613043866E+00
    0.9263367776E+01      0.9263367776E+01      0.3992051794E+00      0.7891931594E+00
    0.9254399243E+01      0.9254399243E+01      0.3830851831E+00      0.8162306779E+00
    0.9246214029E+01      0.9246214029E+01      0.3649280656E+00      0.8423152125E+00
    0.9238779503E+01      0.9238779503E+01      0.3447741009E+00      0.8672702297E+00
    0.9232060360E+01      0.9232060360E+01      0.3226689859E+00      0.8909913888E+00
    0.9226027620E+01      0.9226027620E+01      0.2986703517E+00      0.9132884314E+00
    0.9220650286E+01      0.9220650286E+01      0.2728559056E+00      0.9340328706E+00
    0.9215907693E+01      0.9215907693E+01      0.2453202459E+00      0.9530388998E+00
    0.9211784543E+01      0.9211784543E+01      0.2161838142E+00      0.9701468817E+00
    0.9208271038E+01      0.9208271038E+01      0.1855939040E+00      0.9851863391E+00
    0.9205355777E+01      0.9205355777E+01      0.1537233269E+00      0.9979718743E+00
    0.9203022034E+01      0.9203022034E+01      0.1208021588E+00      0.1008324445E+01
    0.9201185058E+01      0.9201185058E+01      0.8727787084E-01      0.1016238525E+01
    0.9197796867E+01      0.9197796867E+01      0.5204158510E-01      0.1025059932E+01
    0.9198909111E+01      0.9198909111E+01      0.2230230358E-01      0.1025187519E+01
    0.0000000000E+00      0.2000000000E+02      0.0000000000E+00      0.0000000000E+00
    0.9355356426E+01      0.9355356426E+01      0.4833754540E+00      0.5448813257E+00
    0.9338024702E+01      0.9338024702E+01      0.4856793851E+00      0.5766618197E+00
    0.9321184796E+01      0.9321184796E+01      0.4859286004E+00      0.6085409594E+00
    0.9305746140E+01      0.9305746140E+01      0.4839195950E+00      0.6403552153E+00
    0.9291422369E+01      0.9291422369E+01      0.4797698917E+00      0.6721085316E+00
    0.9278114078E+01      0.9278114078E+01      0.4736004682E+00      0.7035354615E+00
    0.9265766966E+01      0.9265766966E+01      0.4652854293E+00      0.7347217710E+00
    0.9254313026E+01      0.9254313026E+01      0.4547690118E+00      0.7653442951E+00
    0.9243738887E+01      0.9243738887E+01      0.4420756176E+00      0.7954860887E+00
    0.9234037450E+01      0.9234037450E+01      0.4272257902E+00      0.8249200892E+00
    0.9225134368E+01      0.9225134368E+01      0.4102000034E+00      0.8535595961E+00
    0.9216989794E+01      0.9216989794E+01      0.3910072019E+00      0.8812842808E+00
    0.9209566237E+01      0.9209566237E+01      0.3696773899E+00      0.9079151472E+00
    0.9202835315E+01      0.9202835315E+01      0.3462470018E+00      0.9333369562E+00
    0.9196761551E+01      0.9196761551E+01      0.3207644427E+00      0.9573280365E+00
    0.9191319845E+01      0.9191319845E+01      0.2932954995E+00      0.9797399436E+00
    0.9186492634E+01      0.9186492634E+01      0.2639279208E+00      0.1000359163E+01
    0.9182274194E+01      0.9182274194E+01      0.2327793855E+00      0.1018992341E+01
    0.9178662937E+01      0.9178662937E+01      0.2000009491E+00      0.1035428798E+01
    0.9175656154E+01      0.9175656154E+01      0.1657746621E+00      0.1049452526E+01
    0.9173242324E+01      0.9173242324E+01      0.1303481746E+00      0.1060838024E+01
    0.9171340310E+01      0.9171340310E+01      0.9420094277E-01      0.1069527894E+01
    0.9167750421E+01      0.9167750421E+01      0.5621289282E-01      0.1079219174E+01
    0.9168961047E+01      0.9168961047E+01      0.2408225748E-01      0.1079364043E+01
    0.0000000000E+00      0.2000000000E+02      0.0000000000E+00      0.0000000000E+00
    0.9325708458E+01      0.9325708458E+01      0.5158104362E+00      0.5677123007E+00
    0.9308299114E+01      0.9308299114E+01      0.5181848530E+00      0.6007451283E+00
    0.9291384373E+01      0.9291384373E+01      0.5184484452E+00      0.6339685529E+00
    0.9275900170E+01      0.9275900170E+01      0.5163683213E+00      0.6671811277E+00
    0.9261569104E+01      0.9261569104E+01      0.5120371534E+00      0.7003720181E+00
    0.9248284773E+01      0.9248284773E+01      0.5055678068E+00      0.7332865535E+00
    0.9235999118E+01      0.9235999118E+01      0.4968366211E+00      0.7659998669E+00
    0.9224631543E+01      0.9224631543E+01      0.4857944066E+00      0.7981656910E+00
    0.9214118819E+01      0.9214118819E+01      0.4724714197E+00      0.8299456776E+00
    0.9204445992E+01      0.9204445992E+01      0.4568889383E+00      0.8610725399E+00
    0.9195550058E+01      0.9195550058E+01      0.4390116568E+00      0.8915000176E+00
    0.9187378392E+01      0.9187378392E+01      0.4188298651E+00      0.9210744119E+00
    0.9179888983E+01      0.9179888983E+01      0.3963584882E+00      0.9496136746E+00
    0.9173058981E+01      0.9173058981E+01      0.3716166040E+00      0.9769825756E+00
    0.9166863149E+01      0.9166863149E+01      0.3446356686E+00      0.1002929251E+01
    0.9161279023E+01      0.9161279023E+01      0.3154693571E+00      0.1027271346E+01
    0.9156298584E+01      0.9156298584E+01      0.2841944643E+00      0.1049765209E+01
    0.9151925138E+01      0.9151925138E+01      0.2509214267E+00      0.1070174704E+01
    0.9148165818E+01      0.9148165818E+01      0.2158014126E+00      0.1088241312E+01
    0.9145026931E+01      0.9145026931E+01      0.1790286356E+00      0.1103708817E+01
    0.9142505150E+01      0.9142505150E+01      0.1408698118E+00      0.1116303877E+01
    0.9140518934E+01      0.9140518934E+01      0.1018476272E+00      0.1125901514E+01
    0.9136702622E+01      0.9136702622E+01      0.6081716270E-01      0.1136582315E+01
    0.9138018125E+01      0.9138018125E+01      0.2605108832E-01      0.1136759276E+01
    0.0000000000E+00      0.2000000000E+02      0.0000000000E+00      0.0000000000E+00
    0.9295795711E+01      0.9295795711E+01      0.5495470133E+00      0.5901580793E+00
    0.9278316463E+01      0.9278316463E+01      0.5520463284E+00      0.6245003458E+00
    0.9261385411E+01      0.9261385411E+01      0.5523983411E+00      0.6590976939E+00
    0.9245847740E+01      0.9245847740E+01      0.5502690455E+00      0.6937533879E+00
    0.9231509087E+01      0.9231509087E+01      0.5457915811E+00      0.7284357176E+00
    0.9218246798E+01      0.9218246798E+01      0.5390876396E+00      0.7629349458E+00
    0.9205998084E+01      0.9205998084E+01      0.5300400388E+00      0.7973133258E+00
    0.9194628437E+01      0.9194628437E+01      0.5185386180E+00      0.8312103863E+00
    0.9184117318E+01      0.9184117318E+01      0.5046394208E+00      0.8647814228E+00
    0.9174414598E+01      0.9174414598E+01      0.4883832950E+00      0.8977815474E+00
    0.9165457483E+01      0.9165457483E+01      0.4697200805E+00      0.9301872473E+00
    0.9157201276E+01      0.9157201276E+01      0.4486110716E+00      0.9618096555E+00
    0.9149600813E+01      0.9149600813E+01      0.4250430114E+00      0.9924711373E+00
    0.9142628477E+01      0.9142628477E+01      0.3990109590E+00      0.1022012895E+01
    0.9136265700E+01      0.9136265700E+01      0.3705256029E+00      0.1050150905E+01
    0.9130504118E+01      0.9130504118E+01      0.3396193306E+00      0.1076671653E+01
    0.9125344110E+01      0.9125344110E+01      0.3063562851E+00      0.1101290847E+01
    0.9120795854E+01      0.9120795854E+01      0.2708339644E+00      0.1123724986E+01
    0.9116875077E+01      0.9116875077E+01      0.2332022431E+00      0.1143658563E+01
    0.9113595924E+01      0.9113595924E+01      0.1936660743E+00      0.1160786438E+01
    0.9110958990E+01      0.9110958990E+01      0.1525163111E+00      0.1174777384E+01
    0.9108885127E+01      0.9108885127E+01      0.1103269413E+00      0.1185422610E+01
    0.9104825950E+01      0.9104825950E+01      0.6592810083E-01      0.1197217122E+01
    0.9106258117E+01      0.9106258117E+01      0.2823838773E-01      0.1197442602E+01
    0.0000000000E+00      0.2000000000E+02      0.0000000000E+00      0.0000000000E+00
    0.9265628980E+01      0.9265628980E+01      0.5846348064E+00      0.6121460949E+00
    0.9248080582E+01      0.9248080582E+01      0.5872928582E+00      0.6478837591E+00
    0.9231168780E+01      0.9231168780E+01      0.5878085329E+00      0.6838622629E+00
    0.9215555364E+01      0.9215555364E+01      0.5856731337E+00      0.7200113972E+00
    0.9201209058E+01      0.9201209058E+01      0.5811177690E+00      0.7562518369E+00
    0.9187967774E+01      0.9187967774E+01      0.5742675852E+00      0.7924263480E+00
    0.9175732491E+01      0.9175732491E+01      0.5650079934E+00      0.8285559952E+00
    0.9164342533E+01      0.9164342533E+01      0.5531794880E+00      0.8643435437E+00
    0.9153775254E+01      0.9153775254E+01      0.5387935659E+00      0.8998718714E+00
    0.9144011681E+01      0.9144011681E+01      0.5219256536E+00      0.9348775694E+00
    0.9134960441E+01      0.9134960441E+01      0.5025286779E+00      0.9694357972E+00
    0.9126581500E+01      0.9126581500E+01      0.4805461908E+00      0.1003297223E+01
    0.9118834300E+01      0.9118834300E+01      0.4559301047E+00      0.1036287314E+01
    0.9111694919E+01      0.9111694919E+01      0.4286418979E+00      0.1068227331E+01
    0.9105145574E+01      0.9105145574E+01      0.3986569281E+00      0.1098802546E+01
    0.9099184422E+01      0.9099184422E+01      0.3659801123E+00      0.1127763526E+01
    0.9093826797E+01      0.9093826797E+01      0.3306515632E+00      0.1154783304E+01
    0.9089087977E+01      0.9089087977E+01      0.2927532631E+00      0.1179525250E+01
    0.9084991469E+01      0.9084991469E+01      0.2524274087E+00      0.1201606115E+01
    0.9081557859E+01      0.9081557859E+01      0.2098890899E+00      0.1220656926E+01
    0.9078794983E+01      0.9078794983E+01      0.1654567246E+00      0.1236279087E+01
    0.9076625537E+01      0.9076625537E+01      0.1197647038E+00      0.1248154430E+01
    0.9072305830E+01      0.9072305830E+01      0.7162459243E-01      0.1261217111E+01
    0.9073867130E+01      0.9073867130E+01      0.3067773698E-01      0.1261516843E+01
    0.0000000000E+00      0.2000000000E+02      0.0000000000E+00      0.0000000000E+00
    0.9235223991E+01      0.9235223991E+01      0.6211186720E+00      0.6336184807E+00
    0.9217567567E+01      0.9217567567E+01      0.6239502434E+00      0.6708171466E+00
    0.9200706305E+01      0.9200706305E+01      0.6247133020E+00      0.7081937117E+00
    0.9185000300E+01      0.9185000300E+01      0.6226358330E+00      0.7458846516E+00
    0.9170649357E+01      0.9170649357E+01      0.6181027344E+00      0.7837460245E+00
    0.9157430952E+01      0.9157430952E+01      0.6112055917E+00      0.8216673204E+00
    0.9145200210E+01      0.9145200210E+01      0.6018086022E+00      0.8596169340E+00
    0.9133795124E+01      0.9133795124E+01      0.5897665631E+00      0.8973775050E+00
    0.9123197689E+01      0.9123197689E+01      0.5750587257E+00      0.9349899998E+00
    0.9113367168E+01      0.9113367168E+01      0.5576945604E+00      0.9721465212E+00
    0.9104224786E+01      0.9104224786E+01      0.5376426699E+00      0.1008982957E+01
    0.9095701723E+01      0.9095701723E+01      0.5148533473E+00      0.1045260658E+01
    0.9087761475E+01      0.9087761475E+01      0.4892552043E+00      0.1080808841E+01
    0.9080393092E+01      0.9080393092E+01      0.4607631374E+00      0.1115420851E+01
    0.9073589652E+01      0.9073589652E+01      0.4293040994E+00      0.1148748356E+01
    0.9067365339E+01      0.9067365339E+01      0.3948402017E+00      0.1180499918E+01
    0.9061745177E+01      0.9061745177E+01      0.3573815050E+00      0.1210285387E+01
    0.9056756492E+01      0.9056756492E+01      0.3169820180E+00      0.1237712658E+01
    0.9052429285E+01      0.9052429285E+01      0.2737694655E+00      0.1262314873E+01
    0.9048792928E+01      0.9048792928E+01      0.2279656840E+00      0.1283643640E+01
    0.9045863129E+01      0.9045863129E+01      0.1799191108E+00      0.1301216984E+01
    0.9043563973E+01      0.9043563973E+01      0.1303354167E+00      0.1314577599E+01
    0.9038946734E+01      0.9038946734E+01      0.7800790343E-01      0.1329108025E+01
    0.9040646481E+01      0.9040646481E+01      0.3341498535E-01      0.1329523617E+01
    0.0000000000E+00      0.2000000000E+02      0.0000000000E+00      0.0000000000E+00
    0.9204554756E+01      0.9204554756E+01      0.6590309289E+00      0.6544946593E+00
    0.9186759554E+01      0.9186759554E+01      0.6620561409E+00      0.6931991047E+00
    0.9169980077E+01      0.9169980077E+01      0.6631542407E+00      0.7320142086E+00
    0.9154165389E+01      0.9154165389E+01      0.6612164973E+00      0.7712769014E+00
    0.9139823837E+01      0.9139823837E+01      0.6568222746E+00      0.8108087983E+00
    0.9126626607E+01      0.9126626607E+01      0.6499877062E+00      0.8505339069E+00
    0.9114382920E+01      0.9114382920E+01      0.6405463375E+00      0.8903803519E+00
    0.9102946779E+01      0.9102946779E+01      0.6283950736E+00      0.9302101553E+00
    0.9092290644E+01      0.9092290644E+01      0.6135187349E+00      0.9700396803E+00
    0.9082357085E+01      0.9082357085E+01      0.5958129810E+00      0.1009577927E+01
    0.9073081013E+01      0.9073081013E+01      0.5752433518E+00      0.1048881344E+01
    0.9064358210E+01      0.9064358210E+01      0.5517753315E+00      0.1087778086E+01
    0.9056158012E+01      0.9056158012E+01      0.5253125499E+00      0.1126149235E+01
    0.9048471981E+01      0.9048471981E+01      0.4957144026E+00      0.1163763947E+01
    0.9041306707E+01      0.9041306707E+01      0.4628432528E+00      0.1200235826E+01
    0.9034698198E+01      0.9034698198E+01      0.4266036736E+00      0.1235218595E+01
    0.9028698372E+01      0.9028698372E+01      0.3869608944E+00      0.1268244107E+01
    0.9023349120E+01      0.9023349120E+01      0.3439341417E+00      0.1298844239E+01
    0.9018694497E+01      0.9018694497E+01      0.2976270593E+00      0.1326453003E+01
    0.9014773184E+01      0.9014773184E+01      0.2482615782E+00      0.1350520950E+01
    0.9011607957E+01      0.9011607957E+01      0.1962159397E+00      0.1370462107E+01
    0.9009123441E+01      0.9009123441E+01      0.1422802344E+00      0.1385645671E+01
    0.9004156931E+01      0.9004156931E+01      0.8521942352E-01      0.1401895472E+01
    0.9006001908E+01      0.9006001908E+01      0.3651461057E-01      0.1402487770E+01
    0.0000000000E+00      0.2000000000E+02      0.0000000000E+00      0.0000000000E+00
    0.9173580369E+01      0.9173580369E+01      0.6983676658E+00      0.6746778960E+00
    0.9155659058E+01      0.9155659058E+01      0.7016564287E+00      0.7149066800E+00
    0.9138978613E+01      0.9138978613E+01      0.7031571268E+00      0.7552369098E+00
    0.9123045224E+01      0.9123045224E+01      0.7014520948E+00      0.7960648177E+00
    0.9108716669E+01      0.9108716669E+01      0.6973349649E+00      0.8373063728E+00
    0.9095547117E+01      0.9095547117E+01      0.6906835678E+00      0.8788930402E+00
    0.9083253144E+01      0.9083253144E+01      0.6813172879E+00      0.9207292898E+00
    0.9071740054E+01      0.9071740054E+01      0.6692057950E+00      0.9627329405E+00
    0.9060965987E+01      0.9060965987E+01      0.6543351094E+00      0.1004929806E+01
    0.9050820903E+01      0.9050820903E+01      0.6365236706E+00      0.1047127271E+01
    0.9041251609E+01      0.9041251609E+01      0.6156413658E+00      0.1089246200E+01
    0.9032172925E+01      0.9032172925E+01      0.5916522648E+00      0.1131105577E+01
    0.9023561322E+01      0.9023561322E+01      0.5644649821E+00      0.1172649278E+01
    0.9015421558E+01      0.9015421558E+01      0.5338917136E+00      0.1213652725E+01
    0.9007771808E+01      0.9007771808E+01      0.4997114953E+00      0.1253706150E+01
    0.9000663102E+01      0.9000663102E+01      0.4617447098E+00      0.1292408516E+01
    0.8994168492E+01      0.8994168492E+01      0.4198899973E+00      0.1329200657E+01
    0.8988353861E+01      0.8988353861E+01      0.3741150082E+00      0.1363531025E+01
    0.8983278523E+01      0.8983278523E+01      0.3244906088E+00      0.1394711698E+01
    0.8978993452E+01      0.8978993452E+01      0.2712289220E+00      0.1422066393E+01
    0.8975529080E+01      0.8975529080E+01      0.2147361828E+00      0.1444876899E+01
    0.8972809649E+01      0.8972809649E+01      0.1558981505E+00      0.1462297511E+01
    0.8967444229E+01      0.8967444229E+01      0.9344343172E-01      0.1480558658E+01
    0.8969445119E+01      0.8969445119E+01      0.4005890428E-01      0.1481408563E+01
    0.0000000000E+00      0.2000000000E+02      0.0000000000E+00      0.0000000000E+00
    0.9142245512E+01      0.9142245512E+01      0.7391230371E+00      0.6940691894E+00
    0.9124294407E+01      0.9124294407E+01      0.7427973071E+00      0.7358204180E+00
    0.9107690931E+01      0.9107690931E+01      0.7447203775E+00      0.7777565751E+00
    0.9091624927E+01      0.9091624927E+01      0.7433707209E+00      0.8200941872E+00
    0.9077327352E+01      0.9077327352E+01      0.7396936107E+00      0.8631070422E+00
    0.9064158326E+01      0.9064158326E+01      0.7333575123E+00      0.9066092171E+00
    0.9051765172E+01      0.9051765172E+01      0.7242255272E+00      0.9505301675E+00
    0.9040108228E+01      0.9040108228E+01      0.7123536669E+00      0.9948328335E+00
    0.9029131131E+01      0.9029131131E+01      0.6977069442E+00      0.1039567429E+01
    0.9018678496E+01      0.9018678496E+01      0.6800787822E+00      0.1084630425E+01
    0.9008632280E+01      0.9008632280E+01      0.6591866369E+00      0.1129930472E+01
    0.8999027953E+01      0.8999027953E+01      0.6349312665E+00      0.1175153348E+01
    0.8989847017E+01      0.8989847017E+01      0.6072124189E+00      0.1220265020E+01
    0.8981100961E+01      0.8981100961E+01      0.5758033076E+00      0.1265084565E+01
    0.8972830467E+01      0.8972830467E+01      0.5404130169E+00      0.1309190517E+01
    0.8965111134E+01      0.8965111134E+01      0.5007749150E+00      0.1352132855E+01
    0.8958036632E+01      0.8958036632E+01      0.4566975079E+00      0.1393258444E+01
    0.8951687384E+01      0.8951687384E+01      0.4080705873E+00      0.1431921550E+01
    0.8946136420E+01      0.8946136420E+01      0.3549049338E+00      0.1467302004E+01
    0.8941441844E+01      0.8941441844E+01      0.2973836732E+00      0.1498569862E+01
    0.8937641936E+01      0.8937641936E+01      0.2359310429E+00      0.1524839916E+01
    0.8934658611E+01      0.8934658611E+01      0.1715365598E+00      0.1545000113E+01
    0.8928861208E+01      0.8928861208E+01      0.1029034993E+00      0.1565605229E+01
    0.8931035688E+01      0.8931035688E+01      0.4414579588E-01      0.1566821726E+01
    0.0000000000E+00      0.2000000000E+02      0.0000000000E+00      0.0000000000E+00
    0.9110530602E+01      0.9110530602E+01      0.7812702294E+00      0.7125825766E+00
    0.9092665795E+01      0.9092665795E+01      0.7855264573E+00      0.7558092274E+00
    0.9076095961E+01      0.9076095961E+01      0.7878181912E+00      0.7994348758E+00
    0.9059899945E+01      0.9059899945E+01      0.7870437284E+00      0.8432270595E+00
    0.9045656517E+01      0.9045656517E+01      0.7839575355E+00      0.8880733696E+00
    0.9032415693E+01      0.9032415693E+01      0.7780637045E+00      0.9335373495E+00
    0.9019854660E+01      0.9019854660E+01      0.7693776933E+00      0.9796293683E+00
    0.9007983295E+01      0.9007983295E+01      0.7579950390E+00      0.1026361506E+01
    0.8996709584E+01      0.8996709584E+01      0.7438350989E+00      0.1073793149E+01
    0.8985844874E+01      0.8985844874E+01      0.7266394594E+00      0.1121883414E+01
    0.8975270529E+01      0.8975270529E+01      0.7061398625E+00      0.1170576253E+01
    0.8964988529E+01      0.8964988529E+01      0.6819989809E+00      0.1219576012E+01
    0.8955133427E+01      0.8955133427E+01      0.6540120318E+00      0.1268651629E+01
    0.8945714867E+01      0.8945714867E+01      0.6219571722E+00      0.1317649694E+01
    0.8936765613E+01      0.8936765613E+01      0.5854987101E+00      0.1366223894E+01
    0.8928380854E+01      0.8928380854E+01      0.5442763096E+00      0.1413907241E+01
    0.8920670089E+01      0.8920670089E+01      0.4979859712E+00      0.1459963453E+01
    0.8913734602E+01      0.8913734602E+01      0.4464147388E+00      0.1503639101E+01
    0.8907662247E+01      0.8907662247E+01      0.3894857856E+00      0.1543955494E+01
    0.8902522898E+01      0.8902522898E+01      0.3273214443E+00      0.1579895980E+01
    0.8898359219E+01      0.8898359219E+01      0.2603388133E+00      0.1610359988E+01
    0.8895089261E+01      0.8895089261E+01      0.1896210847E+00      0.1633914118E+01
    0.8888836463E+01      0.8888836463E+01      0.1138763424E+00      0.1657258505E+01
    0.8891206685E+01      0.8891206685E+01      0.4889992425E-01      0.1659003995E+01
    0.0000000000E+00      0.2000000000E+02      0.0000000000E+00      0.0000000000E+00
    0.9078454103E+01      0.9078454103E+01      0.8247477313E+00      0.7301306975E+00
    0.9060755398E+01      0.9060755398E+01      0.8298234849E+00      0.7747424438E+00
    0.9044071468E+01      0.9044071468E+01      0.8324529323E+00      0.8200653733E+00
    0.9027994682E+01      0.9027994682E+01      0.8325778751E+00      0.8653792355E+00
    0.9013655678E+01      0.9013655678E+01      0.8301200776E+00      0.9120692725E+00
    0.9000240230E+01      0.9000240230E+01      0.8248566787E+00      0.9595072706E+00
    0.8987472419E+01      0.8987472419E+01      0.8168927104E+00      0.1007839342E+01
    0.8975319935E+01      0.8975319935E+01      0.8062847655E+00      0.1057119231E+01
    0.8963654990E+01      0.8963654990E+01      0.7928841942E+00      0.1107384804E+01
    0.8952277494E+01      0.8952277494E+01      0.7764216409E+00      0.1158643141E+01
    0.8941101550E+01      0.8941101550E+01      0.7566106122E+00      0.1210883253E+01
    0.8930140825E+01      0.8930140825E+01      0.7330691828E+00      0.1263900619E+01
    0.8919491649E+01      0.8919491649E+01      0.7052732842E+00      0.1317408349E+01
    0.8909328112E+01      0.8909328112E+01      0.6728435501E+00      0.1371028637E+01
    0.8899714731E+01      0.8899714731E+01      0.6354969156E+00      0.1424442447E+01
    0.8890680090E+01      0.8890680090E+01      0.5928317207E+00      0.1477324832E+01
    0.8882332353E+01      0.8882332353E+01      0.5444118546E+00      0.1528909842E+01
    0.8874779878E+01      0.8874779878E+01      0.4898726817E+00      0.1578349928E+01
    0.8868127352E+01      0.8868127352E+01      0.4289997181E+00      0.1624493857E+01
    0.8862468049E+01      0.8862468049E+01      0.3618043346E+00      0.1666086795E+01
    0.8857865514E+01      0.8857865514E+01      0.2886586454E+00      0.1701733495E+01
    0.8854240289E+01      0.8854240289E+01      0.2107207271E+00      0.1729600653E+01
    0.8847493457E+01      0.8847493457E+01      0.1267251927E+00      0.1756208201E+01
    0.8850076204E+01      0.8850076204E+01      0.5448756368E-01      0.1758735995E+01
    0.0000000000E+00      0.2000000000E+02      0.0000000000E+00      0.0000000000E+00
    0.9045977754E+01      0.9045977754E+01      0.8695629858E+00      0.7465746658E+00
    0.9028539813E+01      0.9028539813E+01      0.8755771075E+00      0.7925094880E+00
    0.9011630923E+01      0.9011630923E+01      0.8787255717E+00      0.8394141085E+00
    0.8995917246E+01      0.8995917246E+01      0.8799349945E+00      0.8865201895E+00
    0.8981231242E+01      0.8981231242E+01      0.8781683082E+00      0.9348856963E+00
    0.8967582228E+01      0.8967582228E+01      0.8738160334E+00      0.9843286734E+00
    0.8954595184E+01      0.8954595184E+01      0.8668927141E+00      0.1034956475E+01
    0.8942108705E+01      0.8942108705E+01      0.8573378085E+00      0.1086865265E+01
    0.8929941361E+01      0.8929941361E+01      0.8449789398E+00      0.1140053574E+01
    0.8917968764E+01      0.8917968764E+01      0.8295871413E+00      0.1194582992E+01
    0.8906122882E+01      0.8906122882E+01      0.8108389475E+00      0.1250507307E+01
    0.8894427797E+01      0.8894427797E+01      0.7882627070E+00      0.1307718417E+01
    0.8882991048E+01      0.8882991048E+01      0.7612208203E+00      0.1365970589E+01
    0.8871966993E+01      0.8871966993E+01      0.7289856336E+00      0.1424813195E+01
    0.8861565117E+01      0.8861565117E+01      0.6910615927E+00      0.1483692819E+01
    0.8851856459E+01      0.8851856459E+01      0.6471440456E+00      0.1542299305E+01
    0.8842811178E+01      0.8842811178E+01      0.5967423019E+00      0.1600106061E+01
    0.8834547993E+01      0.8834547993E+01      0.5393097243E+00      0.1656210911E+01
    0.8827186760E+01      0.8827186760E+01      0.4744108154E+00      0.1709300627E+01
    0.8820848080E+01      0.8820848080E+01      0.4018497326E+00      0.1757840018E+01
    0.8815635440E+01      0.8815635440E+01      0.3218698983E+00      0.1800038216E+01
    0.8811490965E+01      0.8811490965E+01      0.2356596127E+00      0.1833550575E+01
    0.8804154960E+01      0.8804154960E+01      0.1419694932E+00      0.1864180084E+01
    0.8806947855E+01      0.8806947855E+01      0.6115787656E-01      0.1867896668E+01
    0.0000000000E+00      0.2000000000E+02      0.0000000000E+00      0.0000000000E+00
    0.9013126218E+01      0.9013126218E+01      0.9156611319E+00      0.7617745293E+00
    0.8995879465E+01      0.8995879465E+01      0.9227548430E+00      0.8089419579E+00
    0.8978944923E+01      0.8978944923E+01      0.9266975997E+00      0.8573913545E+00
    0.8963497486E+01      0.8963497486E+01      0.9290118058E+00      0.9064612973E+00
    0.8948333739E+01      0.8948333739E+01      0.9281468428E+00      0.9563083662E+00
    0.8934466786E+01      0.8934466786E+01      0.9250464138E+00      0.1007802166E+01
    0.8921245749E+01      0.8921245749E+01      0.9194183691E+00      0.1060778304E+01
    0.8908314929E+01      0.8908314929E+01      0.9111743814E+00      0.1115307312E+01
    0.8895567722E+01      0.8895567722E+01      0.9001919012E+00      0.1171453104E+01
    0.8882940077E+01      0.8882940077E+01      0.8862699831E+00      0.1229305448E+01
    0.8870366091E+01      0.8870366091E+01      0.8690233828E+00      0.1289015068E+01
    0.8857862571E+01      0.8857862571E+01      0.8478443893E+00      0.1350561627E+01
    0.8845584249E+01      0.8845584249E+01      0.8219970328E+00      0.1413773713E+01
    0.8833696438E+01      0.8833696438E+01      0.7906793281E+00      0.1478261147E+01
    0.8822332143E+01      0.8822332143E+01      0.7529603471E+00      0.1543453307E+01
    0.8811694999E+01      0.8811694999E+01      0.7082414313E+00      0.1608709400E+01
    0.8801742337E+01      0.8801742337E+01      0.6561158577E+00      0.1673635784E+01
    0.8792467674E+01      0.8792467674E+01      0.5959560857E+00      0.1737586664E+01
    0.8784045479E+01      0.8784045479E+01      0.5270525452E+00      0.1799123920E+01
    0.8776656325E+01      0.8776656325E+01      0.4488643112E+00      0.1856396019E+01
    0.8770471693E+01      0.8770471693E+01      0.3613546446E+00      0.1907088263E+01
    0.8765476437E+01      0.8765476437E+01      0.2656400401E+00      0.1948200198E+01
    0.8757374626E+01      0.8757374626E+01      0.1603791050E+00      0.1983995447E+01
    0.8760337908E+01      0.8760337908E+01      0.6929009437E-01      0.1989557443E+01
    0.0000000000E+00      0.2000000000E+02      0.0000000000E+00      0.0000000000E+00
    0.8979907776E+01      0.8979907776E+01      0.9630057962E+00      0.7755672030E+00
    0.8962805976E+01      0.8962805976E+01      0.9712329570E+00      0.8239288782E+00
    0.8946002117E+01      0.8946002117E+01      0.9764195804E+00      0.8738363447E+00
    0.8930444206E+01      0.8930444206E+01      0.9796453917E+00      0.9249022437E+00
    0.8915143068E+01      0.8915143068E+01      0.9802931006E+00      0.9762100836E+00
    0.8900986006E+01      0.8900986006E+01      0.9785080039E+00      0.1029769310E+01
    0.8887342559E+01      0.8887342559E+01      0.9743696329E+00      0.1085031586E+01
    0.8873895723E+01      0.8873895723E+01      0.9677703776E+00      0.1142097589E+01
    0.8860549766E+01      0.8860549766E+01      0.9585844304E+00      0.1201173971E+01
    0.8847259904E+01      0.8847259904E+01      0.9465402819E+00      0.1262363068E+01
    0.8833884054E+01      0.8833884054E+01      0.9312652229E+00      0.1325896218E+01
    0.8820480031E+01      0.8820480031E+01      0.9120276773E+00      0.1391869233E+01
    0.8807290525E+01      0.8807290525E+01      0.8879381187E+00      0.1460205220E+01
    0.8794424935E+01      0.8794424935E+01      0.8581723550E+00      0.1530654322E+01
    0.8781982699E+01      0.8781982699E+01      0.8217096809E+00      0.1602823468E+01
    0.8770017712E+01      0.8770017712E+01      0.7772344664E+00      0.1676022927E+01
    0.8758769582E+01      0.8758769582E+01      0.7240832388E+00      0.1749366583E+01
    0.8748031781E+01      0.8748031781E+01      0.6616182162E+00      0.1822619530E+01
    0.8737958544E+01      0.8737958544E+01      0.5889020700E+00      0.1894512093E+01
    0.8728854537E+01      0.8728854537E+01      0.5049281447E+00      0.1962916132E+01
    0.8721039509E+01      0.8721039509E+01      0.4091671226E+00      0.2024847283E+01
    0.8714594548E+01      0.8714594548E+01      0.3024845979E+00      0.2076437702E+01
    0.8705409969E+01      0.8705409969E+01      0.1831338227E+00      0.2119182743E+01
    0.8708442248E+01      0.8708442248E+01      0.7947921782E-01      0.2127674323E+01
    0.0000000000E+00      0.2000000000E+02      0.0000000000E+00      0.0000000000E+00
    0.8946349201E+01      0.8946349201E+01      0.1011549149E+01      0.7878071985E+00
    0.8929312481E+01      0.8929312481E+01      0.1021020847E+01      0.8373634661E+00
    0.8912727846E+01      0.8912727846E+01      0.1027693513E+01      0.8886377492E+00
    0.8896712977E+01      0.8896712977E+01      0.1031861548E+01      0.9412925582E+00
    0.8881814533E+01      0.8881814533E+01      0.1034352789E+01      0.9947100615E+00
    0.8866973297E+01      0.8866973297E+01      0.1034142162E+01      0.1049941211E+01
    0.8852909985E+01      0.8852909985E+01      0.1031846087E+01      0.1107349336E+01
    0.8838924733E+01      0.8838924733E+01      0.1027154093E+01      0.1166873689E+01
    0.8824971469E+01      0.8824971469E+01      0.1020095464E+01      0.1228775233E+01
    0.8810959984E+01      0.8810959984E+01      0.1010369457E+01      0.1293269991E+01
    0.8796722532E+01      0.8796722532E+01      0.9975976650E+00      0.1360581788E+01
    0.8782338334E+01      0.8782338334E+01      0.9809504345E+00      0.1430976507E+01
    0.8768108069E+01      0.8768108069E+01      0.9593422929E+00      0.1504569615E+01
    0.8754054315E+01      0.8754054315E+01      0.9319539436E+00      0.1581254638E+01
    0.8740244305E+01      0.8740244305E+01      0.8977093037E+00      0.1660930240E+01
    0.8726657774E+01      0.8726657774E+01      0.8551301642E+00      0.1743163309E+01
    0.8713294004E+01      0.8713294004E+01      0.8023363367E+00      0.1826946576E+01
    0.8700527067E+01      0.8700527067E+01      0.7385229836E+00      0.1911334476E+01
    0.8688113306E+01      0.8688113306E+01      0.6625829585E+00      0.1995816906E+01
    0.8676472464E+01      0.8676472464E+01      0.5729365637E+00      0.2078280713E+01
    0.8666146230E+01      0.8666146230E+01      0.4682690833E+00      0.2155068911E+01
    0.8657414478E+01      0.8657414478E+01      0.3489070009E+00      0.2221176365E+01
    0.8646706489E+01      0.8646706489E+01      0.2120904056E+00      0.2273651895E+01
    0.8649619472E+01      0.8649619472E+01      0.9267674802E-01      0.2286882635E+01
    0.0000000000E+00      0.2000000000E+02      0.0000000000E+00      0.0000000000E+00
    0.8912491202E+01      0.8912491202E+01      0.1061239131E+01      0.7983673877E+00
    0.8895452736E+01      0.8895452736E+01      0.1071964836E+01      0.8491237242E+00
    0.8878962000E+01      0.8878962000E+01      0.1080182548E+01      0.9015341609E+00
    0.8862631528E+01      0.8862631528E+01      0.1085804546E+01      0.9556202445E+00
    0.8847680912E+01      0.8847680912E+01      0.1090162623E+01      0.1011315305E+01
    0.8832864995E+01      0.8832864995E+01      0.1092178044E+01      0.1068062178E+01
    0.8818043078E+01      0.8818043078E+01      0.1091596500E+01      0.1127424393E+01
    0.8803447182E+01      0.8803447182E+01      0.1089154846E+01      0.1189316039E+01
    0.8788884508E+01      0.8788884508E+01      0.1084579449E+01      0.1253818964E+01
    0.8774062513E+01      0.8774062513E+01      0.1077699187E+01      0.1321482276E+01
    0.8758914443E+01      0.8758914443E+01      0.1067990384E+01      0.1392446481E+01
    0.8743430098E+01      0.8743430098E+01      0.1054671868E+01      0.1467186267E+01
    0.8727924122E+01      0.8727924122E+01      0.1036486726E+01      0.1546115529E+01
    0.8712384962E+01      0.8712384962E+01      0.1012540849E+01      0.1629280682E+01
    0.8696758317E+01      0.8696758317E+01      0.9817156049E+00      0.1716954017E+01
    0.8681044621E+01      0.8681044621E+01      0.9424033413E+00      0.1809011689E+01
    0.8665055238E+01      0.8665055238E+01      0.8925843365E+00      0.1904913232E+01
    0.8648930177E+01      0.8648930177E+01      0.8294475953E+00      0.2003521214E+01
    0.8633327548E+01      0.8633327548E+01      0.7514756009E+00      0.2103355551E+01
    0.8618132896E+01      0.8618132896E+01      0.6567109768E+00      0.2203422032E+01
    0.8604170109E+01      0.8604170109E+01      0.5427289220E+00      0.2299740516E+01
    0.8592056685E+01      0.8592056685E+01      0.4088313721E+00      0.2385918969E+01
    0.8579271031E+01      0.8579271031E+01      0.2501396640E+00      0.2452567928E+01
    0.8581741964E+01      0.8581741964E+01      0.1104017372E+00      0.2473667989E+01
    0.0000000000E+00      0.2000000000E+02      0.0000000000E+00      0.0000000000E+00
    0.8878358801E+01      0.8878358801E+01      0.1111993996E+01      0.8071608339E+00
    0.8861187813E+01      0.8861187813E+01      0.1123951801E+01      0.8590778472E+00
    0.8844727175E+01      0.8844727175E+01      0.1133807030E+01      0.9124345955E+00
    0.8828343917E+01      0.8828343917E+01      0.1141278173E+01      0.9678436228E+00
    0.8812903258E+01      0.8812903258E+01      0.1147337211E+01      0.1025142119E+01
    0.8798052111E+01      0.8798052111E+01      0.1151853835E+01      0.1084122670E+01
    0.8783109890E+01      0.8783109890E+01      0.1153949058E+01      0.1144995396E+01
    0.8767668403E+01      0.8767668403E+01      0.1153853883E+01      0.1208912107E+01
    0.8752362746E+01      0.8752362746E+01      0.1152045269E+01      0.1275844632E+01
    0.8736623870E+01      0.8736623870E+01      0.1148397974E+01      0.1346459305E+01
    0.8720378823E+01      0.8720378823E+01      0.1142357479E+01      0.1420884307E+01
    0.8703559395E+01      0.8703559395E+01      0.1133200409E+01      0.1499881088E+01
    0.8686452309E+01      0.8686452309E+01      0.1119540540E+01      0.1584162986E+01
    0.8669070528E+01      0.8669070528E+01      0.1100281906E+01      0.1673964314E+01
    0.8651062994E+01      0.8651062994E+01      0.1074408725E+01      0.1770027669E+01
    0.8632660289E+01      0.8632660289E+01      0.1040103693E+01      0.1872484423E+01
    0.8613382979E+01      0.8613382979E+01      0.9954066248E+00      0.1981570030E+01
    0.8593006053E+01      0.8593006053E+01      0.9370434625E+00      0.2096904625E+01
    0.8572070199E+01      0.8572070199E+01      0.8601644357E+00      0.2216895940E+01
    0.8552096156E+01      0.8552096156E+01      0.7619159516E+00      0.2338923478E+01
    0.8532772771E+01      0.8532772771E+01      0.6388432162E+00      0.2461035950E+01
    0.8515518989E+01      0.8515518989E+01      0.4880841685E+00      0.2575350573E+01
    0.8499459585E+01      0.8499459585E+01      0.3021210161E+00      0.2664002043E+01
    0.8500707014E+01      0.8500707014E+01      0.1353459346E+00      0.2698873322E+01
    0.0000000000E+00      0.2000000000E+02      0.0000000000E+00      0.0000000000E+00
    0.8843932321E+01      0.8843932321E+01      0.1163592926E+01      0.8140999353E+00
    0.8826508751E+01      0.8826508751E+01      0.1176742404E+01      0.8670464048E+00
    0.8810110897E+01      0.8810110897E+01      0.1188374347E+01      0.9212720504E+00
    0.8793758058E+01      0.8793758058E+01      0.1197815594E+01      0.9777731207E+00
    0.8777822237E+01      0.8777822237E+01      0.1205750049E+01      0.1036247068E+01
    0.8762620170E+01      0.8762620170E+01      0.1212730533E+01      0.1096883273E+01
    0.8747466734E+01      0.8747466734E+01      0.1218079522E+01      0.1159896776E+01
    0.8731866493E+01      0.8731866493E+01      0.1221380154E+01      0.1225388828E+01
    0.8715704152E+01      0.8715704152E+01      0.1222577505E+01      0.1294510488E+01
    0.8698602254E+01      0.8698602254E+01      0.1222486085E+01      0.1367732117E+01
    0.8680929532E+01      0.8680929532E+01      0.1220696017E+01      0.1445434024E+01
    0.8662375144E+01      0.8662375144E+01      0.1216546092E+01      0.1528588680E+01
    0.8643361982E+01      0.8643361982E+01      0.1208428291E+01      0.1618112800E+01
    0.8623714282E+01      0.8623714282E+01      0.1195297777E+01      0.1714477313E+01
    0.8602979272E+01      0.8602979272E+01      0.1176140925E+01      0.1818963274E+01
    0.8581513536E+01      0.8581513536E+01      0.1148858709E+01      0.1931834709E+01
    0.8558275080E+01      0.8558275080E+01      0.1111978900E+01      0.2054525659E+01
    0.8533025342E+01      0.8533025342E+01      0.1061861622E+01      0.2187742011E+01
    0.8505548171E+01      0.8505548171E+01      0.9929777369E+00      0.2331536402E+01
    0.8476479391E+01      0.8476479391E+01      0.8968043881E+00      0.2483895071E+01
    0.8449115320E+01      0.8449115320E+01      0.7669911984E+00      0.2640236175E+01
    0.8423340544E+01      0.8423340544E+01      0.5975896822E+00      0.2795101032E+01
    0.8401524602E+01      0.8401524602E+01      0.3775945988E+00      0.2920767446E+01
    0.8398645221E+01      0.8398645221E+01      0.1709020698E+00      0.2980756440E+01
    0.0000000000E+00      0.2000000000E+02      0.0000000000E+00      0.0000000000E+00
    0.8809187860E+01      0.8809187860E+01      0.1216049845E+01      0.8191190990E+00
    0.8791496237E+01      0.8791496237E+01      0.1230337846E+01      0.8729086448E+00
    0.8775136623E+01      0.8775136623E+01      0.1243701113E+01      0.9279590513E+00
    0.8758815635E+01      0.8758815635E+01      0.1255190380E+01      0.9851938331E+00
    0.8742575269E+01      0.8742575269E+01      0.1265227369E+01      0.1044620388E+01
    0.8726944162E+01      0.8726944162E+01      0.1274545732E+01      0.1106363200E+01
    0.8711362330E+01      0.8711362330E+01      0.1282848323E+01      0.1170792694E+01
    0.8695302187E+01      0.8695302187E+01      0.1290073918E+01      0.1238356620E+01
    0.8678279819E+01      0.8678279819E+01      0.1296041907E+01      0.1309601349E+01
    0.8660022646E+01      0.8660022646E+01      0.1300738738E+01      0.1385010246E+01
    0.8640629757E+01      0.8640629757E+01      0.1303720287E+01      0.1465972823E+01
    0.8619928975E+01      0.8619928975E+01      0.1304722158E+01      0.1553062487E+01
    0.8598570879E+01      0.8598570879E+01      0.1302856691E+01      0.1647181060E+01
    0.8576687121E+01      0.8576687121E+01      0.1297065197E+01      0.1749340848E+01
    0.8553583383E+01      0.8553583383E+01      0.1286226002E+01      0.1861206793E+01
    0.8529164384E+01      0.8529164384E+01      0.1268418381E+01      0.1983573876E+01
    0.8501647559E+01      0.8501647559E+01      0.1242686105E+01      0.2119152016E+01
    0.8470709105E+01      0.8470709105E+01      0.1205369337E+01      0.2270222382E+01
    0.8435266143E+01      0.8435266143E+01      0.1150671160E+01      0.2439522894E+01
    0.8395388023E+01      0.8395388023E+01      0.1068492445E+01      0.2628181226E+01
    0.8350810811E+01      0.8350810811E+01      0.9438374006E+00      0.2834862965E+01
    0.8308853357E+01      0.8308853357E+01      0.7587899964E+00      0.3050561365E+01
    0.8273975088E+01      0.8273975088E+01      0.4940808892E+00      0.3245982476E+01
    0.8262359489E+01      0.8262359489E+01      0.2237892101E+00      0.3349670704E+01
    0.0000000000E+00      0.2000000000E+02      0.0000000000E+00      0.0000000000E+00
    0.8774098861E+01      0.8774098861E+01      0.1269501690E+01      0.8222512703E+00
    0.8756240522E+01      0.8756240522E+01      0.1284920369E+01      0.8766540686E+00
    0.8739829642E+01      0.8739829642E+01      0.1299869443E+01      0.9323598681E+00
    0.8723545113E+01      0.8723545113E+01      0.1313390300E+01      0.9900240153E+00
    0.8707176067E+01      0.8707176067E+01      0.1325652266E+01      0.1050132461E+01
    0.8691117127E+01      0.8691117127E+01      0.1337356335E+01      0.1112711388E+01
    0.8674915740E+01      0.8674915740E+01      0.1348476899E+01      0.1178101030E+01
    0.8658041733E+01      0.8658041733E+01      0.1359370090E+01      0.1246990364E+01
    0.8639870700E+01      0.8639870700E+01      0.1370217279E+01      0.1320006167E+01
    0.8620047987E+01      0.8620047987E+01      0.1380909774E+01      0.1398095598E+01
    0.8598793427E+01      0.8598793427E+01      0.1390743458E+01      0.1482252268E+01
    0.8576570047E+01      0.8576570047E+01      0.1398715102E+01      0.1572506458E+01
    0.8553637603E+01      0.8553637603E+01      0.1403720783E+01      0.1669564419E+01
    0.8529464649E+01      0.8529464649E+01      0.1405425401E+01      0.1775369814E+01
    0.8503536447E+01      0.8503536447E+01      0.1404028616E+01      0.1891512058E+01
    0.8476149215E+01      0.8476149215E+01      0.1397710707E+01      0.2021065461E+01
    0.8444122878E+01      0.8444122878E+01      0.1386815441E+01      0.2166793207E+01
    0.8406775423E+01      0.8406775423E+01      0.1367505370E+01      0.2333632282E+01
    0.8362713895E+01      0.8362713895E+01      0.1334641222E+01      0.2528465177E+01
    0.8310162500E+01      0.8310162500E+01      0.1278490679E+01      0.2756421244E+01
    0.8245339938E+01      0.8245339938E+01      0.1182407905E+01      0.3024765558E+01
    0.8164921008E+01      0.8164921008E+01      0.1012092782E+01      0.3338649116E+01
    0.8089828499E+01      0.8089828499E+01      0.6901696395E+00      0.3679626693E+01
    0.8063652896E+01      0.8063652896E+01      0.3164174251E+00      0.3870654872E+01
    0.0000000000E+00      0.2000000000E+02      0.0000000000E+00      0.0000000000E+00
    0.8738496752E+01      0.8738496752E+01      0.1323895562E+01      0.8235669715E+00
    0.8720637163E+01      0.8720637163E+01      0.1340466153E+01      0.8783413780E+00
    0.8704155796E+01      0.8704155796E+01      0.1356902920E+01      0.9344339173E+00
    0.8687924002E+01      0.8687924002E+01      0.1372379500E+01      0.9923278061E+00
    0.8671495253E+01      0.8671495253E+01      0.1386977562E+01      0.1052762345E+01
    0.8654908248E+01      0.8654908248E+01      0.1401228325E+01      0.1115928531E+01
    0.8637881621E+01      0.8637881621E+01      0.1415498570E+01      0.1182163691E+01
    0.8619991278E+01      0.8619991278E+01      0.1430008789E+01      0.1252050684E+01
    0.8600588854E+01      0.8600588854E+01      0.1445333397E+01      0.1326264106E+01
    0.8579253919E+01      0.8579253919E+01      0.1461696830E+01      0.1405839821E+01
    0.8556769470E+01      0.8556769470E+01      0.1478247758E+01      0.1491573420E+01
    0.8533585668E+01      0.8533585668E+01      0.1493697255E+01      0.1583878215E+01
    0.8509819975E+01      0.8509819975E+01      0.1507357755E+01      0.1683504197E+01
    0.8485102006E+01      0.8485102006E+01      0.1518943222E+01      0.1791823754E+01
    0.8458572299E+01      0.8458572299E+01      0.1528709301E+01      0.1910495942E+01
    0.8428848800E+01      0.8428848800E+01      0.1536761146E+01      0.2044289712E+01
    0.8394084204E+01      0.8394084204E+01      0.1543360625E+01      0.2196924463E+01
    0.8351664383E+01      0.8351664383E+01      0.1546944845E+01      0.2375048021E+01
    0.8296912836E+01      0.8296912836E+01      0.1544672243E+01      0.2588629853E+01
    0.8228685265E+01      0.8228685265E+01      0.1528334308E+01      0.2849449477E+01
    0.8138762868E+01      0.8138762868E+01      0.1483545489E+01      0.3178819383E+01
    0.8014997103E+01      0.8014997103E+01      0.1375274074E+01      0.3612395245E+01
    0.7843908600E+01      0.7843908600E+01      0.1088184924E+01      0.4216168744E+01
    0.7715828912E+01      0.7715828912E+01      0.5362768873E+00      0.4737201003E+01
    0.0000000000E+00      0.2000000000E+02      0.0000000000E+00      0.0000000000E+00
    0.8702299154E+01      0.8702299154E+01      0.1379776226E+01      0.8225258883E+00
    0.8684357472E+01      0.8684357472E+01      0.1397990358E+01      0.8774792999E+00
    0.8667523071E+01      0.8667523071E+01      0.1416095312E+01      0.9339131173E+00
    0.8651025354E+01      0.8651025354E+01      0.1433686401E+01      0.9920529258E+00
    0.8634260138E+01      0.8634260138E+01      0.1450894008E+01      0.1052676777E+01
    0.8617014681E+01      0.8617014681E+01      0.1467995586E+01      0.1116307793E+01
    0.8599179069E+01      0.8599179069E+01      0.1485218319E+01      0.1183339274E+01
    0.8580282035E+01      0.8580282035E+01      0.1503302182E+01      0.1253858749E+01
    0.8559632941E+01      0.8559632941E+01      0.1523006159E+01      0.1328175576E+01
    0.8536864962E+01      0.8536864962E+01      0.1544740176E+01      0.1406912810E+01
    0.8512844476E+01      0.8512844476E+01      0.1567600848E+01      0.1490863930E+01
    0.8488791212E+01      0.8488791212E+01      0.1590335743E+01      0.1581087076E+01
    0.8464493908E+01      0.8464493908E+01      0.1612818860E+01      0.1678469531E+01
    0.8439257377E+01      0.8439257377E+01      0.1635422423E+01      0.1784792511E+01
    0.8411214227E+01      0.8411214227E+01      0.1658841303E+01      0.1902629184E+01
    0.8378293348E+01      0.8378293348E+01      0.1684026749E+01      0.2036040792E+01
    0.8337449063E+01      0.8337449063E+01      0.1712555343E+01      0.2190504914E+01
    0.8285410176E+01      0.8285410176E+01      0.1744678368E+01      0.2373458969E+01
    0.8219853640E+01      0.8219853640E+01      0.1780979671E+01      0.2596099279E+01
    0.8133812595E+01      0.8133812595E+01      0.1820955700E+01      0.2878137296E+01
    0.8012307680E+01      0.8012307680E+01      0.1867108815E+01      0.3252582638E+01
    0.7818167539E+01      0.7818167539E+01      0.1926873885E+01      0.3783896968E+01
    0.7434616724E+01      0.7434616724E+01      0.2034156066E+01      0.4613420959E+01
    0.6930696476E+01      0.6930696476E+01      0.3075014658E+01      0.6015604019E+01
    0.1944665966E+01      0.1944665966E+01      0.4795617746E+01      0.5998665306E+01
    0.8666540041E+01      0.8666540041E+01      0.1434000689E+01      0.8189952793E+00
    0.8648805203E+01      0.8648805203E+01      0.1453975184E+01      0.8739681372E+00
    0.8631712675E+01      0.8631712675E+01      0.1474099830E+01      0.9304014961E+00
    0.8614896153E+01      0.8614896153E+01      0.1494407303E+01      0.9885322447E+00
    0.8597616931E+01      0.8597616931E+01      0.1514983300E+01      0.1049197954E+01
    0.8579452049E+01      0.8579452049E+01      0.1535855791E+01      0.1113177412E+01
    0.8560738219E+01      0.8560738219E+01      0.1556947039E+01      0.1180119051E+01
    0.8541628428E+01      0.8541628428E+01      0.1578705761E+01      0.1249472024E+01
    0.8521520821E+01      0.8521520821E+01      0.1602403262E+01      0.1321603484E+01
    0.8500220925E+01      0.8500220925E+01      0.1628637399E+01      0.1397178676E+01
    0.8478558670E+01      0.8478558670E+01      0.1656647632E+01      0.1476940802E+01
    0.8457227061E+01      0.8457227061E+01      0.1685797137E+01      0.1562077707E+01
    0.8435663897E+01      0.8435663897E+01      0.1716321929E+01      0.1654018128E+01
    0.8412313331E+01      0.8412313331E+01      0.1749701208E+01      0.1754917437E+01
    0.8385023729E+01      0.8385023729E+01      0.1787781292E+01      0.1867756523E+01
    0.8351311085E+01      0.8351311085E+01      0.1832548088E+01      0.1996252524E+01
    0.8307901021E+01      0.8307901021E+01      0.1886658811E+01      0.2145835945E+01
    0.8251024242E+01      0.8251024242E+01      0.1953844893E+01      0.2323234046E+01
    0.8174559319E+01      0.8174559319E+01      0.2038917561E+01      0.2537614727E+01
    0.8069261805E+01      0.8069261805E+01      0.2152944950E+01      0.2805469524E+01
    0.7913912583E+01      0.7913912583E+01      0.2321485955E+01      0.3152322472E+01
    0.7662251552E+01      0.7662251552E+01      0.2604227996E+01      0.3621676083E+01
    0.7194600373E+01      0.7194600373E+01      0.3163747290E+01      0.4314636855E+01
    0.6366334829E+01      0.6366334829E+01      0.4837638508E+01      0.5841802317E+01
    0.3561938121E+01      0.3561938121E+01      0.6944242848E+01      0.4502234713E+01
