    0.7046947550E+01      0.7046947550E+01      0.1826414957E-01      0.1383098318E+01
    0.7048113996E+01      0.7048113996E+01      0.5407487985E-01      0.1381419490E+01
    0.7051021290E+01      0.7051021290E+01      0.8841271849E-01      0.1378280698E+01
    0.7056239784E+01      0.7056239784E+01      0.1203034977E+00      0.1371901076E+01
    0.7064656868E+01      0.7064656868E+01      0.1490000788E+00      0.1366433081E+01
    0.7077154096E+01      0.7077154096E+01      0.1744170054E+00      0.1358118403E+01
    0.7094278546E+01      0.7094278546E+01      0.1966090945E+00      0.1344535351E+01
    0.7115992610E+01      0.7115992610E+01      0.2159207947E+00      0.1326217692E+01
    0.7141141519E+01      0.7141141519E+01      0.2335144609E+00      0.1304815476E+01
    0.7168604117E+01      0.7168604117E+01      0.2504756173E+00      0.1281450554E+01
    0.7198167628E+01      0.7198167628E+01      0.2672551319E+00      0.1255297215E+01
    0.7230115795E+01      0.7230115795E+01      0.2842394321E+00      0.1226328416E+01
    0.7264055772E+01      0.7264055772E+01      0.3022445435E+00      0.1194925787E+01
    0.7297830323E+01      0.7297830323E+01      0.3230919304E+00      0.1162406929E+01
    0.7329215083E+01      0.7329215083E+01      0.3478628173E+00      0.1131272296E+01
    0.7357858316E+01      0.7357858316E+01      0.3760540563E+00      0.1102107448E+01
    0.7384455012E+01      0.7384455012E+01      0.4070954752E+00      0.1073981544E+01
    0.7409917183E+01      0.7409917183E+01      0.4402946821E+00      0.1046455586E+01
    0.7434543330E+01      0.7434543330E+01      0.4753846351E+00      0.1019145436E+01
    0.7458269056E+01      0.7458269056E+01      0.5123742148E+00      0.9913030569E+00
    0.7481137014E+01      0.7481137014E+01      0.5513512227E+00      0.9621268423E+00
    0.7503240837E+01      0.7503240837E+01      0.5921204346E+00      0.9306236338E+00
    0.7524627116E+01      0.7524627116E+01      0.6341132184E+00      0.8965085470E+00
    0.7545419286E+01      0.7545419286E+01      0.6768465517E+00      0.8601701179E+00
    0.7565654100E+01      0.7565654100E+01      0.7208066447E+00      0.8218220656E+00
    0.7018090164E+01      0.7018090164E+01      0.1778810197E-01      0.1368973227E+01
    0.7020602216E+01      0.7020602216E+01      0.5188803698E-01      0.1366074274E+01
    0.7026093802E+01      0.7026093802E+01      0.8401262381E-01      0.1360721598E+01
    0.7035072335E+01      0.7035072335E+01      0.1129786332E+00      0.1351433873E+01
    0.7048358348E+01      0.7048358348E+01      0.1380462035E+00      0.1341699106E+01
    0.7066483049E+01      0.7066483049E+01      0.1594074341E+00      0.1328113081E+01
    0.7089184229E+01      0.7089184229E+01      0.1776720122E+00      0.1309414277E+01
    0.7115203153E+01      0.7115203153E+01      0.1939126891E+00      0.1287483863E+01
    0.7143728148E+01      0.7143728148E+01      0.2090284933E+00      0.1262588529E+01
    0.7175159703E+01      0.7175159703E+01      0.2232088733E+00      0.1234044507E+01
    0.7209786692E+01      0.7209786692E+01      0.2366493106E+00      0.1201784052E+01
    0.7246220804E+01      0.7246220804E+01      0.2510782842E+00      0.1166458815E+01
    0.7279884421E+01      0.7279884421E+01      0.2700529451E+00      0.1132583049E+01
    0.7309850539E+01      0.7309850539E+01      0.2932303709E+00      0.1101814793E+01
    0.7336894112E+01      0.7336894112E+01      0.3200575532E+00      0.1073266255E+01
    0.7362273078E+01      0.7362273078E+01      0.3494578733E+00      0.1046232870E+01
    0.7386770232E+01      0.7386770232E+01      0.3808744702E+00      0.1019449189E+01
    0.7410224286E+01      0.7410224286E+01      0.4139351238E+00      0.9925365832E+00
    0.7433250505E+01      0.7433250505E+01      0.4482572384E+00      0.9657673452E+00
    0.7456291704E+01      0.7456291704E+01      0.4838557651E+00      0.9384096209E+00
    0.7479168055E+01      0.7479168055E+01      0.5210583571E+00      0.9089587065E+00
    0.7501518665E+01      0.7501518665E+01      0.5597528065E+00      0.8766639789E+00
    0.7523154116E+01      0.7523154116E+01      0.5994117665E+00      0.8415795109E+00
    0.7544065306E+01      0.7544065306E+01      0.6397457805E+00      0.8041397618E+00
    0.7564229687E+01      0.7564229687E+01      0.6814030079E+00      0.7644538487E+00
    0.6993201002E+01      0.6993201002E+01      0.1679830838E-01      0.1350357240E+01
    0.6997523675E+01      0.6997523675E+01      0.4789189462E-01      0.1345801974E+01
    0.7006553281E+01      0.7006553281E+01      0.7655356006E-01      0.1337504186E+01
    0.7020438400E+01      0.7020438400E+01      0.1015451883E+00      0.1324479855E+01
    0.7039392062E+01      0.7039392062E+01      0.1223086289E+00      0.1309907455E+01
    0.7062922872E+01      0.7062922872E+01      0.1396819611E+00      0.1291431717E+01
    0.7089821290E+01      0.7089821290E+01      0.1548038982E+00      0.1269490549E+01
    0.7119889485E+01      0.7119889485E+01      0.1679874136E+00      0.1243108218E+01
    0.7153908726E+01      0.7153908726E+01      0.1791289850E+00      0.1212420042E+01
    0.7191616778E+01      0.7191616778E+01      0.1887995045E+00      0.1176856378E+01
    0.7229461515E+01      0.7229461515E+01      0.2008398238E+00      0.1139790151E+01
    0.7262656108E+01      0.7262656108E+01      0.2177563546E+00      0.1105955608E+01
    0.7291331024E+01      0.7291331024E+01      0.2395007051E+00      0.1075238993E+01
    0.7316587327E+01      0.7316587327E+01      0.2652413349E+00      0.1047021888E+01
    0.7340101552E+01      0.7340101552E+01      0.2937254956E+00      0.1020533380E+01
    0.7362571719E+01      0.7362571719E+01      0.3242533927E+00      0.9942622964E+00
    0.7384492685E+01      0.7384492685E+01      0.3559285599E+00      0.9686942762E+00
    0.7406593339E+01      0.7406593339E+01      0.3882353068E+00      0.9438592245E+00
    0.7429098960E+01      0.7429098960E+01      0.4210062397E+00      0.9180334962E+00
    0.7451966472E+01      0.7451966472E+01      0.4548429485E+00      0.8901362111E+00
    0.7475106518E+01      0.7475106518E+01      0.4900339767E+00      0.8593870220E+00
    0.7497963262E+01      0.7497963262E+01      0.5263387835E+00      0.8258895599E+00
    0.7520011019E+01      0.7520011019E+01      0.5633087829E+00      0.7898793449E+00
    0.7540989689E+01      0.7540989689E+01      0.6011000830E+00      0.7515572574E+00
    0.7560833771E+01      0.7560833771E+01      0.6403307200E+00      0.7107012923E+00
    0.6977320010E+01      0.6977320010E+01      0.1506272373E-01      0.1322636164E+01
    0.6983594879E+01      0.6983594879E+01      0.4150201154E-01      0.1316480323E+01
    0.6996183728E+01      0.6996183728E+01      0.6539144425E-01      0.1305495975E+01
    0.7014439480E+01      0.7014439480E+01      0.8576470518E-01      0.1289507903E+01
    0.7037594420E+01      0.7037594420E+01      0.1025194177E+00      0.1271823941E+01
    0.7064877055E+01      0.7064877055E+01      0.1164865901E+00      0.1250041064E+01
    0.7096535136E+01      0.7096535136E+01      0.1277371207E+00      0.1222817402E+01
    0.7133091028E+01      0.7133091028E+01      0.1358015547E+00      0.1190213550E+01
    0.7173397768E+01      0.7173397768E+01      0.1421538002E+00      0.1152437852E+01
    0.7211895540E+01      0.7211895540E+01      0.1520888718E+00      0.1115571086E+01
    0.7245139538E+01      0.7245139538E+01      0.1667794008E+00      0.1082097680E+01
    0.7273236799E+01      0.7273236799E+01      0.1867019509E+00      0.1051765156E+01
    0.7297295850E+01      0.7297295850E+01      0.2110884929E+00      0.1023879683E+01
    0.7318952834E+01      0.7318952834E+01      0.2388133056E+00      0.9975646428E+00
    0.7339031404E+01      0.7339031404E+01      0.2688099862E+00      0.9717588627E+00
    0.7358772388E+01      0.7358772388E+01      0.2999798059E+00      0.9475361591E+00
    0.7378844069E+01      0.7378844069E+01      0.3314120731E+00      0.9240489820E+00
    0.7399974843E+01      0.7399974843E+01      0.3623831342E+00      0.8999997599E+00
    0.7422628262E+01      0.7422628262E+01      0.3931982957E+00      0.8736641955E+00
    0.7446121743E+01      0.7446121743E+01      0.4249413863E+00      0.8442961484E+00
    0.7469786858E+01      0.7469786858E+01      0.4579213608E+00      0.8119742348E+00
    0.7493101425E+01      0.7493101425E+01      0.4916701887E+00      0.7774133211E+00
    0.7515362981E+01      0.7515362981E+01      0.5259203813E+00      0.7407823346E+00
    0.7536151252E+01      0.7536151252E+01      0.5612964529E+00      0.7018587416E+00
    0.7555340168E+01      0.7555340168E+01      0.5979930005E+00      0.6600347848E+00
    0.6972997752E+01      0.6972997752E+01      0.1255072706E-01      0.1285338759E+01
    0.6980448000E+01      0.6980448000E+01      0.3307281979E-01      0.1278448046E+01
    0.6994951627E+01      0.6994951627E+01      0.5151298670E-01      0.1266306193E+01
    0.7015504160E+01      0.7015504160E+01      0.6725390317E-01      0.1249056417E+01
    0.7041689751E+01      0.7041689751E+01      0.7980402723E-01      0.1228053268E+01
    0.7073957518E+01      0.7073957518E+01      0.8885760669E-01      0.1201002089E+01
    0.7112109887E+01      0.7112109887E+01      0.9407497328E-01      0.1167458682E+01
    0.7153829918E+01      0.7153829918E+01      0.9794422045E-01      0.1129112925E+01
    0.7192563002E+01      0.7192563002E+01      0.1057881981E+00      0.1093077784E+01
    0.7226003846E+01      0.7226003846E+01      0.1182609154E+00      0.1060474392E+01
    0.7254269363E+01      0.7254269363E+01      0.1358844796E+00      0.1030907857E+01
    0.7278215245E+01      0.7278215245E+01      0.1582207228E+00      0.1003724891E+01
    0.7298745926E+01      0.7298745926E+01      0.1847523696E+00      0.9775618905E+00
    0.7316751154E+01      0.7316751154E+01      0.2141752297E+00      0.9524319711E+00
    0.7334076327E+01      0.7334076327E+01      0.2450394933E+00      0.9291799540E+00
    0.7351710004E+01      0.7351710004E+01      0.2762182926E+00      0.9066369522E+00
    0.7370791291E+01      0.7370791291E+01      0.3063158569E+00      0.8839627480E+00
    0.7391968311E+01      0.7391968311E+01      0.3354094653E+00      0.8590321289E+00
    0.7415157556E+01      0.7415157556E+01      0.3645279145E+00      0.8307860319E+00
    0.7439319467E+01      0.7439319467E+01      0.3942864937E+00      0.7996155804E+00
    0.7463576661E+01      0.7463576661E+01      0.4250220716E+00      0.7662303196E+00
    0.7487132188E+01      0.7487132188E+01      0.4561313293E+00      0.7311434942E+00
    0.7509233576E+01      0.7509233576E+01      0.4877284927E+00      0.6941756195E+00
    0.7529542455E+01      0.7529542455E+01      0.5206383782E+00      0.6548617646E+00
    0.7547688964E+01      0.7547688964E+01      0.5544533468E+00      0.6122589160E+00
    0.6977425108E+01      0.6977425108E+01      0.9508812069E-02      0.1241069246E+01
    0.6985391069E+01      0.6985391069E+01      0.2361013394E-01      0.1233489090E+01
    0.7001005926E+01      0.7001005926E+01      0.3618646509E-01      0.1219998292E+01
    0.7024029676E+01      0.7024029676E+01      0.4624616133E-01      0.1200397142E+01
    0.7054643026E+01      0.7054643026E+01      0.5260490264E-01      0.1175408686E+01
    0.7091963990E+01      0.7091963990E+01      0.5521234262E-01      0.1143085528E+01
    0.7133166029E+01      0.7133166029E+01      0.5685885488E-01      0.1106077890E+01
    0.7171288638E+01      0.7171288638E+01      0.6293106080E-01      0.1071493370E+01
    0.7204730687E+01      0.7204730687E+01      0.7338022085E-01      0.1040098419E+01
    0.7233444112E+01      0.7233444112E+01      0.8842285469E-01      0.1011804576E+01
    0.7257955710E+01      0.7257955710E+01      0.1082272425E+00      0.9855730770E+00
    0.7278028284E+01      0.7278028284E+01      0.1328396467E+00      0.9599701951E+00
    0.7295028373E+01      0.7295028373E+01      0.1609774993E+00      0.9361640938E+00
    0.7310643971E+01      0.7310643971E+01      0.1911081883E+00      0.9138614836E+00
    0.7326074007E+01      0.7326074007E+01      0.2218493459E+00      0.8920413931E+00
    0.7342849307E+01      0.7342849307E+01      0.2516967084E+00      0.8701043134E+00
    0.7362034288E+01      0.7362034288E+01      0.2799957566E+00      0.8463444019E+00
    0.7383764186E+01      0.7383764186E+01      0.3075651806E+00      0.8189540933E+00
    0.7407388569E+01      0.7407388569E+01      0.3351747996E+00      0.7885656543E+00
    0.7431974021E+01      0.7431974021E+01      0.3628764528E+00      0.7561538510E+00
    0.7456472079E+01      0.7456472079E+01      0.3913994523E+00      0.7223146044E+00
    0.7479842911E+01      0.7479842911E+01      0.4200671512E+00      0.6870835193E+00
    0.7501478532E+01      0.7501478532E+01      0.4491960651E+00      0.6500872579E+00
    0.7521121279E+01      0.7521121279E+01      0.4795302084E+00      0.6105915012E+00
    0.7538035798E+01      0.7538035798E+01      0.5100793203E+00      0.5673476061E+00
    0.6992476460E+01      0.6992476460E+01      0.6103958181E-02      0.1185849423E+01
    0.7001029213E+01      0.7001029213E+01      0.1316722599E-01      0.1177655077E+01
    0.7018213927E+01      0.7018213927E+01      0.1870147008E-01      0.1162719054E+01
    0.7043928584E+01      0.7043928584E+01      0.2143436107E-01      0.1140922059E+01
    0.7077053641E+01      0.7077053641E+01      0.2105836531E-01      0.1113101176E+01
    0.7114977750E+01      0.7114977750E+01      0.2030571552E-01      0.1079796247E+01
    0.7150271769E+01      0.7150271769E+01      0.2438729594E-01      0.1048690869E+01
    0.7182185626E+01      0.7182185626E+01      0.3273924945E-01      0.1019556090E+01
    0.7210616903E+01      0.7210616903E+01      0.4531213951E-01      0.9932453019E+00
    0.7235384749E+01      0.7235384749E+01      0.6263408846E-01      0.9682094511E+00
    0.7255577010E+01      0.7255577010E+01      0.8465394634E-01      0.9441616595E+00
    0.7272641794E+01      0.7272641794E+01      0.1106059651E+00      0.9222912991E+00
    0.7287454477E+01      0.7287454477E+01      0.1391781698E+00      0.9011422142E+00
    0.7301656962E+01      0.7301656962E+01      0.1687380756E+00      0.8801996407E+00
    0.7316717005E+01      0.7316717005E+01      0.1980010303E+00      0.8588231593E+00
    0.7333724676E+01      0.7333724676E+01      0.2260247684E+00      0.8358238823E+00
    0.7353546148E+01      0.7353546148E+01      0.2528523397E+00      0.8092682348E+00
    0.7375796141E+01      0.7375796141E+01      0.2792597078E+00      0.7793067063E+00
    0.7399618072E+01      0.7399618072E+01      0.3051629465E+00      0.7475637460E+00
    0.7424153257E+01      0.7424153257E+01      0.3307924855E+00      0.7144835980E+00
    0.7448304323E+01      0.7448304323E+01      0.3572130605E+00      0.6804652672E+00
    0.7471071631E+01      0.7471071631E+01      0.3836174065E+00      0.6453125840E+00
    0.7491925393E+01      0.7491925393E+01      0.4104893821E+00      0.6084872638E+00
    0.7510755320E+01      0.7510755320E+01      0.4381245414E+00      0.5689494213E+00
    0.7526408503E+01      0.7526408503E+01      0.4653855907E+00      0.5252960425E+00
    0.7021684027E+01      0.7021684027E+01      0.2247804896E-02      0.1116589410E+01
    0.7031109033E+01      0.7031109033E+01      0.1120143595E-02      0.1107567955E+01
    0.7049063388E+01      0.7049063388E+01     -0.1232555433E-02      0.1091926689E+01
    0.7074967788E+01      0.7074967788E+01     -0.5454018956E-02      0.1070410368E+01
    0.7105248654E+01      0.7105248654E+01     -0.9381988271E-02      0.1044622171E+01
    0.7135415089E+01      0.7135415089E+01     -0.7695822157E-02      0.1018776456E+01
    0.7162475771E+01      0.7162475771E+01     -0.2126459286E-02      0.9951126069E+00
    0.7187979812E+01      0.7187979812E+01      0.7763010989E-02      0.9724229463E+00
    0.7211184425E+01      0.7211184425E+01      0.2220185066E-01      0.9504933601E+00
    0.7231235117E+01      0.7231235117E+01      0.4117440118E-01      0.9292160549E+00
    0.7248428834E+01      0.7248428834E+01      0.6441103760E-01      0.9095470609E+00
    0.7263289989E+01      0.7263289989E+01      0.9056096591E-01      0.8899733364E+00
    0.7277385121E+01      0.7277385121E+01      0.1180072712E+00      0.8702318449E+00
    0.7291639976E+01      0.7291639976E+01      0.1457332335E+00      0.8497560628E+00
    0.7307245564E+01      0.7307245564E+01      0.1729222781E+00      0.8276502702E+00
    0.7325260826E+01      0.7325260826E+01      0.1991931288E+00      0.8021988258E+00
    0.7345851294E+01      0.7345851294E+01      0.2248999183E+00      0.7726854178E+00
    0.7368298661E+01      0.7368298661E+01      0.2501075132E+00      0.7409961050E+00
    0.7391839674E+01      0.7391839674E+01      0.2743166462E+00      0.7085629513E+00
    0.7415794004E+01      0.7415794004E+01      0.2984125782E+00      0.6750592354E+00
    0.7438997974E+01      0.7438997974E+01      0.3228216095E+00      0.6410145739E+00
    0.7460699522E+01      0.7460699522E+01      0.3471217351E+00      0.6060208417E+00
    0.7480619511E+01      0.7480619511E+01      0.3719533266E+00      0.5693832608E+00
    0.7498291196E+01      0.7498291196E+01      0.3966930572E+00      0.5297227657E+00
    0.7512816500E+01      0.7512816500E+01      0.4207942666E+00      0.4859773887E+00
    0.7068862746E+01      0.7068862746E+01     -0.1561403234E-02      0.1030078928E+01
    0.7078852042E+01      0.7078852042E+01     -0.1120547645E-01      0.1020916469E+01
    0.7094165418E+01      0.7094165418E+01     -0.2070448048E-01      0.1007833098E+01
    0.7113108205E+01      0.7113108205E+01     -0.2870495136E-01      0.9923474787E+00
    0.7134169887E+01      0.7134169887E+01     -0.3111356451E-01      0.9744520383E+00
    0.7153401617E+01      0.7153401617E+01     -0.2799465851E-01      0.9590966544E+00
    0.7172348093E+01      0.7172348093E+01     -0.2148127201E-01      0.9436204286E+00
    0.7190528193E+01      0.7190528193E+01     -0.1100707790E-01      0.9281080993E+00
    0.7207579842E+01      0.7207579842E+01      0.3992535250E-02      0.9119520816E+00
    0.7223249665E+01      0.7223249665E+01      0.2354783296E-01      0.8958833854E+00
    0.7237862325E+01      0.7237862325E+01      0.4641094488E-01      0.8789790593E+00
    0.7252034068E+01      0.7252034068E+01      0.7107670357E-01      0.8609118938E+00
    0.7266378970E+01      0.7266378970E+01      0.9640167148E-01      0.8416935111E+00
    0.7281548986E+01      0.7281548986E+01      0.1217890886E+00      0.8209327787E+00
    0.7298343475E+01      0.7298343475E+01      0.1468768512E+00      0.7969800710E+00
    0.7317659712E+01      0.7317659712E+01      0.1715782033E+00      0.7685565135E+00
    0.7338761809E+01      0.7338761809E+01      0.1961401996E+00      0.7368904886E+00
    0.7361110042E+01      0.7361110042E+01      0.2197281422E+00      0.7046490100E+00
    0.7384022479E+01      0.7384022479E+01      0.2425330129E+00      0.6718843393E+00
    0.7406892986E+01      0.7406892986E+01      0.2656631963E+00      0.6382659271E+00
    0.7428542278E+01      0.7428542278E+01      0.2881756059E+00      0.6042222493E+00
    0.7448778641E+01      0.7448778641E+01      0.3107478593E+00      0.5693240666E+00
    0.7467587454E+01      0.7467587454E+01      0.3335732801E+00      0.5327850460E+00
    0.7483786030E+01      0.7483786030E+01      0.3553656808E+00      0.4928336447E+00
    0.7497020423E+01      0.7497020423E+01      0.3758506920E+00      0.4491316997E+00
    0.7139104426E+01      0.7139104426E+01     -0.5516484539E-02      0.9199712098E+00
    0.7144272908E+01      0.7144272908E+01     -0.2113459440E-01      0.9157981393E+00
    0.7149299111E+01      0.7149299111E+01     -0.3261931425E-01      0.9129871521E+00
    0.7154651520E+01      0.7154651520E+01     -0.4011934865E-01      0.9105332474E+00
    0.7162869853E+01      0.7162869853E+01     -0.4240167173E-01      0.9039629716E+00
    0.7171276594E+01      0.7171276594E+01     -0.3925304429E-01      0.8991760474E+00
    0.7181358449E+01      0.7181358449E+01     -0.3343622589E-01      0.8923363181E+00
    0.7191945625E+01      0.7191945625E+01     -0.2326085175E-01      0.8843224258E+00
    0.7202680667E+01      0.7202680667E+01     -0.8829006753E-02      0.8750431139E+00
    0.7214220454E+01      0.7214220454E+01      0.9061288604E-02      0.8635708696E+00
    0.7226745920E+01      0.7226745920E+01      0.2956482421E-01      0.8494611252E+00
    0.7240445141E+01      0.7240445141E+01      0.5151832047E-01      0.8330162533E+00
    0.7255361263E+01      0.7255361263E+01      0.7416901326E-01      0.8141162078E+00
    0.7271786606E+01      0.7271786606E+01      0.9717392301E-01      0.7920479986E+00
    0.7290357259E+01      0.7290357259E+01      0.1201978544E+00      0.7657653953E+00
    0.7310716283E+01      0.7310716283E+01      0.1434343997E+00      0.7349735119E+00
    0.7332166982E+01      0.7332166982E+01      0.1663886594E+00      0.7028905549E+00
    0.7354115307E+01      0.7354115307E+01      0.1883659663E+00      0.6706415916E+00
    0.7376117736E+01      0.7376117736E+01      0.2103615351E+00      0.6377370369E+00
    0.7397316526E+01      0.7397316526E+01      0.2320706958E+00      0.6043889373E+00
    0.7417063061E+01      0.7417063061E+01      0.2531779516E+00      0.5702517330E+00
    0.7435681142E+01      0.7435681142E+01      0.2743521573E+00      0.5353731845E+00
    0.7452820589E+01      0.7452820589E+01      0.2950227880E+00      0.4985877525E+00
    0.7467336284E+01      0.7467336284E+01      0.3139923410E+00      0.4582692502E+00
    0.7478048652E+01      0.7478048652E+01      0.3297352805E+00      0.4140585032E+00
    0.7224647641E+01      0.7224647641E+01     -0.7069970237E-02      0.7938385728E+00
    0.7220303872E+01      0.7220303872E+01     -0.1967035203E-01      0.7989433677E+00
    0.7211968009E+01      0.7211968009E+01     -0.2866926522E-01      0.8095823423E+00
    0.7200820185E+01      0.7200820185E+01     -0.3712299893E-01      0.8240329715E+00
    0.7193877496E+01      0.7193877496E+01     -0.4148555545E-01      0.8316800040E+00
    0.7191208926E+01      0.7191208926E+01     -0.4037119611E-01      0.8374686120E+00
    0.7191908480E+01      0.7191908480E+01     -0.3684418032E-01      0.8398042529E+00
    0.7194702357E+01      0.7194702357E+01     -0.2888919770E-01      0.8394894411E+00
    0.7200308200E+01      0.7200308200E+01     -0.1708668409E-01      0.8350620642E+00
    0.7208099593E+01      0.7208099593E+01     -0.2613848750E-02      0.8279835027E+00
    0.7217961209E+01      0.7217961209E+01      0.1397020708E-01      0.8176697484E+00
    0.7230372506E+01      0.7230372506E+01      0.3214959686E-01      0.8035148542E+00
    0.7245529599E+01      0.7245529599E+01      0.5156288083E-01      0.7850866466E+00
    0.7263272323E+01      0.7263272323E+01      0.7193894099E-01      0.7619931601E+00
    0.7283079582E+01      0.7283079582E+01      0.9327408846E-01      0.7337788554E+00
    0.7304145858E+01      0.7304145858E+01      0.1149132653E+00      0.7023112755E+00
    0.7325610123E+01      0.7325610123E+01      0.1359774270E+00      0.6707734880E+00
    0.7347022992E+01      0.7347022992E+01      0.1568315683E+00      0.6389521126E+00
    0.7367785896E+01      0.7367785896E+01      0.1777211131E+00      0.6065119790E+00
    0.7386980197E+01      0.7386980197E+01      0.1980624869E+00      0.5733219957E+00
    0.7404860967E+01      0.7404860967E+01      0.2182372899E+00      0.5390893745E+00
    0.7421555662E+01      0.7421555662E+01      0.2379644025E+00      0.5042188609E+00
    0.7436756521E+01      0.7436756521E+01      0.2563037565E+00      0.4668592761E+00
    0.7448743369E+01      0.7448743369E+01      0.2715460532E+00      0.4258301005E+00
    0.7455455432E+01      0.7455455432E+01      0.2813250558E+00      0.3799425946E+00
    0.7295238528E+01      0.7295238528E+01     -0.4442207466E-02      0.6833724238E+00
    0.7286755466E+01      0.7286755466E+01     -0.9185356476E-02      0.6922793645E+00
    0.7272003933E+01      0.7272003933E+01     -0.1377411552E-01      0.7089530431E+00
    0.7252338227E+01      0.7252338227E+01     -0.1925633630E-01      0.7319078443E+00
    0.7230632306E+01      0.7230632306E+01     -0.2769325283E-01      0.7544343192E+00
    0.7215796543E+01      0.7215796543E+01     -0.3156380824E-01      0.7713622098E+00
    0.7206904756E+01      0.7206904756E+01     -0.3154230762E-01      0.7835702552E+00
    0.7202301379E+01      0.7202301379E+01     -0.2794407160E-01      0.7908378652E+00
    0.7202715074E+01      0.7202715074E+01     -0.2104513339E-01      0.7925572710E+00
    0.7207019490E+01      0.7207019490E+01     -0.1167240835E-01      0.7891747453E+00
    0.7214356815E+01      0.7214356815E+01      0.5523489592E-03      0.7818646070E+00
    0.7224922618E+01      0.7224922618E+01      0.1442065796E-01      0.7700481131E+00
    0.7238991970E+01      0.7238991970E+01      0.3015438822E-01      0.7526727532E+00
    0.7256494573E+01      0.7256494573E+01      0.4775851275E-01      0.7294690790E+00
    0.7276441546E+01      0.7276441546E+01      0.6672997104E-01      0.7012493005E+00
    0.7297553715E+01      0.7297553715E+01      0.8614996314E-01      0.6709328227E+00
    0.7318836391E+01      0.7318836391E+01      0.1055425482E+00      0.6405360945E+00
    0.7339512377E+01      0.7339512377E+01      0.1253203423E+00      0.6097672460E+00
    0.7358705727E+01      0.7358705727E+01      0.1448913485E+00      0.5778575189E+00
    0.7376002823E+01      0.7376002823E+01      0.1641455587E+00      0.5447887379E+00
    0.7392024381E+01      0.7392024381E+01      0.1832348242E+00      0.5107179686E+00
    0.7406844828E+01      0.7406844828E+01      0.2011485217E+00      0.4758438733E+00
    0.7419391647E+01      0.7419391647E+01      0.2165338389E+00      0.4376529897E+00
    0.7427345980E+01      0.7427345980E+01      0.2266279674E+00      0.3950072169E+00
    0.7430042654E+01      0.7430042654E+01      0.2307667119E+00      0.3469141145E+00
    0.7345804934E+01      0.7345804934E+01     -0.3497437165E-03      0.5924278256E+00
    0.7336707512E+01      0.7336707512E+01      0.3700743451E-02      0.6022715230E+00
    0.7321287176E+01      0.7321287176E+01      0.5463192694E-02      0.6189168334E+00
    0.7300474427E+01      0.7300474427E+01      0.4704718695E-02      0.6429714634E+00
    0.7275587996E+01      0.7275587996E+01     -0.1326570826E-02      0.6695364354E+00
    0.7249022569E+01      0.7249022569E+01     -0.1126034363E-01      0.6981047066E+00
    0.7229138735E+01      0.7229138735E+01     -0.1812868499E-01      0.7210046618E+00
    0.7216790969E+01      0.7216790969E+01     -0.2135192382E-01      0.7365428245E+00
    0.7211339565E+01      0.7211339565E+01     -0.2081263292E-01      0.7448746021E+00
    0.7211519450E+01      0.7211519450E+01     -0.1696102111E-01      0.7464782794E+00
    0.7215755525E+01      0.7215755525E+01     -0.1007240037E-01      0.7425978415E+00
    0.7224372742E+01      0.7224372742E+01     -0.4513048824E-03      0.7322520569E+00
    0.7236782720E+01      0.7236782720E+01      0.1169193700E-01      0.7157586451E+00
    0.7252509920E+01      0.7252509920E+01      0.2572275604E-01      0.6940506171E+00
    0.7270931943E+01      0.7270931943E+01      0.4110770309E-01      0.6683468308E+00
    0.7291150973E+01      0.7291150973E+01      0.5738132877E-01      0.6407053063E+00
    0.7311618845E+01      0.7311618845E+01      0.7524613340E-01      0.6121490195E+00
    0.7331316861E+01      0.7331316861E+01      0.9386818559E-01      0.5825396769E+00
    0.7348800519E+01      0.7348800519E+01      0.1122375911E+00      0.5511916452E+00
    0.7364380516E+01      0.7364380516E+01      0.1303895388E+00      0.5185201993E+00
    0.7378757826E+01      0.7378757826E+01      0.1479735596E+00      0.4850223720E+00
    0.7391335161E+01      0.7391335161E+01      0.1636584828E+00      0.4500096484E+00
    0.7399971732E+01      0.7399971732E+01      0.1745440569E+00      0.4103101803E+00
    0.7403267493E+01      0.7403267493E+01      0.1794296018E+00      0.3651755572E+00
    0.7402463053E+01      0.7402463053E+01      0.1801545184E+00      0.3155288592E+00
    0.7377879802E+01      0.7377879802E+01      0.3672805464E-02      0.5185083226E+00
    0.7369900340E+01      0.7369900340E+01      0.1571765328E-01      0.5268994373E+00
    0.7357561754E+01      0.7357561754E+01      0.2360450933E-01      0.5408776684E+00
    0.7340326974E+01      0.7340326974E+01      0.2796219127E-01      0.5615350940E+00
    0.7318114927E+01      0.7318114927E+01      0.2680182220E-01      0.5866448242E+00
    0.7292488644E+01      0.7292488644E+01      0.1899235965E-01      0.6152555684E+00
    0.7264414731E+01      0.7264414731E+01      0.5104160121E-02      0.6473412114E+00
    0.7241570190E+01      0.7241570190E+01     -0.7755057264E-02      0.6736433838E+00
    0.7227636202E+01      0.7227636202E+01     -0.1553146999E-01      0.6905026874E+00
    0.7222886189E+01      0.7222886189E+01     -0.1753054809E-01      0.6976066357E+00
    0.7223133272E+01      0.7223133272E+01     -0.1575194329E-01      0.6971065311E+00
    0.7228293661E+01      0.7228293661E+01     -0.1136608122E-01      0.6896434594E+00
    0.7238145168E+01      0.7238145168E+01     -0.3623566658E-02      0.6757455148E+00
    0.7251613297E+01      0.7251613297E+01      0.6043645655E-02      0.6565894540E+00
    0.7267398274E+01      0.7267398274E+01      0.1716048310E-01      0.6348946738E+00
    0.7285330758E+01      0.7285330758E+01      0.2986401398E-01      0.6111531594E+00
    0.7304057604E+01      0.7304057604E+01      0.4579997481E-01      0.5849397604E+00
    0.7322249553E+01      0.7322249553E+01      0.6336316753E-01      0.5563680424E+00
    0.7338156659E+01      0.7338156659E+01      0.8063917405E-01      0.5259097367E+00
    0.7352251823E+01      0.7352251823E+01      0.9730489087E-01      0.4940884079E+00
    0.7364799872E+01      0.7364799872E+01      0.1129853612E+00      0.4615141663E+00
    0.7374082799E+01      0.7374082799E+01      0.1245586676E+00      0.4256704326E+00
    0.7377832159E+01      0.7377832159E+01      0.1303534858E+00      0.3834411802E+00
    0.7377200180E+01      0.7377200180E+01      0.1319073215E+00      0.3366190050E+00
    0.7374369032E+01      0.7374369032E+01      0.1288804197E+00      0.2858644242E+00
    0.7396328913E+01      0.7396328913E+01      0.7395701229E-02      0.4585970050E+00
    0.7391044555E+01      0.7391044555E+01      0.2543173011E-01      0.4642717402E+00
    0.7382735031E+01      0.7382735031E+01      0.3870228233E-01      0.4746692175E+00
    0.7370747695E+01      0.7370747695E+01      0.4754227144E-01      0.4909401702E+00
    0.7354181775E+01      0.7354181775E+01      0.5121824203E-01      0.5103710301E+00
    0.7333718033E+01      0.7333718033E+01      0.4698256910E-01      0.5352713961E+00
    0.7310010464E+01      0.7310010464E+01      0.3513596733E-01      0.5641016565E+00
    0.7282181735E+01      0.7282181735E+01      0.1669654436E-01      0.5965972242E+00
    0.7256701243E+01      0.7256701243E+01     -0.1687624824E-02      0.6247716859E+00
    0.7242370312E+01      0.7242370312E+01     -0.1213147916E-01      0.6401904589E+00
    0.7237818219E+01      0.7237818219E+01     -0.1550748359E-01      0.6442252085E+00
    0.7238778695E+01      0.7238778695E+01     -0.1630355957E-01      0.6410670183E+00
    0.7243813868E+01      0.7243813868E+01     -0.1511049508E-01      0.6319354688E+00
    0.7253532336E+01      0.7253532336E+01     -0.1116318666E-01      0.6179146933E+00
    0.7266236911E+01      0.7266236911E+01     -0.4343438541E-02      0.6003710472E+00
    0.7280509518E+01      0.7280509518E+01      0.5220461259E-02      0.5809386081E+00
    0.7296355245E+01      0.7296355245E+01      0.1832714619E-01      0.5575636415E+00
    0.7312435028E+01      0.7312435028E+01      0.3445225748E-01      0.5304575669E+00
    0.7326948394E+01      0.7326948394E+01      0.5045314333E-01      0.5013523171E+00
    0.7339471615E+01      0.7339471615E+01      0.6531670834E-01      0.4710637112E+00
    0.7349175048E+01      0.7349175048E+01      0.7699585315E-01      0.4391567852E+00
    0.7353761395E+01      0.7353761395E+01      0.8352796540E-01      0.4009104491E+00
    0.7353538151E+01      0.7353538151E+01      0.8578115392E-01      0.3570243946E+00
    0.7350480421E+01      0.7350480421E+01      0.8371940234E-01      0.3091443897E+00
    0.7345264004E+01      0.7345264004E+01      0.7670391840E-01      0.2583195695E+00
    0.7404097665E+01      0.7404097665E+01      0.1019432797E-01      0.4057011326E+00
    0.7401599378E+01      0.7401599378E+01      0.3190823153E-01      0.4089369409E+00
    0.7397217475E+01      0.7397217475E+01      0.4912976678E-01      0.4161446414E+00
    0.7390497393E+01      0.7390497393E+01      0.6185071531E-01      0.4282497467E+00
    0.7381024455E+01      0.7381024455E+01      0.6846919328E-01      0.4423433277E+00
    0.7367019477E+01      0.7367019477E+01      0.6846572065E-01      0.4622733359E+00
    0.7350490969E+01      0.7350490969E+01      0.6048666012E-01      0.4861609508E+00
    0.7329443275E+01      0.7329443275E+01      0.4588863540E-01      0.5122514248E+00
    0.7303056426E+01      0.7303056426E+01      0.2547209716E-01      0.5421018899E+00
    0.7276657644E+01      0.7276657644E+01      0.3983854800E-02      0.5687467253E+00
    0.7261890707E+01      0.7261890707E+01     -0.9093595567E-02      0.5822897408E+00
    0.7256186851E+01      0.7256186851E+01     -0.1655427465E-01      0.5862082793E+00
    0.7255594077E+01      0.7255594077E+01     -0.2135965951E-01      0.5840621043E+00
    0.7259658027E+01      0.7259658027E+01     -0.2415621098E-01      0.5766758973E+00
    0.7267801780E+01      0.7267801780E+01     -0.2238120437E-01      0.5644852578E+00
    0.7277900494E+01      0.7277900494E+01     -0.1588103348E-01      0.5485056616E+00
    0.7289680300E+01      0.7289680300E+01     -0.5573339269E-02      0.5285287846E+00
    0.7302618479E+01      0.7302618479E+01      0.7975739415E-02      0.5039395826E+00
    0.7315313878E+01      0.7315313878E+01      0.2191256153E-01      0.4771841996E+00
    0.7325283814E+01      0.7325283814E+01      0.3314817604E-01      0.4486790675E+00
    0.7330605217E+01      0.7330605217E+01      0.3973536343E-01      0.4155207694E+00
    0.7331020681E+01      0.7331020681E+01      0.4195693195E-01      0.3753925763E+00
    0.7328003020E+01      0.7328003020E+01      0.4072177565E-01      0.3307046668E+00
    0.7322763804E+01      0.7322763804E+01      0.3429507099E-01      0.2831546280E+00
    0.7314295234E+01      0.7314295234E+01      0.2287457085E-01      0.2317506883E+00
    0.7408145760E+01      0.7408145760E+01      0.1207213124E-01      0.3596235852E+00
    0.7407665301E+01      0.7407665301E+01      0.3602334716E-01      0.3615369252E+00
    0.7406460786E+01      0.7406460786E+01      0.5605066470E-01      0.3662940080E+00
    0.7404280102E+01      0.7404280102E+01      0.7143594542E-01      0.3750926621E+00
    0.7400275582E+01      0.7400275582E+01      0.8102747457E-01      0.3851678881E+00
    0.7393290277E+01      0.7393290277E+01      0.8486069438E-01      0.3983013755E+00
    0.7383191715E+01      0.7383191715E+01      0.8130952138E-01      0.4169344766E+00
    0.7369564012E+01      0.7369564012E+01      0.7107522895E-01      0.4358455032E+00
    0.7351198963E+01      0.7351198963E+01      0.5480207461E-01      0.4567277974E+00
    0.7327425528E+01      0.7327425528E+01      0.3287714328E-01      0.4813986162E+00
    0.7300765986E+01      0.7300765986E+01      0.7724861019E-02      0.5074865519E+00
    0.7283481710E+01      0.7283481710E+01     -0.1088909646E-01      0.5235763164E+00
    0.7274723275E+01      0.7274723275E+01     -0.2347930870E-01      0.5304682862E+00
    0.7271570474E+01      0.7271570474E+01     -0.3115346597E-01      0.5311518531E+00
    0.7273201883E+01      0.7273201883E+01     -0.3473709736E-01      0.5250956584E+00
    0.7278339416E+01      0.7278339416E+01     -0.3212664411E-01      0.5133676386E+00
    0.7284931948E+01      0.7284931948E+01     -0.2510254003E-01      0.4969775258E+00
    0.7293793862E+01      0.7293793862E+01     -0.1563282899E-01      0.4763600303E+00
    0.7303268463E+01      0.7303268463E+01     -0.5585771917E-02      0.4525102669E+00
    0.7308758567E+01      0.7308758567E+01      0.4207042968E-03      0.4245610478E+00
    0.7309532730E+01      0.7309532730E+01      0.2001845427E-02      0.3895939013E+00
    0.7306662222E+01      0.7306662222E+01      0.1042697555E-02      0.3487701774E+00
    0.7301245601E+01      0.7301245601E+01     -0.5241994203E-02      0.3050833271E+00
    0.7292669170E+01      0.7292669170E+01     -0.1657273531E-01      0.2574073735E+00
    0.7280743600E+01      0.7280743600E+01     -0.3270782823E-01      0.2054860653E+00
    0.7407714079E+01      0.7407714079E+01      0.1279402617E-01      0.3142876576E+00
    0.7408439443E+01      0.7408439443E+01      0.3746905101E-01      0.3156787099E+00
    0.7409503152E+01      0.7409503152E+01      0.5894670200E-01      0.3189740168E+00
    0.7410379843E+01      0.7410379843E+01      0.7648574033E-01      0.3254393604E+00
    0.7410622742E+01      0.7410622742E+01      0.8875124200E-01      0.3323010767E+00
    0.7409734741E+01      0.7409734741E+01      0.9509311733E-01      0.3402345559E+00
    0.7405840607E+01      0.7405840607E+01      0.9660495531E-01      0.3520301600E+00
    0.7399125174E+01      0.7399125174E+01      0.9114947304E-01      0.3660776947E+00
    0.7389481690E+01      0.7389481690E+01      0.7820095832E-01      0.3801668893E+00
    0.7373722973E+01      0.7373722973E+01      0.5918456330E-01      0.3989751239E+00
    0.7351880097E+01      0.7351880097E+01      0.3398993705E-01      0.4225049046E+00
    0.7324845173E+01      0.7324845173E+01      0.5142142450E-02      0.4493428481E+00
    0.7304042491E+01      0.7304042491E+01     -0.1734919112E-01      0.4685676995E+00
    0.7291304685E+01      0.7291304685E+01     -0.3183755591E-01      0.4779156596E+00
    0.7284363063E+01      0.7284363063E+01     -0.3992749163E-01      0.4802116504E+00
    0.7282873016E+01      0.7282873016E+01     -0.4189468107E-01      0.4741056250E+00
    0.7283587467E+01      0.7283587467E+01     -0.3974943945E-01      0.4623168993E+00
    0.7286655802E+01      0.7286655802E+01     -0.3613367822E-01      0.4470925729E+00
    0.7290209570E+01      0.7290209570E+01     -0.3248172229E-01      0.4255080761E+00
    0.7290238183E+01      0.7290238183E+01     -0.3194522021E-01      0.3967875188E+00
    0.7287083831E+01      0.7287083831E+01     -0.3362550092E-01      0.3612974075E+00
    0.7280899339E+01      0.7280899339E+01     -0.4040421204E-01      0.3218553875E+00
    0.7271925620E+01      0.7271925620E+01     -0.5223963872E-01      0.2787882110E+00
    0.7259632299E+01      0.7259632299E+01     -0.6834122414E-01      0.2308183136E+00
    0.7244699706E+01      0.7244699706E+01     -0.8940260306E-01      0.1789507250E+00
    0.7407789109E+01      0.7407789109E+01      0.1307068961E-01      0.2721740010E+00
    0.7409139732E+01      0.7409139732E+01      0.3821333409E-01      0.2735535703E+00
    0.7411439336E+01      0.7411439336E+01      0.6119009135E-01      0.2760122450E+00
    0.7414489190E+01      0.7414489190E+01      0.8069164583E-01      0.2810670249E+00
    0.7417913371E+01      0.7417913371E+01      0.9557597924E-01      0.2858919989E+00
    0.7421110146E+01      0.7421110146E+01      0.1052601881E+00      0.2898448474E+00
    0.7423103278E+01      0.7423103278E+01      0.1094402307E+00      0.2949306803E+00
    0.7421726523E+01      0.7421726523E+01      0.1073367639E+00      0.3047448111E+00
    0.7419290556E+01      0.7419290556E+01      0.9610642724E-01      0.3134633099E+00
    0.7411104371E+01      0.7411104371E+01      0.7909551419E-01      0.3271371749E+00
    0.7396663736E+01      0.7396663736E+01      0.5625847877E-01      0.3455403277E+00
    0.7374544636E+01      0.7374544636E+01      0.2966456257E-01      0.3685809045E+00
    0.7346377600E+01      0.7346377600E+01      0.9322217654E-03      0.3949835483E+00
    0.7321460042E+01      0.7321460042E+01     -0.2217283340E-01      0.4156343666E+00
    0.7304056492E+01      0.7304056492E+01     -0.3756951701E-01      0.4267981944E+00
    0.7293063548E+01      0.7293063548E+01     -0.4632336840E-01      0.4293468923E+00
    0.7286356105E+01      0.7286356105E+01     -0.5107554557E-01      0.4241878230E+00
    0.7281702032E+01      0.7281702032E+01     -0.5425600411E-01      0.4127095529E+00
    0.7277115198E+01      0.7277115198E+01     -0.5732281674E-01      0.3930861800E+00
    0.7271247364E+01      0.7271247364E+01     -0.6164787098E-01      0.3651955573E+00
    0.7263315299E+01      0.7263315299E+01     -0.6995774248E-01      0.3313915928E+00
    0.7252798647E+01      0.7252798647E+01     -0.8270971357E-01      0.2932832969E+00
    0.7239624953E+01      0.7239624953E+01     -0.9975641469E-01      0.2503003476E+00
    0.7223696813E+01      0.7223696813E+01     -0.1209640943E+00      0.2023447143E+00
    0.7206930817E+01      0.7206930817E+01     -0.1445745875E+00      0.1512743365E+00
    0.7407306059E+01      0.7407306059E+01      0.1346992902E-01      0.2308092062E+00
    0.7408736823E+01      0.7408736823E+01      0.3944387929E-01      0.2315147018E+00
    0.7411396626E+01      0.7411396626E+01      0.6344507341E-01      0.2328495511E+00
    0.7415184013E+01      0.7415184013E+01      0.8402240009E-01      0.2366944534E+00
    0.7420108949E+01      0.7420108949E+01      0.9995344406E-01      0.2396939710E+00
    0.7425977759E+01      0.7425977759E+01      0.1106337756E+00      0.2408559145E+00
    0.7432208323E+01      0.7432208323E+01      0.1165712499E+00      0.2413696696E+00
    0.7436120873E+01      0.7436120873E+01      0.1155746340E+00      0.2474458955E+00
    0.7439836126E+01      0.7439836126E+01      0.1072270645E+00      0.2539737398E+00
    0.7438891094E+01      0.7438891094E+01      0.9235969332E-01      0.2636230319E+00
    0.7431983120E+01      0.7431983120E+01      0.7328120365E-01      0.2773477106E+00
    0.7416713334E+01      0.7416713334E+01      0.5125601728E-01      0.2953547966E+00
    0.7393350815E+01      0.7393350815E+01      0.2635252331E-01      0.3178134404E+00
    0.7363347685E+01      0.7363347685E+01     -0.8793846116E-03      0.3431892188E+00
    0.7333307584E+01      0.7333307584E+01     -0.2587346436E-01      0.3651625344E+00
    0.7310667565E+01      0.7310667565E+01     -0.4391985830E-01      0.3772930449E+00
    0.7293736979E+01      0.7293736979E+01     -0.5697813666E-01      0.3792526861E+00
    0.7279776300E+01      0.7279776300E+01     -0.6761051871E-01      0.3711740558E+00
    0.7265959483E+01      0.7265959483E+01     -0.7819111081E-01      0.3544536793E+00
    0.7252479909E+01      0.7252479909E+01     -0.9068251484E-01      0.3295370825E+00
    0.7238268263E+01      0.7238268263E+01     -0.1060092374E+00      0.2981231324E+00
    0.7222393887E+01      0.7222393887E+01     -0.1248335348E+00      0.2610066141E+00
    0.7204400046E+01      0.7204400046E+01     -0.1474304132E+00      0.2183033542E+00
    0.7185405110E+01      0.7185405110E+01     -0.1726286610E+00      0.1708525243E+00
    0.7171891162E+01      0.7171891162E+01     -0.1934565921E+00      0.1249667666E+00
    0.7407051634E+01      0.7407051634E+01      0.1370741696E-01      0.1893238178E+00
    0.7408377279E+01      0.7408377279E+01      0.4019871768E-01      0.1894064842E+00
    0.7410986773E+01      0.7410986773E+01      0.6478320189E-01      0.1901222257E+00
    0.7415141293E+01      0.7415141293E+01      0.8612609719E-01      0.1933051581E+00
    0.7421221418E+01      0.7421221418E+01      0.1030045653E+00      0.1957517007E+00
    0.7429009384E+01      0.7429009384E+01      0.1146277131E+00      0.1961413397E+00
    0.7438608145E+01      0.7438608145E+01      0.1209394642E+00      0.1948574195E+00
    0.7446791263E+01      0.7446791263E+01      0.1207475069E+00      0.1968884751E+00
    0.7455186653E+01      0.7455186653E+01      0.1150573416E+00      0.2019831473E+00
    0.7460267625E+01      0.7460267625E+01      0.1031031981E+00      0.2081791326E+00
    0.7459318252E+01      0.7459318252E+01      0.8635619519E-01      0.2172014006E+00
    0.7450418701E+01      0.7450418701E+01      0.6873908397E-01      0.2301464290E+00
    0.7432695722E+01      0.7432695722E+01      0.4836118458E-01      0.2481412918E+00
    0.7406357500E+01      0.7406357500E+01      0.2428796379E-01      0.2701581432E+00
    0.7373043237E+01      0.7373043237E+01     -0.3390358779E-02      0.2945395845E+00
    0.7337083329E+01      0.7337083329E+01     -0.3230810143E-01      0.3159222456E+00
    0.7306870345E+01      0.7306870345E+01     -0.5600446144E-01      0.3255531637E+00
    0.7281435700E+01      0.7281435700E+01     -0.7614885225E-01      0.3220827009E+00
    0.7257368749E+01      0.7257368749E+01     -0.9598890212E-01      0.3091316627E+00
    0.7234721483E+01      0.7234721483E+01     -0.1169227827E+00      0.2879648382E+00
    0.7212557235E+01      0.7212557235E+01     -0.1399015943E+00      0.2591122157E+00
    0.7190011009E+01      0.7190011009E+01     -0.1653510563E+00      0.2228486980E+00
    0.7167027031E+01      0.7167027031E+01     -0.1928861285E+00      0.1803832588E+00
    0.7149182323E+01      0.7149182323E+01     -0.2166517270E+00      0.1383176589E+00
    0.7140098300E+01      0.7140098300E+01     -0.2343625253E+00      0.9965551682E-01
    0.7407507709E+01      0.7407507709E+01      0.1382713948E-01      0.1476941470E+00
    0.7408611222E+01      0.7408611222E+01      0.4064347928E-01      0.1474054113E+00
    0.7410866445E+01      0.7410866445E+01      0.6545698996E-01      0.1476810811E+00
    0.7414707272E+01      0.7414707272E+01      0.8699968116E-01      0.1502638214E+00
    0.7420799804E+01      0.7420799804E+01      0.1040144044E+00      0.1518210650E+00
    0.7429453873E+01      0.7429453873E+01      0.1154538087E+00      0.1514867329E+00
    0.7440208840E+01      0.7440208840E+01      0.1207965042E+00      0.1492314919E+00
    0.7451396397E+01      0.7451396397E+01      0.1212930816E+00      0.1484869565E+00
    0.7463845892E+01      0.7463845892E+01      0.1166286323E+00      0.1526327526E+00
    0.7473820389E+01      0.7473820389E+01      0.1084998582E+00      0.1562556763E+00
    0.7478754531E+01      0.7478754531E+01      0.9550772471E-01      0.1622682382E+00
    0.7475553775E+01      0.7475553775E+01      0.8069536474E-01      0.1707136888E+00
    0.7463682169E+01      0.7463682169E+01      0.6493846442E-01      0.1850339127E+00
    0.7442270222E+01      0.7442270222E+01      0.4521600788E-01      0.2035377846E+00
    0.7411300770E+01      0.7411300770E+01      0.1977067383E-01      0.2242260451E+00
    0.7371565348E+01      0.7371565348E+01     -0.1152744923E-01      0.2451852959E+00
    0.7327114121E+01      0.7327114121E+01     -0.4750370128E-01      0.2615660883E+00
    0.7287121230E+01      0.7287121230E+01     -0.8005449709E-01      0.2647204899E+00
    0.7251464950E+01      0.7251464950E+01     -0.1105778889E+00      0.2563041407E+00
    0.7218342287E+01      0.7218342287E+01     -0.1408879882E+00      0.2386454618E+00
    0.7186810051E+01      0.7186810051E+01     -0.1722085334E+00      0.2115756368E+00
    0.7156801115E+01      0.7156801115E+01     -0.2038367892E+00      0.1769659959E+00
    0.7132747738E+01      0.7132747738E+01     -0.2314972142E+00      0.1406954760E+00
    0.7118395353E+01      0.7118395353E+01     -0.2524007875E+00      0.1072285832E+00
    0.7112666717E+01      0.7112666717E+01     -0.2674828451E+00      0.7570552847E-01
    0.7408681631E+01      0.7408681631E+01      0.1407966681E-01      0.1056186461E+00
    0.7409429087E+01      0.7409429087E+01      0.4148852425E-01      0.1050195580E+00
    0.7410850944E+01      0.7410850944E+01      0.6656588466E-01      0.1052531616E+00
    0.7413996259E+01      0.7413996259E+01      0.8811356081E-01      0.1074951300E+00
    0.7419896038E+01      0.7419896038E+01      0.1050480407E+00      0.1085648272E+00
    0.7428955812E+01      0.7428955812E+01      0.1161658781E+00      0.1079235503E+00
    0.7440991871E+01      0.7440991871E+01      0.1211622385E+00      0.1059867749E+00
    0.7454430885E+01      0.7454430885E+01      0.1215201755E+00      0.1045730601E+00
    0.7470236721E+01      0.7470236721E+01      0.1172497128E+00      0.1080463684E+00
    0.7484019172E+01      0.7484019172E+01      0.1114616840E+00      0.1100594650E+00
    0.7493039355E+01      0.7493039355E+01      0.1034773855E+00      0.1135413644E+00
    0.7495225848E+01      0.7495225848E+01      0.9022410255E-01      0.1182693979E+00
    0.7487424304E+01      0.7487424304E+01      0.7814584361E-01      0.1284486076E+00
    0.7470250435E+01      0.7470250435E+01      0.6239623839E-01      0.1420731636E+00
    0.7442190829E+01      0.7442190829E+01      0.3968568097E-01      0.1576545009E+00
    0.7402337416E+01      0.7402337416E+01      0.8155901131E-02      0.1748877458E+00
    0.7352191406E+01      0.7352191406E+01     -0.3246146136E-01      0.1896335219E+00
    0.7297444638E+01      0.7297444638E+01     -0.7872988561E-01      0.1978201758E+00
    0.7247845831E+01      0.7247845831E+01     -0.1216108950E+00      0.1943565686E+00
    0.7202959374E+01      0.7202959374E+01     -0.1620441990E+00      0.1795649730E+00
    0.7161903017E+01      0.7161903017E+01     -0.2011187346E+00      0.1552983573E+00
    0.7127751219E+01      0.7127751219E+01     -0.2355632772E+00      0.1268468567E+00
    0.7104875034E+01      0.7104875034E+01     -0.2621844326E+00      0.9982153576E-01
    0.7092970332E+01      0.7092970332E+01     -0.2808595537E+00      0.7507617756E-01
    0.7089145563E+01      0.7089145563E+01     -0.2940851117E+00      0.5141155888E-01
    0.7409916377E+01      0.7409916377E+01      0.1437443344E-01      0.6355623805E-01
    0.7410322736E+01      0.7410322736E+01      0.4220213509E-01      0.6283150098E-01
    0.7410893927E+01      0.7410893927E+01      0.6688932911E-01      0.6291575178E-01
    0.7413405828E+01      0.7413405828E+01      0.8822103014E-01      0.6442527198E-01
    0.7418937577E+01      0.7418937577E+01      0.1049876594E+00      0.6513468814E-01
    0.7428166072E+01      0.7428166072E+01      0.1158954963E+00      0.6488838489E-01
    0.7440785343E+01      0.7440785343E+01      0.1207387633E+00      0.6333476770E-01
    0.7455055174E+01      0.7455055174E+01      0.1207564073E+00      0.6167251687E-01
    0.7473041257E+01      0.7473041257E+01      0.1163943098E+00      0.6420214928E-01
    0.7488807996E+01      0.7488807996E+01      0.1122865725E+00      0.6480991658E-01
    0.7500895092E+01      0.7500895092E+01      0.1071206555E+00      0.6641854922E-01
    0.7506738438E+01      0.7506738438E+01      0.9786492045E-01      0.6885516994E-01
    0.7502357266E+01      0.7502357266E+01      0.8719378447E-01      0.7494667229E-01
    0.7488662899E+01      0.7488662899E+01      0.7450222879E-01      0.8375375262E-01
    0.7463679168E+01      0.7463679168E+01      0.5452476105E-01      0.9378747884E-01
    0.7425073684E+01      0.7425073684E+01      0.2379129377E-01      0.1053916500E+00
    0.7372379854E+01      0.7372379854E+01     -0.1946826767E-01      0.1162844521E+00
    0.7309537911E+01      0.7309537911E+01     -0.7325496326E-01      0.1231226071E+00
    0.7245778579E+01      0.7245778579E+01     -0.1290183311E+00      0.1225417922E+00
    0.7189472682E+01      0.7189472682E+01     -0.1789582596E+00      0.1116389334E+00
    0.7141631960E+01      0.7141631960E+01     -0.2231876556E+00      0.9439696208E-01
    0.7106646115E+01      0.7106646115E+01     -0.2580240489E+00      0.7636706820E-01
    0.7085413468E+01      0.7085413468E+01     -0.2828251208E+00      0.5999365793E-01
    0.7075484224E+01      0.7075484224E+01     -0.2999399881E+00      0.4476931893E-01
    0.7073240149E+01      0.7073240149E+01     -0.3119087639E+00      0.2993877705E-01
    0.7410640683E+01      0.7410640683E+01      0.1450430443E-01      0.2136398306E-01
    0.7410832502E+01      0.7410832502E+01      0.4249576482E-01      0.2100756590E-01
    0.7410937123E+01      0.7410937123E+01      0.6691439638E-01      0.2092402547E-01
    0.7412966404E+01      0.7412966404E+01      0.8824425197E-01      0.2138106604E-01
    0.7418212100E+01      0.7418212100E+01      0.1050562384E+00      0.2158227231E-01
    0.7427495206E+01      0.7427495206E+01      0.1160614189E+00      0.2152782429E-01
    0.7440456221E+01      0.7440456221E+01      0.1210795512E+00      0.2108283472E-01
    0.7455477378E+01      0.7455477378E+01      0.1213870303E+00      0.2061056307E-01
    0.7474525041E+01      0.7474525041E+01      0.1175386403E+00      0.2172466132E-01
    0.7491921531E+01      0.7491921531E+01      0.1144778009E+00      0.2219108665E-01
    0.7505945918E+01      0.7505945918E+01      0.1106487326E+00      0.2304344866E-01
    0.7513578154E+01      0.7513578154E+01      0.1040119090E+00      0.2421010122E-01
    0.7511557614E+01      0.7511557614E+01      0.9377158619E-01      0.2658952894E-01
    0.7499442271E+01      0.7499442271E+01      0.8244139143E-01      0.2986183509E-01
    0.7475954617E+01      0.7475954617E+01      0.6336949000E-01      0.3344391852E-01
    0.7437831251E+01      0.7437831251E+01      0.3275691986E-01      0.3738431072E-01
    0.7384101172E+01      0.7384101172E+01     -0.1218426788E-01      0.4083252845E-01
    0.7316882908E+01      0.7316882908E+01     -0.6968460380E-01      0.4233525831E-01
    0.7244392593E+01      0.7244392593E+01     -0.1333650357E+00      0.4066843440E-01
    0.7179870087E+01      0.7179870087E+01     -0.1899969687E+00      0.3543676010E-01
    0.7128750569E+01      0.7128750569E+01     -0.2366761221E+00      0.2905168279E-01
    0.7093998854E+01      0.7093998854E+01     -0.2711854105E+00      0.2309047526E-01
    0.7073543302E+01      0.7073543302E+01     -0.2951621612E+00      0.1772749702E-01
    0.7064336348E+01      0.7064336348E+01     -0.3117020114E+00      0.1268503067E-01
    0.7062774251E+01      0.7062774251E+01     -0.3234819481E+00      0.7866099437E-02
