    0.8056692323E+01      0.8056692323E+01      0.1772781391E+01      0.2578927738E+00
    0.8082690680E+01      0.8082690680E+01      0.1863737546E+01      0.2544745880E+00
    0.8103260059E+01      0.8103260059E+01      0.1951777551E+01      0.2489018812E+00
    0.8117787789E+01      0.8117787789E+01      0.2037072693E+01      0.2411205659E+00
    0.8124666578E+01      0.8124666578E+01      0.2118074603E+01      0.2312415755E+00
    0.8127148745E+01      0.8127148745E+01      0.2195824277E+01      0.2180607040E+00
    0.8129723940E+01      0.8129723940E+01      0.2271177504E+01      0.2005049661E+00
    0.8133272681E+01      0.8133272681E+01      0.2342053734E+01      0.1774622609E+00
    0.8137267179E+01      0.8137267179E+01      0.2407882389E+01      0.1488975842E+00
    0.8140113792E+01      0.8140113792E+01      0.2468744233E+01      0.1145713721E+00
    0.8140957305E+01      0.8140957305E+01      0.2526360567E+01      0.7432159732E-01
    0.8140458494E+01      0.8140458494E+01      0.2583224532E+01      0.2794735596E-01
    0.8137167958E+01      0.8137167958E+01      0.2642712018E+01     -0.2313796755E-01
    0.8127979675E+01      0.8127979675E+01      0.2709507007E+01     -0.7759438626E-01
    0.8109151984E+01      0.8109151984E+01      0.2788787247E+01     -0.1337972249E+00
    0.8078752354E+01      0.8078752354E+01      0.2883960916E+01     -0.1907367364E+00
    0.8039106517E+01      0.8039106517E+01      0.2994010235E+01     -0.2485693873E+00
    0.7994609287E+01      0.7994609287E+01      0.3115117911E+01     -0.3083458480E+00
    0.7947890994E+01      0.7947890994E+01      0.3245472568E+01     -0.3699115925E+00
    0.7896250839E+01      0.7896250839E+01      0.3388141902E+01     -0.4318179884E+00
    0.7833979695E+01      0.7833979695E+01      0.3548701582E+01     -0.4879230622E+00
    0.7760320544E+01      0.7760320544E+01      0.3728430866E+01     -0.5386884987E+00
    0.7673928702E+01      0.7673928702E+01      0.3927342250E+01     -0.5676979068E+00
    0.7587065602E+01      0.7587065602E+01      0.4129749082E+01     -0.5990421288E+00
    0.7489989385E+01      0.7489989385E+01      0.4345774355E+01     -0.5951984990E+00
    0.8045414127E+01      0.8045414127E+01      0.1769683901E+01      0.2298940912E+00
    0.8071297334E+01      0.8071297334E+01      0.1858192320E+01      0.2248251263E+00
    0.8091853676E+01      0.8091853676E+01      0.1944075202E+01      0.2174211540E+00
    0.8106348458E+01      0.8106348458E+01      0.2027369050E+01      0.2078082678E+00
    0.8113329547E+01      0.8113329547E+01      0.2105457977E+01      0.1955729700E+00
    0.8117110724E+01      0.8117110724E+01      0.2179781624E+01      0.1792177025E+00
    0.8121814804E+01      0.8121814804E+01      0.2249975347E+01      0.1579168855E+00
    0.8128048184E+01      0.8128048184E+01      0.2314681648E+01      0.1311285115E+00
    0.8134756486E+01      0.8134756486E+01      0.2374270350E+01      0.9849745015E-01
    0.8139924533E+01      0.8139924533E+01      0.2429125982E+01      0.5970690652E-01
    0.8142535861E+01      0.8142535861E+01      0.2480903397E+01      0.1458351263E-01
    0.8143450803E+01      0.8143450803E+01      0.2532226009E+01     -0.3653232493E-01
    0.8140490683E+01      0.8140490683E+01      0.2587548539E+01     -0.9257999611E-01
    0.8130417239E+01      0.8130417239E+01      0.2651673262E+01     -0.1525331290E+00
    0.8109901193E+01      0.8109901193E+01      0.2729717584E+01     -0.2150071619E+00
    0.8078169191E+01      0.8078169191E+01      0.2823897004E+01     -0.2793826643E+00
    0.8038891102E+01      0.8038891102E+01      0.2932057824E+01     -0.3464302816E+00
    0.7996574349E+01      0.7996574349E+01      0.3050647381E+01     -0.4173378695E+00
    0.7951601694E+01      0.7951601694E+01      0.3180009632E+01     -0.4907798448E+00
    0.7899197277E+01      0.7899197277E+01      0.3326198590E+01     -0.5647006509E+00
    0.7833496449E+01      0.7833496449E+01      0.3495028213E+01     -0.6306780563E+00
    0.7756237907E+01      0.7756237907E+01      0.3686077225E+01     -0.6937014242E+00
    0.7665980971E+01      0.7665980971E+01      0.3898327609E+01     -0.7307979121E+00
    0.7576440844E+01      0.7576440844E+01      0.4116967495E+01     -0.7696355072E+00
    0.7469009257E+01      0.7469009257E+01      0.4356744785E+01     -0.7649712360E+00
    0.8035089104E+01      0.8035089104E+01      0.1765072551E+01      0.2040337980E+00
    0.8060781772E+01      0.8060781772E+01      0.1851028716E+01      0.1974664444E+00
    0.8081243181E+01      0.8081243181E+01      0.1934619291E+01      0.1883247557E+00
    0.8095782253E+01      0.8095782253E+01      0.2015338686E+01      0.1768864354E+00
    0.8103240957E+01      0.8103240957E+01      0.2089933110E+01      0.1622167305E+00
    0.8108538444E+01      0.8108538444E+01      0.2160031085E+01      0.1426786738E+00
    0.8115276795E+01      0.8115276795E+01      0.2224620956E+01      0.1178679817E+00
    0.8123824490E+01      0.8123824490E+01      0.2283028004E+01      0.8760807727E-01
    0.8132771835E+01      0.8132771835E+01      0.2336271111E+01      0.5134602170E-01
    0.8139957689E+01      0.8139957689E+01      0.2384833275E+01      0.8679342435E-02
    0.8144314795E+01      0.8144314795E+01      0.2430542253E+01     -0.4058983204E-01
    0.8146395255E+01      0.8146395255E+01      0.2476430259E+01     -0.9587170696E-01
    0.8143618473E+01      0.8143618473E+01      0.2526747855E+01     -0.1568929514E+00
    0.8132817740E+01      0.8132817740E+01      0.2587633505E+01     -0.2225227737E+00
    0.8111023698E+01      0.8111023698E+01      0.2663339922E+01     -0.2919218638E+00
    0.8078862429E+01      0.8078862429E+01      0.2754913336E+01     -0.3650501488E+00
    0.8040998961E+01      0.8040998961E+01      0.2859088601E+01     -0.4433328121E+00
    0.8001362225E+01      0.8001362225E+01      0.2973310660E+01     -0.5277390773E+00
    0.7957842350E+01      0.7957842350E+01      0.3101375016E+01     -0.6155854605E+00
    0.7902830576E+01      0.7902830576E+01      0.3252468581E+01     -0.7039219259E+00
    0.7833588283E+01      0.7833588283E+01      0.3429858276E+01     -0.7830180707E+00
    0.7752221180E+01      0.7752221180E+01      0.3632627691E+01     -0.8633490950E+00
    0.7657035428E+01      0.7657035428E+01      0.3860952305E+01     -0.9117815714E+00
    0.7558933750E+01      0.7558933750E+01      0.4101437941E+01     -0.9622723663E+00
    0.7439367733E+01      0.7439367733E+01      0.4371099385E+01     -0.9531244050E+00
    0.8025422206E+01      0.8025422206E+01      0.1758836798E+01      0.1801796710E+00
    0.8050795753E+01      0.8050795753E+01      0.1842148686E+01      0.1723923962E+00
    0.8071323178E+01      0.8071323178E+01      0.1923194413E+01      0.1616902462E+00
    0.8086174039E+01      0.8086174039E+01      0.2000726909E+01      0.1486218874E+00
    0.8094560130E+01      0.8094560130E+01      0.2071129233E+01      0.1315547479E+00
    0.8101562781E+01      0.8101562781E+01      0.2136346468E+01      0.1090915405E+00
    0.8110135200E+01      0.8110135200E+01      0.2195193639E+01      0.8115524030E-01
    0.8120486635E+01      0.8120486635E+01      0.2247465837E+01      0.4771200811E-01
    0.8131144584E+01      0.8131144584E+01      0.2294397492E+01      0.8145619416E-02
    0.8139903809E+01      0.8139903809E+01      0.2336467047E+01     -0.3792874589E-01
    0.8145815990E+01      0.8145815990E+01      0.2376005694E+01     -0.9073483145E-01
    0.8148854124E+01      0.8148854124E+01      0.2416387728E+01     -0.1499337010E+00
    0.8146791556E+01      0.8146791556E+01      0.2460758006E+01     -0.2157613390E+00
    0.8135496795E+01      0.8135496795E+01      0.2517212686E+01     -0.2872541261E+00
    0.8113149217E+01      0.8113149217E+01      0.2588962204E+01     -0.3640806548E+00
    0.8081541489E+01      0.8081541489E+01      0.2675686782E+01     -0.4470007153E+00
    0.8045865177E+01      0.8045865177E+01      0.2773653459E+01     -0.5376631829E+00
    0.8008419367E+01      0.8008419367E+01      0.2882194680E+01     -0.6363630718E+00
    0.7964852736E+01      0.7964852736E+01      0.3007949001E+01     -0.7401702672E+00
    0.7907795052E+01      0.7907795052E+01      0.3161049035E+01     -0.8467936524E+00
    0.7835144715E+01      0.7835144715E+01      0.3345834730E+01     -0.9456514474E+00
    0.7747679524E+01      0.7747679524E+01      0.3562841681E+01     -0.1048495095E+01
    0.7643883898E+01      0.7643883898E+01      0.3811521105E+01     -0.1112008645E+01
    0.7534542898E+01      0.7534542898E+01      0.4082708903E+01     -0.1180481280E+01
    0.7395865689E+01      0.7395865689E+01      0.4390160756E+01     -0.1170738973E+01
    0.8016420973E+01      0.8016420973E+01      0.1751546945E+01      0.1586890397E+00
    0.8041354155E+01      0.8041354155E+01      0.1832171472E+01      0.1498094607E+00
    0.8062085160E+01      0.8062085160E+01      0.1910464478E+01      0.1376876308E+00
    0.8077466905E+01      0.8077466905E+01      0.1984065530E+01      0.1230144699E+00
    0.8087182564E+01      0.8087182564E+01      0.2049724428E+01      0.1038231742E+00
    0.8096019947E+01      0.8096019947E+01      0.2109491953E+01      0.7886055842E-01
    0.8106184708E+01      0.8106184708E+01      0.2162402106E+01      0.4826876710E-01
    0.8117860097E+01      0.8117860097E+01      0.2208520055E+01      0.1206762274E-01
    0.8129771107E+01      0.8129771107E+01      0.2249115673E+01     -0.3032491253E-01
    0.8139726126E+01      0.8139726126E+01      0.2284628102E+01     -0.7952395785E-01
    0.8146803479E+01      0.8146803479E+01      0.2317733218E+01     -0.1356331139E+00
    0.8150668280E+01      0.8150668280E+01      0.2352242435E+01     -0.1986844052E+00
    0.8149662764E+01      0.8149662764E+01      0.2389722457E+01     -0.2687753652E+00
    0.8138576425E+01      0.8138576425E+01      0.2440228743E+01     -0.3460311204E+00
    0.8116591447E+01      0.8116591447E+01      0.2505742642E+01     -0.4304370108E+00
    0.8086577513E+01      0.8086577513E+01      0.2584854834E+01     -0.5234140230E+00
    0.8053621146E+01      0.8053621146E+01      0.2673956941E+01     -0.6268146769E+00
    0.8018004116E+01      0.8018004116E+01      0.2774717749E+01     -0.7405524809E+00
    0.7974152907E+01      0.7974152907E+01      0.2895803685E+01     -0.8623385775E+00
    0.7915769517E+01      0.7915769517E+01      0.3047263302E+01     -0.9907045301E+00
    0.7840985586E+01      0.7840985586E+01      0.3235642131E+01     -0.1118421046E+01
    0.7744510976E+01      0.7744510976E+01      0.3469217539E+01     -0.1251445508E+01
    0.7629101789E+01      0.7629101789E+01      0.3744060823E+01     -0.1337973848E+01
    0.7501661291E+01      0.7501661291E+01      0.4059753810E+01     -0.1440345668E+01
    0.7337395263E+01      0.7337395263E+01      0.4427637597E+01     -0.1435245749E+01
    0.8008126691E+01      0.8008126691E+01      0.1743478439E+01      0.1398204280E+00
    0.8032578161E+01      0.8032578161E+01      0.1821447878E+01      0.1298953731E+00
    0.8053569601E+01      0.8053569601E+01      0.1896933932E+01      0.1164670879E+00
    0.8069554562E+01      0.8069554562E+01      0.1966261711E+01      0.1001323776E+00
    0.8080770959E+01      0.8080770959E+01      0.2026822759E+01      0.7905906521E-01
    0.8091549779E+01      0.8091549779E+01      0.2080822249E+01      0.5234192867E-01
    0.8103228271E+01      0.8103228271E+01      0.2127638209E+01      0.1991394968E-01
    0.8116013544E+01      0.8116013544E+01      0.2167769940E+01     -0.1845817968E-01
    0.8128763318E+01      0.8128763318E+01      0.2202012923E+01     -0.6333948544E-01
    0.8139684707E+01      0.8139684707E+01      0.2230902609E+01     -0.1152885312E+00
    0.8147747275E+01      0.8147747275E+01      0.2256843470E+01     -0.1743533659E+00
    0.8152442416E+01      0.8152442416E+01      0.2284450750E+01     -0.2409045578E+00
    0.8152348694E+01      0.8152348694E+01      0.2314334315E+01     -0.3148528532E+00
    0.8142335201E+01      0.8142335201E+01      0.2356558112E+01     -0.3975742200E+00
    0.8121459927E+01      0.8121459927E+01      0.2413229811E+01     -0.4891819377E+00
    0.8093927170E+01      0.8093927170E+01      0.2481509188E+01     -0.5918411651E+00
    0.8063964151E+01      0.8063964151E+01      0.2558729301E+01     -0.7075896396E+00
    0.8030025309E+01      0.8030025309E+01      0.2648724168E+01     -0.8364656568E+00
    0.7986367645E+01      0.7986367645E+01      0.2760942067E+01     -0.9779390928E+00
    0.7927600057E+01      0.7927600057E+01      0.2905474072E+01     -0.1132247871E+01
    0.7850354739E+01      0.7850354739E+01      0.3092716866E+01     -0.1295153147E+01
    0.7744480063E+01      0.7744480063E+01      0.3338464044E+01     -0.1466603419E+01
    0.7614290260E+01      0.7614290260E+01      0.3644357124E+01     -0.1599202117E+01
    0.7456934857E+01      0.7456934857E+01      0.4037202930E+01     -0.1766113901E+01
    0.7265276992E+01      0.7265276992E+01      0.4527379056E+01     -0.1781736336E+01
    0.8000538666E+01      0.8000538666E+01      0.1733967798E+01      0.1237359413E+00
    0.8024753540E+01      0.8024753540E+01      0.1809110590E+01      0.1128809998E+00
    0.8046032595E+01      0.8046032595E+01      0.1881610150E+01      0.9832947544E-01
    0.8062460628E+01      0.8062460628E+01      0.1946664744E+01      0.8025822620E-01
    0.8075009162E+01      0.8075009162E+01      0.2002460935E+01      0.5747673527E-01
    0.8087324372E+01      0.8087324372E+01      0.2050660434E+01      0.2940672700E-01
    0.8100325970E+01      0.8100325970E+01      0.2091264125E+01     -0.4278469873E-02
    0.8114197347E+01      0.8114197347E+01      0.2125169776E+01     -0.4418188166E-01
    0.8127789993E+01      0.8127789993E+01      0.2152726119E+01     -0.9085020596E-01
    0.8139635292E+01      0.8139635292E+01      0.2174396451E+01     -0.1446134733E+00
    0.8148707522E+01      0.8148707522E+01      0.2192528897E+01     -0.2060722246E+00
    0.8154270886E+01      0.8154270886E+01      0.2212213988E+01     -0.2754604697E+00
    0.8155006341E+01      0.8155006341E+01      0.2234156815E+01     -0.3527885090E+00
    0.8146693908E+01      0.8146693908E+01      0.2266156914E+01     -0.4399742618E+00
    0.8127497461E+01      0.8127497461E+01      0.2311919336E+01     -0.5379660858E+00
    0.8103032191E+01      0.8103032191E+01      0.2366815068E+01     -0.6493704619E+00
    0.8076130197E+01      0.8076130197E+01      0.2429349743E+01     -0.7763171907E+00
    0.8044165173E+01      0.8044165173E+01      0.2504523788E+01     -0.9197096035E+00
    0.8001977729E+01      0.8001977729E+01      0.2601116117E+01     -0.1081386863E+01
    0.7944425520E+01      0.7944425520E+01      0.2729348770E+01     -0.1263958052E+01
    0.7865749286E+01      0.7865749286E+01      0.2903307785E+01     -0.1467582650E+01
    0.7755329959E+01      0.7755329959E+01      0.3145795748E+01     -0.1693315674E+01
    0.7604207342E+01      0.7604207342E+01      0.3487762128E+01     -0.1906491043E+01
    0.7396875951E+01      0.7396875951E+01      0.4000880399E+01     -0.2228365610E+01
    0.7131004096E+01      0.7131004096E+01      0.4612487314E+01     -0.2139366173E+01
    0.7993297709E+01      0.7993297709E+01      0.1724011057E+01      0.1102329457E+00
    0.8017679614E+01      0.8017679614E+01      0.1796141630E+01      0.9865573605E-01
    0.8039312295E+01      0.8039312295E+01      0.1865364520E+01      0.8326122786E-01
    0.8056204777E+01      0.8056204777E+01      0.1926114561E+01      0.6366910990E-01
    0.8069815749E+01      0.8069815749E+01      0.1976955326E+01      0.3959445629E-01
    0.8083247962E+01      0.8083247962E+01      0.2019299105E+01      0.1059715850E-01
    0.8097231440E+01      0.8097231440E+01      0.2053755071E+01     -0.2397174548E-01
    0.8111959982E+01      0.8111959982E+01      0.2081432624E+01     -0.6483178183E-01
    0.8126416730E+01      0.8126416730E+01      0.2102042844E+01     -0.1122758603E+00
    0.8139436181E+01      0.8139436181E+01      0.2115641710E+01     -0.1667671389E+00
    0.8149934587E+01      0.8149934587E+01      0.2125524914E+01     -0.2299903711E+00
    0.8156330902E+01      0.8156330902E+01      0.2136890974E+01     -0.3014673913E+00
    0.8157678371E+01      0.8157678371E+01      0.2150184054E+01     -0.3814155175E+00
    0.8151282851E+01      0.8151282851E+01      0.2170645136E+01     -0.4715785723E+00
    0.8134611085E+01      0.8134611085E+01      0.2202875349E+01     -0.5745783352E+00
    0.8113597126E+01      0.8113597126E+01      0.2241318846E+01     -0.6929504663E+00
    0.8089937743E+01      0.8089937743E+01      0.2284866544E+01     -0.8286766834E+00
    0.8060828951E+01      0.8060828951E+01      0.2338188278E+01     -0.9844100826E+00
    0.8021781882E+01      0.8021781882E+01      0.2408771485E+01     -0.1164355384E+01
    0.7967309242E+01      0.7967309242E+01      0.2507239433E+01     -0.1374315008E+01
    0.7889420315E+01      0.7889420315E+01      0.2651262249E+01     -0.1621138187E+01
    0.7775065554E+01      0.7775065554E+01      0.2871393556E+01     -0.1913106903E+01
    0.7607685103E+01      0.7607685103E+01      0.3219594534E+01     -0.2240187758E+01
    0.7349560328E+01      0.7349560328E+01      0.3814983118E+01     -0.2837308012E+01
    0.6912474670E+01      0.6912474670E+01      0.4391877876E+01     -0.2381582965E+01
    0.7986210955E+01      0.7986210955E+01      0.1713009011E+01      0.9925226539E-01
    0.8011105389E+01      0.8011105389E+01      0.1781721303E+01      0.8722862169E-01
    0.8033286551E+01      0.8033286551E+01      0.1847197507E+01      0.7143488274E-01
    0.8050882792E+01      0.8050882792E+01      0.1903626214E+01      0.5100765923E-01
    0.8065260359E+01      0.8065260359E+01      0.1949469516E+01      0.2608231207E-01
    0.8079298544E+01      0.8079298544E+01      0.1986547100E+01     -0.3773621403E-02
    0.8093813326E+01      0.8093813326E+01      0.2015615164E+01     -0.3912435812E-01
    0.8109023009E+01      0.8109023009E+01      0.2037068085E+01     -0.8021290896E-01
    0.8124385577E+01      0.8124385577E+01      0.2049875598E+01     -0.1270279524E+00
    0.8138899876E+01      0.8138899876E+01      0.2054638855E+01     -0.1815755895E+00
    0.8150724908E+01      0.8150724908E+01      0.2056243985E+01     -0.2460603286E+00
    0.8157985954E+01      0.8157985954E+01      0.2058583211E+01     -0.3186858211E+00
    0.8160136729E+01      0.8160136729E+01      0.2062025599E+01     -0.3997075045E+00
    0.8156490946E+01      0.8156490946E+01      0.2068307143E+01     -0.4907319298E+00
    0.8143772714E+01      0.8143772714E+01      0.2082707936E+01     -0.5963565319E+00
    0.8126296789E+01      0.8126296789E+01      0.2100614204E+01     -0.7185575296E+00
    0.8106160091E+01      0.8106160091E+01      0.2119788753E+01     -0.8591548238E+00
    0.8081188702E+01      0.8081188702E+01      0.2143057182E+01     -0.1022886899E+01
    0.8046936695E+01      0.8046936695E+01      0.2176534464E+01     -0.1216095620E+01
    0.7997284296E+01      0.7997284296E+01      0.2230591158E+01     -0.1448832365E+01
    0.7921987205E+01      0.7921987205E+01      0.2324438915E+01     -0.1736844806E+01
    0.7802223127E+01      0.7802223127E+01      0.2495621137E+01     -0.2102007150E+01
    0.7607911690E+01      0.7607911690E+01      0.2808784892E+01     -0.2568193907E+01
    0.7320007966E+01      0.7320007966E+01      0.3351245353E+01     -0.3445508574E+01
    0.6586345315E+01      0.6586345315E+01      0.3721359419E+01     -0.2352781413E+01
    0.7979014191E+01      0.7979014191E+01      0.1702144585E+01      0.9086537645E-01
    0.8004605476E+01      0.8004605476E+01      0.1767138164E+01      0.7855600668E-01
    0.8027504008E+01      0.8027504008E+01      0.1828547239E+01      0.6266152772E-01
    0.8045909828E+01      0.8045909828E+01      0.1880846432E+01      0.4190115604E-01
    0.8060779128E+01      0.8060779128E+01      0.1922105925E+01      0.1633815792E-01
    0.8075217563E+01      0.8075217563E+01      0.1954172851E+01     -0.1412774052E-01
    0.8090109432E+01      0.8090109432E+01      0.1977243566E+01     -0.4970025023E-01
    0.8105767619E+01      0.8105767619E+01      0.1991423910E+01     -0.8950138914E-01
    0.8121048043E+01      0.8121048043E+01      0.1995966234E+01     -0.1348911982E+00
    0.8137437462E+01      0.8137437462E+01      0.1991454754E+01     -0.1898245446E+00
    0.8152476564E+01      0.8152476564E+01      0.1983260710E+01     -0.2535682137E+00
    0.8161760740E+01      0.8161760740E+01      0.1973753917E+01     -0.3254752229E+00
    0.8166067681E+01      0.8166067681E+01      0.1965039625E+01     -0.4059366168E+00
    0.8164329357E+01      0.8164329357E+01      0.1956944315E+01     -0.4965373330E+00
    0.8157526222E+01      0.8157526222E+01      0.1954160438E+01     -0.6014626107E+00
    0.8145912693E+01      0.8145912693E+01      0.1952856687E+01     -0.7232512898E+00
    0.8131347455E+01      0.8131347455E+01      0.1949641959E+01     -0.8641880884E+00
    0.8114361488E+01      0.8114361488E+01      0.1942958603E+01     -0.1029538953E+01
    0.8089702195E+01      0.8089702195E+01      0.1936315973E+01     -0.1228322451E+01
    0.8052788218E+01      0.8052788218E+01      0.1932717707E+01     -0.1473933578E+01
    0.7994692106E+01      0.7994692106E+01      0.1935531770E+01     -0.1790842396E+01
    0.7886174746E+01      0.7886174746E+01      0.1962964254E+01     -0.2212508793E+01
    0.7655788052E+01      0.7655788052E+01      0.2079147128E+01     -0.2803875284E+01
    0.7126122200E+01      0.7126122200E+01      0.2382133600E+01     -0.3986897290E+01
    0.5470632211E+01      0.5470632211E+01      0.2503512067E+01     -0.2887259706E+01
    0.7971519346E+01      0.7971519346E+01      0.1691656532E+01      0.8499327600E-01
    0.7998031673E+01      0.7998031673E+01      0.1752488806E+01      0.7264966580E-01
    0.8021764132E+01      0.8021764132E+01      0.1809454472E+01      0.5675250987E-01
    0.8041178413E+01      0.8041178413E+01      0.1857339273E+01      0.3615497511E-01
    0.8056832682E+01      0.8056832682E+01      0.1893378717E+01      0.1079008098E-01
    0.8071807784E+01      0.8071807784E+01      0.1919198616E+01     -0.1923917092E-01
    0.8087235344E+01      0.8087235344E+01      0.1935159939E+01     -0.5387912243E-01
    0.8102600035E+01      0.8102600035E+01      0.1941903889E+01     -0.9212104144E-01
    0.8117919700E+01      0.8117919700E+01      0.1939587283E+01     -0.1372649772E+00
    0.8137366282E+01      0.8137366282E+01      0.1926869375E+01     -0.1912071246E+00
    0.8153618036E+01      0.8153618036E+01      0.1911499938E+01     -0.2523089728E+00
    0.8163764138E+01      0.8163764138E+01      0.1894705225E+01     -0.3214385324E+00
    0.8169163039E+01      0.8169163039E+01      0.1877453321E+01     -0.3999694565E+00
    0.8170393947E+01      0.8170393947E+01      0.1859383472E+01     -0.4886805365E+00
    0.8167259568E+01      0.8167259568E+01      0.1840841318E+01     -0.5903192763E+00
    0.8159077782E+01      0.8159077782E+01      0.1822332097E+01     -0.7084919038E+00
    0.8148375480E+01      0.8148375480E+01      0.1799132246E+01     -0.8451799572E+00
    0.8136713038E+01      0.8136713038E+01      0.1766774967E+01     -0.1004182889E+01
    0.8121321286E+01      0.8121321286E+01      0.1723671770E+01     -0.1193171665E+01
    0.8098538433E+01      0.8098538433E+01      0.1665695288E+01     -0.1422562470E+01
    0.8065596968E+01      0.8065596968E+01      0.1579411568E+01     -0.1707775102E+01
    0.8020874224E+01      0.8020874224E+01      0.1433489774E+01     -0.2083706721E+01
    0.7958650191E+01      0.7958650191E+01      0.1162760259E+01     -0.2630481437E+01
    0.7885055001E+01      0.7885055001E+01      0.6601491039E+00     -0.3365889699E+01
    0.0000000000E+00      0.2000000000E+02      0.0000000000E+00      0.0000000000E+00
    0.7963212247E+01      0.7963212247E+01      0.1680780349E+01      0.8098941944E-01
    0.7990708482E+01      0.7990708482E+01      0.1737537790E+01      0.6912593098E-01
    0.8015490495E+01      0.8015490495E+01      0.1789357333E+01      0.5360826855E-01
    0.8036228405E+01      0.8036228405E+01      0.1831893700E+01      0.3373723997E-01
    0.8053002282E+01      0.8053002282E+01      0.1862762131E+01      0.9185442978E-02
    0.8068188379E+01      0.8068188379E+01      0.1883616233E+01     -0.1985481863E-01
    0.8083498515E+01      0.8083498515E+01      0.1896382101E+01     -0.5229443561E-01
    0.8096751232E+01      0.8096751232E+01      0.1898710479E+01     -0.8875842172E-01
    0.8113417196E+01      0.8113417196E+01      0.1890458359E+01     -0.1337890579E+00
    0.8132372051E+01      0.8132372051E+01      0.1872626360E+01     -0.1842345599E+00
    0.8150689328E+01      0.8150689328E+01      0.1848650754E+01     -0.2425523211E+00
    0.8163333875E+01      0.8163333875E+01      0.1822419408E+01     -0.3097111526E+00
    0.8170677138E+01      0.8170677138E+01      0.1795008569E+01     -0.3849693751E+00
    0.8173938461E+01      0.8173938461E+01      0.1766195102E+01     -0.4701272033E+00
    0.8173939138E+01      0.8173939138E+01      0.1734072369E+01     -0.5668607865E+00
    0.8169932402E+01      0.8169932402E+01      0.1699289904E+01     -0.6783212229E+00
    0.8162863595E+01      0.8162863595E+01      0.1658511701E+01     -0.8073319035E+00
    0.8155240340E+01      0.8155240340E+01      0.1605880340E+01     -0.9556970237E+00
    0.8145779740E+01      0.8145779740E+01      0.1537609367E+01     -0.1128458360E+01
    0.8130891913E+01      0.8130891913E+01      0.1449397541E+01     -0.1332877869E+01
    0.8108072146E+01      0.8108072146E+01      0.1329527555E+01     -0.1575748989E+01
    0.8073036216E+01      0.8073036216E+01      0.1152515524E+01     -0.1871497436E+01
    0.8028204651E+01      0.8028204651E+01      0.8287988179E+00     -0.2239731311E+01
    0.8022684437E+01      0.8022684437E+01      0.4081094432E+00     -0.2544342983E+01
    0.0000000000E+00      0.2000000000E+02      0.0000000000E+00      0.0000000000E+00
    0.7956792867E+01      0.7956792867E+01      0.1670416305E+01      0.8114766914E-01
    0.7984496960E+01      0.7984496960E+01      0.1723442695E+01      0.6941383063E-01
    0.8009677770E+01      0.8009677770E+01      0.1771336354E+01      0.5397874866E-01
    0.8030996565E+01      0.8030996565E+01      0.1810275451E+01      0.3462351113E-01
    0.8047560760E+01      0.8047560760E+01      0.1837093706E+01      0.1155237823E-01
    0.8062966256E+01      0.8062966256E+01      0.1854542140E+01     -0.1567789974E-01
    0.8076188663E+01      0.8076188663E+01      0.1860617119E+01     -0.4455006871E-01
    0.8090227302E+01      0.8090227302E+01      0.1857128142E+01     -0.8172643534E-01
    0.8107139267E+01      0.8107139267E+01      0.1843844205E+01     -0.1249631610E+00
    0.8127184204E+01      0.8127184204E+01      0.1819226087E+01     -0.1734062817E+00
    0.8147105914E+01      0.8147105914E+01      0.1787783112E+01     -0.2279875262E+00
    0.8161086166E+01      0.8161086166E+01      0.1753472998E+01     -0.2901177688E+00
    0.8170409110E+01      0.8170409110E+01      0.1716894532E+01     -0.3612236678E+00
    0.8176048608E+01      0.8176048608E+01      0.1677556697E+01     -0.4413885340E+00
    0.8178621786E+01      0.8178621786E+01      0.1634834803E+01     -0.5323510276E+00
    0.8178448340E+01      0.8178448340E+01      0.1585883823E+01     -0.6354022723E+00
    0.8175321496E+01      0.8175321496E+01      0.1529597041E+01     -0.7534739812E+00
    0.8171333396E+01      0.8171333396E+01      0.1460291766E+01     -0.8883180058E+00
    0.8166898094E+01      0.8166898094E+01      0.1372189616E+01     -0.1041330006E+01
    0.8159591051E+01      0.8159591051E+01      0.1259636159E+01     -0.1216320551E+01
    0.8147378251E+01      0.8147378251E+01      0.1111855474E+01     -0.1414281367E+01
    0.8129785594E+01      0.8129785594E+01      0.9064607120E+00     -0.1636037152E+01
    0.8114502359E+01      0.8114502359E+01      0.6050614916E+00     -0.1863458995E+01
    0.8118974438E+01      0.8118974438E+01      0.2800607486E+00     -0.2000771229E+01
    0.0000000000E+00      0.2000000000E+02      0.0000000000E+00      0.0000000000E+00
    0.7949232507E+01      0.7949232507E+01      0.1660443497E+01      0.8487774772E-01
    0.7977021408E+01      0.7977021408E+01      0.1710060912E+01      0.7347173676E-01
    0.8002238552E+01      0.8002238552E+01      0.1753953758E+01      0.5845407626E-01
    0.8023715588E+01      0.8023715588E+01      0.1788624930E+01      0.4005250285E-01
    0.8041011221E+01      0.8041011221E+01      0.1811346284E+01      0.1773168535E-01
    0.8056134646E+01      0.8056134646E+01      0.1823715480E+01     -0.6608442433E-02
    0.8068532835E+01      0.8068532835E+01      0.1825224412E+01     -0.3507373383E-01
    0.8083308206E+01      0.8083308206E+01      0.1817490484E+01     -0.7133957642E-01
    0.8099863234E+01      0.8099863234E+01      0.1800099187E+01     -0.1119637629E+00
    0.8119901394E+01      0.8119901394E+01      0.1770295788E+01     -0.1568454141E+00
    0.8141272429E+01      0.8141272429E+01      0.1731452106E+01     -0.2071384660E+00
    0.8157514746E+01      0.8157514746E+01      0.1689731715E+01     -0.2646854887E+00
    0.8168797119E+01      0.8168797119E+01      0.1645146066E+01     -0.3301515977E+00
    0.8176791218E+01      0.8176791218E+01      0.1596627897E+01     -0.4046357694E+00
    0.8182092047E+01      0.8182092047E+01      0.1543355387E+01     -0.4883584796E+00
    0.8184827907E+01      0.8184827907E+01      0.1483936697E+01     -0.5825851962E+00
    0.8185467803E+01      0.8185467803E+01      0.1415106145E+01     -0.6886066291E+00
    0.8184978306E+01      0.8184978306E+01      0.1332649271E+01     -0.8077065256E+00
    0.8184235489E+01      0.8184235489E+01      0.1231151615E+01     -0.9398275960E+00
    0.8182568507E+01      0.8182568507E+01      0.1103617159E+01     -0.1084531223E+01
    0.8178571727E+01      0.8178571727E+01      0.9417371753E+00     -0.1239151906E+01
    0.8174949355E+01      0.8174949355E+01      0.7349367659E+00     -0.1397940666E+01
    0.8170139409E+01      0.8170139409E+01      0.4733452709E+00     -0.1539608364E+01
    0.8175488944E+01      0.8175488944E+01      0.2124913047E+00     -0.1616661300E+01
    0.0000000000E+00      0.2000000000E+02      0.0000000000E+00      0.0000000000E+00
    0.7942142558E+01      0.7942142558E+01      0.1651142522E+01      0.9143302104E-01
    0.7970097896E+01      0.7970097896E+01      0.1697314587E+01      0.8062191445E-01
    0.7995189504E+01      0.7995189504E+01      0.1737292024E+01      0.6617527731E-01
    0.8016428626E+01      0.8016428626E+01      0.1767846291E+01      0.4833906179E-01
    0.8034308233E+01      0.8034308233E+01      0.1787765509E+01      0.2730241631E-01
    0.8048189069E+01      0.8048189069E+01      0.1795240711E+01      0.5568176237E-02
    0.8060758675E+01      0.8060758675E+01      0.1793199145E+01     -0.2337063805E-01
    0.8075461296E+01      0.8075461296E+01      0.1781774228E+01     -0.5734830924E-01
    0.8091664370E+01      0.8091664370E+01      0.1760130587E+01     -0.9501099614E-01
    0.8111731668E+01      0.8111731668E+01      0.1725350398E+01     -0.1362437040E+00
    0.8134245516E+01      0.8134245516E+01      0.1679830528E+01     -0.1820089024E+00
    0.8152586647E+01      0.8152586647E+01      0.1630810075E+01     -0.2344143936E+00
    0.8166139685E+01      0.8166139685E+01      0.1578702422E+01     -0.2943164698E+00
    0.8176508785E+01      0.8176508785E+01      0.1522593658E+01     -0.3622964330E+00
    0.8184594975E+01      0.8184594975E+01      0.1461200262E+01     -0.4384346047E+00
    0.8190382145E+01      0.8190382145E+01      0.1392729243E+01     -0.5232609136E+00
    0.8194315238E+01      0.8194315238E+01      0.1314537903E+01     -0.6170455584E+00
    0.8197094190E+01      0.8197094190E+01      0.1222533400E+01     -0.7201494976E+00
    0.8199601745E+01      0.8199601745E+01      0.1111647586E+01     -0.8315872562E+00
    0.8202526401E+01      0.8202526401E+01      0.9764291354E+00     -0.9482927598E+00
    0.8205440568E+01      0.8205440568E+01      0.8138353201E+00     -0.1066203546E+01
    0.8206759934E+01      0.8206759934E+01      0.6195846309E+00     -0.1182702759E+01
    0.8204486833E+01      0.8204486833E+01      0.3907268245E+00     -0.1277916637E+01
    0.8211829903E+01      0.8211829903E+01      0.1718108983E+00     -0.1323954982E+01
    0.0000000000E+00      0.2000000000E+02      0.0000000000E+00      0.0000000000E+00
    0.7934863721E+01      0.7934863721E+01      0.1641684292E+01      0.1008556281E+00
    0.7963271987E+01      0.7963271987E+01      0.1685010227E+01      0.9099548595E-01
    0.7988231073E+01      0.7988231073E+01      0.1721195672E+01      0.7748869961E-01
    0.8009407999E+01      0.8009407999E+01      0.1747921123E+01      0.6004446437E-01
    0.8027294951E+01      0.8027294951E+01      0.1764526636E+01      0.4050198844E-01
    0.8040428366E+01      0.8040428366E+01      0.1768454192E+01      0.1882660380E-01
    0.8053902132E+01      0.8053902132E+01      0.1762997349E+01     -0.9732999130E-02
    0.8068434926E+01      0.8068434926E+01      0.1748110683E+01     -0.4158201985E-01
    0.8084767426E+01      0.8084767426E+01      0.1722263776E+01     -0.7634273240E-01
    0.8104920617E+01      0.8104920617E+01      0.1683348868E+01     -0.1142424202E+00
    0.8128546909E+01      0.8128546909E+01      0.1632565171E+01     -0.1560983792E+00
    0.8149488168E+01      0.8149488168E+01      0.1577614981E+01     -0.2036710107E+00
    0.8165475376E+01      0.8165475376E+01      0.1519214280E+01     -0.2580091757E+00
    0.8178044853E+01      0.8178044853E+01      0.1456995477E+01     -0.3187656460E+00
    0.8188214766E+01      0.8188214766E+01      0.1389016771E+01     -0.3864024303E+00
    0.8196592661E+01      0.8196592661E+01      0.1313203915E+01     -0.4608507776E+00
    0.8203454512E+01      0.8203454512E+01      0.1227069896E+01     -0.5421915327E+00
    0.8209436161E+01      0.8209436161E+01      0.1127413220E+01     -0.6297653200E+00
    0.8215069496E+01      0.8215069496E+01      0.1010970948E+01     -0.7218987704E+00
    0.8220606773E+01      0.8220606773E+01      0.8754668966E+00     -0.8158544673E+00
    0.8225473467E+01      0.8225473467E+01      0.7187944703E+00     -0.9085925050E+00
    0.8228949743E+01      0.8228949743E+01      0.5393267431E+00     -0.9956075530E+00
    0.8227361435E+01      0.8227361435E+01      0.3351328062E+00     -0.1064344150E+01
    0.8235222755E+01      0.8235222755E+01      0.1453217808E+00     -0.1092827484E+01
    0.0000000000E+00      0.2000000000E+02      0.0000000000E+00      0.0000000000E+00
    0.7927075747E+01      0.7927075747E+01      0.1632831157E+01      0.1130106656E+00
    0.7956552674E+01      0.7956552674E+01      0.1673291493E+01      0.1039218651E+00
    0.7981749100E+01      0.7981749100E+01      0.1706012820E+01      0.9139419570E-01
    0.8003409475E+01      0.8003409475E+01      0.1729699988E+01      0.7455528216E-01
    0.8021316968E+01      0.8021316968E+01      0.1742533790E+01      0.5592345484E-01
    0.8034190987E+01      0.8034190987E+01      0.1743389732E+01      0.3249779705E-01
    0.8048890743E+01      0.8048890743E+01      0.1734691423E+01      0.4961393254E-02
    0.8063686929E+01      0.8063686929E+01      0.1716655648E+01     -0.2489246274E-01
    0.8080339014E+01      0.8080339014E+01      0.1687108592E+01     -0.5717149775E-01
    0.8100807673E+01      0.8100807673E+01      0.1644758676E+01     -0.9238125824E-01
    0.8125170194E+01      0.8125170194E+01      0.1590118521E+01     -0.1309099219E+00
    0.8148375147E+01      0.8148375147E+01      0.1530033061E+01     -0.1738369039E+00
    0.8166747315E+01      0.8166747315E+01      0.1466448842E+01     -0.2221724093E+00
    0.8181723620E+01      0.8181723620E+01      0.1398649907E+01     -0.2760391432E+00
    0.8194372957E+01      0.8194372957E+01      0.1324892400E+01     -0.3352383267E+00
    0.8205312529E+01      0.8205312529E+01      0.1243207310E+01     -0.3994493493E+00
    0.8214816027E+01      0.8214816027E+01      0.1151614209E+01     -0.4683985672E+00
    0.8223245738E+01      0.8223245738E+01      0.1047955560E+01     -0.5411902558E+00
    0.8231038338E+01      0.8231038338E+01      0.9302705529E+00     -0.6164532767E+00
    0.8238227658E+01      0.8238227658E+01      0.7970771039E+00     -0.6926341971E+00
    0.8244480482E+01      0.8244480482E+01      0.6471533056E+00     -0.7658818517E+00
    0.8249121477E+01      0.8249121477E+01      0.4807600681E+00     -0.8317305064E+00
    0.8247757966E+01      0.8247757966E+01      0.2958434508E+00     -0.8837422963E+00
    0.8255589030E+01      0.8255589030E+01      0.1270425963E+00     -0.9019056462E+00
    0.0000000000E+00      0.2000000000E+02      0.0000000000E+00      0.0000000000E+00
    0.7919532087E+01      0.7919532087E+01      0.1624438695E+01      0.1261339103E+00
    0.7950558510E+01      0.7950558510E+01      0.1661590841E+01      0.1179068615E+00
    0.7976740637E+01      0.7976740637E+01      0.1690942940E+01      0.1060968274E+00
    0.7999736089E+01      0.7999736089E+01      0.1711876612E+01      0.9010337025E-01
    0.8017716017E+01      0.8017716017E+01      0.1720739511E+01      0.7126602964E-01
    0.8031333979E+01      0.8031333979E+01      0.1719047586E+01      0.4656844855E-01
    0.8046826678E+01      0.8046826678E+01      0.1707545725E+01      0.2036154222E-01
    0.8062458690E+01      0.8062458690E+01      0.1686400657E+01     -0.7346051428E-02
    0.8079702717E+01      0.8079702717E+01      0.1654058531E+01     -0.3764846661E-01
    0.8100219305E+01      0.8100219305E+01      0.1609318705E+01     -0.7097348686E-01
    0.8124587520E+01      0.8124587520E+01      0.1552281528E+01     -0.1069513059E+00
    0.8149415919E+01      0.8149415919E+01      0.1487866154E+01     -0.1456019011E+00
    0.8170301638E+01      0.8170301638E+01      0.1419704934E+01     -0.1882605660E+00
    0.8187856100E+01      0.8187856100E+01      0.1347199627E+01     -0.2350349972E+00
    0.8202961143E+01      0.8202961143E+01      0.1268769703E+01     -0.2857118306E+00
    0.8216213611E+01      0.8216213611E+01      0.1182869577E+01     -0.3400920102E+00
    0.8228041970E+01      0.8228041970E+01      0.1087923911E+01     -0.3977182098E+00
    0.8238692858E+01      0.8238692858E+01      0.9825264284E+00     -0.4578385755E+00
    0.8248440397E+01      0.8248440397E+01      0.8654144259E+00     -0.5193998383E+00
    0.8257244441E+01      0.8257244441E+01      0.7354960460E+00     -0.5810154407E+00
    0.8264839775E+01      0.8264839775E+01      0.5922274745E+00     -0.6387485640E+00
    0.8270403820E+01      0.8270403820E+01      0.4369964192E+00     -0.6889087254E+00
    0.8269304244E+01      0.8269304244E+01      0.2671503163E+00     -0.7294415035E+00
    0.8276989765E+01      0.8276989765E+01      0.1138986099E+00     -0.7412393888E+00
    0.0000000000E+00      0.2000000000E+02      0.0000000000E+00      0.0000000000E+00
    0.7912238007E+01      0.7912238007E+01      0.1617040274E+01      0.1388093806E+00
    0.7946197988E+01      0.7946197988E+01      0.1650330182E+01      0.1318453662E+00
    0.7974656974E+01      0.7974656974E+01      0.1675878898E+01      0.1205346451E+00
    0.7999797137E+01      0.7999797137E+01      0.1694066763E+01      0.1055912964E+00
    0.8017455555E+01      0.8017455555E+01      0.1699020330E+01      0.8538846269E-01
    0.8033471544E+01      0.8033471544E+01      0.1694732155E+01      0.6086175468E-01
    0.8050684947E+01      0.8050684947E+01      0.1680812219E+01      0.3518984910E-01
    0.8067674654E+01      0.8067674654E+01      0.1657210580E+01      0.8043113411E-02
    0.8085345779E+01      0.8085345779E+01      0.1623034306E+01     -0.2131552028E-01
    0.8105781903E+01      0.8105781903E+01      0.1576689189E+01     -0.5308101851E-01
    0.8129626526E+01      0.8129626526E+01      0.1518432770E+01     -0.8635901503E-01
    0.8154902532E+01      0.8154902532E+01      0.1451182965E+01     -0.1208758534E+00
    0.8177651211E+01      0.8177651211E+01      0.1379243629E+01     -0.1578955454E+00
    0.8197200407E+01      0.8197200407E+01      0.1302636059E+01     -0.1974934401E+00
    0.8214373105E+01      0.8214373105E+01      0.1220667171E+01     -0.2399232148E+00
    0.8229786542E+01      0.8229786542E+01      0.1131993741E+01     -0.2851075580E+00
    0.8243715677E+01      0.8243715677E+01      0.1035246788E+01     -0.3328028282E+00
    0.8256470600E+01      0.8256470600E+01      0.9293173882E+00     -0.3822473424E+00
    0.8268105652E+01      0.8268105652E+01      0.8133448294E+00     -0.4325039739E+00
    0.8278490000E+01      0.8278490000E+01      0.6866285744E+00     -0.4820222239E+00
    0.8287333973E+01      0.8287333973E+01      0.5492877525E+00     -0.5274739379E+00
    0.8293673237E+01      0.8293673237E+01      0.4034970405E+00     -0.5660179212E+00
    0.8293005876E+01      0.8293005876E+01      0.2456047604E+00     -0.5981026905E+00
    0.8300550756E+01      0.8300550756E+01      0.1041153458E+00     -0.6059913457E+00
    0.0000000000E+00      0.2000000000E+02      0.0000000000E+00      0.0000000000E+00
    0.7903991386E+01      0.7903991386E+01      0.1610921092E+01      0.1483049273E+00
    0.7942632651E+01      0.7942632651E+01      0.1639805906E+01      0.1426972642E+00
    0.7975472198E+01      0.7975472198E+01      0.1661079069E+01      0.1324959609E+00
    0.8002983191E+01      0.8002983191E+01      0.1674071773E+01      0.1168482895E+00
    0.8022537683E+01      0.8022537683E+01      0.1675951680E+01      0.9512186985E-01
    0.8041826093E+01      0.8041826093E+01      0.1670025791E+01      0.7021400437E-01
    0.8061207107E+01      0.8061207107E+01      0.1654650455E+01      0.4457715362E-01
    0.8079595893E+01      0.8079595893E+01      0.1629000305E+01      0.1768289189E-01
    0.8097570419E+01      0.8097570419E+01      0.1593232715E+01     -0.1077935697E-01
    0.8117445505E+01      0.8117445505E+01      0.1545973535E+01     -0.4077666116E-01
    0.8139927246E+01      0.8139927246E+01      0.1487404590E+01     -0.7101917664E-01
    0.8164439927E+01      0.8164439927E+01      0.1419108730E+01     -0.1007586736E+00
    0.8188214153E+01      0.8188214153E+01      0.1345041124E+01     -0.1315319163E+00
    0.8209262698E+01      0.8209262698E+01      0.1266004528E+01     -0.1641411692E+00
    0.8228427394E+01      0.8228427394E+01      0.1181506974E+01     -0.1987652625E+00
    0.8245915948E+01      0.8245915948E+01      0.1090643074E+01     -0.2355513944E+00
    0.8261927912E+01      0.8261927912E+01      0.9925558818E+00     -0.2743368877E+00
    0.8276593230E+01      0.8276593230E+01      0.8864440670E+00     -0.3144746070E+00
    0.8289947639E+01      0.8289947639E+01      0.7717029323E+00     -0.3550691526E+00
    0.8301788094E+01      0.8301788094E+01      0.6479473114E+00     -0.3944923553E+00
    0.8311781083E+01      0.8311781083E+01      0.5157502675E+00     -0.4302239646E+00
    0.8318863712E+01      0.8318863712E+01      0.3777496147E+00     -0.4601112690E+00
    0.8318791527E+01      0.8318791527E+01      0.2292324032E+00     -0.4854505464E+00
    0.8326248744E+01      0.8326248744E+01      0.9671471304E-01     -0.4909291141E+00
    0.0000000000E+00      0.2000000000E+02      0.0000000000E+00      0.0000000000E+00
    0.7892053487E+01      0.7892053487E+01      0.1608710475E+01      0.1520388220E+00
    0.7938602818E+01      0.7938602818E+01      0.1631361511E+01      0.1476712451E+00
    0.7977086177E+01      0.7977086177E+01      0.1645957391E+01      0.1383215604E+00
    0.8008346476E+01      0.8008346476E+01      0.1653152356E+01      0.1216543127E+00
    0.8033188423E+01      0.8033188423E+01      0.1652771635E+01      0.9865826673E-01
    0.8057031601E+01      0.8057031601E+01      0.1645125443E+01      0.7412009724E-01
    0.8078570732E+01      0.8078570732E+01      0.1627865773E+01      0.4846365556E-01
    0.8097848355E+01      0.8097848355E+01      0.1600848686E+01      0.2156283364E-01
    0.8115806968E+01      0.8115806968E+01      0.1564302558E+01     -0.5833723268E-02
    0.8134278228E+01      0.8134278228E+01      0.1517482850E+01     -0.3310672205E-01
    0.8154514398E+01      0.8154514398E+01      0.1459955555E+01     -0.5916089653E-01
    0.8177051965E+01      0.8177051965E+01      0.1392414477E+01     -0.8367550000E-01
    0.8200670893E+01      0.8200670893E+01      0.1317159553E+01     -0.1081836726E+00
    0.8222669200E+01      0.8222669200E+01      0.1236665016E+01     -0.1338441530E+00
    0.8243451798E+01      0.8243451798E+01      0.1150421408E+01     -0.1611493883E+00
    0.8262968871E+01      0.8262968871E+01      0.1057907208E+01     -0.1902332413E+00
    0.8281050074E+01      0.8281050074E+01      0.9587318815E+00     -0.2209271646E+00
    0.8297583714E+01      0.8297583714E+01      0.8524919047E+00     -0.2526828319E+00
    0.8312505554E+01      0.8312505554E+01      0.7388526396E+00     -0.2847164716E+00
    0.8325647146E+01      0.8325647146E+01      0.6176988449E+00     -0.3155278785E+00
    0.8336649463E+01      0.8336649463E+01      0.4898029195E+00     -0.3433439258E+00
    0.8344442404E+01      0.8344442404E+01      0.3577958049E+00     -0.3664954963E+00
    0.8344920471E+01      0.8344920471E+01      0.2165164652E+00     -0.3861330651E+00
    0.8352366451E+01      0.8352366451E+01      0.9108334183E-01     -0.3900795757E+00
    0.0000000000E+00      0.2000000000E+02      0.0000000000E+00      0.0000000000E+00
    0.7879485074E+01      0.7879485074E+01      0.1610059965E+01      0.1424926705E+00
    0.7932765294E+01      0.7932765294E+01      0.1627479430E+01      0.1415728160E+00
    0.7978080265E+01      0.7978080265E+01      0.1636384124E+01      0.1326869464E+00
    0.8015140294E+01      0.8015140294E+01      0.1637550999E+01      0.1172836545E+00
    0.8047991340E+01      0.8047991340E+01      0.1632524861E+01      0.9642547086E-01
    0.8076269378E+01      0.8076269378E+01      0.1620028546E+01      0.7289955976E-01
    0.8099781866E+01      0.8099781866E+01      0.1599780297E+01      0.4733650051E-01
    0.8119638493E+01      0.8119638493E+01      0.1571619089E+01      0.2073792202E-01
    0.8137138843E+01      0.8137138843E+01      0.1535610097E+01     -0.5281179878E-02
    0.8153445726E+01      0.8153445726E+01      0.1490968103E+01     -0.2821927581E-01
    0.8170955354E+01      0.8170955354E+01      0.1436146995E+01     -0.4848441524E-01
    0.8190886016E+01      0.8190886016E+01      0.1370874552E+01     -0.6737034871E-01
    0.8213243902E+01      0.8213243902E+01      0.1296020433E+01     -0.8555393084E-01
    0.8235962548E+01      0.8235962548E+01      0.1214282765E+01     -0.1043467077E+00
    0.8258092713E+01      0.8258092713E+01      0.1126539954E+01     -0.1248987076E+00
    0.8279622177E+01      0.8279622177E+01      0.1032619585E+01     -0.1467713645E+00
    0.8299862018E+01      0.8299862018E+01      0.9325135935E+00     -0.1698511834E+00
    0.8318368969E+01      0.8318368969E+01      0.8262028095E+00     -0.1937448492E+00
    0.8334977108E+01      0.8334977108E+01      0.7135533264E+00     -0.2178978610E+00
    0.8349492672E+01      0.8349492672E+01      0.5946383961E+00     -0.2410410512E+00
    0.8361514399E+01      0.8361514399E+01      0.4702161904E+00     -0.2620087681E+00
    0.8370024000E+01      0.8370024000E+01      0.3427736925E+00     -0.2794179369E+00
    0.8370989399E+01      0.8370989399E+01      0.2069164228E+00     -0.2941001222E+00
    0.8378446372E+01      0.8378446372E+01      0.8687560387E-01     -0.2968988265E+00
    0.0000000000E+00      0.2000000000E+02      0.0000000000E+00      0.0000000000E+00
    0.7866266972E+01      0.7866266972E+01      0.1612586009E+01      0.1190318270E+00
    0.7928075981E+01      0.7928075981E+01      0.1622568376E+01      0.1203884525E+00
    0.7981505336E+01      0.7981505336E+01      0.1625654214E+01      0.1126304700E+00
    0.8028778539E+01      0.8028778539E+01      0.1623630702E+01      0.9843607700E-01
    0.8069495366E+01      0.8069495366E+01      0.1615919313E+01      0.8061676858E-01
    0.8102002423E+01      0.8102002423E+01      0.1601668121E+01      0.5998696178E-01
    0.8127027017E+01      0.8127027017E+01      0.1580190981E+01      0.3784786038E-01
    0.8145898234E+01      0.8145898234E+01      0.1550806383E+01      0.1568643538E-01
    0.8160431254E+01      0.8160431254E+01      0.1513236352E+01     -0.5196394115E-02
    0.8173112012E+01      0.8173112012E+01      0.1468180125E+01     -0.2304292243E-01
    0.8186532813E+01      0.8186532813E+01      0.1415786226E+01     -0.3830732426E-01
    0.8203808911E+01      0.8203808911E+01      0.1352723649E+01     -0.5114059125E-01
    0.8224331687E+01      0.8224331687E+01      0.1279834387E+01     -0.6305776818E-01
    0.8247213389E+01      0.8247213389E+01      0.1198284652E+01     -0.7555287533E-01
    0.8270746008E+01      0.8270746008E+01      0.1109681147E+01     -0.8953348168E-01
    0.8293518100E+01      0.8293518100E+01      0.1014904217E+01     -0.1051949404E+00
    0.8315223044E+01      0.8315223044E+01      0.9140647652E+00     -0.1216535531E+00
    0.8335212578E+01      0.8335212578E+01      0.8074362618E+00     -0.1385778592E+00
    0.8353111659E+01      0.8353111659E+01      0.6952395461E+00     -0.1556132398E+00
    0.8368613982E+01      0.8368613982E+01      0.5777553247E+00     -0.1718973040E+00
    0.8381319743E+01      0.8381319743E+01      0.4557537205E+00     -0.1867275089E+00
    0.8390293750E+01      0.8390293750E+01      0.3316569623E+00     -0.1989626585E+00
    0.8391570363E+01      0.8391570363E+01      0.1998071158E+00     -0.2092075844E+00
    0.8399020677E+01      0.8399020677E+01      0.8374962733E-01     -0.2110204816E+00
    0.0000000000E+00      0.2000000000E+02      0.0000000000E+00      0.0000000000E+00
    0.7850809744E+01      0.7850809744E+01      0.1617278669E+01      0.8119523201E-01
    0.7921982922E+01      0.7921982922E+01      0.1620115735E+01      0.8253943478E-01
    0.7986725840E+01      0.7986725840E+01      0.1617842364E+01      0.7733654403E-01
    0.8043909454E+01      0.8043909454E+01      0.1610790037E+01      0.6750893900E-01
    0.8090465394E+01      0.8090465394E+01      0.1599611118E+01      0.5499123237E-01
    0.8125275219E+01      0.8125275219E+01      0.1584405444E+01      0.4065596995E-01
    0.8149642057E+01      0.8149642057E+01      0.1563952472E+01      0.2568830885E-01
    0.8166510159E+01      0.8166510159E+01      0.1536445193E+01      0.1111812331E-01
    0.8178869191E+01      0.8178869191E+01      0.1500471270E+01     -0.2279742339E-02
    0.8189294530E+01      0.8189294530E+01      0.1455559453E+01     -0.1416025934E-01
    0.8200698748E+01      0.8200698748E+01      0.1402305445E+01     -0.2491730716E-01
    0.8215222838E+01      0.8215222838E+01      0.1339863661E+01     -0.3328171329E-01
    0.8233500028E+01      0.8233500028E+01      0.1268063206E+01     -0.4004835071E-01
    0.8255866414E+01      0.8255866414E+01      0.1186738282E+01     -0.4710887818E-01
    0.8280534577E+01      0.8280534577E+01      0.1096843472E+01     -0.5482415851E-01
    0.8304845931E+01      0.8304845931E+01      0.1001099494E+01     -0.6375570410E-01
    0.8327802042E+01      0.8327802042E+01      0.8996605574E+00     -0.7339168054E-01
    0.8349141882E+01      0.8349141882E+01      0.7928376981E+00     -0.8328981964E-01
    0.8368251567E+01      0.8368251567E+01      0.6809746160E+00     -0.9331099511E-01
    0.8384660212E+01      0.8384660212E+01      0.5646127482E+00     -0.1029803502E+00
    0.8397922399E+01      0.8397922399E+01      0.4445803287E+00     -0.1119137338E+00
    0.8407171327E+01      0.8407171327E+01      0.3231762012E+00     -0.1193161550E+00
    0.8408522593E+01      0.8408522593E+01      0.1944277701E+00     -0.1255018980E+00
    0.8415829556E+01      0.8415829556E+01      0.8142035658E-01     -0.1265850113E+00
    0.0000000000E+00      0.2000000000E+02      0.0000000000E+00      0.0000000000E+00
    0.7836869615E+01      0.7836869615E+01      0.1621309922E+01      0.2484673627E-01
    0.7918067671E+01      0.7918067671E+01      0.1618632401E+01      0.2721770497E-01
    0.7991718781E+01      0.7991718781E+01      0.1611587899E+01      0.2725809876E-01
    0.8054270923E+01      0.8054270923E+01      0.1601470382E+01      0.2503172637E-01
    0.8103432949E+01      0.8103432949E+01      0.1588819945E+01      0.2116533552E-01
    0.8138913432E+01      0.8138913432E+01      0.1572929487E+01      0.1635287379E-01
    0.8162841901E+01      0.8162841901E+01      0.1552485636E+01      0.1118369823E-01
    0.8178501956E+01      0.8178501956E+01      0.1525717306E+01      0.6098008349E-02
    0.8189933489E+01      0.8189933489E+01      0.1490625772E+01      0.1481939482E-02
    0.8200533732E+01      0.8200533732E+01      0.1446635033E+01     -0.2435280943E-02
    0.8210979883E+01      0.8210979883E+01      0.1394074608E+01     -0.6399985167E-02
    0.8223126970E+01      0.8223126970E+01      0.1332893040E+01     -0.9819585245E-02
    0.8239658440E+01      0.8239658440E+01      0.1261761895E+01     -0.1247319719E-01
    0.8261572814E+01      0.8261572814E+01      0.1179711149E+01     -0.1492147218E-01
    0.8287170105E+01      0.8287170105E+01      0.1088508408E+01     -0.1724026066E-01
    0.8313007077E+01      0.8313007077E+01      0.9915420496E+00     -0.1985226837E-01
    0.8337018318E+01      0.8337018318E+01      0.8893856074E+00     -0.2277740321E-01
    0.8359414016E+01      0.8359414016E+01      0.7822034035E+00     -0.2580810512E-01
    0.8379505646E+01      0.8379505646E+01      0.6704372638E+00     -0.2888537281E-01
    0.8396757215E+01      0.8396757215E+01      0.5548091800E+00     -0.3187410324E-01
    0.8410605864E+01      0.8410605864E+01      0.4361221458E+00     -0.3468519397E-01
    0.8420172332E+01      0.8420172332E+01      0.3166386973E+00     -0.3704147783E-01
    0.8421617783E+01      0.8421617783E+01      0.1901909073E+00     -0.3904337424E-01
    0.8428841074E+01      0.8428841074E+01      0.7954892660E-01     -0.3939270675E-01
    0.0000000000E+00      0.2000000000E+02      0.0000000000E+00      0.0000000000E+00
