    0.7316473387E+01      0.7316473387E+01      0.1063629080E+01      0.7147276412E+00
    0.7273435018E+01      0.7273435018E+01      0.1130163176E+01      0.7209226419E+00
    0.7228201110E+01      0.7228201110E+01      0.1196178709E+01      0.7278125304E+00
    0.7180050800E+01      0.7180050800E+01      0.1260648945E+01      0.7356249849E+00
    0.7128434731E+01      0.7128434731E+01      0.1323056101E+01      0.7445380502E+00
    0.7073261033E+01      0.7073261033E+01      0.1383640527E+01      0.7545690584E+00
    0.7015100046E+01      0.7015100046E+01      0.1442759010E+01      0.7653929216E+00
    0.6956513840E+01      0.6956513840E+01      0.1501879706E+01      0.7749733758E+00
    0.6902934130E+01      0.6902934130E+01      0.1564875238E+01      0.7770312164E+00
    0.6856887204E+01      0.6856887204E+01      0.1633762509E+01      0.7698563823E+00
    0.6818119599E+01      0.6818119599E+01      0.1708596604E+01      0.7531176209E+00
    0.6784959196E+01      0.6784959196E+01      0.1788883890E+01      0.7278396820E+00
    0.6755611500E+01      0.6755611500E+01      0.1874339802E+01      0.6949484068E+00
    0.6728724992E+01      0.6728724992E+01      0.1965006603E+01      0.6550504499E+00
    0.6703704233E+01      0.6703704233E+01      0.2061018071E+01      0.6084413298E+00
    0.6680466645E+01      0.6680466645E+01      0.2162394474E+01      0.5548648282E+00
    0.6658901481E+01      0.6658901481E+01      0.2269386477E+01      0.4943033291E+00
    0.6638262276E+01      0.6638262276E+01      0.2382666017E+01      0.4275222185E+00
    0.6617255254E+01      0.6617255254E+01      0.2503225307E+01      0.3552200908E+00
    0.6594508774E+01      0.6594508774E+01      0.2632674549E+01      0.2788998423E+00
    0.6569839418E+01      0.6569839418E+01      0.2770800967E+01      0.1998560472E+00
    0.6542854051E+01      0.6542854051E+01      0.2917412597E+01      0.1191774769E+00
    0.6512824456E+01      0.6512824456E+01      0.3072226617E+01      0.3994753748E-01
    0.6477204709E+01      0.6477204709E+01      0.3237253442E+01     -0.3691646885E-01
    0.6435828750E+01      0.6435828750E+01      0.3412535367E+01     -0.1124770158E+00
    0.7334117425E+01      0.7334117425E+01      0.1067893792E+01      0.6750199554E+00
    0.7293513327E+01      0.7293513327E+01      0.1134597493E+01      0.6767425155E+00
    0.7251441494E+01      0.7251441494E+01      0.1201059669E+01      0.6785749948E+00
    0.7207108930E+01      0.7207108930E+01      0.1266386389E+01      0.6808638139E+00
    0.7159841055E+01      0.7159841055E+01      0.1329972254E+01      0.6838397086E+00
    0.7109204521E+01      0.7109204521E+01      0.1391671327E+01      0.6877447432E+00
    0.7055343080E+01      0.7055343080E+01      0.1451543005E+01      0.6925282090E+00
    0.6998389351E+01      0.6998389351E+01      0.1509542508E+01      0.6975572490E+00
    0.6940815412E+01      0.6940815412E+01      0.1566112382E+01      0.7016104435E+00
    0.6886563952E+01      0.6886563952E+01      0.1624976387E+01      0.6999587915E+00
    0.6839973505E+01      0.6839973505E+01      0.1689591108E+01      0.6880811559E+00
    0.6800925260E+01      0.6800925260E+01      0.1760958793E+01      0.6656561862E+00
    0.6767820570E+01      0.6767820570E+01      0.1838594315E+01      0.6335974921E+00
    0.6739029511E+01      0.6739029511E+01      0.1921779932E+01      0.5927193517E+00
    0.6713600983E+01      0.6713600983E+01      0.2010208430E+01      0.5434205494E+00
    0.6691165910E+01      0.6691165910E+01      0.2103960239E+01      0.4857587651E+00
    0.6671133981E+01      0.6671133981E+01      0.2203665062E+01      0.4198575051E+00
    0.6652396753E+01      0.6652396753E+01      0.2310543838E+01      0.3463783387E+00
    0.6633568091E+01      0.6633568091E+01      0.2425559549E+01      0.2660572503E+00
    0.6612601713E+01      0.6612601713E+01      0.2551360212E+01      0.1806593897E+00
    0.6589392523E+01      0.6589392523E+01      0.2687532775E+01      0.9209129467E-01
    0.6562991113E+01      0.6562991113E+01      0.2834640311E+01      0.1834948654E-02
    0.6531083538E+01      0.6531083538E+01      0.2993436660E+01     -0.8380665480E-01
    0.6494049458E+01      0.6494049458E+01      0.3163401792E+01     -0.1676916295E+00
    0.6449126843E+01      0.6449126843E+01      0.3346152946E+01     -0.2481467766E+00
    0.7346300855E+01      0.7346300855E+01      0.1068948389E+01      0.6392268359E+00
    0.7307571504E+01      0.7307571504E+01      0.1135318918E+01      0.6376261755E+00
    0.7268155216E+01      0.7268155216E+01      0.1201719775E+01      0.6356841737E+00
    0.7227237682E+01      0.7227237682E+01      0.1267453534E+01      0.6336902843E+00
    0.7184003854E+01      0.7184003854E+01      0.1331799614E+01      0.6317474011E+00
    0.7137866254E+01      0.7137866254E+01      0.1394282694E+01      0.6300412690E+00
    0.7088543846E+01      0.7088543846E+01      0.1454539769E+01      0.6287257842E+00
    0.7036277212E+01      0.7036277212E+01      0.1512290128E+01      0.6275042301E+00
    0.6981287557E+01      0.6981287557E+01      0.1567538371E+01      0.6258472907E+00
    0.6925508714E+01      0.6925508714E+01      0.1620638180E+01      0.6239076517E+00
    0.6872048107E+01      0.6872048107E+01      0.1675307469E+01      0.6168107139E+00
    0.6825446669E+01      0.6825446669E+01      0.1735477503E+01      0.5989403857E+00
    0.6786617673E+01      0.6786617673E+01      0.1802798201E+01      0.5694861075E+00
    0.6754522784E+01      0.6754522784E+01      0.1876636878E+01      0.5288917567E+00
    0.6727846806E+01      0.6727846806E+01      0.1956047957E+01      0.4777305075E+00
    0.6705499474E+01      0.6705499474E+01      0.2040970995E+01      0.4163835394E+00
    0.6686397701E+01      0.6686397701E+01      0.2132222972E+01      0.3453157617E+00
    0.6669209856E+01      0.6669209856E+01      0.2231307181E+01      0.2650919269E+00
    0.6652410288E+01      0.6652410288E+01      0.2339493836E+01      0.1764835538E+00
    0.6633265498E+01      0.6633265498E+01      0.2460245766E+01      0.8114488719E-01
    0.6610651544E+01      0.6610651544E+01      0.2594672833E+01     -0.1763806214E-01
    0.6583380176E+01      0.6583380176E+01      0.2743473461E+01     -0.1181718675E+00
    0.6548962957E+01      0.6548962957E+01      0.2907666164E+01     -0.2109995351E+00
    0.6509550871E+01      0.6509550871E+01      0.3084409985E+01     -0.3036001340E+00
    0.6459422512E+01      0.6459422512E+01      0.3278430163E+01     -0.3886668780E+00
    0.7354557139E+01      0.7354557139E+01      0.1067415675E+01      0.6061219616E+00
    0.7317147359E+01      0.7317147359E+01      0.1132827730E+01      0.6019798141E+00
    0.7279570579E+01      0.7279570579E+01      0.1198407238E+01      0.5970244970E+00
    0.7241171616E+01      0.7241171616E+01      0.1263638668E+01      0.5914319498E+00
    0.7201181744E+01      0.7201181744E+01      0.1327805479E+01      0.5853324631E+00
    0.7159016015E+01      0.7159016015E+01      0.1390309465E+01      0.5789111295E+00
    0.7114347746E+01      0.7114347746E+01      0.1450621981E+01      0.5724454947E+00
    0.7067075337E+01      0.7067075337E+01      0.1508310634E+01      0.5657396944E+00
    0.7017307746E+01      0.7017307746E+01      0.1563022650E+01      0.5585039467E+00
    0.6965027712E+01      0.6965027712E+01      0.1614765630E+01      0.5505966997E+00
    0.6911594577E+01      0.6911594577E+01      0.1663990075E+01      0.5414731777E+00
    0.6860001647E+01      0.6860001647E+01      0.1714267746E+01      0.5269843144E+00
    0.6814489532E+01      0.6814489532E+01      0.1769261161E+01      0.5013780921E+00
    0.6777265733E+01      0.6777265733E+01      0.1831074979E+01      0.4627628333E+00
    0.6747707545E+01      0.6747707545E+01      0.1899485577E+01      0.4111542821E+00
    0.6724260549E+01      0.6724260549E+01      0.1974073238E+01      0.3471149267E+00
    0.6705263146E+01      0.6705263146E+01      0.2055469261E+01      0.2713564429E+00
    0.6689021553E+01      0.6689021553E+01      0.2145357405E+01      0.1843855781E+00
    0.6673661516E+01      0.6673661516E+01      0.2245586663E+01      0.8711416322E-01
    0.6656120256E+01      0.6656120256E+01      0.2360031895E+01     -0.1908373229E-01
    0.6633317842E+01      0.6633317842E+01      0.2492448368E+01     -0.1296701341E+00
    0.6604018098E+01      0.6604018098E+01      0.2644130023E+01     -0.2424273244E+00
    0.6566092268E+01      0.6566092268E+01      0.2815191717E+01     -0.3439012999E+00
    0.6523144965E+01      0.6523144965E+01      0.3002061821E+01     -0.4479765601E+00
    0.6465334796E+01      0.6465334796E+01      0.3213897656E+01     -0.5391093576E+00
    0.7360184615E+01      0.7360184615E+01      0.1064283589E+01      0.5751426313E+00
    0.7323746666E+01      0.7323746666E+01      0.1128354634E+01      0.5691581999E+00
    0.7287593517E+01      0.7287593517E+01      0.1192742348E+01      0.5620042299E+00
    0.7251267330E+01      0.7251267330E+01      0.1256980969E+01      0.5538214315E+00
    0.7214108451E+01      0.7214108451E+01      0.1320409626E+01      0.5446643145E+00
    0.7175518166E+01      0.7175518166E+01      0.1382265750E+01      0.5346464322E+00
    0.7135096101E+01      0.7135096101E+01      0.1441928145E+01      0.5239477158E+00
    0.7092574869E+01      0.7092574869E+01      0.1498886054E+01      0.5124887360E+00
    0.7047756661E+01      0.7047756661E+01      0.1552700066E+01      0.5001015359E+00
    0.7000585529E+01      0.7000585529E+01      0.1603072466E+01      0.4865988603E+00
    0.6951010689E+01      0.6951010689E+01      0.1650223854E+01      0.4713098571E+00
    0.6900143000E+01      0.6900143000E+01      0.1694313099E+01      0.4535997389E+00
    0.6851607089E+01      0.6851607089E+01      0.1738886758E+01      0.4297525705E+00
    0.6809051492E+01      0.6809051492E+01      0.1787354519E+01      0.3937765814E+00
    0.6774840185E+01      0.6774840185E+01      0.1842373940E+01      0.3433344410E+00
    0.6748547109E+01      0.6748547109E+01      0.1904432936E+01      0.2781931565E+00
    0.6728542623E+01      0.6728542623E+01      0.1974040536E+01      0.1986761891E+00
    0.6712457082E+01      0.6712457082E+01      0.2052929249E+01      0.1052335997E+00
    0.6697781754E+01      0.6697781754E+01      0.2143435896E+01     -0.1122317512E-02
    0.6680942456E+01      0.6680942456E+01      0.2249972850E+01     -0.1191374188E+00
    0.6657684611E+01      0.6657684611E+01      0.2378979917E+01     -0.2440677870E+00
    0.6624815881E+01      0.6624815881E+01      0.2534500092E+01     -0.3723437167E+00
    0.6581778037E+01      0.6581778037E+01      0.2715615027E+01     -0.4862120465E+00
    0.6533966683E+01      0.6533966683E+01      0.2921311150E+01     -0.6075265384E+00
    0.6465237212E+01      0.6465237212E+01      0.3174754949E+01     -0.7244389671E+00
    0.7364415563E+01      0.7364415563E+01      0.1059644852E+01      0.5462331509E+00
    0.7328582529E+01      0.7328582529E+01      0.1122175541E+01      0.5387904911E+00
    0.7293430717E+01      0.7293430717E+01      0.1185130822E+01      0.5297924546E+00
    0.7258606586E+01      0.7258606586E+01      0.1247914099E+01      0.5194679618E+00
    0.7223581787E+01      0.7223581787E+01      0.1309872016E+01      0.5079217589E+00
    0.7187885333E+01      0.7187885333E+01      0.1370304605E+01      0.4951232727E+00
    0.7151054004E+01      0.7151054004E+01      0.1428531285E+01      0.4810943879E+00
    0.7112706229E+01      0.7112706229E+01      0.1484057671E+01      0.4657423111E+00
    0.7072543324E+01      0.7072543324E+01      0.1536461613E+01      0.4490182769E+00
    0.7030399814E+01      0.7030399814E+01      0.1585387787E+01      0.4307232386E+00
    0.6986249779E+01      0.6986249779E+01      0.1630463739E+01      0.4102764825E+00
    0.6939934136E+01      0.6939934136E+01      0.1671594293E+01      0.3868903187E+00
    0.6892410281E+01      0.6892410281E+01      0.1708876310E+01      0.3595835454E+00
    0.6847690292E+01      0.6847690292E+01      0.1746331831E+01      0.3243036021E+00
    0.6809338186E+01      0.6809338186E+01      0.1787099871E+01      0.2752619398E+00
    0.6779413124E+01      0.6779413124E+01      0.1834151909E+01      0.2101155235E+00
    0.6757236593E+01      0.6757236593E+01      0.1889337474E+01      0.1279936214E+00
    0.6740241303E+01      0.6740241303E+01      0.1954668019E+01      0.2893725751E-01
    0.6725267410E+01      0.6725267410E+01      0.2032802462E+01     -0.8626232824E-01
    0.6708032571E+01      0.6708032571E+01      0.2128819439E+01     -0.2167195721E+00
    0.6683091606E+01      0.6683091606E+01      0.2251681440E+01     -0.3585168026E+00
    0.6647266595E+01      0.6647266595E+01      0.2407975978E+01     -0.5087005470E+00
    0.6595822434E+01      0.6595822434E+01      0.2605756190E+01     -0.6457607590E+00
    0.6539881502E+01      0.6539881502E+01      0.2856941910E+01     -0.8197760441E+00
    0.6441353897E+01      0.6441353897E+01      0.3184777183E+01     -0.9503268869E+00
    0.7367838719E+01      0.7367838719E+01      0.1053615906E+01      0.5189122299E+00
    0.7332411125E+01      0.7332411125E+01      0.1114573939E+01      0.5103762802E+00
    0.7298069993E+01      0.7298069993E+01      0.1175978795E+01      0.5000504335E+00
    0.7264559364E+01      0.7264559364E+01      0.1237230114E+01      0.4882274453E+00
    0.7231283648E+01      0.7231283648E+01      0.1297414125E+01      0.4749908164E+00
    0.7197901801E+01      0.7197901801E+01      0.1355913636E+01      0.4602016781E+00
    0.7164012907E+01      0.7164012907E+01      0.1412166040E+01      0.4436855082E+00
    0.7129239202E+01      0.7129239202E+01      0.1465715432E+01      0.4253439634E+00
    0.7093283624E+01      0.7093283624E+01      0.1516175381E+01      0.4051947192E+00
    0.7055915475E+01      0.7055915475E+01      0.1563076385E+01      0.3830294221E+00
    0.7016911101E+01      0.7016911101E+01      0.1605935990E+01      0.3581725460E+00
    0.6976149775E+01      0.6976149775E+01      0.1644262310E+01      0.3296634879E+00
    0.6933309919E+01      0.6933309919E+01      0.1677662187E+01      0.2967798883E+00
    0.6889482975E+01      0.6889482975E+01      0.1705911129E+01      0.2586798108E+00
    0.6849718374E+01      0.6849718374E+01      0.1733363552E+01      0.2098237489E+00
    0.6817184553E+01      0.6817184553E+01      0.1763659697E+01      0.1446564096E+00
    0.6792392890E+01      0.6792392890E+01      0.1800796934E+01      0.6094357822E-01
    0.6773442526E+01      0.6773442526E+01      0.1847942951E+01     -0.4204650850E-01
    0.6757080589E+01      0.6757080589E+01      0.1908399596E+01     -0.1647748033E+00
    0.6738590426E+01      0.6738590426E+01      0.1987488722E+01     -0.3074109970E+00
    0.6711942988E+01      0.6711942988E+01      0.2095733358E+01     -0.4685583927E+00
    0.6673351442E+01      0.6673351442E+01      0.2242251686E+01     -0.6460481890E+00
    0.6616287043E+01      0.6616287043E+01      0.2443889585E+01     -0.8252745389E+00
    0.6548872077E+01      0.6548872077E+01      0.2741261831E+01     -0.1119816528E+01
    0.6426632679E+01      0.6426632679E+01      0.3079806794E+01     -0.1134740570E+01
    0.7371400450E+01      0.7371400450E+01      0.1046528056E+01      0.4932816398E+00
    0.7336186960E+01      0.7336186960E+01      0.1105965645E+01      0.4839728372E+00
    0.7302450391E+01      0.7302450391E+01      0.1165748976E+01      0.4726298735E+00
    0.7269890097E+01      0.7269890097E+01      0.1225145953E+01      0.4597082574E+00
    0.7237998429E+01      0.7237998429E+01      0.1283315979E+01      0.4452852650E+00
    0.7206479966E+01      0.7206479966E+01      0.1339656357E+01      0.4291355085E+00
    0.7174995481E+01      0.7174995481E+01      0.1393668837E+01      0.4109357766E+00
    0.7143172849E+01      0.7143172849E+01      0.1445031022E+01      0.3903833977E+00
    0.7110633179E+01      0.7110633179E+01      0.1493338666E+01      0.3673796100E+00
    0.7077164633E+01      0.7077164633E+01      0.1538087591E+01      0.3417137088E+00
    0.7042719618E+01      0.7042719618E+01      0.1578530682E+01      0.3128590202E+00
    0.7007201725E+01      0.7007201725E+01      0.1613715312E+01      0.2801719313E+00
    0.6970680047E+01      0.6970680047E+01      0.1642493408E+01      0.2431368049E+00
    0.6931746120E+01      0.6931746120E+01      0.1663228789E+01      0.2011961742E+00
    0.6893494388E+01      0.6893494388E+01      0.1676991717E+01      0.1506454960E+00
    0.6860616544E+01      0.6860616544E+01      0.1690179389E+01      0.8529352835E-01
    0.6833875317E+01      0.6833875317E+01      0.1706663444E+01      0.1255333116E-02
    0.6812258361E+01      0.6812258361E+01      0.1730938072E+01     -0.1030430000E+00
    0.6793402714E+01      0.6793402714E+01      0.1767654758E+01     -0.2305933025E+00
    0.6773032733E+01      0.6773032733E+01      0.1821956378E+01     -0.3835031450E+00
    0.6744883218E+01      0.6744883218E+01      0.1906040994E+01     -0.5647897171E+00
    0.6703055224E+01      0.6703055224E+01      0.2034905924E+01     -0.7760811368E+00
    0.6638959788E+01      0.6638959788E+01      0.2236179082E+01     -0.1013310372E+01
    0.6554852255E+01      0.6554852255E+01      0.2549833708E+01     -0.1455295473E+01
    0.6376752770E+01      0.6376752770E+01      0.2834789791E+01     -0.1209058790E+01
    0.7375545401E+01      0.7375545401E+01      0.1038589771E+01      0.4688028016E+00
    0.7340405435E+01      0.7340405435E+01      0.1096455075E+01      0.4590427130E+00
    0.7307013199E+01      0.7307013199E+01      0.1154504058E+01      0.4471861490E+00
    0.7275102762E+01      0.7275102762E+01      0.1211985757E+01      0.4336047869E+00
    0.7244306900E+01      0.7244306900E+01      0.1268148579E+01      0.4184271770E+00
    0.7214274949E+01      0.7214274949E+01      0.1322399011E+01      0.4013943383E+00
    0.7184646709E+01      0.7184646709E+01      0.1374235818E+01      0.3819197010E+00
    0.7155124971E+01      0.7155124971E+01      0.1423282654E+01      0.3597152905E+00
    0.7125543223E+01      0.7125543223E+01      0.1469107555E+01      0.3347133882E+00
    0.7095809922E+01      0.7095809922E+01      0.1511001985E+01      0.3067355675E+00
    0.7065794366E+01      0.7065794366E+01      0.1548147093E+01      0.2752966662E+00
    0.7035322547E+01      0.7035322547E+01      0.1579443090E+01      0.2398397471E+00
    0.7004131693E+01      0.7004131693E+01      0.1602629019E+01      0.2003321844E+00
    0.6971770161E+01      0.6971770161E+01      0.1614944474E+01      0.1569878894E+00
    0.6937753913E+01      0.6937753913E+01      0.1616442542E+01      0.1026516519E+00
    0.6906823269E+01      0.6906823269E+01      0.1612551378E+01      0.3631506644E-01
    0.6879571158E+01      0.6879571158E+01      0.1606248206E+01     -0.4604044784E-01
    0.6856503115E+01      0.6856503115E+01      0.1602319570E+01     -0.1480447921E+00
    0.6836200266E+01      0.6836200266E+01      0.1605286246E+01     -0.2762015554E+00
    0.6814345836E+01      0.6814345836E+01      0.1621018998E+01     -0.4360491420E+00
    0.6783874599E+01      0.6783874599E+01      0.1666744586E+01     -0.6366219943E+00
    0.6737337348E+01      0.6737337348E+01      0.1761868296E+01     -0.8871156784E+00
    0.6663252506E+01      0.6663252506E+01      0.1940295157E+01     -0.1200543135E+01
    0.6582527368E+01      0.6582527368E+01      0.2213180679E+01     -0.1765570495E+01
    0.6282022887E+01      0.6282022887E+01      0.2368008778E+01     -0.1122526248E+01
    0.7380417652E+01      0.7380417652E+01      0.1030203566E+01      0.4451430632E+00
    0.7345324169E+01      0.7345324169E+01      0.1086526891E+01      0.4351732912E+00
    0.7312162188E+01      0.7312162188E+01      0.1142734193E+01      0.4231986974E+00
    0.7280698373E+01      0.7280698373E+01      0.1198123987E+01      0.4094630734E+00
    0.7250632688E+01      0.7250632688E+01      0.1252072544E+01      0.3939558920E+00
    0.7221686395E+01      0.7221686395E+01      0.1304083690E+01      0.3763669781E+00
    0.7193590965E+01      0.7193590965E+01      0.1353673422E+01      0.3562341516E+00
    0.7165998584E+01      0.7165998584E+01      0.1400278415E+01      0.3330593782E+00
    0.7138715916E+01      0.7138715916E+01      0.1443371556E+01      0.3066458399E+00
    0.7111741690E+01      0.7111741690E+01      0.1482165037E+01      0.2768053617E+00
    0.7085296765E+01      0.7085296765E+01      0.1515230437E+01      0.2434412519E+00
    0.7059584686E+01      0.7059584686E+01      0.1540578149E+01      0.2070694549E+00
    0.7033879968E+01      0.7033879968E+01      0.1555373464E+01      0.1689712151E+00
    0.7005535054E+01      0.7005535054E+01      0.1558635894E+01      0.1233749941E+00
    0.6979271137E+01      0.6979271137E+01      0.1548996147E+01      0.6863753052E-01
    0.6954707027E+01      0.6954707027E+01      0.1525182008E+01      0.4099036732E-02
    0.6932139853E+01      0.6932139853E+01      0.1487583591E+01     -0.7320225908E-01
    0.6910752766E+01      0.6910752766E+01      0.1444178926E+01     -0.1695659699E+00
    0.6889784204E+01      0.6889784204E+01      0.1406506758E+01     -0.2943816447E+00
    0.6867028511E+01      0.6867028511E+01      0.1381023040E+01     -0.4570977846E+00
    0.6838966462E+01      0.6838966462E+01      0.1371599175E+01     -0.6709854858E+00
    0.6790803460E+01      0.6790803460E+01      0.1391516302E+01     -0.9549402277E+00
    0.6691279817E+01      0.6691279817E+01      0.1476019684E+01     -0.1342687264E+01
    0.6525209547E+01      0.6525209547E+01      0.1647403189E+01     -0.2035884876E+01
    0.5845293584E+01      0.5845293584E+01      0.1612400605E+01     -0.1258898630E+01
    0.7385907315E+01      0.7385907315E+01      0.1021204834E+01      0.4221963139E+00
    0.7350954874E+01      0.7350954874E+01      0.1076071773E+01      0.4122147238E+00
    0.7318005117E+01      0.7318005117E+01      0.1130611146E+01      0.4004798948E+00
    0.7286873578E+01      0.7286873578E+01      0.1184044737E+01      0.3869499092E+00
    0.7257332606E+01      0.7257332606E+01      0.1235782621E+01      0.3714794971E+00
    0.7229154165E+01      0.7229154165E+01      0.1285367936E+01      0.3537975285E+00
    0.7202157108E+01      0.7202157108E+01      0.1332385941E+01      0.3333901543E+00
    0.7176134451E+01      0.7176134451E+01      0.1376138371E+01      0.3099598999E+00
    0.7151035853E+01      0.7151035853E+01      0.1415748037E+01      0.2831925652E+00
    0.7126875009E+01      0.7126875009E+01      0.1450029930E+01      0.2531735415E+00
    0.7103818288E+01      0.7103818288E+01      0.1477508730E+01      0.2201399468E+00
    0.7081843024E+01      0.7081843024E+01      0.1496479642E+01      0.1846327315E+00
    0.7059877582E+01      0.7059877582E+01      0.1505077671E+01      0.1485300918E+00
    0.7037545462E+01      0.7037545462E+01      0.1500154742E+01      0.1031301703E+00
    0.7018110214E+01      0.7018110214E+01      0.1481530028E+01      0.5099398193E-01
    0.6999788605E+01      0.6999788605E+01      0.1445727339E+01     -0.7941883284E-02
    0.6982346214E+01      0.6982346214E+01      0.1394679851E+01     -0.7624673436E-01
    0.6963685655E+01      0.6963685655E+01      0.1333029127E+01     -0.1624147323E+00
    0.6943595897E+01      0.6943595897E+01      0.1263030346E+01     -0.2735883327E+00
    0.6923824706E+01      0.6923824706E+01      0.1183240947E+01     -0.4183225583E+00
    0.6905966003E+01      0.6905966003E+01      0.1083192871E+01     -0.6070720941E+00
    0.6891641364E+01      0.6891641364E+01      0.9405287643E+00     -0.8618212849E+00
    0.6882795979E+01      0.6882795979E+01      0.7176558079E+00     -0.1233833918E+01
    0.6887327961E+01      0.6887327961E+01      0.4050577414E+00     -0.1771753838E+01
    0.0000000000E+00      0.2000000000E+02      0.0000000000E+00      0.0000000000E+00
    0.7391837138E+01      0.7391837138E+01      0.1011542405E+01      0.4001041148E+00
    0.7357044457E+01      0.7357044457E+01      0.1064898444E+01      0.3901590923E+00
    0.7324333321E+01      0.7324333321E+01      0.1117836922E+01      0.3787875134E+00
    0.7293563981E+01      0.7293563981E+01      0.1169561658E+01      0.3657324914E+00
    0.7264545741E+01      0.7264545741E+01      0.1219322657E+01      0.3507153250E+00
    0.7237028282E+01      0.7237028282E+01      0.1266479811E+01      0.3333876301E+00
    0.7210822109E+01      0.7210822109E+01      0.1310521821E+01      0.3132485284E+00
    0.7185838219E+01      0.7185838219E+01      0.1350863946E+01      0.2900422036E+00
    0.7162292334E+01      0.7162292334E+01      0.1386732614E+01      0.2637104846E+00
    0.7140252432E+01      0.7140252432E+01      0.1416733071E+01      0.2346294221E+00
    0.7119838699E+01      0.7119838699E+01      0.1439486375E+01      0.2032175010E+00
    0.7101014437E+01      0.7101014437E+01      0.1453698973E+01      0.1695399389E+00
    0.7081086901E+01      0.7081086901E+01      0.1457064028E+01      0.1341397039E+00
    0.7064188274E+01      0.7064188274E+01      0.1447627117E+01      0.9048271648E-01
    0.7050425788E+01      0.7050425788E+01      0.1422451354E+01      0.4184666131E-01
    0.7039359728E+01      0.7039359728E+01      0.1380247747E+01     -0.1106657584E-01
    0.7027373957E+01      0.7027373957E+01      0.1322200102E+01     -0.7220049038E-01
    0.7011668764E+01      0.7011668764E+01      0.1251599251E+01     -0.1483120343E+00
    0.6991159911E+01      0.6991159911E+01      0.1170397054E+01     -0.2416556460E+00
    0.6967513415E+01      0.6967513415E+01      0.1078506810E+01     -0.3605373504E+00
    0.6944333783E+01      0.6944333783E+01      0.9711154175E+00     -0.5120058768E+00
    0.6922395930E+01      0.6922395930E+01      0.8301588741E+00     -0.7053305841E+00
    0.6904094162E+01      0.6904094162E+01      0.6052163754E+00     -0.9695517819E+00
    0.6907115401E+01      0.6907115401E+01      0.3054838664E+00     -0.1249560843E+01
    0.0000000000E+00      0.2000000000E+02      0.0000000000E+00      0.0000000000E+00
    0.7397910152E+01      0.7397910152E+01      0.1001793850E+01      0.3789388454E+00
    0.7363275977E+01      0.7363275977E+01      0.1053526823E+01      0.3690578485E+00
    0.7330791349E+01      0.7330791349E+01      0.1104699244E+01      0.3579575752E+00
    0.7300336943E+01      0.7300336943E+01      0.1154531949E+01      0.3453999230E+00
    0.7271775918E+01      0.7271775918E+01      0.1202231560E+01      0.3310583452E+00
    0.7244874608E+01      0.7244874608E+01      0.1247000138E+01      0.3145261741E+00
    0.7219453678E+01      0.7219453678E+01      0.1288245339E+01      0.2952993083E+00
    0.7195431522E+01      0.7195431522E+01      0.1325360648E+01      0.2730804936E+00
    0.7173044695E+01      0.7173044695E+01      0.1357621563E+01      0.2479253198E+00
    0.7152514291E+01      0.7152514291E+01      0.1383703822E+01      0.2204766897E+00
    0.7134059109E+01      0.7134059109E+01      0.1402385554E+01      0.1911888842E+00
    0.7118000068E+01      0.7118000068E+01      0.1413167899E+01      0.1605643594E+00
    0.7100060767E+01      0.7100060767E+01      0.1411806049E+01      0.1255894486E+00
    0.7088351292E+01      0.7088351292E+01      0.1397318079E+01      0.8599651281E-01
    0.7080742955E+01      0.7080742955E+01      0.1367117242E+01      0.4308623459E-01
    0.7074051494E+01      0.7074051494E+01      0.1319602668E+01     -0.4668229361E-02
    0.7067394060E+01      0.7067394060E+01      0.1253739385E+01     -0.5946438491E-01
    0.7057594837E+01      0.7057594837E+01      0.1171464106E+01     -0.1251491388E+00
    0.7041980756E+01      0.7041980756E+01      0.1076163337E+01     -0.2047500499E+00
    0.7019833309E+01      0.7019833309E+01      0.9691330950E+00     -0.3028354235E+00
    0.6995869570E+01      0.6995869570E+01      0.8437737791E+00     -0.4237132776E+00
    0.6972752471E+01      0.6972752471E+01      0.6863513203E+00     -0.5679211448E+00
    0.6955525079E+01      0.6955525079E+01      0.4650501426E+00     -0.7446593187E+00
    0.6957668710E+01      0.6957668710E+01      0.2198407348E+00     -0.8792507042E+00
    0.0000000000E+00      0.2000000000E+02      0.0000000000E+00      0.0000000000E+00
    0.7403466761E+01      0.7403466761E+01      0.9932487335E+00      0.3578730633E+00
    0.7369246439E+01      0.7369246439E+01      0.1043058861E+01      0.3485166545E+00
    0.7337228229E+01      0.7337228229E+01      0.1092093097E+01      0.3379632436E+00
    0.7307199707E+01      0.7307199707E+01      0.1139616485E+01      0.3260164569E+00
    0.7279065297E+01      0.7279065297E+01      0.1184816486E+01      0.3124071033E+00
    0.7252718907E+01      0.7252718907E+01      0.1227062935E+01      0.2968113982E+00
    0.7227964041E+01      0.7227964041E+01      0.1265802607E+01      0.2787814542E+00
    0.7204700098E+01      0.7204700098E+01      0.1300354676E+01      0.2579492688E+00
    0.7183214459E+01      0.7183214459E+01      0.1329910941E+01      0.2346358665E+00
    0.7163625276E+01      0.7163625276E+01      0.1352958921E+01      0.2093166985E+00
    0.7146472243E+01      0.7146472243E+01      0.1368904621E+01      0.1822584253E+00
    0.7131718398E+01      0.7131718398E+01      0.1377519410E+01      0.1542542921E+00
    0.7116841985E+01      0.7116841985E+01      0.1372577013E+01      0.1216796553E+00
    0.7108629776E+01      0.7108629776E+01      0.1355268997E+01      0.8692195828E-01
    0.7103873566E+01      0.7103873566E+01      0.1322302083E+01      0.4892505077E-01
    0.7102068283E+01      0.7102068283E+01      0.1272031647E+01      0.7031765721E-02
    0.7100860834E+01      0.7100860834E+01      0.1203020414E+01     -0.4080502396E-01
    0.7096996400E+01      0.7096996400E+01      0.1115906382E+01     -0.9628237056E-01
    0.7086265226E+01      0.7086265226E+01      0.1013596414E+01     -0.1618266316E+00
    0.7066697141E+01      0.7066697141E+01      0.8959030585E+00     -0.2377367801E+00
    0.7043897379E+01      0.7043897379E+01      0.7555007668E+00     -0.3263393971E+00
    0.7022456720E+01      0.7022456720E+01      0.5880809418E+00     -0.4258900825E+00
    0.7006102650E+01      0.7006102650E+01      0.3787702184E+00     -0.5319473135E+00
    0.7005620049E+01      0.7005620049E+01      0.1742052479E+00     -0.6021564656E+00
    0.0000000000E+00      0.2000000000E+02      0.0000000000E+00      0.0000000000E+00
    0.7408301499E+01      0.7408301499E+01      0.9856409187E+00      0.3362129798E+00
    0.7374364654E+01      0.7374364654E+01      0.1033748497E+01      0.3276454669E+00
    0.7342851653E+01      0.7342851653E+01      0.1080805548E+01      0.3179759287E+00
    0.7313471852E+01      0.7313471852E+01      0.1126025059E+01      0.3070143466E+00
    0.7285991783E+01      0.7285991783E+01      0.1168731068E+01      0.2944032704E+00
    0.7260277937E+01      0.7260277937E+01      0.1208429184E+01      0.2797608550E+00
    0.7236101329E+01      0.7236101329E+01      0.1244591036E+01      0.2628328437E+00
    0.7213486977E+01      0.7213486977E+01      0.1276683784E+01      0.2435318601E+00
    0.7192642594E+01      0.7192642594E+01      0.1303808029E+01      0.2224194146E+00
    0.7173624803E+01      0.7173624803E+01      0.1324482192E+01      0.1997347015E+00
    0.7157414055E+01      0.7157414055E+01      0.1338669512E+01      0.1753564079E+00
    0.7143390974E+01      0.7143390974E+01      0.1345326804E+01      0.1498354424E+00
    0.7130861499E+01      0.7130861499E+01      0.1338579981E+01      0.1208432486E+00
    0.7124464407E+01      0.7124464407E+01      0.1319193625E+01      0.9018866995E-01
    0.7122884797E+01      0.7122884797E+01      0.1284413040E+01      0.5768978090E-01
    0.7124971575E+01      0.7124971575E+01      0.1232085956E+01      0.2175759826E-01
    0.7128724951E+01      0.7128724951E+01      0.1160952633E+01     -0.1886272642E-01
    0.7130896556E+01      0.7130896556E+01      0.1070479751E+01     -0.6460739548E-01
    0.7126321264E+01      0.7126321264E+01      0.9627505199E+00     -0.1155840442E+00
    0.7113175563E+01      0.7113175563E+01      0.8386885459E+00     -0.1706238917E+00
    0.7092889802E+01      0.7092889802E+01      0.6953984540E+00     -0.2321003779E+00
    0.7072199514E+01      0.7072199514E+01      0.5286693500E+00     -0.2987641281E+00
    0.7051722423E+01      0.7051722423E+01      0.3286673115E+00     -0.3620442955E+00
    0.7051606846E+01      0.7051606846E+01      0.1486194658E+00     -0.3979622582E+00
    0.0000000000E+00      0.2000000000E+02      0.0000000000E+00      0.0000000000E+00
    0.7412291786E+01      0.7412291786E+01      0.9785149398E+00      0.3133920601E+00
    0.7378622791E+01      0.7378622791E+01      0.1024915194E+01      0.3058902958E+00
    0.7347564138E+01      0.7347564138E+01      0.1070116928E+01      0.2973487175E+00
    0.7318802112E+01      0.7318802112E+01      0.1113425082E+01      0.2874986191E+00
    0.7292003184E+01      0.7292003184E+01      0.1154151554E+01      0.2760498263E+00
    0.7266959497E+01      0.7266959497E+01      0.1191803843E+01      0.2624553614E+00
    0.7243360974E+01      0.7243360974E+01      0.1225890707E+01      0.2466642025E+00
    0.7221309792E+01      0.7221309792E+01      0.1255970653E+01      0.2289322826E+00
    0.7200955568E+01      0.7200955568E+01      0.1281101219E+01      0.2100217767E+00
    0.7182140585E+01      0.7182140585E+01      0.1299723554E+01      0.1900640191E+00
    0.7166350485E+01      0.7166350485E+01      0.1312360939E+01      0.1685904636E+00
    0.7152674968E+01      0.7152674968E+01      0.1317374413E+01      0.1458074950E+00
    0.7141913236E+01      0.7141913236E+01      0.1309620200E+01      0.1208100805E+00
    0.7137494629E+01      0.7137494629E+01      0.1289058976E+01      0.9465010567E-01
    0.7138084600E+01      0.7138084600E+01      0.1254214629E+01      0.6735433763E-01
    0.7143004963E+01      0.7143004963E+01      0.1201271268E+01      0.3773820827E-01
    0.7151585375E+01      0.7151585375E+01      0.1128683139E+01      0.4098779296E-02
    0.7159041176E+01      0.7159041176E+01      0.1038454850E+01     -0.3210213806E-01
    0.7161725791E+01      0.7161725791E+01      0.9274049956E+00     -0.6919869176E-01
    0.7155361398E+01      0.7155361398E+01      0.8003196837E+00     -0.1073947316E+00
    0.7139816552E+01      0.7139816552E+01      0.6575544555E+00     -0.1481259915E+00
    0.7121198949E+01      0.7121198949E+01      0.4934137332E+00     -0.1911085635E+00
    0.7098960041E+01      0.7098960041E+01      0.3006566234E+00     -0.2284679964E+00
    0.7098520375E+01      0.7098520375E+01      0.1343916610E+00     -0.2435921541E+00
    0.0000000000E+00      0.2000000000E+02      0.0000000000E+00      0.0000000000E+00
    0.7415278740E+01      0.7415278740E+01      0.9715175013E+00      0.2888241300E+00
    0.7381843728E+01      0.7381843728E+01      0.1016641675E+01      0.2826170829E+00
    0.7351204189E+01      0.7351204189E+01      0.1060396964E+01      0.2753033975E+00
    0.7323068732E+01      0.7323068732E+01      0.1102297913E+01      0.2665912184E+00
    0.7296971823E+01      0.7296971823E+01      0.1141662108E+01      0.2562755611E+00
    0.7272639999E+01      0.7272639999E+01      0.1178007482E+01      0.2438634124E+00
    0.7249621197E+01      0.7249621197E+01      0.1210490039E+01      0.2295813786E+00
    0.7228079436E+01      0.7228079436E+01      0.1238644854E+01      0.2136781533E+00
    0.7208169864E+01      0.7208169864E+01      0.1261871333E+01      0.1968981732E+00
    0.7189443484E+01      0.7189443484E+01      0.1278717885E+01      0.1795203374E+00
    0.7173638869E+01      0.7173638869E+01      0.1290056998E+01      0.1609816332E+00
    0.7159918269E+01      0.7159918269E+01      0.1293960874E+01      0.1410293381E+00
    0.7150266389E+01      0.7150266389E+01      0.1285411965E+01      0.1200082198E+00
    0.7147703294E+01      0.7147703294E+01      0.1264278161E+01      0.9858085212E-01
    0.7150044902E+01      0.7150044902E+01      0.1229831735E+01      0.7647831349E-01
    0.7157275267E+01      0.7157275267E+01      0.1178196680E+01      0.5246256064E-01
    0.7169285513E+01      0.7169285513E+01      0.1106369691E+01      0.2618026731E-01
    0.7182744675E+01      0.7182744675E+01      0.1015372554E+01     -0.7088235579E-03
    0.7191725443E+01      0.7191725443E+01      0.9063579694E+00     -0.2577508627E-01
    0.7193458321E+01      0.7193458321E+01      0.7765516928E+00     -0.5059815395E-01
    0.7184136027E+01      0.7184136027E+01      0.6348943769E+00     -0.7648027329E-01
    0.7169545714E+01      0.7169545714E+01      0.4754685546E+00     -0.1030330053E+00
    0.7148920101E+01      0.7148920101E+01      0.2881253953E+00     -0.1249208513E+00
    0.7148663777E+01      0.7148663777E+01      0.1278695508E+00     -0.1276779200E+00
    0.0000000000E+00      0.2000000000E+02      0.0000000000E+00      0.0000000000E+00
    0.7417491153E+01      0.7417491153E+01      0.9649338643E+00      0.2622688968E+00
    0.7384241872E+01      0.7384241872E+01      0.1009105404E+01      0.2574943862E+00
    0.7353939062E+01      0.7353939062E+01      0.1051754138E+01      0.2514340309E+00
    0.7326304158E+01      0.7326304158E+01      0.1092566394E+01      0.2437804378E+00
    0.7300800400E+01      0.7300800400E+01      0.1130927150E+01      0.2344313154E+00
    0.7277076918E+01      0.7277076918E+01      0.1166306579E+01      0.2231982803E+00
    0.7254542640E+01      0.7254542640E+01      0.1197552806E+01      0.2105776383E+00
    0.7233427041E+01      0.7233427041E+01      0.1224212058E+01      0.1968843742E+00
    0.7213959734E+01      0.7213959734E+01      0.1245742130E+01      0.1825251052E+00
    0.7195451235E+01      0.7195451235E+01      0.1260846369E+01      0.1675354627E+00
    0.7179463139E+01      0.7179463139E+01      0.1270701468E+01      0.1517164906E+00
    0.7165418263E+01      0.7165418263E+01      0.1273653047E+01      0.1346511612E+00
    0.7155930820E+01      0.7155930820E+01      0.1265380568E+01      0.1171926842E+00
    0.7153377032E+01      0.7153377032E+01      0.1244967557E+01      0.9957458252E-01
    0.7157386871E+01      0.7157386871E+01      0.1211160065E+01      0.8196638003E-01
    0.7167362240E+01      0.7167362240E+01      0.1160546268E+01      0.6380802127E-01
    0.7181719762E+01      0.7181719762E+01      0.1091322849E+01      0.4419849152E-01
    0.7199472354E+01      0.7199472354E+01      0.1000882533E+01      0.2621456152E-01
    0.7215715915E+01      0.7215715915E+01      0.8925793896E+00      0.1098505221E-01
    0.7225537147E+01      0.7225537147E+01      0.7673746098E+00     -0.2941547446E-02
    0.7226012385E+01      0.7226012385E+01      0.6236067159E+00     -0.1748007768E-01
    0.7217942551E+01      0.7217942551E+01      0.4671971714E+00     -0.3258130573E-01
    0.7202040839E+01      0.7202040839E+01      0.2848616734E+00     -0.4531324361E-01
    0.7203330076E+01      0.7203330076E+01      0.1259702678E+00     -0.4072415279E-01
    0.0000000000E+00      0.2000000000E+02      0.0000000000E+00      0.0000000000E+00
    0.7419073559E+01      0.7419073559E+01      0.9583276676E+00      0.2337360420E+00
    0.7385917187E+01      0.7385917187E+01      0.1001748480E+01      0.2302826159E+00
    0.7355857278E+01      0.7355857278E+01      0.1043855341E+01      0.2254116746E+00
    0.7328603027E+01      0.7328603027E+01      0.1084167708E+01      0.2187507117E+00
    0.7303521125E+01      0.7303521125E+01      0.1121929428E+01      0.2103379637E+00
    0.7280212609E+01      0.7280212609E+01      0.1156510056E+01      0.2003039262E+00
    0.7258014845E+01      0.7258014845E+01      0.1186671360E+01      0.1893189736E+00
    0.7237156189E+01      0.7237156189E+01      0.1212016847E+01      0.1777844202E+00
    0.7217992127E+01      0.7217992127E+01      0.1232308211E+01      0.1658321090E+00
    0.7199830445E+01      0.7199830445E+01      0.1246299380E+01      0.1534301776E+00
    0.7183694732E+01      0.7183694732E+01      0.1254623793E+01      0.1403265964E+00
    0.7169107944E+01      0.7169107944E+01      0.1256357600E+01      0.1259186493E+00
    0.7159461045E+01      0.7159461045E+01      0.1248512104E+01      0.1113114957E+00
    0.7156461712E+01      0.7156461712E+01      0.1229736051E+01      0.9701940720E-01
    0.7159509742E+01      0.7159509742E+01      0.1198989738E+01      0.8229216615E-01
    0.7170843670E+01      0.7170843670E+01      0.1150449227E+01      0.6810749341E-01
    0.7188966258E+01      0.7188966258E+01      0.1081975775E+01      0.5663758333E-01
    0.7212058672E+01      0.7212058672E+01      0.9928455062E+00      0.4896858596E-01
    0.7234372949E+01      0.7234372949E+01      0.8871566648E+00      0.4175901288E-01
    0.7252305318E+01      0.7252305318E+01      0.7643230576E+00      0.3494234629E-01
    0.7263125717E+01      0.7263125717E+01      0.6240542482E+00      0.2822375345E-01
    0.7265593640E+01      0.7265593640E+01      0.4646545125E+00      0.2173476139E-01
    0.7257106244E+01      0.7257106244E+01      0.2871265295E+00      0.1377702226E-01
    0.7261977985E+01      0.7261977985E+01      0.1263705317E+00      0.2320409545E-01
    0.0000000000E+00      0.2000000000E+02      0.0000000000E+00      0.0000000000E+00
    0.7419970793E+01      0.7419970793E+01      0.9513346371E+00      0.2030472244E+00
    0.7386893215E+01      0.7386893215E+01      0.9941486781E+00      0.2005703824E+00
    0.7357034350E+01      0.7357034350E+01      0.1036023173E+01      0.1967383084E+00
    0.7330066974E+01      0.7330066974E+01      0.1076244947E+01      0.1911518844E+00
    0.7305257951E+01      0.7305257951E+01      0.1113685199E+01      0.1838816841E+00
    0.7282214133E+01      0.7282214133E+01      0.1147597974E+01      0.1752961110E+00
    0.7260182252E+01      0.7260182252E+01      0.1176642654E+01      0.1659743976E+00
    0.7239411074E+01      0.7239411074E+01      0.1200746731E+01      0.1563469251E+00
    0.7220392625E+01      0.7220392625E+01      0.1220126486E+01      0.1464523413E+00
    0.7202426158E+01      0.7202426158E+01      0.1233587699E+01      0.1362626998E+00
    0.7186205359E+01      0.7186205359E+01      0.1241407101E+01      0.1257105308E+00
    0.7171152067E+01      0.7171152067E+01      0.1242327522E+01      0.1139053958E+00
    0.7161333678E+01      0.7161333678E+01      0.1234625273E+01      0.1019623458E+00
    0.7157856135E+01      0.7157856135E+01      0.1216635759E+01      0.8998955770E-01
    0.7160038694E+01      0.7160038694E+01      0.1188544483E+01      0.7767589325E-01
    0.7169550271E+01      0.7169550271E+01      0.1144551642E+01      0.6699624195E-01
    0.7188152725E+01      0.7188152725E+01      0.1080667389E+01      0.6076872309E-01
    0.7214817257E+01      0.7214817257E+01      0.9940473591E+00      0.5911466509E-01
    0.7244601329E+01      0.7244601329E+01      0.8874279999E+00      0.6133091190E-01
    0.7273137058E+01      0.7273137058E+01      0.7643868873E+00      0.6295116827E-01
    0.7296005362E+01      0.7296005362E+01      0.6248373939E+00      0.6238153471E-01
    0.7310353702E+01      0.7310353702E+01      0.4688829317E+00      0.6156991936E-01
    0.7313631529E+01      0.7313631529E+01      0.2912461887E+00      0.5424995937E-01
    0.7324043203E+01      0.7324043203E+01      0.1265633170E+00      0.6639740493E-01
    0.0000000000E+00      0.2000000000E+02      0.0000000000E+00      0.0000000000E+00
    0.7420232924E+01      0.7420232924E+01      0.9466725555E+00      0.1702432556E+00
    0.7387265189E+01      0.7387265189E+01      0.9887136298E+00      0.1683016545E+00
    0.7357618248E+01      0.7357618248E+01      0.1030144787E+01      0.1653309296E+00
    0.7330820194E+01      0.7330820194E+01      0.1069993514E+01      0.1609013673E+00
    0.7306131172E+01      0.7306131172E+01      0.1106992859E+01      0.1550089501E+00
    0.7283184012E+01      0.7283184012E+01      0.1140301153E+01      0.1480884648E+00
    0.7261237075E+01      0.7261237075E+01      0.1168617163E+01      0.1405211199E+00
    0.7240503454E+01      0.7240503454E+01      0.1191898077E+01      0.1326438328E+00
    0.7221524254E+01      0.7221524254E+01      0.1210522871E+01      0.1244755056E+00
    0.7203825515E+01      0.7203825515E+01      0.1223666565E+01      0.1161753404E+00
    0.7187630764E+01      0.7187630764E+01      0.1231165766E+01      0.1078408279E+00
    0.7172079510E+01      0.7172079510E+01      0.1231853324E+01      0.9857524052E-01
    0.7161595541E+01      0.7161595541E+01      0.1224931454E+01      0.8899404091E-01
    0.7157105253E+01      0.7157105253E+01      0.1208175587E+01      0.7957950945E-01
    0.7158343664E+01      0.7158343664E+01      0.1181645630E+01      0.7006704886E-01
    0.7166356619E+01      0.7166356619E+01      0.1140366174E+01      0.6245533655E-01
    0.7183274422E+01      0.7183274422E+01      0.1080966652E+01      0.6021746936E-01
    0.7209943697E+01      0.7209943697E+01      0.1000459189E+01      0.6308774214E-01
    0.7243883556E+01      0.7243883556E+01      0.8983132415E+00      0.6824440130E-01
    0.7282352703E+01      0.7282352703E+01      0.7742234766E+00      0.7439937330E-01
    0.7318208818E+01      0.7318208818E+01      0.6335523656E+00      0.7999556701E-01
    0.7347268592E+01      0.7347268592E+01      0.4767522331E+00      0.8359377486E-01
    0.7366452765E+01      0.7366452765E+01      0.2944470035E+00      0.7543668161E-01
    0.7384587283E+01      0.7384587283E+01      0.1263306136E+00      0.8804228242E-01
    0.0000000000E+00      0.2000000000E+02      0.0000000000E+00      0.0000000000E+00
    0.7419742664E+01      0.7419742664E+01      0.9441846149E+00      0.1355340416E+00
    0.7386896162E+01      0.7386896162E+01      0.9854812674E+00      0.1339716585E+00
    0.7357393977E+01      0.7357393977E+01      0.1026296933E+01      0.1317367755E+00
    0.7330738279E+01      0.7330738279E+01      0.1065687419E+01      0.1283384475E+00
    0.7306158664E+01      0.7306158664E+01      0.1102329367E+01      0.1238127241E+00
    0.7283308394E+01      0.7283308394E+01      0.1135335543E+01      0.1185754839E+00
    0.7261414661E+01      0.7261414661E+01      0.1163366123E+01      0.1127801391E+00
    0.7240653136E+01      0.7240653136E+01      0.1186287534E+01      0.1066094712E+00
    0.7221642075E+01      0.7221642075E+01      0.1204547709E+01      0.1000885976E+00
    0.7204060079E+01      0.7204060079E+01      0.1217378187E+01      0.9353914041E-01
    0.7188039945E+01      0.7188039945E+01      0.1224605423E+01      0.8722502098E-01
    0.7172004802E+01      0.7172004802E+01      0.1224341280E+01      0.8058721241E-01
    0.7161300692E+01      0.7161300692E+01      0.1217382838E+01      0.7300059959E-01
    0.7156009115E+01      0.7156009115E+01      0.1201218677E+01      0.6537983097E-01
    0.7156146920E+01      0.7156146920E+01      0.1175673151E+01      0.5814092417E-01
    0.7162517517E+01      0.7162517517E+01      0.1137040287E+01      0.5312540356E-01
    0.7178344890E+01      0.7178344890E+01      0.1081077939E+01      0.5318463511E-01
    0.7204326917E+01      0.7204326917E+01      0.1005131850E+01      0.5711074733E-01
    0.7239808352E+01      0.7239808352E+01      0.9078443082E+00      0.6447235117E-01
    0.7282626421E+01      0.7282626421E+01      0.7869717988E+00      0.7264668056E-01
    0.7328190249E+01      0.7328190249E+01      0.6456844154E+00      0.8046587223E-01
    0.7371530194E+01      0.7371530194E+01      0.4855556784E+00      0.8474251245E-01
    0.7406837698E+01      0.7406837698E+01      0.2998424774E+00      0.7558389037E-01
    0.7435640761E+01      0.7435640761E+01      0.1266650420E+00      0.8787395779E-01
    0.0000000000E+00      0.2000000000E+02      0.0000000000E+00      0.0000000000E+00
    0.7418781262E+01      0.7418781262E+01      0.9433092960E+00      0.9880787134E-01
    0.7386099479E+01      0.7386099479E+01      0.9840893431E+00      0.9760404354E-01
    0.7356700815E+01      0.7356700815E+01      0.1024342904E+01      0.9598071476E-01
    0.7330124905E+01      0.7330124905E+01      0.1063288987E+01      0.9356105192E-01
    0.7305608412E+01      0.7305608412E+01      0.1099612119E+01      0.9035434062E-01
    0.7282776667E+01      0.7282776667E+01      0.1132448637E+01      0.8668953377E-01
    0.7260889932E+01      0.7260889932E+01      0.1160443045E+01      0.8261380248E-01
    0.7240029191E+01      0.7240029191E+01      0.1183211091E+01      0.7822658971E-01
    0.7220879005E+01      0.7220879005E+01      0.1201114173E+01      0.7354466333E-01
    0.7203385462E+01      0.7203385462E+01      0.1213620682E+01      0.6879685028E-01
    0.7187539268E+01      0.7187539268E+01      0.1220562272E+01      0.6426015975E-01
    0.7171315586E+01      0.7171315586E+01      0.1219652236E+01      0.5981158038E-01
    0.7160283744E+01      0.7160283744E+01      0.1212480051E+01      0.5435361940E-01
    0.7154082484E+01      0.7154082484E+01      0.1196405612E+01      0.4873282163E-01
    0.7153179523E+01      0.7153179523E+01      0.1170992244E+01      0.4358268423E-01
    0.7158124448E+01      0.7158124448E+01      0.1134242346E+01      0.4031168830E-01
    0.7172458452E+01      0.7172458452E+01      0.1081465056E+01      0.4132207246E-01
    0.7197506336E+01      0.7197506336E+01      0.1009758274E+01      0.4553635698E-01
    0.7234098983E+01      0.7234098983E+01      0.9162978590E+00      0.5315498016E-01
    0.7281539017E+01      0.7281539017E+01      0.7980143995E+00      0.6241510587E-01
    0.7337098275E+01      0.7337098275E+01      0.6539231036E+00      0.7080487009E-01
    0.7394502570E+01      0.7394502570E+01      0.4891995846E+00      0.7497803807E-01
    0.7444177630E+01      0.7444177630E+01      0.2998129802E+00      0.6573329990E-01
    0.7482484243E+01      0.7482484243E+01      0.1224375622E+00      0.7672397979E-01
    0.0000000000E+00      0.2000000000E+02      0.0000000000E+00      0.0000000000E+00
    0.7417697442E+01      0.7417697442E+01      0.9427637166E+00      0.6017500032E-01
    0.7385167241E+01      0.7385167241E+01      0.9832358391E+00      0.5940011647E-01
    0.7355821994E+01      0.7355821994E+01      0.1023175989E+01      0.5836380250E-01
    0.7329279531E+01      0.7329279531E+01      0.1061833724E+01      0.5685100705E-01
    0.7304742742E+01      0.7304742742E+01      0.1097931156E+01      0.5489820514E-01
    0.7281862484E+01      0.7281862484E+01      0.1130584090E+01      0.5271702156E-01
    0.7259906770E+01      0.7259906770E+01      0.1158493294E+01      0.5029842331E-01
    0.7238890370E+01      0.7238890370E+01      0.1181103741E+01      0.4768127067E-01
    0.7219556155E+01      0.7219556155E+01      0.1198753887E+01      0.4490081319E-01
    0.7201973376E+01      0.7201973376E+01      0.1210963290E+01      0.4217255995E-01
    0.7186100491E+01      0.7186100491E+01      0.1217675458E+01      0.3948624253E-01
    0.7169927630E+01      0.7169927630E+01      0.1216257677E+01      0.3690055536E-01
    0.7158685227E+01      0.7158685227E+01      0.1208637008E+01      0.3361786181E-01
    0.7151998543E+01      0.7151998543E+01      0.1192353425E+01      0.3006571656E-01
    0.7150398257E+01      0.7150398257E+01      0.1166715764E+01      0.2699332460E-01
    0.7154257834E+01      0.7154257834E+01      0.1130951199E+01      0.2517988687E-01
    0.7167176990E+01      0.7167176990E+01      0.1080243082E+01      0.2598476886E-01
    0.7191210650E+01      0.7191210650E+01      0.1011324193E+01      0.2892086306E-01
    0.7228455490E+01      0.7228455490E+01      0.9206983827E+00      0.3457585797E-01
    0.7279146910E+01      0.7279146910E+01      0.8045534061E+00      0.4232965839E-01
    0.7341920851E+01      0.7341920851E+01      0.6603888214E+00      0.4921854069E-01
    0.7411137870E+01      0.7411137870E+01      0.4907909866E+00      0.5258485592E-01
    0.7471826626E+01      0.7471826626E+01      0.2979951364E+00      0.4564250911E-01
    0.7518152129E+01      0.7518152129E+01      0.1173727312E+00      0.5351488602E-01
    0.0000000000E+00      0.2000000000E+02      0.0000000000E+00      0.0000000000E+00
    0.7416878106E+01      0.7416878106E+01      0.9421290127E+00      0.1994635189E-01
    0.7384476061E+01      0.7384476061E+01      0.9822557207E+00      0.1969401020E-01
    0.7355166174E+01      0.7355166174E+01      0.1021777355E+01      0.1934704196E-01
    0.7328611860E+01      0.7328611860E+01      0.1060030959E+01      0.1883112008E-01
    0.7304024680E+01      0.7304024680E+01      0.1095743332E+01      0.1816852520E-01
    0.7281034834E+01      0.7281034834E+01      0.1128082328E+01      0.1742490556E-01
    0.7258973412E+01      0.7258973412E+01      0.1155796736E+01      0.1660261828E-01
    0.7237804385E+01      0.7237804385E+01      0.1178204110E+01      0.1569435706E-01
    0.7218315649E+01      0.7218315649E+01      0.1195552692E+01      0.1472846272E-01
    0.7200635782E+01      0.7200635782E+01      0.1207443431E+01      0.1380992300E-01
    0.7184631296E+01      0.7184631296E+01      0.1213898680E+01      0.1289227857E-01
    0.7168491090E+01      0.7168491090E+01      0.1212130442E+01      0.1203391929E-01
    0.7157129779E+01      0.7157129779E+01      0.1204143889E+01      0.1091053354E-01
    0.7150198200E+01      0.7150198200E+01      0.1187572468E+01      0.9682929735E-02
    0.7148288335E+01      0.7148288335E+01      0.1161760431E+01      0.8654258618E-02
    0.7151585838E+01      0.7151585838E+01      0.1126587794E+01      0.8020440279E-02
    0.7163543633E+01      0.7163543633E+01      0.1077292093E+01      0.8181422077E-02
    0.7186810855E+01      0.7186810855E+01      0.1010226595E+01      0.9064246473E-02
    0.7224124284E+01      0.7224124284E+01      0.9215141032E+00      0.1107362241E-01
    0.7276691070E+01      0.7276691070E+01      0.8069303511E+00      0.1419503320E-01
    0.7344009865E+01      0.7344009865E+01      0.6631909147E+00      0.1758665017E-01
    0.7419392034E+01      0.7419392034E+01      0.4923135861E+00      0.1971337593E-01
    0.7486409407E+01      0.7486409407E+01      0.2982665748E+00      0.1819909161E-01
    0.7537455276E+01      0.7537455276E+01      0.1154237970E+00      0.2184378280E-01
    0.0000000000E+00      0.2000000000E+02      0.0000000000E+00      0.0000000000E+00
