    0.0000000000E+00      0.2000000000E+02      0.0000000000E+00      0.0000000000E+00
    0.6470563298E+01      0.6470563298E+01      0.1392386849E-01     -0.1570522911E-01
    0.6472824952E+01      0.6472824952E+01      0.3110700955E-01     -0.1582688906E-01
    0.6473091257E+01      0.6473091257E+01      0.5197696146E-01     -0.1604912605E-01
    0.6475182418E+01      0.6475182418E+01      0.7188848261E-01     -0.1640417085E-01
    0.6477369303E+01      0.6477369303E+01      0.9316443677E-01     -0.1677891596E-01
    0.6480655193E+01      0.6480655193E+01      0.1143000962E+00     -0.1730611230E-01
    0.6483983463E+01      0.6483983463E+01      0.1365243595E+00     -0.1784626796E-01
    0.6488119185E+01      0.6488119185E+01      0.1588744845E+00     -0.1848795664E-01
    0.6492231456E+01      0.6492231456E+01      0.1822618250E+00     -0.1913646159E-01
    0.6496898033E+01      0.6496898033E+01      0.2059724113E+00     -0.1981089304E-01
    0.6501501876E+01      0.6501501876E+01      0.2306583418E+00     -0.2050083351E-01
    0.6506463676E+01      0.6506463676E+01      0.2558309124E+00     -0.2117923595E-01
    0.6511379403E+01      0.6511379403E+01      0.2819163751E+00     -0.2185365402E-01
    0.6516497419E+01      0.6516497419E+01      0.3086011609E+00     -0.2250178906E-01
    0.6521554949E+01      0.6521554949E+01      0.3360737553E+00     -0.2312073314E-01
    0.6526604917E+01      0.6526604917E+01      0.3642409728E+00     -0.2369890819E-01
    0.6531585327E+01      0.6531585327E+01      0.3930441120E+00     -0.2424209285E-01
    0.6536467429E+01      0.6536467429E+01      0.4224430811E+00     -0.2473765483E-01
    0.6541226177E+01      0.6541226177E+01      0.4524059367E+00     -0.2518100993E-01
    0.6545833367E+01      0.6545833367E+01      0.4828933341E+00     -0.2556422314E-01
    0.6550272708E+01      0.6550272708E+01      0.5138751157E+00     -0.2589921346E-01
    0.6554545457E+01      0.6554545457E+01      0.5453098545E+00     -0.2619723408E-01
    0.6558664910E+01      0.6558664910E+01      0.5771347387E+00     -0.2647553430E-01
    0.6562621598E+01      0.6562621598E+01      0.6092857542E+00     -0.2674440075E-01
    0.0000000000E+00      0.2000000000E+02      0.0000000000E+00      0.0000000000E+00
    0.6470193403E+01      0.6470193403E+01      0.1380029920E-01     -0.4742436501E-01
    0.6472466808E+01      0.6472466808E+01      0.3080834976E-01     -0.4779264687E-01
    0.6472756835E+01      0.6472756835E+01      0.5152222507E-01     -0.4846554232E-01
    0.6474878390E+01      0.6474878390E+01      0.7130028433E-01     -0.4953393319E-01
    0.6477077426E+01      0.6477077426E+01      0.9248585149E-01     -0.5065127742E-01
    0.6480415984E+01      0.6480415984E+01      0.1135139592E+00     -0.5225165184E-01
    0.6483783144E+01      0.6483783144E+01      0.1357075659E+00     -0.5388300155E-01
    0.6488016621E+01      0.6488016621E+01      0.1580140925E+00     -0.5584683283E-01
    0.6492220971E+01      0.6492220971E+01      0.1814114814E+00     -0.5782446158E-01
    0.6496999307E+01      0.6496999307E+01      0.2051364313E+00     -0.5988749570E-01
    0.6501725268E+01      0.6501725268E+01      0.2298553711E+00     -0.6200745186E-01
    0.6506806862E+01      0.6506806862E+01      0.2550742444E+00     -0.6410879603E-01
    0.6511843199E+01      0.6511843199E+01      0.2811975394E+00     -0.6620243620E-01
    0.6517060618E+01      0.6517060618E+01      0.3079374369E+00     -0.6820954957E-01
    0.6522216400E+01      0.6522216400E+01      0.3354688571E+00     -0.7013717860E-01
    0.6527353934E+01      0.6527353934E+01      0.3637181011E+00     -0.7194938186E-01
    0.6532409868E+01      0.6532409868E+01      0.3926260281E+00     -0.7364517809E-01
    0.6537341157E+01      0.6537341157E+01      0.4221439331E+00     -0.7518959915E-01
    0.6542108600E+01      0.6542108600E+01      0.4522327725E+00     -0.7656310075E-01
    0.6546678218E+01      0.6546678218E+01      0.4828518957E+00     -0.7774827034E-01
    0.6551018328E+01      0.6551018328E+01      0.5139466679E+00     -0.7874837014E-01
    0.6555130731E+01      0.6555130731E+01      0.5454573757E+00     -0.7961694208E-01
    0.6559009342E+01      0.6559009342E+01      0.5773250563E+00     -0.8039422247E-01
    0.6562624073E+01      0.6562624073E+01      0.6094650181E+00     -0.8109094719E-01
    0.0000000000E+00      0.2000000000E+02      0.0000000000E+00      0.0000000000E+00
    0.6471098175E+01      0.6471098175E+01      0.1342430968E-01     -0.8170630261E-01
    0.6473358729E+01      0.6473358729E+01      0.2997885080E-01     -0.8232639176E-01
    0.6473631981E+01      0.6473631981E+01      0.5025008577E-01     -0.8339022807E-01
    0.6475751336E+01      0.6475751336E+01      0.6964393558E-01     -0.8509970399E-01
    0.6477928707E+01      0.6477928707E+01      0.9052625359E-01     -0.8690282247E-01
    0.6481296763E+01      0.6481296763E+01      0.1112355753E+00     -0.8951091412E-01
    0.6484671193E+01      0.6484671193E+01      0.1332590638E+00     -0.9218170260E-01
    0.6489005382E+01      0.6489005382E+01      0.1553867569E+00     -0.9541213042E-01
    0.6493308391E+01      0.6493308391E+01      0.1787357374E+00     -0.9871376489E-01
    0.6498236616E+01      0.6498236616E+01      0.2024598743E+00     -0.1021628830E+00
    0.6503131832E+01      0.6503131832E+01      0.2272325194E+00     -0.1057157088E+00
    0.6508380358E+01      0.6508380358E+01      0.2525513805E+00     -0.1092530783E+00
    0.6513580073E+01      0.6513580073E+01      0.2787931910E+00     -0.1127753238E+00
    0.6518919593E+01      0.6518919593E+01      0.3057003754E+00     -0.1161362018E+00
    0.6524200440E+01      0.6524200440E+01      0.3333984859E+00     -0.1193726604E+00
    0.6529444169E+01      0.6529444169E+01      0.3618272626E+00     -0.1224293762E+00
    0.6534583682E+01      0.6534583682E+01      0.3909168831E+00     -0.1252657914E+00
    0.6539578656E+01      0.6539578656E+01      0.4206104150E+00     -0.1278980057E+00
    0.6544387476E+01      0.6544387476E+01      0.4508646464E+00     -0.1303170438E+00
    0.6548968546E+01      0.6548968546E+01      0.4816465495E+00     -0.1325013760E+00
    0.6553285365E+01      0.6553285365E+01      0.5128964167E+00     -0.1344484463E+00
    0.6557300091E+01      0.6557300091E+01      0.5445369759E+00     -0.1361723585E+00
    0.6560973552E+01      0.6560973552E+01      0.5765106806E+00     -0.1377371733E+00
    0.6564214166E+01      0.6564214166E+01      0.6087305595E+00     -0.1390385326E+00
    0.0000000000E+00      0.2000000000E+02      0.0000000000E+00      0.0000000000E+00
    0.6473141754E+01      0.6473141754E+01      0.1296579269E-01     -0.1196648042E+00
    0.6475378436E+01      0.6475378436E+01      0.2898847621E-01     -0.1205802266E+00
    0.6475638191E+01      0.6475638191E+01      0.4869927297E-01     -0.1219871073E+00
    0.6477760752E+01      0.6477760752E+01      0.6757216735E-01     -0.1242792826E+00
    0.6479928392E+01      0.6479928392E+01      0.8799777120E-01     -0.1267453269E+00
    0.6483352736E+01      0.6483352736E+01      0.1082575944E+00     -0.1303082073E+00
    0.6486765595E+01      0.6486765595E+01      0.1299382447E+00     -0.1339948415E+00
    0.6491221882E+01      0.6491221882E+01      0.1517468527E+00     -0.1384008926E+00
    0.6495629134E+01      0.6495629134E+01      0.1749080631E+00     -0.1429349435E+00
    0.6500755446E+01      0.6500755446E+01      0.1984782481E+00     -0.1477675939E+00
    0.6505857686E+01      0.6505857686E+01      0.2232380439E+00     -0.1527622224E+00
    0.6511287612E+01      0.6511287612E+01      0.2486476705E+00     -0.1577111749E+00
    0.6516677793E+01      0.6516677793E+01      0.2749855003E+00     -0.1626539327E+00
    0.6522135104E+01      0.6522135104E+01      0.3020979034E+00     -0.1673850999E+00
    0.6527496826E+01      0.6527496826E+01      0.3300222937E+00     -0.1719108432E+00
    0.6532757064E+01      0.6532757064E+01      0.3587180727E+00     -0.1761737626E+00
    0.6537865826E+01      0.6537865826E+01      0.3881150562E+00     -0.1801215838E+00
    0.6542774631E+01      0.6542774631E+01      0.4181236836E+00     -0.1837780679E+00
    0.6547440166E+01      0.6547440166E+01      0.4486702412E+00     -0.1871824922E+00
    0.6551827643E+01      0.6551827643E+01      0.4796993677E+00     -0.1903310864E+00
    0.6555903058E+01      0.6555903058E+01      0.5111626202E+00     -0.1932385390E+00
    0.6559615344E+01      0.6559615344E+01      0.5430084818E+00     -0.1959234993E+00
    0.6562884496E+01      0.6562884496E+01      0.5751379739E+00     -0.1983423405E+00
    0.6565671719E+01      0.6565671719E+01      0.6074240632E+00     -0.2005869260E+00
    0.0000000000E+00      0.2000000000E+02      0.0000000000E+00      0.0000000000E+00
    0.6476322299E+01      0.6476322299E+01      0.1238138729E-01     -0.1616450146E+00
    0.6478530544E+01      0.6478530544E+01      0.2768120838E-01     -0.1629074938E+00
    0.6478805127E+01      0.6478805127E+01      0.4661066047E-01     -0.1646608497E+00
    0.6480968016E+01      0.6480968016E+01      0.6473402114E-01     -0.1675532982E+00
    0.6483151089E+01      0.6483151089E+01      0.8449383636E-01     -0.1706776955E+00
    0.6486612908E+01      0.6486612908E+01      0.1041476101E+00     -0.1751326125E+00
    0.6489998886E+01      0.6489998886E+01      0.1253012819E+00     -0.1796640812E+00
    0.6494491020E+01      0.6494491020E+01      0.1466277541E+00     -0.1850939771E+00
    0.6498935893E+01      0.6498935893E+01      0.1694701551E+00     -0.1907433867E+00
    0.6504169033E+01      0.6504169033E+01      0.1927941426E+00     -0.1968086902E+00
    0.6509380549E+01      0.6509380549E+01      0.2174554755E+00     -0.2030921906E+00
    0.6514985792E+01      0.6514985792E+01      0.2428446776E+00     -0.2094252658E+00
    0.6520578452E+01      0.6520578452E+01      0.2692487175E+00     -0.2157689051E+00
    0.6526198259E+01      0.6526198259E+01      0.2965324825E+00     -0.2219773145E+00
    0.6531717996E+01      0.6531717996E+01      0.3246590488E+00     -0.2279773075E+00
    0.6537080350E+01      0.6537080350E+01      0.3535936921E+00     -0.2337270613E+00
    0.6542222312E+01      0.6542222312E+01      0.3832797407E+00     -0.2391271675E+00
    0.6547078055E+01      0.6547078055E+01      0.4136588951E+00     -0.2441862340E+00
    0.6551566894E+01      0.6551566894E+01      0.4446465450E+00     -0.2488943358E+00
    0.6555633532E+01      0.6555633532E+01      0.4761337496E+00     -0.2532367547E+00
    0.6559201479E+01      0.6559201479E+01      0.5079808926E+00     -0.2571584543E+00
    0.6562230523E+01      0.6562230523E+01      0.5401049517E+00     -0.2607584047E+00
    0.6564680452E+01      0.6564680452E+01      0.5724358103E+00     -0.2640856050E+00
    0.6566558320E+01      0.6566558320E+01      0.6048941265E+00     -0.2671968747E+00
    0.0000000000E+00      0.2000000000E+02      0.0000000000E+00      0.0000000000E+00
    0.6480423916E+01      0.6480423916E+01      0.1172955981E-01     -0.2080369365E+00
    0.6482498996E+01      0.6482498996E+01      0.2624716259E-01     -0.2095478366E+00
    0.6482671828E+01      0.6482671828E+01      0.4425632351E-01     -0.2114890907E+00
    0.6484652403E+01      0.6484652403E+01      0.6157209988E-01     -0.2146586597E+00
    0.6486539998E+01      0.6486539998E+01      0.8052401308E-01     -0.2179463836E+00
    0.6489693665E+01      0.6489693665E+01      0.9943199870E-01     -0.2228610584E+00
    0.6492699523E+01      0.6492699523E+01      0.1198942257E+00     -0.2278976941E+00
    0.6496857755E+01      0.6496857755E+01      0.1405614349E+00     -0.2340045266E+00
    0.6501025403E+01      0.6501025403E+01      0.1629155458E+00     -0.2405998569E+00
    0.6506100794E+01      0.6506100794E+01      0.1858577186E+00     -0.2478415237E+00
    0.6511177593E+01      0.6511177593E+01      0.2103414379E+00     -0.2553804737E+00
    0.6516701152E+01      0.6516701152E+01      0.2356901293E+00     -0.2631003084E+00
    0.6522240027E+01      0.6522240027E+01      0.2622168915E+00     -0.2708309382E+00
    0.6527846652E+01      0.6527846652E+01      0.2896977264E+00     -0.2785194390E+00
    0.6533397351E+01      0.6533397351E+01      0.3180863009E+00     -0.2860596726E+00
    0.6538803023E+01      0.6538803023E+01      0.3473191392E+00     -0.2934133835E+00
    0.6543995727E+01      0.6543995727E+01      0.3773317510E+00     -0.3004656250E+00
    0.6548904117E+01      0.6548904117E+01      0.4080501592E+00     -0.3072405302E+00
    0.6553451719E+01      0.6553451719E+01      0.4394215995E+00     -0.3137243701E+00
    0.6557530969E+01      0.6557530969E+01      0.4713628796E+00     -0.3198882918E+00
    0.6561051312E+01      0.6561051312E+01      0.5037097290E+00     -0.3256437167E+00
    0.6563866905E+01      0.6563866905E+01      0.5362682631E+00     -0.3310423987E+00
    0.6565868444E+01      0.6565868444E+01      0.5688585774E+00     -0.3361859834E+00
    0.6566905780E+01      0.6566905780E+01      0.6013662797E+00     -0.3408794256E+00
    0.0000000000E+00      0.2000000000E+02      0.0000000000E+00      0.0000000000E+00
    0.6484785929E+01      0.6484785929E+01      0.1100108499E-01     -0.2585099490E+00
    0.6486601221E+01      0.6486601221E+01      0.2475920087E-01     -0.2601898362E+00
    0.6486531367E+01      0.6486531367E+01      0.4170125526E-01     -0.2621278103E+00
    0.6488075199E+01      0.6488075199E+01      0.5811172000E-01     -0.2653650635E+00
    0.6489409123E+01      0.6489409123E+01      0.7602299861E-01     -0.2687083827E+00
    0.6491908581E+01      0.6491908581E+01      0.9399755332E-01     -0.2739858909E+00
    0.6494261608E+01      0.6494261608E+01      0.1135850089E+00     -0.2795161911E+00
    0.6497668014E+01      0.6497668014E+01      0.1335104533E+00     -0.2861390591E+00
    0.6501065765E+01      0.6501065765E+01      0.1552533159E+00     -0.2932374571E+00
    0.6505373368E+01      0.6505373368E+01      0.1777099287E+00     -0.3009445451E+00
    0.6509768695E+01      0.6509768695E+01      0.2018248014E+00     -0.3091190594E+00
    0.6514663824E+01      0.6514663824E+01      0.2269495985E+00     -0.3176881493E+00
    0.6519691717E+01      0.6519691717E+01      0.2533582525E+00     -0.3264391654E+00
    0.6524831946E+01      0.6524831946E+01      0.2808655239E+00     -0.3352963709E+00
    0.6529970987E+01      0.6529970987E+01      0.3094041925E+00     -0.3441759271E+00
    0.6534988136E+01      0.6534988136E+01      0.3388487291E+00     -0.3529585162E+00
    0.6539799431E+01      0.6539799431E+01      0.3691163037E+00     -0.3615454250E+00
    0.6544303861E+01      0.6544303861E+01      0.4001160987E+00     -0.3699598369E+00
    0.6548406184E+01      0.6548406184E+01      0.4317809074E+00     -0.3782449933E+00
    0.6552007580E+01      0.6552007580E+01      0.4640074510E+00     -0.3863408869E+00
    0.6555033041E+01      0.6555033041E+01      0.4966460303E+00     -0.3942145622E+00
    0.6557394909E+01      0.6557394909E+01      0.5295536673E+00     -0.4020084023E+00
    0.6558973313E+01      0.6558973313E+01      0.5625236450E+00     -0.4098732191E+00
    0.6559704408E+01      0.6559704408E+01      0.5953985351E+00     -0.4178159905E+00
    0.0000000000E+00      0.2000000000E+02      0.0000000000E+00      0.0000000000E+00
    0.6486454215E+01      0.6486454215E+01      0.1021949338E-01     -0.3114651341E+00
    0.6488044667E+01      0.6488044667E+01      0.2310544379E-01     -0.3135308152E+00
    0.6487697943E+01      0.6487697943E+01      0.3897765092E-01     -0.3155660776E+00
    0.6488761729E+01      0.6488761729E+01      0.5468161465E-01     -0.3191146555E+00
    0.6489510765E+01      0.6489510765E+01      0.7158374776E-01     -0.3226656591E+00
    0.6491105784E+01      0.6491105784E+01      0.8874161148E-01     -0.3277731227E+00
    0.6492631312E+01      0.6492631312E+01      0.1074096405E+00     -0.3331459923E+00
    0.6495001729E+01      0.6495001729E+01      0.1266194802E+00     -0.3394933718E+00
    0.6497422134E+01      0.6497422134E+01      0.1475845670E+00     -0.3467182543E+00
    0.6500583354E+01      0.6500583354E+01      0.1695295040E+00     -0.3546623725E+00
    0.6503960990E+01      0.6503960990E+01      0.1930954707E+00     -0.3632908975E+00
    0.6507746703E+01      0.6507746703E+01      0.2179029002E+00     -0.3724387059E+00
    0.6511813221E+01      0.6511813221E+01      0.2440027062E+00     -0.3820244894E+00
    0.6516022487E+01      0.6516022487E+01      0.2713132648E+00     -0.3918825424E+00
    0.6520270337E+01      0.6520270337E+01      0.2997514291E+00     -0.4020189100E+00
    0.6524369740E+01      0.6524369740E+01      0.3291718516E+00     -0.4121736659E+00
    0.6528214772E+01      0.6528214772E+01      0.3595008163E+00     -0.4222793169E+00
    0.6531653770E+01      0.6531653770E+01      0.3906084875E+00     -0.4322943519E+00
    0.6534546249E+01      0.6534546249E+01      0.4223303306E+00     -0.4422988348E+00
    0.6536736076E+01      0.6536736076E+01      0.4544934608E+00     -0.4522603571E+00
    0.6538079404E+01      0.6538079404E+01      0.4869554105E+00     -0.4621775414E+00
    0.6538499031E+01      0.6538499031E+01      0.5195204446E+00     -0.4721777724E+00
    0.6537833567E+01      0.6537833567E+01      0.5522170027E+00     -0.4824160956E+00
    0.6535687405E+01      0.6535687405E+01      0.5845325140E+00     -0.4931568869E+00
    0.0000000000E+00      0.2000000000E+02      0.0000000000E+00      0.0000000000E+00
    0.6481238861E+01      0.6481238861E+01      0.9382587441E-02     -0.3624189561E+00
    0.6482539803E+01      0.6482539803E+01      0.2131189540E-01     -0.3647057564E+00
    0.6481866907E+01      0.6481866907E+01      0.3609305155E-01     -0.3666346201E+00
    0.6482408103E+01      0.6482408103E+01      0.5121542888E-01     -0.3701198004E+00
    0.6482656409E+01      0.6482656409E+01      0.6715696258E-01     -0.3734760956E+00
    0.6483362673E+01      0.6483362673E+01      0.8345250141E-01     -0.3786459665E+00
    0.6483964701E+01      0.6483964701E+01      0.1010769401E+00     -0.3844519533E+00
    0.6485098187E+01      0.6485098187E+01      0.1195183676E+00     -0.3910855296E+00
    0.6486423909E+01      0.6486423909E+01      0.1394868630E+00     -0.3988801759E+00
    0.6488273124E+01      0.6488273124E+01      0.1606744321E+00     -0.4074764787E+00
    0.6490541689E+01      0.6490541689E+01      0.1833517303E+00     -0.4170780027E+00
    0.6493203951E+01      0.6493203951E+01      0.2074995449E+00     -0.4274164802E+00
    0.6496285146E+01      0.6496285146E+01      0.2330561252E+00     -0.4386139934E+00
    0.6499505389E+01      0.6499505389E+01      0.2600784560E+00     -0.4502858089E+00
    0.6502844041E+01      0.6502844041E+01      0.2884173413E+00     -0.4626941449E+00
    0.6506041180E+01      0.6506041180E+01      0.3178965121E+00     -0.4753824015E+00
    0.6508974745E+01      0.6508974745E+01      0.3483744352E+00     -0.4884451008E+00
    0.6511398257E+01      0.6511398257E+01      0.3796776476E+00     -0.5017740166E+00
    0.6513106643E+01      0.6513106643E+01      0.4115757330E+00     -0.5154756615E+00
    0.6513935587E+01      0.6513935587E+01      0.4437612498E+00     -0.5295590462E+00
    0.6513646134E+01      0.6513646134E+01      0.4762527891E+00     -0.5440533184E+00
    0.6511854929E+01      0.6511854929E+01      0.5087422537E+00     -0.5590648924E+00
    0.6508066231E+01      0.6508066231E+01      0.5407369562E+00     -0.5749819212E+00
    0.6501852406E+01      0.6501852406E+01      0.5719049379E+00     -0.5924922025E+00
    0.0000000000E+00      0.2000000000E+02      0.0000000000E+00      0.0000000000E+00
    0.6467979496E+01      0.6467979496E+01      0.8640363875E-02     -0.4121678825E+00
    0.6468886555E+01      0.6468886555E+01      0.1972422666E-01     -0.4148821210E+00
    0.6467807843E+01      0.6467807843E+01      0.3350161591E-01     -0.4170964958E+00
    0.6467693285E+01      0.6467693285E+01      0.4773066559E-01     -0.4211111402E+00
    0.6467328210E+01      0.6467328210E+01      0.6262125481E-01     -0.4247952383E+00
    0.6467139534E+01      0.6467139534E+01      0.7811616308E-01     -0.4305693703E+00
    0.6466955021E+01      0.6466955021E+01      0.9458013226E-01     -0.4372627971E+00
    0.6466865477E+01      0.6466865477E+01      0.1121614038E+00     -0.4446280861E+00
    0.6467053064E+01      0.6467053064E+01      0.1310311254E+00     -0.4534888811E+00
    0.6467343852E+01      0.6467343852E+01      0.1513485233E+00     -0.4630703237E+00
    0.6468018165E+01      0.6468018165E+01      0.1729727350E+00     -0.4739336034E+00
    0.6468780039E+01      0.6468780039E+01      0.1962066812E+00     -0.4855573548E+00
    0.6469774236E+01      0.6469774236E+01      0.2209163493E+00     -0.4983759319E+00
    0.6470766390E+01      0.6470766390E+01      0.2470481919E+00     -0.5118066615E+00
    0.6471763394E+01      0.6471763394E+01      0.2745255217E+00     -0.5264856981E+00
    0.6472403183E+01      0.6472403183E+01      0.3031661537E+00     -0.5417647662E+00
    0.6472637331E+01      0.6472637331E+01      0.3327520028E+00     -0.5579480312E+00
    0.6472071081E+01      0.6472071081E+01      0.3632555520E+00     -0.5748618109E+00
    0.6470445714E+01      0.6470445714E+01      0.3942185793E+00     -0.5927193893E+00
    0.6467424197E+01      0.6467424197E+01      0.4254008369E+00     -0.6115781478E+00
    0.6462560130E+01      0.6462560130E+01      0.4564116301E+00     -0.6317766609E+00
    0.6455356127E+01      0.6455356127E+01      0.4868850692E+00     -0.6538418575E+00
    0.6445174111E+01      0.6445174111E+01      0.5163880318E+00     -0.6783422320E+00
    0.6431254316E+01      0.6431254316E+01      0.5444822081E+00     -0.7063291452E+00
    0.0000000000E+00      0.2000000000E+02      0.0000000000E+00      0.0000000000E+00
    0.6446783218E+01      0.6446783218E+01      0.7832609435E-02     -0.4680217605E+00
    0.6447393609E+01      0.6447393609E+01      0.1795518504E-01     -0.4714391850E+00
    0.6446152097E+01      0.6446152097E+01      0.3072116046E-01     -0.4743582960E+00
    0.6445921154E+01      0.6445921154E+01      0.4358429412E-01     -0.4796942233E+00
    0.6445244965E+01      0.6445244965E+01      0.5739146768E-01     -0.4847924373E+00
    0.6444716526E+01      0.6444716526E+01      0.7167572843E-01     -0.4923746145E+00
    0.6444025186E+01      0.6444025186E+01      0.8707590439E-01     -0.5011978527E+00
    0.6443180616E+01      0.6443180616E+01      0.1036168704E+00     -0.5108087117E+00
    0.6442499446E+01      0.6442499446E+01      0.1213160015E+00     -0.5222870035E+00
    0.6441458313E+01      0.6441458313E+01      0.1406137652E+00     -0.5344854967E+00
    0.6440625597E+01      0.6440625597E+01      0.1609629660E+00     -0.5483692039E+00
    0.6439457857E+01      0.6439457857E+01      0.1829531963E+00     -0.5632568888E+00
    0.6438099482E+01      0.6438099482E+01      0.2063127349E+00     -0.5795396271E+00
    0.6436378665E+01      0.6436378665E+01      0.2312944745E+00     -0.5969208813E+00
    0.6434331562E+01      0.6434331562E+01      0.2574614668E+00     -0.6158570374E+00
    0.6431470886E+01      0.6431470886E+01      0.2850329512E+00     -0.6359835190E+00
    0.6427709730E+01      0.6427709730E+01      0.3134898980E+00     -0.6575805264E+00
    0.6422487327E+01      0.6422487327E+01      0.3427981000E+00     -0.6806860121E+00
    0.6415484346E+01      0.6415484346E+01      0.3724720290E+00     -0.7054931686E+00
    0.6406104724E+01      0.6406104724E+01      0.4020020574E+00     -0.7322583380E+00
    0.6393584303E+01      0.6393584303E+01      0.4307378738E+00     -0.7616253887E+00
    0.6377174757E+01      0.6377174757E+01      0.4582787336E+00     -0.7942253595E+00
    0.6356043152E+01      0.6356043152E+01      0.4842013672E+00     -0.8305836772E+00
    0.6329571001E+01      0.6329571001E+01      0.5077722755E+00     -0.8721033707E+00
    0.0000000000E+00      0.2000000000E+02      0.0000000000E+00      0.0000000000E+00
    0.6404777230E+01      0.6404777230E+01      0.6740387483E-02     -0.5247522682E+00
    0.6405070340E+01      0.6405070340E+01      0.1527467456E-01     -0.5287752515E+00
    0.6403723024E+01      0.6403723024E+01      0.2639100194E-01     -0.5326542518E+00
    0.6402865988E+01      0.6402865988E+01      0.3692364246E-01     -0.5390692097E+00
    0.6401501857E+01      0.6401501857E+01      0.4867011494E-01     -0.5464289561E+00
    0.6399834731E+01      0.6399834731E+01      0.6146744607E-01     -0.5560795005E+00
    0.6398082434E+01      0.6398082434E+01      0.7522131164E-01     -0.5676930857E+00
    0.6395669237E+01      0.6395669237E+01      0.9049315835E-01     -0.5801926368E+00
    0.6393081285E+01      0.6393081285E+01      0.1066473737E+00     -0.5949321198E+00
    0.6389841242E+01      0.6389841242E+01      0.1244549795E+00     -0.6110923292E+00
    0.6386271641E+01      0.6386271641E+01      0.1432724958E+00     -0.6291114383E+00
    0.6381954875E+01      0.6381954875E+01      0.1636413235E+00     -0.6488300995E+00
    0.6376819919E+01      0.6376819919E+01      0.1855226813E+00     -0.6702616156E+00
    0.6371082948E+01      0.6371082948E+01      0.2085911730E+00     -0.6938483422E+00
    0.6364268101E+01      0.6364268101E+01      0.2329523124E+00     -0.7194076241E+00
    0.6356119478E+01      0.6356119478E+01      0.2585075027E+00     -0.7472480384E+00
    0.6346289378E+01      0.6346289378E+01      0.2848975667E+00     -0.7774685005E+00
    0.6334312804E+01      0.6334312804E+01      0.3117965507E+00     -0.8104372493E+00
    0.6319655093E+01      0.6319655093E+01      0.3387304629E+00     -0.8463596536E+00
    0.6301483088E+01      0.6301483088E+01      0.3652013418E+00     -0.8856917089E+00
    0.6279141876E+01      0.6279141876E+01      0.3908017220E+00     -0.9289150644E+00
    0.6251926697E+01      0.6251926697E+01      0.4148805234E+00     -0.9768520075E+00
    0.6219169743E+01      0.6219169743E+01      0.4365063739E+00     -0.1029661137E+01
    0.6181365111E+01      0.6181365111E+01      0.4556696385E+00     -0.1085820928E+01
    0.0000000000E+00      0.2000000000E+02      0.0000000000E+00      0.0000000000E+00
    0.6350366893E+01      0.6350366893E+01      0.5623032571E-02     -0.6102102292E+00
    0.6350464365E+01      0.6350464365E+01      0.1206941246E-01     -0.6144039301E+00
    0.6348750431E+01      0.6348750431E+01      0.2101429247E-01     -0.6196077114E+00
    0.6347096523E+01      0.6347096523E+01      0.2902853456E-01     -0.6279803241E+00
    0.6344586543E+01      0.6344586543E+01      0.3847779768E-01     -0.6385615622E+00
    0.6341558072E+01      0.6341558072E+01      0.4902171527E-01     -0.6518121819E+00
    0.6337890349E+01      0.6337890349E+01      0.6099669231E-01     -0.6674487551E+00
    0.6333035207E+01      0.6333035207E+01      0.7479945974E-01     -0.6841458472E+00
    0.6327706841E+01      0.6327706841E+01      0.8901231953E-01     -0.7037779302E+00
    0.6321257968E+01      0.6321257968E+01      0.1045227342E+00     -0.7259334785E+00
    0.6313441799E+01      0.6313441799E+01      0.1214825832E+00     -0.7500563597E+00
    0.6304443394E+01      0.6304443394E+01      0.1394962885E+00     -0.7766009149E+00
    0.6293822995E+01      0.6293822995E+01      0.1588889984E+00     -0.8055602600E+00
    0.6281765026E+01      0.6281765026E+01      0.1793792234E+00     -0.8374060493E+00
    0.6267524762E+01      0.6267524762E+01      0.2012655016E+00     -0.8716528619E+00
    0.6251615103E+01      0.6251615103E+01      0.2237868853E+00     -0.9095410051E+00
    0.6232921907E+01      0.6232921907E+01      0.2472850490E+00     -0.9504718315E+00
    0.6211661591E+01      0.6211661591E+01      0.2710516638E+00     -0.9951074841E+00
    0.6186772252E+01      0.6186772252E+01      0.2947172794E+00     -0.1043403490E+01
    0.6158927362E+01      0.6158927362E+01      0.3180042259E+00     -0.1094760394E+01
    0.6129899699E+01      0.6129899699E+01      0.3405858458E+00     -0.1146254704E+01
    0.6101676565E+01      0.6101676565E+01      0.3632829722E+00     -0.1195125310E+01
    0.6076041918E+01      0.6076041918E+01      0.3865452595E+00     -0.1239042861E+01
    0.6054430835E+01      0.6054430835E+01      0.4104793376E+00     -0.1275670180E+01
    0.0000000000E+00      0.2000000000E+02      0.0000000000E+00      0.0000000000E+00
    0.6258575285E+01      0.6258575285E+01      0.3728249950E-02     -0.7159894507E+00
    0.6258242516E+01      0.6258242516E+01      0.6933079901E-02     -0.7200787631E+00
    0.6255957349E+01      0.6255957349E+01      0.1273066107E-01     -0.7278444543E+00
    0.6253316878E+01      0.6253316878E+01      0.1818750557E-01     -0.7390398074E+00
    0.6249586152E+01      0.6249586152E+01      0.2457704475E-01     -0.7539344724E+00
    0.6244729158E+01      0.6244729158E+01      0.3201284173E-01     -0.7720631924E+00
    0.6238797358E+01      0.6238797358E+01      0.4066589395E-01     -0.7939504394E+00
    0.6231219533E+01      0.6231219533E+01      0.5143244774E-01     -0.8177060455E+00
    0.6222145962E+01      0.6222145962E+01      0.6332148346E-01     -0.8441068206E+00
    0.6211601735E+01      0.6211601735E+01      0.7607128593E-01     -0.8740833156E+00
    0.6198895040E+01      0.6198895040E+01      0.9037978588E-01     -0.9072190285E+00
    0.6184667347E+01      0.6184667347E+01      0.1054935189E+00     -0.9434074284E+00
    0.6168218615E+01      0.6168218615E+01      0.1221104421E+00     -0.9820998501E+00
    0.6149375771E+01      0.6149375771E+01      0.1399054059E+00     -0.1025031599E+01
    0.6128670999E+01      0.6128670999E+01      0.1588522264E+00     -0.1069502777E+01
    0.6107248279E+01      0.6107248279E+01      0.1789521431E+00     -0.1116020908E+01
    0.6085766515E+01      0.6085766515E+01      0.2003608296E+00     -0.1161732942E+01
    0.6065234597E+01      0.6065234597E+01      0.2232848859E+00     -0.1206881317E+01
    0.6046652919E+01      0.6046652919E+01      0.2476396799E+00     -0.1248239886E+01
    0.6030800495E+01      0.6030800495E+01      0.2735688809E+00     -0.1285579040E+01
    0.6016983370E+01      0.6016983370E+01      0.3006171049E+00     -0.1318920471E+01
    0.6005301079E+01      0.6005301079E+01      0.3286512028E+00     -0.1347995851E+01
    0.5995688163E+01      0.5995688163E+01      0.3574255361E+00     -0.1372519102E+01
    0.5988030434E+01      0.5988030434E+01      0.3867047817E+00     -0.1392348916E+01
    0.0000000000E+00      0.2000000000E+02      0.0000000000E+00      0.0000000000E+00
    0.6127900331E+01      0.6127900331E+01      0.8134124572E-03     -0.8608481257E+00
    0.6126892965E+01      0.6126892965E+01      0.5688972884E-03     -0.8661136940E+00
    0.6124271234E+01      0.6124271234E+01      0.1730595924E-02     -0.8768301353E+00
    0.6120467910E+01      0.6120467910E+01      0.3434518407E-02     -0.8918511679E+00
    0.6115269366E+01      0.6115269366E+01      0.5969858459E-02     -0.9116936946E+00
    0.6108426929E+01      0.6108426929E+01      0.9435242560E-02     -0.9356917515E+00
    0.6100657674E+01      0.6100657674E+01      0.1371270082E-01     -0.9644506324E+00
    0.6091271368E+01      0.6091271368E+01      0.2055797453E-01     -0.9960034393E+00
    0.6080169654E+01      0.6080169654E+01      0.2969157157E-01     -0.1029172948E+01
    0.6067921222E+01      0.6067921222E+01      0.4013472137E-01     -0.1065194536E+01
    0.6054518713E+01      0.6054518713E+01      0.5185766022E-01     -0.1102564139E+01
    0.6040706396E+01      0.6040706396E+01      0.6512809723E-01     -0.1141587349E+01
    0.6026756285E+01      0.6026756285E+01      0.8036039102E-01     -0.1180437034E+01
    0.6013808184E+01      0.6013808184E+01      0.9761248527E-01     -0.1218362692E+01
    0.6001998605E+01      0.6001998605E+01      0.1171113139E+00     -0.1253892404E+01
    0.5991136444E+01      0.5991136444E+01      0.1388473939E+00     -0.1289388659E+01
    0.5981560139E+01      0.5981560139E+01      0.1625734848E+00     -0.1321500728E+01
    0.5973539799E+01      0.5973539799E+01      0.1884906003E+00     -0.1352491771E+01
    0.5966986256E+01      0.5966986256E+01      0.2162196540E+00     -0.1379565391E+01
    0.5962210338E+01      0.5962210338E+01      0.2456768605E+00     -0.1404346856E+01
    0.5958752721E+01      0.5958752721E+01      0.2765331611E+00     -0.1425427846E+01
    0.5956781820E+01      0.5956781820E+01      0.3085205412E+00     -0.1443221215E+01
    0.5956054025E+01      0.5956054025E+01      0.3413858210E+00     -0.1457422007E+01
    0.5956486238E+01      0.5956486238E+01      0.3747184275E+00     -0.1467884542E+01
    0.0000000000E+00      0.2000000000E+02      0.0000000000E+00      0.0000000000E+00
    0.5982802124E+01      0.5982802124E+01     -0.2935827793E-02     -0.1016254978E+01
    0.5982129057E+01      0.5982129057E+01     -0.7191826113E-02     -0.1021630999E+01
    0.5980941250E+01      0.5980941250E+01     -0.1144200165E-01     -0.1032968519E+01
    0.5979052455E+01      0.5979052455E+01     -0.1415731326E-01     -0.1048379336E+01
    0.5976517596E+01      0.5976517596E+01     -0.1543458183E-01     -0.1068393285E+01
    0.5973419089E+01      0.5973419089E+01     -0.1550278147E-01     -0.1091402607E+01
    0.5969464890E+01      0.5969464890E+01     -0.1424694476E-01     -0.1119781375E+01
    0.5965362555E+01      0.5965362555E+01     -0.1084889717E-01     -0.1150935066E+01
    0.5960564018E+01      0.5960564018E+01     -0.4037044155E-02     -0.1181675864E+01
    0.5955329413E+01      0.5955329413E+01      0.5408025220E-02     -0.1213119991E+01
    0.5950153133E+01      0.5950153133E+01      0.1679562188E-01     -0.1244395088E+01
    0.5945083071E+01      0.5945083071E+01      0.3030802492E-01     -0.1276503990E+01
    0.5940275829E+01      0.5940275829E+01      0.4637096480E-01     -0.1307805383E+01
    0.5935836529E+01      0.5935836529E+01      0.6483772756E-01     -0.1338368489E+01
    0.5932249393E+01      0.5932249393E+01      0.8581570970E-01     -0.1366994597E+01
    0.5929260428E+01      0.5929260428E+01      0.1094116068E+00     -0.1394883409E+01
    0.5927183888E+01      0.5927183888E+01      0.1355306114E+00     -0.1419771925E+01
    0.5926614469E+01      0.5926614469E+01      0.1636383662E+00     -0.1443367896E+01
    0.5926568273E+01      0.5926568273E+01      0.1944758193E+00     -0.1463501808E+01
    0.5928302820E+01      0.5928302820E+01      0.2264875272E+00     -0.1481584311E+01
    0.5930800472E+01      0.5930800472E+01      0.2607550747E+00     -0.1496190903E+01
    0.5934577214E+01      0.5934577214E+01      0.2959878826E+00     -0.1507819354E+01
    0.5939102341E+01      0.5939102341E+01      0.3323261116E+00     -0.1516151040E+01
    0.5944526933E+01      0.5944526933E+01      0.3692366697E+00     -0.1521220194E+01
    0.0000000000E+00      0.2000000000E+02      0.0000000000E+00      0.0000000000E+00
    0.5885388497E+01      0.5885388497E+01     -0.5741835093E-02     -0.1105011540E+01
    0.5885266710E+01      0.5885266710E+01     -0.1328495291E-01     -0.1109846872E+01
    0.5886297248E+01      0.5886297248E+01     -0.2218455118E-01     -0.1120897549E+01
    0.5887047295E+01      0.5887047295E+01     -0.2936127506E-01     -0.1135639919E+01
    0.5887772730E+01      0.5887772730E+01     -0.3502161113E-01     -0.1154865578E+01
    0.5888505317E+01      0.5888505317E+01     -0.3881562847E-01     -0.1176451794E+01
    0.5889524292E+01      0.5889524292E+01     -0.4054367745E-01     -0.1203095034E+01
    0.5890799557E+01      0.5890799557E+01     -0.3923644593E-01     -0.1233353388E+01
    0.5891518660E+01      0.5891518660E+01     -0.3425762076E-01     -0.1263886943E+01
    0.5891817911E+01      0.5891817911E+01     -0.2574105603E-01     -0.1293592037E+01
    0.5892357366E+01      0.5892357366E+01     -0.1418976354E-01     -0.1323154873E+01
    0.5892801860E+01      0.5892801860E+01     -0.1335221718E-03     -0.1352777894E+01
    0.5893453525E+01      0.5893453525E+01      0.1669520092E-01     -0.1382212589E+01
    0.5894257597E+01      0.5894257597E+01      0.3658954887E-01     -0.1410527672E+01
    0.5895762361E+01      0.5895762361E+01      0.5912663650E-01     -0.1437102198E+01
    0.5897609551E+01      0.5897609551E+01      0.8456714507E-01     -0.1461946300E+01
    0.5900020707E+01      0.5900020707E+01      0.1130151820E+00     -0.1484257911E+01
    0.5903838989E+01      0.5903838989E+01      0.1433512199E+00     -0.1504499053E+01
    0.5907996357E+01      0.5907996357E+01      0.1769803717E+00     -0.1521601909E+01
    0.5913853405E+01      0.5913853405E+01      0.2118540223E+00     -0.1536405491E+01
    0.5919984884E+01      0.5919984884E+01      0.2493061787E+00     -0.1547818239E+01
    0.5927293007E+01      0.5927293007E+01      0.2877232770E+00     -0.1556444047E+01
    0.5934729674E+01      0.5934729674E+01      0.3273590614E+00     -0.1561878697E+01
    0.5942472772E+01      0.5942472772E+01      0.3672724218E+00     -0.1564540800E+01
    0.0000000000E+00      0.2000000000E+02      0.0000000000E+00      0.0000000000E+00
    0.5834742723E+01      0.5834742723E+01     -0.9159444141E-02     -0.1130613065E+01
    0.5834470310E+01      0.5834470310E+01     -0.2076958322E-01     -0.1135545146E+01
    0.5835389161E+01      0.5835389161E+01     -0.3390606006E-01     -0.1148792272E+01
    0.5836381329E+01      0.5836381329E+01     -0.4416274938E-01     -0.1165326509E+01
    0.5837947555E+01      0.5837947555E+01     -0.5255877638E-01     -0.1186378441E+01
    0.5840384832E+01      0.5840384832E+01     -0.5883413402E-01     -0.1209692822E+01
    0.5843591428E+01      0.5843591428E+01     -0.6292942484E-01     -0.1237948798E+01
    0.5847164306E+01      0.5847164306E+01     -0.6467609308E-01     -0.1269816996E+01
    0.5851517320E+01      0.5851517320E+01     -0.6245299956E-01     -0.1302724402E+01
    0.5854805471E+01      0.5854805471E+01     -0.5592612789E-01     -0.1334588842E+01
    0.5858978454E+01      0.5858978454E+01     -0.4528598721E-01     -0.1366240312E+01
    0.5862831395E+01      0.5862831395E+01     -0.3035837769E-01     -0.1396363120E+01
    0.5867229033E+01      0.5867229033E+01     -0.1230037343E-01     -0.1426798407E+01
    0.5871735504E+01      0.5871735504E+01      0.9181141420E-02     -0.1455785392E+01
    0.5876799849E+01      0.5876799849E+01      0.3353823565E-01     -0.1482997517E+01
    0.5881879627E+01      0.5881879627E+01      0.6130118925E-01     -0.1507815918E+01
    0.5887648696E+01      0.5887648696E+01      0.9183766567E-01     -0.1529983023E+01
    0.5894186883E+01      0.5894186883E+01      0.1250472537E+00     -0.1549545575E+01
    0.5901171775E+01      0.5901171775E+01      0.1613325542E+00     -0.1565987080E+01
    0.5909339682E+01      0.5909339682E+01      0.1992849427E+00     -0.1580096605E+01
    0.5917550006E+01      0.5917550006E+01      0.2396912073E+00     -0.1590935812E+01
    0.5926424020E+01      0.5926424020E+01      0.2810005303E+00     -0.1599019186E+01
    0.5935195117E+01      0.5935195117E+01      0.3235536531E+00     -0.1604224030E+01
    0.5944358573E+01      0.5944358573E+01      0.3663329204E+00     -0.1606459580E+01
    0.0000000000E+00      0.2000000000E+02      0.0000000000E+00      0.0000000000E+00
    0.5803155353E+01      0.5803155353E+01     -0.1274724701E-01     -0.1130513340E+01
    0.5802952681E+01      0.5802952681E+01     -0.2914587760E-01     -0.1135059491E+01
    0.5805081577E+01      0.5805081577E+01     -0.4901579721E-01     -0.1149160838E+01
    0.5807096764E+01      0.5807096764E+01     -0.6517592764E-01     -0.1166392759E+01
    0.5809652351E+01      0.5809652351E+01     -0.7877488870E-01     -0.1188946886E+01
    0.5812592873E+01      0.5812592873E+01     -0.8824951811E-01     -0.1214563029E+01
    0.5816158357E+01      0.5816158357E+01     -0.9322654313E-01     -0.1245697064E+01
    0.5820674386E+01      0.5820674386E+01     -0.9479399710E-01     -0.1279149976E+01
    0.5826260497E+01      0.5826260497E+01     -0.9309595568E-01     -0.1316785538E+01
    0.5832105065E+01      0.5832105065E+01     -0.8762841099E-01     -0.1351332065E+01
    0.5838445950E+01      0.5838445950E+01     -0.7774019095E-01     -0.1387301878E+01
    0.5844623320E+01      0.5844623320E+01     -0.6267136737E-01     -0.1420646658E+01
    0.5851476549E+01      0.5851476549E+01     -0.4367415093E-01     -0.1454015103E+01
    0.5858558724E+01      0.5858558724E+01     -0.2038475288E-01     -0.1485649567E+01
    0.5866177353E+01      0.5866177353E+01      0.6510611853E-02     -0.1515276429E+01
    0.5873700971E+01      0.5873700971E+01      0.3701196240E-01     -0.1542251023E+01
    0.5881801835E+01      0.5881801835E+01      0.7012482801E-01     -0.1566532598E+01
    0.5890016790E+01      0.5890016790E+01      0.1062160495E+00     -0.1587554592E+01
    0.5898586120E+01      0.5898586120E+01      0.1452454883E+00     -0.1605462863E+01
    0.5908029890E+01      0.5908029890E+01      0.1862248784E+00     -0.1620493264E+01
    0.5917452059E+01      0.5917452059E+01      0.2297817692E+00     -0.1632199632E+01
    0.5927694616E+01      0.5927694616E+01      0.2742417049E+00     -0.1640891252E+01
    0.5938047968E+01      0.5938047968E+01      0.3200656719E+00     -0.1645904259E+01
    0.5948931770E+01      0.5948931770E+01      0.3662180060E+00     -0.1647425460E+01
    0.0000000000E+00      0.2000000000E+02      0.0000000000E+00      0.0000000000E+00
    0.5777313479E+01      0.5777313479E+01     -0.1627960722E-01     -0.1114464967E+01
    0.5776928547E+01      0.5776928547E+01     -0.3737701107E-01     -0.1118717501E+01
    0.5779484499E+01      0.5779484499E+01     -0.6274569965E-01     -0.1134363488E+01
    0.5781896467E+01      0.5781896467E+01     -0.8388870150E-01     -0.1152843807E+01
    0.5785220240E+01      0.5785220240E+01     -0.1024585127E+00     -0.1177516849E+01
    0.5789535420E+01      0.5789535420E+01     -0.1169932210E+00     -0.1205487172E+01
    0.5794699881E+01      0.5794699881E+01     -0.1268473495E+00     -0.1239290315E+01
    0.5800566660E+01      0.5800566660E+01     -0.1316573908E+00     -0.1275672870E+01
    0.5808503042E+01      0.5808503042E+01     -0.1306258149E+00     -0.1317481873E+01
    0.5814755474E+01      0.5814755474E+01     -0.1241692342E+00     -0.1356658744E+01
    0.5822481955E+01      0.5822481955E+01     -0.1143009943E+00     -0.1396441435E+01
    0.5830672022E+01      0.5830672022E+01     -0.9876318113E-01     -0.1434893442E+01
    0.5839294566E+01      0.5839294566E+01     -0.7854371915E-01     -0.1472360789E+01
    0.5848176204E+01      0.5848176204E+01     -0.5350462302E-01     -0.1508132977E+01
    0.5857629872E+01      0.5857629872E+01     -0.2415738986E-01     -0.1541652369E+01
    0.5867302306E+01      0.5867302306E+01      0.9297252344E-02     -0.1572049621E+01
    0.5877427458E+01      0.5877427458E+01      0.4588216889E-01     -0.1599618501E+01
    0.5887243543E+01      0.5887243543E+01      0.8550761259E-01     -0.1623136468E+01
    0.5897307929E+01      0.5897307929E+01      0.1276843704E+00     -0.1643342368E+01
    0.5907823644E+01      0.5907823644E+01      0.1720617540E+00     -0.1659836066E+01
    0.5918598691E+01      0.5918598691E+01      0.2190169228E+00     -0.1672715677E+01
    0.5930260850E+01      0.5930260850E+01      0.2671721683E+00     -0.1681657948E+01
    0.5942039468E+01      0.5942039468E+01      0.3166661079E+00     -0.1686570295E+01
    0.5954278963E+01      0.5954278963E+01      0.3664731915E+00     -0.1687788074E+01
    0.0000000000E+00      0.2000000000E+02      0.0000000000E+00      0.0000000000E+00
    0.5757127742E+01      0.5757127742E+01     -0.2017272186E-01     -0.1081404473E+01
    0.5756543989E+01      0.5756543989E+01     -0.4662297217E-01     -0.1085519591E+01
    0.5759268714E+01      0.5759268714E+01     -0.7813337895E-01     -0.1103081731E+01
    0.5761542880E+01      0.5761542880E+01     -0.1053682291E+00     -0.1123476932E+01
    0.5764731958E+01      0.5764731958E+01     -0.1295053912E+00     -0.1151418834E+01
    0.5769036110E+01      0.5769036110E+01     -0.1487209041E+00     -0.1183544451E+01
    0.5774591203E+01      0.5774591203E+01     -0.1623424117E+00     -0.1222077015E+01
    0.5781516544E+01      0.5781516544E+01     -0.1702328440E+00     -0.1263175793E+01
    0.5790788440E+01      0.5790788440E+01     -0.1726796475E+00     -0.1310270716E+01
    0.5799749564E+01      0.5799749564E+01     -0.1667917653E+00     -0.1355345128E+01
    0.5807774889E+01      0.5807774889E+01     -0.1554692504E+00     -0.1399296729E+01
    0.5817702747E+01      0.5817702747E+01     -0.1400825930E+00     -0.1443729457E+01
    0.5827589104E+01      0.5827589104E+01     -0.1183100142E+00     -0.1486152124E+01
    0.5838060862E+01      0.5838060862E+01     -0.9131732282E-01     -0.1526881539E+01
    0.5849015511E+01      0.5849015511E+01     -0.5938933605E-01     -0.1565051974E+01
    0.5860344016E+01      0.5860344016E+01     -0.2282108006E-01     -0.1599726496E+01
    0.5872164319E+01      0.5872164319E+01      0.1771524098E-01     -0.1631346201E+01
    0.5883748718E+01      0.5883748718E+01      0.6170005540E-01     -0.1658161672E+01
    0.5895697710E+01      0.5895697710E+01      0.1080455766E+00     -0.1681238515E+01
    0.5907571269E+01      0.5907571269E+01      0.1567182519E+00     -0.1699272633E+01
    0.5919729927E+01      0.5919729927E+01      0.2074753434E+00     -0.1713282729E+01
    0.5932656314E+01      0.5932656314E+01      0.2596210299E+00     -0.1723085462E+01
    0.5945720472E+01      0.5945720472E+01      0.3131057038E+00     -0.1728555370E+01
    0.5959108523E+01      0.5959108523E+01      0.3667837721E+00     -0.1730047281E+01
    0.0000000000E+00      0.2000000000E+02      0.0000000000E+00      0.0000000000E+00
    0.5738864989E+01      0.5738864989E+01     -0.2460267944E-01     -0.1034622706E+01
    0.5738051643E+01      0.5738051643E+01     -0.5712548907E-01     -0.1038711679E+01
    0.5740896480E+01      0.5740896480E+01     -0.9532985565E-01     -0.1058431867E+01
    0.5742910841E+01      0.5742910841E+01     -0.1291390221E+00     -0.1081370605E+01
    0.5745874303E+01      0.5745874303E+01     -0.1592676349E+00     -0.1113559254E+01
    0.5750122368E+01      0.5750122368E+01     -0.1838548144E+00     -0.1150966969E+01
    0.5755818770E+01      0.5755818770E+01     -0.2021609072E+00     -0.1195365095E+01
    0.5763106251E+01      0.5763106251E+01     -0.2137135167E+00     -0.1242719710E+01
    0.5772068054E+01      0.5772068054E+01     -0.2184015069E+00     -0.1294755602E+01
    0.5783052323E+01      0.5783052323E+01     -0.2148942485E+00     -0.1347622343E+01
    0.5793247571E+01      0.5793247571E+01     -0.2038949963E+00     -0.1398535822E+01
    0.5804097933E+01      0.5804097933E+01     -0.1870644578E+00     -0.1448923489E+01
    0.5815245930E+01      0.5815245930E+01     -0.1636730283E+00     -0.1497353199E+01
    0.5827014987E+01      0.5827014987E+01     -0.1342725456E+00     -0.1543932374E+01
    0.5839147149E+01      0.5839147149E+01     -0.9931744639E-01     -0.1587340152E+01
    0.5851777555E+01      0.5851777555E+01     -0.5941852171E-01     -0.1626867884E+01
    0.5864972525E+01      0.5864972525E+01     -0.1505868655E-01     -0.1662864582E+01
    0.5878319153E+01      0.5878319153E+01      0.3356242826E-01     -0.1693485033E+01
    0.5892441283E+01      0.5892441283E+01      0.8510429824E-01     -0.1720417693E+01
    0.5906223709E+01      0.5906223709E+01      0.1393076792E+00     -0.1741236735E+01
    0.5919989675E+01      0.5919989675E+01      0.1950510272E+00     -0.1756962802E+01
    0.5933898152E+01      0.5933898152E+01      0.2516119646E+00     -0.1767484245E+01
    0.5947971190E+01      0.5947971190E+01      0.3091247338E+00     -0.1773796275E+01
    0.5962323632E+01      0.5962323632E+01      0.3669568566E+00     -0.1775552990E+01
    0.0000000000E+00      0.2000000000E+02      0.0000000000E+00      0.0000000000E+00
    0.5718207291E+01      0.5718207291E+01     -0.2976286201E-01     -0.9736351455E+00
    0.5717170164E+01      0.5717170164E+01     -0.6925786798E-01     -0.9778859322E+00
    0.5720365384E+01      0.5720365384E+01     -0.1151226308E+00     -0.1000518557E+01
    0.5722469577E+01      0.5722469577E+01     -0.1563067185E+00     -0.1026921153E+01
    0.5725553874E+01      0.5725553874E+01     -0.1934940771E+00     -0.1064426051E+01
    0.5729958601E+01      0.5729958601E+01     -0.2246035580E+00     -0.1108316443E+01
    0.5735800434E+01      0.5735800434E+01     -0.2483439323E+00     -0.1159782449E+01
    0.5743181046E+01      0.5743181046E+01     -0.2639460656E+00     -0.1214401717E+01
    0.5752225916E+01      0.5752225916E+01     -0.2713068557E+00     -0.1273348122E+01
    0.5765130569E+01      0.5765130569E+01     -0.2700036507E+00     -0.1335721423E+01
    0.5776025293E+01      0.5776025293E+01     -0.2593526295E+00     -0.1393799129E+01
    0.5788502766E+01      0.5788502766E+01     -0.2416038700E+00     -0.1452162912E+01
    0.5800818405E+01      0.5800818405E+01     -0.2157403796E+00     -0.1507855557E+01
    0.5814291011E+01      0.5814291011E+01     -0.1838540850E+00     -0.1561723376E+01
    0.5827714382E+01      0.5827714382E+01     -0.1451519160E+00     -0.1611299304E+01
    0.5841844491E+01      0.5841844491E+01     -0.1010988932E+00     -0.1656461752E+01
    0.5856276402E+01      0.5856276402E+01     -0.5194278021E-01     -0.1697095759E+01
    0.5870974193E+01      0.5870974193E+01      0.1741911578E-02     -0.1731564400E+01
    0.5886445655E+01      0.5886445655E+01      0.5854911144E-01     -0.1761798312E+01
    0.5901831172E+01      0.5901831172E+01      0.1185122437E+00     -0.1785469134E+01
    0.5917702270E+01      0.5917702270E+01      0.1801231724E+00     -0.1804058992E+01
    0.5933296048E+01      0.5933296048E+01      0.2426615449E+00     -0.1816212269E+01
    0.5948604530E+01      0.5948604530E+01      0.3051535439E+00     -0.1822595434E+01
    0.5964030142E+01      0.5964030142E+01      0.3674000958E+00     -0.1824158273E+01
    0.0000000000E+00      0.2000000000E+02      0.0000000000E+00      0.0000000000E+00
    0.5694780902E+01      0.5694780902E+01     -0.3610739400E-01     -0.8993052359E+00
    0.5693627875E+01      0.5693627875E+01     -0.8383714180E-01     -0.9041426102E+00
    0.5697684992E+01      0.5697684992E+01     -0.1391198248E+00     -0.9311223921E+00
    0.5700320196E+01      0.5700320196E+01     -0.1888187333E+00     -0.9622684637E+00
    0.5703774178E+01      0.5703774178E+01     -0.2337853276E+00     -0.1006244696E+01
    0.5708308246E+01      0.5708308246E+01     -0.2717628766E+00     -0.1057601715E+01
    0.5714119039E+01      0.5714119039E+01     -0.3013689822E+00     -0.1117017095E+01
    0.5721479968E+01      0.5721479968E+01     -0.3217925474E+00     -0.1180101375E+01
    0.5730594326E+01      0.5730594326E+01     -0.3324979923E+00     -0.1247755468E+01
    0.5744960078E+01      0.5744960078E+01     -0.3335397884E+00     -0.1320429511E+01
    0.5756761134E+01      0.5756761134E+01     -0.3233034490E+00     -0.1387720511E+01
    0.5770394528E+01      0.5770394528E+01     -0.3049256166E+00     -0.1455138132E+01
    0.5784160722E+01      0.5784160722E+01     -0.2767936948E+00     -0.1519626918E+01
    0.5799351475E+01      0.5799351475E+01     -0.2414372343E+00     -0.1581733778E+01
    0.5814346422E+01      0.5814346422E+01     -0.1980498919E+00     -0.1638581378E+01
    0.5830502537E+01      0.5830502537E+01     -0.1489184679E+00     -0.1690645468E+01
    0.5846447526E+01      0.5846447526E+01     -0.9361426245E-01     -0.1736744105E+01
    0.5862789343E+01      0.5862789343E+01     -0.3374525609E-01     -0.1775826056E+01
    0.5879449116E+01      0.5879449116E+01      0.2949459879E-01     -0.1809152749E+01
    0.5895971846E+01      0.5895971846E+01      0.9575028755E-01     -0.1834987990E+01
    0.5913153569E+01      0.5913153569E+01      0.1633290307E+00     -0.1855009651E+01
    0.5930582873E+01      0.5930582873E+01      0.2322428920E+00     -0.1868331664E+01
    0.5947909153E+01      0.5947909153E+01      0.3009365666E+00     -0.1875234990E+01
    0.5964613504E+01      0.5964613504E+01      0.3684732160E+00     -0.1875844014E+01
    0.0000000000E+00      0.2000000000E+02      0.0000000000E+00      0.0000000000E+00
    0.5669920074E+01      0.5669920074E+01     -0.4354292008E-01     -0.8136416280E+00
    0.5668477303E+01      0.5668477303E+01     -0.1009487402E+00     -0.8192349093E+00
    0.5673112921E+01      0.5673112921E+01     -0.1669765119E+00     -0.8511947173E+00
    0.5675877365E+01      0.5675877365E+01     -0.2263355012E+00     -0.8875184814E+00
    0.5679362777E+01      0.5679362777E+01     -0.2800173662E+00     -0.9384996821E+00
    0.5683800282E+01      0.5683800282E+01     -0.3258839110E+00     -0.9980558499E+00
    0.5689465402E+01      0.5689465402E+01     -0.3625407671E+00     -0.1066537824E+01
    0.5696816360E+01      0.5696816360E+01     -0.3888511386E+00     -0.1139660843E+01
    0.5706275883E+01      0.5706275883E+01     -0.4039405417E+00     -0.1218117181E+01
    0.5721154831E+01      0.5721154831E+01     -0.4077822070E+00     -0.1301732785E+01
    0.5734625028E+01      0.5734625028E+01     -0.3978062255E+00     -0.1380567139E+01
    0.5749349088E+01      0.5749349088E+01     -0.3782874611E+00     -0.1458392168E+01
    0.5764246568E+01      0.5764246568E+01     -0.3475897533E+00     -0.1532609110E+01
    0.5780891964E+01      0.5780891964E+01     -0.3082644305E+00     -0.1603740343E+01
    0.5797708365E+01      0.5797708365E+01     -0.2594100638E+00     -0.1669065687E+01
    0.5816021610E+01      0.5816021610E+01     -0.2038312335E+00     -0.1728962661E+01
    0.5833903072E+01      0.5833903072E+01     -0.1411223774E+00     -0.1781442836E+01
    0.5852538039E+01      0.5852538039E+01     -0.7376183553E-01     -0.1826051564E+01
    0.5871050660E+01      0.5871050660E+01     -0.2540216830E-02     -0.1862953063E+01
    0.5889429971E+01      0.5889429971E+01      0.7113841484E-01     -0.1891328609E+01
    0.5908002179E+01      0.5908002179E+01      0.1458313367E+00     -0.1912092080E+01
    0.5926749987E+01      0.5926749987E+01      0.2213107471E+00     -0.1925472853E+01
    0.5946008024E+01      0.5946008024E+01      0.2969130012E+00     -0.1931946598E+01
    0.5964431521E+01      0.5964431521E+01      0.3705972012E+00     -0.1931520858E+01
