    0.7450788373E+01      0.7450788373E+01      0.1196060947E+01      0.3973563127E+00
    0.7496994152E+01      0.7496994152E+01      0.1274075605E+01      0.3858025100E+00
    0.7544867429E+01      0.7544867429E+01      0.1352218443E+01      0.3721527016E+00
    0.7592366224E+01      0.7592366224E+01      0.1432842634E+01      0.3564831898E+00
    0.7637516051E+01      0.7637516051E+01      0.1517057660E+01      0.3386433532E+00
    0.7679315963E+01      0.7679315963E+01      0.1606079071E+01      0.3185045064E+00
    0.7716886614E+01      0.7716886614E+01      0.1700698362E+01      0.2959259917E+00
    0.7750036980E+01      0.7750036980E+01      0.1801044674E+01      0.2706282991E+00
    0.7779418933E+01      0.7779418933E+01      0.1906588057E+01      0.2421609150E+00
    0.7805985909E+01      0.7805985909E+01      0.2016310226E+01      0.2102270882E+00
    0.7830686492E+01      0.7830686492E+01      0.2128858936E+01      0.1739362154E+00
    0.7854195157E+01      0.7854195157E+01      0.2243560028E+01      0.1331813956E+00
    0.7875688941E+01      0.7875688941E+01      0.2361034341E+01      0.8845578200E-01
    0.7892652240E+01      0.7892652240E+01      0.2483061492E+01      0.4013928732E-01
    0.7901942406E+01      0.7901942406E+01      0.2610666307E+01     -0.1146082178E-01
    0.7902721802E+01      0.7902721802E+01      0.2741429060E+01     -0.6506041593E-01
    0.7895767883E+01      0.7895767883E+01      0.2880341748E+01     -0.1216067799E+00
    0.7880676777E+01      0.7880676777E+01      0.3027656809E+01     -0.1810155625E+00
    0.7859150541E+01      0.7859150541E+01      0.3181614891E+01     -0.2424544897E+00
    0.7826249337E+01      0.7826249337E+01      0.3348444646E+01     -0.3050126982E+00
    0.7782719935E+01      0.7782719935E+01      0.3527603139E+01     -0.3613253141E+00
    0.7728536593E+01      0.7728536593E+01      0.3719184035E+01     -0.4202224636E+00
    0.7661209421E+01      0.7661209421E+01      0.3924166260E+01     -0.4605980632E+00
    0.7588441147E+01      0.7588441147E+01      0.4134271267E+01     -0.5020794198E+00
    0.7499331381E+01      0.7499331381E+01      0.4359340215E+01     -0.5180805408E+00
    0.7440434197E+01      0.7440434197E+01      0.1185458813E+01      0.3635241560E+00
    0.7488736300E+01      0.7488736300E+01      0.1261057247E+01      0.3502320017E+00
    0.7538339601E+01      0.7538339601E+01      0.1336913776E+01      0.3349406277E+00
    0.7587138115E+01      0.7587138115E+01      0.1415281141E+01      0.3177205169E+00
    0.7633421093E+01      0.7633421093E+01      0.1497149212E+01      0.2982935542E+00
    0.7676068654E+01      0.7676068654E+01      0.1583708576E+01      0.2764667512E+00
    0.7714409113E+01      0.7714409113E+01      0.1675661174E+01      0.2519307159E+00
    0.7748496197E+01      0.7748496197E+01      0.1772943660E+01      0.2241989021E+00
    0.7779133457E+01      0.7779133457E+01      0.1874938177E+01      0.1925531766E+00
    0.7807278593E+01      0.7807278593E+01      0.1980381831E+01      0.1566323232E+00
    0.7833976035E+01      0.7833976035E+01      0.2088192240E+01      0.1157490067E+00
    0.7859223929E+01      0.7859223929E+01      0.2198306290E+01      0.6987640094E-01
    0.7881621488E+01      0.7881621488E+01      0.2311821509E+01      0.1952619916E-01
    0.7898726445E+01      0.7898726445E+01      0.2430425289E+01     -0.3512899213E-01
    0.7908035325E+01      0.7908035325E+01      0.2554795059E+01     -0.9398519457E-01
    0.7909388714E+01      0.7909388714E+01      0.2682502564E+01     -0.1569739329E+00
    0.7903756779E+01      0.7903756779E+01      0.2817976785E+01     -0.2237942378E+00
    0.7890051055E+01      0.7890051055E+01      0.2962808068E+01     -0.2942391271E+00
    0.7868975031E+01      0.7868975031E+01      0.3116338207E+01     -0.3667623236E+00
    0.7835498437E+01      0.7835498437E+01      0.3285372769E+01     -0.4411044925E+00
    0.7791586293E+01      0.7791586293E+01      0.3468539211E+01     -0.5096945257E+00
    0.7735176490E+01      0.7735176490E+01      0.3668302487E+01     -0.5810889193E+00
    0.7664641885E+01      0.7664641885E+01      0.3884517423E+01     -0.6290807493E+00
    0.7586424562E+01      0.7586424562E+01      0.4110024756E+01     -0.6804448029E+00
    0.7490374495E+01      0.7490374495E+01      0.4353952813E+01     -0.6927517332E+00
    0.7430072809E+01      0.7430072809E+01      0.1172968519E+01      0.3329461905E+00
    0.7480170386E+01      0.7480170386E+01      0.1246205773E+01      0.3182803190E+00
    0.7531137807E+01      0.7531137807E+01      0.1319986623E+01      0.3015914323E+00
    0.7580973967E+01      0.7580973967E+01      0.1396089251E+01      0.2828919227E+00
    0.7628297877E+01      0.7628297877E+01      0.1475547904E+01      0.2618069816E+00
    0.7671923677E+01      0.7671923677E+01      0.1559429290E+01      0.2381373287E+00
    0.7711385715E+01      0.7711385715E+01      0.1648297968E+01      0.2114972459E+00
    0.7746972237E+01      0.7746972237E+01      0.1741977656E+01      0.1811981542E+00
    0.7779472329E+01      0.7779472329E+01      0.1839676663E+01      0.1465335350E+00
    0.7809930233E+01      0.7809930233E+01      0.1940077659E+01      0.1068407783E+00
    0.7839109670E+01      0.7839109670E+01      0.2042516629E+01      0.6164183706E-01
    0.7866380541E+01      0.7866380541E+01      0.2147472835E+01      0.1092265255E-01
    0.7890025703E+01      0.7890025703E+01      0.2256297154E+01     -0.4491318200E-01
    0.7907875009E+01      0.7907875009E+01      0.2370482973E+01     -0.1060528513E+00
    0.7918135415E+01      0.7918135415E+01      0.2490393536E+01     -0.1727157024E+00
    0.7921269147E+01      0.7921269147E+01      0.2613458101E+01     -0.2461775164E+00
    0.7916919739E+01      0.7916919739E+01      0.2744264484E+01     -0.3244752103E+00
    0.7904720321E+01      0.7904720321E+01      0.2885622537E+01     -0.4079785926E+00
    0.7884412377E+01      0.7884412377E+01      0.3037688595E+01     -0.4948606823E+00
    0.7850903708E+01      0.7850903708E+01      0.3208149565E+01     -0.5846888212E+00
    0.7806061144E+01      0.7806061144E+01      0.3395761677E+01     -0.6695038796E+00
    0.7746047615E+01      0.7746047615E+01      0.3606033441E+01     -0.7573659177E+00
    0.7669709848E+01      0.7669709848E+01      0.3837240002E+01     -0.8157046352E+00
    0.7583897894E+01      0.7583897894E+01      0.4083420970E+01     -0.8809799662E+00
    0.7477211219E+01      0.7477211219E+01      0.4351950109E+01     -0.8878920070E+00
    0.7419498589E+01      0.7419498589E+01      0.1159013879E+01      0.3059584068E+00
    0.7471111814E+01      0.7471111814E+01      0.1229739095E+01      0.2902497872E+00
    0.7523246615E+01      0.7523246615E+01      0.1301259844E+01      0.2723617879E+00
    0.7574183073E+01      0.7574183073E+01      0.1374878473E+01      0.2521284252E+00
    0.7622613312E+01      0.7622613312E+01      0.1451697256E+01      0.2292008049E+00
    0.7667405470E+01      0.7667405470E+01      0.1532680669E+01      0.2033851714E+00
    0.7708254293E+01      0.7708254293E+01      0.1618198319E+01      0.1743358896E+00
    0.7745703545E+01      0.7745703545E+01      0.1707898723E+01      0.1413075452E+00
    0.7780594357E+01      0.7780594357E+01      0.1800601019E+01      0.1038699128E+00
    0.7813987558E+01      0.7813987558E+01      0.1895294818E+01      0.6075587380E-01
    0.7846000624E+01      0.7846000624E+01      0.1991889529E+01      0.1148797790E-01
    0.7875630143E+01      0.7875630143E+01      0.2091205431E+01     -0.4387819028E-01
    0.7901116153E+01      0.7901116153E+01      0.2194560971E+01     -0.1051395197E+00
    0.7920632085E+01      0.7920632085E+01      0.2303086332E+01     -0.1729623827E+00
    0.7933194306E+01      0.7933194306E+01      0.2416853569E+01     -0.2480996203E+00
    0.7939131555E+01      0.7939131555E+01      0.2533994039E+01     -0.3324493085E+00
    0.7936537800E+01      0.7936537800E+01      0.2658261905E+01     -0.4232209359E+00
    0.7926294646E+01      0.7926294646E+01      0.2793986021E+01     -0.5215660039E+00
    0.7907546464E+01      0.7907546464E+01      0.2942853160E+01     -0.6259756896E+00
    0.7874087061E+01      0.7874087061E+01      0.3113300744E+01     -0.7350633413E+00
    0.7827668372E+01      0.7827668372E+01      0.3305668496E+01     -0.8409614526E+00
    0.7762283053E+01      0.7762283053E+01      0.3527861126E+01     -0.9508441788E+00
    0.7678272707E+01      0.7678272707E+01      0.3777984280E+01     -0.1024726702E+01
    0.7581025465E+01      0.7581025465E+01      0.4051490868E+01     -0.1110667228E+01
    0.7456648741E+01      0.7456648741E+01      0.4355250571E+01     -0.1110074030E+01
    0.7408602684E+01      0.7408602684E+01      0.1143927565E+01      0.2828662531E+00
    0.7461669003E+01      0.7461669003E+01      0.1211937131E+01      0.2661833512E+00
    0.7515178519E+01      0.7515178519E+01      0.1280805845E+01      0.2469122584E+00
    0.7567399569E+01      0.7567399569E+01      0.1351707174E+01      0.2248655601E+00
    0.7617053141E+01      0.7617053141E+01      0.1425705449E+01      0.1998136095E+00
    0.7663174270E+01      0.7663174270E+01      0.1503600166E+01      0.1716763771E+00
    0.7705638065E+01      0.7705638065E+01      0.1585579104E+01      0.1401142632E+00
    0.7745116732E+01      0.7745116732E+01      0.1670672643E+01      0.1045946536E+00
    0.7783012814E+01      0.7783012814E+01      0.1757881039E+01      0.6432229833E-01
    0.7819700799E+01      0.7819700799E+01      0.1846636866E+01      0.1783189244E-01
    0.7854796388E+01      0.7854796388E+01      0.1937050976E+01     -0.3531774243E-01
    0.7887228721E+01      0.7887228721E+01      0.2030031522E+01     -0.9517054743E-01
    0.7915392225E+01      0.7915392225E+01      0.2126790784E+01     -0.1618460499E+00
    0.7937824891E+01      0.7937824891E+01      0.2227965145E+01     -0.2365050052E+00
    0.7953892948E+01      0.7953892948E+01      0.2333573410E+01     -0.3204814347E+00
    0.7962942310E+01      0.7962942310E+01      0.2443533669E+01     -0.4152423618E+00
    0.7963723823E+01      0.7963723823E+01      0.2558391400E+01     -0.5197176910E+00
    0.7956243557E+01      0.7956243557E+01      0.2685543801E+01     -0.6340699765E+00
    0.7939536056E+01      0.7939536056E+01      0.2827831600E+01     -0.7584235170E+00
    0.7907745471E+01      0.7907745471E+01      0.2994426492E+01     -0.8914084615E+00
    0.7858235568E+01      0.7858235568E+01      0.3191709349E+01     -0.1024917462E+01
    0.7785820468E+01      0.7785820468E+01      0.3427833935E+01     -0.1163281297E+01
    0.7690792751E+01      0.7690792751E+01      0.3702228532E+01     -0.1261582889E+01
    0.7574718808E+01      0.7574718808E+01      0.4019585362E+01     -0.1378394670E+01
    0.7420632248E+01      0.7420632248E+01      0.4380441826E+01     -0.1376765399E+01
    0.7397787513E+01      0.7397787513E+01      0.1128036653E+01      0.2631303630E+00
    0.7452476640E+01      0.7452476640E+01      0.1192989998E+01      0.2451638214E+00
    0.7507579115E+01      0.7507579115E+01      0.1258872475E+01      0.2242295580E+00
    0.7561298731E+01      0.7561298731E+01      0.1326828901E+01      0.2003041529E+00
    0.7612416230E+01      0.7612416230E+01      0.1397895791E+01      0.1731652763E+00
    0.7659994014E+01      0.7659994014E+01      0.1472716666E+01      0.1426489870E+00
    0.7704242282E+01      0.7704242282E+01      0.1550621892E+01      0.1087734328E+00
    0.7746622619E+01      0.7746622619E+01      0.1630879996E+01      0.7107975213E-01
    0.7787802699E+01      0.7787802699E+01      0.1712634670E+01      0.2723034120E-01
    0.7827864630E+01      0.7827864630E+01      0.1795343403E+01     -0.2279249236E-01
    0.7866229123E+01      0.7866229123E+01      0.1879051453E+01     -0.7958739482E-01
    0.7901970370E+01      0.7901970370E+01      0.1964670135E+01     -0.1437208942E+00
    0.7933739716E+01      0.7933739716E+01      0.2053404446E+01     -0.2158018912E+00
    0.7960155618E+01      0.7960155618E+01      0.2145531443E+01     -0.2972341242E+00
    0.7980261193E+01      0.7980261193E+01      0.2241166439E+01     -0.3895419984E+00
    0.7993229973E+01      0.7993229973E+01      0.2341031653E+01     -0.4942905565E+00
    0.7998920955E+01      0.7998920955E+01      0.2444666499E+01     -0.6126335158E+00
    0.7994953523E+01      0.7994953523E+01      0.2558886096E+01     -0.7439110054E+00
    0.7980904629E+01      0.7980904629E+01      0.2690538612E+01     -0.8893042274E+00
    0.7950741891E+01      0.7950741891E+01      0.2848171514E+01     -0.1049111024E+01
    0.7900767422E+01      0.7900767422E+01      0.3042976761E+01     -0.1218645752E+01
    0.7818920775E+01      0.7818920775E+01      0.3292609456E+01     -0.1396249963E+01
    0.7707338520E+01      0.7707338520E+01      0.3600254091E+01     -0.1534060920E+01
    0.7560214027E+01      0.7560214027E+01      0.3992777975E+01     -0.1709679094E+01
    0.7371228598E+01      0.7371228598E+01      0.4477734284E+01     -0.1723509110E+01
    0.7387764723E+01      0.7387764723E+01      0.1110774942E+01      0.2458055266E+00
    0.7444457614E+01      0.7444457614E+01      0.1172277982E+01      0.2263967816E+00
    0.7501471806E+01      0.7501471806E+01      0.1234957649E+01      0.2037303513E+00
    0.7556843312E+01      0.7556843312E+01      0.1299980132E+01      0.1778985896E+00
    0.7609452480E+01      0.7609452480E+01      0.1368183126E+01      0.1485560812E+00
    0.7658884892E+01      0.7658884892E+01      0.1439340736E+01      0.1162050451E+00
    0.7705918048E+01      0.7705918048E+01      0.1513105022E+01      0.8034545395E-01
    0.7751406633E+01      0.7751406633E+01      0.1588428439E+01      0.3898887761E-01
    0.7796133990E+01      0.7796133990E+01      0.1664615354E+01     -0.8486523525E-02
    0.7839725142E+01      0.7839725142E+01      0.1740883869E+01     -0.6188220392E-01
    0.7881569560E+01      0.7881569560E+01      0.1817046673E+01     -0.1220585349E+00
    0.7921053537E+01      0.7921053537E+01      0.1894270283E+01     -0.1902144543E+00
    0.7957003145E+01      0.7957003145E+01      0.1973761374E+01     -0.2674829846E+00
    0.7987858759E+01      0.7987858759E+01      0.2055509122E+01     -0.3551634121E+00
    0.8012499963E+01      0.8012499963E+01      0.2139261162E+01     -0.4548903845E+00
    0.8030391776E+01      0.8030391776E+01      0.2225533476E+01     -0.5689703032E+00
    0.8040970789E+01      0.8040970789E+01      0.2316196099E+01     -0.6995916560E+00
    0.8042304381E+01      0.8042304381E+01      0.2412333797E+01     -0.8474456956E+00
    0.8031118936E+01      0.8031118936E+01      0.2526891966E+01     -0.1013823945E+01
    0.8003090837E+01      0.8003090837E+01      0.2668326969E+01     -0.1201521406E+01
    0.7951985154E+01      0.7951985154E+01      0.2850252449E+01     -0.1410825482E+01
    0.7865052959E+01      0.7865052959E+01      0.3097991577E+01     -0.1642596193E+01
    0.7730324716E+01      0.7730324716E+01      0.3444468636E+01     -0.1853931097E+01
    0.7532515567E+01      0.7532515567E+01      0.3958597908E+01     -0.2171499128E+01
    0.7268454575E+01      0.7268454575E+01      0.4573954069E+01     -0.2089144326E+01
    0.7379420267E+01      0.7379420267E+01      0.1092475689E+01      0.2299199467E+00
    0.7438254932E+01      0.7438254932E+01      0.1150365532E+01      0.2087578850E+00
    0.7497273789E+01      0.7497273789E+01      0.1209705510E+01      0.1842918978E+00
    0.7554423016E+01      0.7554423016E+01      0.1271522256E+01      0.1566263764E+00
    0.7609144783E+01      0.7609144783E+01      0.1336110403E+01      0.1260612013E+00
    0.7661263123E+01      0.7661263123E+01      0.1403455002E+01      0.9153905986E-01
    0.7711444941E+01      0.7711444941E+01      0.1472893954E+01      0.5213019612E-01
    0.7760514792E+01      0.7760514792E+01      0.1543276366E+01      0.7354265338E-02
    0.7809212010E+01      0.7809212010E+01      0.1613937463E+01     -0.4333171919E-01
    0.7856460718E+01      0.7856460718E+01      0.1683029769E+01     -0.9975736683E-01
    0.7901857151E+01      0.7901857151E+01      0.1750981417E+01     -0.1630810268E+00
    0.7945281080E+01      0.7945281080E+01      0.1819391635E+01     -0.2348849408E+00
    0.7985610069E+01      0.7985610069E+01      0.1888870272E+01     -0.3166775694E+00
    0.8021148806E+01      0.8021148806E+01      0.1958421190E+01     -0.4095637466E+00
    0.8050725796E+01      0.8050725796E+01      0.2027596240E+01     -0.5154955764E+00
    0.8073579655E+01      0.8073579655E+01      0.2096792929E+01     -0.6365786511E+00
    0.8089367510E+01      0.8089367510E+01      0.2168277412E+01     -0.7766694067E+00
    0.8096592325E+01      0.8096592325E+01      0.2242543380E+01     -0.9381868619E+00
    0.8089141933E+01      0.8089141933E+01      0.2329633133E+01     -0.1122995153E+01
    0.8063921543E+01      0.8063921543E+01      0.2442292077E+01     -0.1337469507E+01
    0.8013088315E+01      0.8013088315E+01      0.2595950897E+01     -0.1588425650E+01
    0.7921558687E+01      0.7921558687E+01      0.2822151282E+01     -0.1883613092E+01
    0.7770743344E+01      0.7770743344E+01      0.3175584624E+01     -0.2207938285E+01
    0.7511955975E+01      0.7511955975E+01      0.3792694227E+01     -0.2803441850E+01
    0.7071890311E+01      0.7071890311E+01      0.4415032426E+01     -0.2341383593E+01
    0.7373346079E+01      0.7373346079E+01      0.1072005573E+01      0.2143564328E+00
    0.7434575410E+01      0.7434575410E+01      0.1126097053E+01      0.1916217849E+00
    0.7495496318E+01      0.7495496318E+01      0.1182260542E+01      0.1655924279E+00
    0.7554847519E+01      0.7554847519E+01      0.1240697117E+01      0.1368972760E+00
    0.7612254311E+01      0.7612254311E+01      0.1301543654E+01      0.1040051559E+00
    0.7667883490E+01      0.7667883490E+01      0.1364827063E+01      0.6630377393E-01
    0.7721749636E+01      0.7721749636E+01      0.1429761866E+01      0.2359483482E-01
    0.7774965132E+01      0.7774965132E+01      0.1495231380E+01     -0.2436312719E-01
    0.7827613896E+01      0.7827613896E+01      0.1559738141E+01     -0.7735285905E-01
    0.7878461110E+01      0.7878461110E+01      0.1621345571E+01     -0.1362128153E+00
    0.7927535799E+01      0.7927535799E+01      0.1680914873E+01     -0.2022942387E+00
    0.7974984486E+01      0.7974984486E+01      0.1739781312E+01     -0.2770149333E+00
    0.8019896101E+01      0.8019896101E+01      0.1797664543E+01     -0.3617806261E+00
    0.8060083143E+01      0.8060083143E+01      0.1852189448E+01     -0.4577693641E+00
    0.8094789262E+01      0.8094789262E+01      0.1903190593E+01     -0.5675164937E+00
    0.8122220322E+01      0.8122220322E+01      0.1950319868E+01     -0.6923973264E+00
    0.8143093356E+01      0.8143093356E+01      0.1997124599E+01     -0.8375356429E+00
    0.8155009134E+01      0.8155009134E+01      0.2044374106E+01     -0.1006799993E+01
    0.8152801259E+01      0.8152801259E+01      0.2093091646E+01     -0.1204372797E+01
    0.8131239895E+01      0.8131239895E+01      0.2161886897E+01     -0.1440968426E+01
    0.8080449660E+01      0.8080449660E+01      0.2267720578E+01     -0.1730325575E+01
    0.7981334027E+01      0.7981334027E+01      0.2447653060E+01     -0.2094896275E+01
    0.7799281482E+01      0.7799281482E+01      0.2773621824E+01     -0.2557982609E+01
    0.7510092013E+01      0.7510092013E+01      0.3336018232E+01     -0.3437404749E+01
    0.6763878377E+01      0.6763878377E+01      0.3731638721E+01     -0.2326571928E+01
    0.7370033508E+01      0.7370033508E+01      0.1050393564E+01      0.1983856483E+00
    0.7433166648E+01      0.7433166648E+01      0.1101590768E+01      0.1744098898E+00
    0.7496509657E+01      0.7496509657E+01      0.1154213717E+01      0.1475465054E+00
    0.7559036127E+01      0.7559036127E+01      0.1208585836E+01      0.1162505744E+00
    0.7620449966E+01      0.7620449966E+01      0.1265147070E+01      0.8049488051E-01
    0.7679965245E+01      0.7679965245E+01      0.1323712830E+01      0.3986643684E-01
    0.7737962654E+01      0.7737962654E+01      0.1383437179E+01     -0.5729992712E-02
    0.7795499245E+01      0.7795499245E+01      0.1443129558E+01     -0.5584381547E-01
    0.7851689342E+01      0.7851689342E+01      0.1500387201E+01     -0.1101988085E+00
    0.7905782410E+01      0.7905782410E+01      0.1553959476E+01     -0.1704452373E+00
    0.7958295904E+01      0.7958295904E+01      0.1604836109E+01     -0.2381317759E+00
    0.8009349182E+01      0.8009349182E+01      0.1653827206E+01     -0.3143688677E+00
    0.8058068497E+01      0.8058068497E+01      0.1700011157E+01     -0.3997859170E+00
    0.8102205835E+01      0.8102205835E+01      0.1740562275E+01     -0.4960340252E+00
    0.8140764379E+01      0.8140764379E+01      0.1774844827E+01     -0.6056538634E+00
    0.8173136555E+01      0.8173136555E+01      0.1802325149E+01     -0.7313314819E+00
    0.8198354983E+01      0.8198354983E+01      0.1824619670E+01     -0.8758788502E+00
    0.8216862185E+01      0.8216862185E+01      0.1843432950E+01     -0.1045743843E+01
    0.8220544505E+01      0.8220544505E+01      0.1848991633E+01     -0.1246243567E+01
    0.8211825198E+01      0.8211825198E+01      0.1853606489E+01     -0.1494768273E+01
    0.8175637956E+01      0.8175637956E+01      0.1867360376E+01     -0.1808654654E+01
    0.8086622916E+01      0.8086622916E+01      0.1903213209E+01     -0.2226167611E+01
    0.7868154099E+01      0.7868154099E+01      0.2028864169E+01     -0.2813948209E+01
    0.7340377003E+01      0.7340377003E+01      0.2349211574E+01     -0.3984641011E+01
    0.5672928629E+01      0.5672928629E+01      0.2493302346E+01     -0.2826426788E+01
    0.7369965611E+01      0.7369965611E+01      0.1027845863E+01      0.1827737390E+00
    0.7435384733E+01      0.7435384733E+01      0.1075456721E+01      0.1574245436E+00
    0.7502306146E+01      0.7502306146E+01      0.1122934519E+01      0.1276999268E+00
    0.7569081644E+01      0.7569081644E+01      0.1172248949E+01      0.9345785494E-01
    0.7634440714E+01      0.7634440714E+01      0.1223743586E+01      0.5518043698E-01
    0.7698026198E+01      0.7698026198E+01      0.1276910971E+01      0.1229463652E-01
    0.7760114261E+01      0.7760114261E+01      0.1331188170E+01     -0.3534646913E-01
    0.7821202035E+01      0.7821202035E+01      0.1385425454E+01     -0.8627675232E-01
    0.7879973059E+01      0.7879973059E+01      0.1436875682E+01     -0.1407325091E+00
    0.7936560663E+01      0.7936560663E+01      0.1484443460E+01     -0.2009745597E+00
    0.7991848148E+01      0.7991848148E+01      0.1528797810E+01     -0.2687382509E+00
    0.8045992283E+01      0.8045992283E+01      0.1569725049E+01     -0.3446604695E+00
    0.8097775428E+01      0.8097775428E+01      0.1605389473E+01     -0.4284645095E+00
    0.8144993624E+01      0.8144993624E+01      0.1632626696E+01     -0.5226560951E+00
    0.8187704811E+01      0.8187704811E+01      0.1651278043E+01     -0.6280416994E+00
    0.8224268033E+01      0.8224268033E+01      0.1659621099E+01     -0.7506029025E+00
    0.8254448877E+01      0.8254448877E+01      0.1657902511E+01     -0.8914977079E+00
    0.8280528419E+01      0.8280528419E+01      0.1648949262E+01     -0.1052948738E+01
    0.8297180585E+01      0.8297180585E+01      0.1629105164E+01     -0.1242929234E+01
    0.8302130192E+01      0.8302130192E+01      0.1585689754E+01     -0.1471034372E+01
    0.8291238518E+01      0.8291238518E+01      0.1511286000E+01     -0.1755817785E+01
    0.8262159965E+01      0.8262159965E+01      0.1378476718E+01     -0.2125797114E+01
    0.8209632654E+01      0.8209632654E+01      0.1123027702E+01     -0.2665687882E+01
    0.8142611672E+01      0.8142611672E+01      0.6448308296E+00     -0.3407445976E+01
    0.0000000000E+00      0.2000000000E+02      0.0000000000E+00      0.0000000000E+00
    0.7373654041E+01      0.7373654041E+01      0.1002738988E+01      0.1660047988E+00
    0.7442983030E+01      0.7442983030E+01      0.1045470166E+01      0.1379258176E+00
    0.7514241168E+01      0.7514241168E+01      0.1087941857E+01      0.1049999827E+00
    0.7585194200E+01      0.7585194200E+01      0.1132926864E+01      0.6796541803E-01
    0.7654647429E+01      0.7654647429E+01      0.1180215692E+01      0.2727207208E-01
    0.7721877892E+01      0.7721877892E+01      0.1229530713E+01     -0.1709574544E-01
    0.7786384233E+01      0.7786384233E+01      0.1280495494E+01     -0.6484013161E-01
    0.7849407862E+01      0.7849407862E+01      0.1331083250E+01     -0.1146454569E+00
    0.7910094670E+01      0.7910094670E+01      0.1377944711E+01     -0.1677409243E+00
    0.7968738229E+01      0.7968738229E+01      0.1419940952E+01     -0.2267203445E+00
    0.8026463967E+01      0.8026463967E+01      0.1457456353E+01     -0.2928315024E+00
    0.8083227070E+01      0.8083227070E+01      0.1489736321E+01     -0.3658518916E+00
    0.8137005190E+01      0.8137005190E+01      0.1513758675E+01     -0.4460794197E+00
    0.8187989657E+01      0.8187989657E+01      0.1529566413E+01     -0.5348652077E+00
    0.8232168879E+01      0.8232168879E+01      0.1533201733E+01     -0.6368167597E+00
    0.8272534555E+01      0.8272534555E+01      0.1530200866E+01     -0.7536352609E+00
    0.8307107556E+01      0.8307107556E+01      0.1518593684E+01     -0.8855807557E+00
    0.8334419912E+01      0.8334419912E+01      0.1492547313E+01     -0.1035789510E+01
    0.8353546683E+01      0.8353546683E+01      0.1447322750E+01     -0.1209324143E+01
    0.8362861454E+01      0.8362861454E+01      0.1376414411E+01     -0.1410263659E+01
    0.8359600766E+01      0.8359600766E+01      0.1267164570E+01     -0.1651329659E+01
    0.8337148620E+01      0.8337148620E+01      0.1104974889E+01     -0.1942136648E+01
    0.8299509697E+01      0.8299509697E+01      0.8022794964E+00     -0.2305202578E+01
    0.8297327642E+01      0.8297327642E+01      0.3983550338E+00     -0.2618503679E+01
    0.0000000000E+00      0.2000000000E+02      0.0000000000E+00      0.0000000000E+00
    0.7383749897E+01      0.7383749897E+01      0.9751143801E+00      0.1450955494E+00
    0.7458152091E+01      0.7458152091E+01      0.1013005214E+01      0.1133534588E+00
    0.7534510016E+01      0.7534510016E+01      0.1051226743E+01      0.7699941666E-01
    0.7609308201E+01      0.7609308201E+01      0.1092842959E+01      0.3731836776E-01
    0.7680332854E+01      0.7680332854E+01      0.1137900679E+01     -0.3826737759E-02
    0.7747682847E+01      0.7747682847E+01      0.1185065805E+01     -0.4636782100E-01
    0.7813114423E+01      0.7813114423E+01      0.1233130185E+01     -0.9102221510E-01
    0.7877639005E+01      0.7877639005E+01      0.1279473041E+01     -0.1375799200E+00
    0.7939984112E+01      0.7939984112E+01      0.1321267089E+01     -0.1883143950E+00
    0.8000708513E+01      0.8000708513E+01      0.1357739777E+01     -0.2448163126E+00
    0.8060622835E+01      0.8060622835E+01      0.1388325236E+01     -0.3077378068E+00
    0.8119179626E+01      0.8119179626E+01      0.1411029321E+01     -0.3766405879E+00
    0.8176908879E+01      0.8176908879E+01      0.1426250353E+01     -0.4510040736E+00
    0.8228308421E+01      0.8228308421E+01      0.1431673721E+01     -0.5355206942E+00
    0.8273934700E+01      0.8273934700E+01      0.1430054029E+01     -0.6331866100E+00
    0.8315482094E+01      0.8315482094E+01      0.1418387260E+01     -0.7423721195E+00
    0.8351470096E+01      0.8351470096E+01      0.1392111081E+01     -0.8628322465E+00
    0.8380361563E+01      0.8380361563E+01      0.1348141254E+01     -0.9972362357E+00
    0.8401943324E+01      0.8401943324E+01      0.1282411892E+01     -0.1149676647E+01
    0.8415885648E+01      0.8415885648E+01      0.1189422578E+01     -0.1321552591E+01
    0.8420883578E+01      0.8420883578E+01      0.1055376336E+01     -0.1515833032E+01
    0.8414258994E+01      0.8414258994E+01      0.8650595795E+00     -0.1732499858E+01
    0.8406258909E+01      0.8406258909E+01      0.5827689978E+00     -0.1958981501E+01
    0.8414798659E+01      0.8414798659E+01      0.2689915139E+00     -0.2098882311E+01
    0.0000000000E+00      0.2000000000E+02      0.0000000000E+00      0.0000000000E+00
    0.7403248016E+01      0.7403248016E+01      0.9431501951E+00      0.1166306073E+00
    0.7482865052E+01      0.7482865052E+01      0.9767440517E+00      0.8151007633E-01
    0.7560990777E+01      0.7560990777E+01      0.1013553329E+01      0.4453618955E-01
    0.7634807146E+01      0.7634807146E+01      0.1054019944E+01      0.7314796747E-02
    0.7705056599E+01      0.7705056599E+01      0.1097423381E+01     -0.3016436307E-01
    0.7772428441E+01      0.7772428441E+01      0.1141942494E+01     -0.6906142475E-01
    0.7838669012E+01      0.7838669012E+01      0.1186924842E+01     -0.1097879268E+00
    0.7903752826E+01      0.7903752826E+01      0.1229192598E+01     -0.1537291116E+00
    0.7967974857E+01      0.7967974857E+01      0.1266903325E+01     -0.2015974426E+00
    0.8030981663E+01      0.8030981663E+01      0.1297340032E+01     -0.2548461274E+00
    0.8093028609E+01      0.8093028609E+01      0.1320227448E+01     -0.3138862621E+00
    0.8155349317E+01      0.8155349317E+01      0.1338502489E+01     -0.3759608130E+00
    0.8212126529E+01      0.8212126529E+01      0.1347671765E+01     -0.4458208809E+00
    0.8262682623E+01      0.8262682623E+01      0.1347268856E+01     -0.5278071433E+00
    0.8310083847E+01      0.8310083847E+01      0.1338218950E+01     -0.6183259271E+00
    0.8352317417E+01      0.8352317417E+01      0.1315910802E+01     -0.7162392930E+00
    0.8388790203E+01      0.8388790203E+01      0.1277732359E+01     -0.8232057325E+00
    0.8418918499E+01      0.8418918499E+01      0.1221426867E+01     -0.9410617416E+00
    0.8442383511E+01      0.8442383511E+01      0.1142956962E+01     -0.1071730946E+01
    0.8459200214E+01      0.8459200214E+01      0.1036490972E+01     -0.1214569437E+01
    0.8469040878E+01      0.8469040878E+01      0.8921601369E+00     -0.1365800845E+01
    0.8474271924E+01      0.8474271924E+01      0.7019329976E+00     -0.1520873005E+01
    0.8475164994E+01      0.8475164994E+01      0.4554613062E+00     -0.1664811053E+01
    0.8483645751E+01      0.8483645751E+01      0.2038714206E+00     -0.1742628970E+01
    0.0000000000E+00      0.2000000000E+02      0.0000000000E+00      0.0000000000E+00
    0.7430901629E+01      0.7430901629E+01      0.9087614057E+00      0.8134482578E-01
    0.7509990817E+01      0.7509990817E+01      0.9426058909E+00      0.4851298926E-01
    0.7585518481E+01      0.7585518481E+01      0.9792766954E+00      0.1654771942E-01
    0.7657636919E+01      0.7657636919E+01      0.1018843125E+01     -0.1612898427E-01
    0.7726876365E+01      0.7726876365E+01      0.1060665403E+01     -0.4967688728E-01
    0.7794343791E+01      0.7794343791E+01      0.1103072230E+01     -0.8503777341E-01
    0.7861005807E+01      0.7861005807E+01      0.1144348405E+01     -0.1224079760E+00
    0.7927835995E+01      0.7927835995E+01      0.1182610539E+01     -0.1627396767E+00
    0.7994158130E+01      0.7994158130E+01      0.1214748556E+01     -0.2071306820E+00
    0.8058935379E+01      0.8058935379E+01      0.1239951316E+01     -0.2569593097E+00
    0.8123551114E+01      0.8123551114E+01      0.1260647965E+01     -0.3104262517E+00
    0.8185819471E+01      0.8185819471E+01      0.1273749323E+01     -0.3674389964E+00
    0.8241529348E+01      0.8241529348E+01      0.1276415112E+01     -0.4343813862E+00
    0.8293205359E+01      0.8293205359E+01      0.1271043442E+01     -0.5100432416E+00
    0.8340998440E+01      0.8340998440E+01      0.1254216417E+01     -0.5908136316E+00
    0.8383630199E+01      0.8383630199E+01      0.1223626341E+01     -0.6769643846E+00
    0.8420532728E+01      0.8420532728E+01      0.1177455103E+01     -0.7705153297E+00
    0.8451458380E+01      0.8451458380E+01      0.1113127297E+01     -0.8722006302E+00
    0.8476162370E+01      0.8476162370E+01      0.1026817746E+01     -0.9819836558E+00
    0.8494780169E+01      0.8494780169E+01      0.9130976971E+00     -0.1097472992E+01
    0.8508361386E+01      0.8508361386E+01      0.7683712843E+00     -0.1213445647E+01
    0.8516953732E+01      0.8516953732E+01      0.5906192528E+00     -0.1327905235E+01
    0.8520091903E+01      0.8520091903E+01      0.3743870267E+00     -0.1424715886E+01
    0.8528899760E+01      0.8528899760E+01      0.1649605946E+00     -0.1472058109E+01
    0.0000000000E+00      0.2000000000E+02      0.0000000000E+00      0.0000000000E+00
    0.7457262027E+01      0.7457262027E+01      0.8776904545E+00      0.4870447283E-01
    0.7532779577E+01      0.7532779577E+01      0.9124819744E+00      0.2195206275E-01
    0.7605937626E+01      0.7605937626E+01      0.9491555123E+00     -0.4589749239E-02
    0.7676389232E+01      0.7676389232E+01      0.9877338185E+00     -0.3237641790E-01
    0.7745020749E+01      0.7745020749E+01      0.1027622765E+01     -0.6226515291E-01
    0.7813121526E+01      0.7813121526E+01      0.1067145304E+01     -0.9425740464E-01
    0.7881368074E+01      0.7881368074E+01      0.1104286321E+01     -0.1277736032E+00
    0.7950083700E+01      0.7950083700E+01      0.1137886551E+01     -0.1641736993E+00
    0.8017567390E+01      0.8017567390E+01      0.1166684255E+01     -0.2053034145E+00
    0.8083703079E+01      0.8083703079E+01      0.1189674846E+01     -0.2517689829E+00
    0.8150106239E+01      0.8150106239E+01      0.1207176548E+01     -0.2993645455E+00
    0.8211471423E+01      0.8211471423E+01      0.1214366079E+01     -0.3524034981E+00
    0.8267115744E+01      0.8267115744E+01      0.1212472757E+01     -0.4152899411E+00
    0.8319471063E+01      0.8319471063E+01      0.1201517758E+01     -0.4823442928E+00
    0.8367345062E+01      0.8367345062E+01      0.1178654707E+01     -0.5528742171E+00
    0.8410143898E+01      0.8410143898E+01      0.1142567735E+01     -0.6280447012E+00
    0.8447353132E+01      0.8447353132E+01      0.1091244687E+01     -0.7088266639E+00
    0.8478729589E+01      0.8478729589E+01      0.1021836420E+01     -0.7950033549E+00
    0.8504175067E+01      0.8504175067E+01      0.9310524197E+00     -0.8854482979E+00
    0.8524100237E+01      0.8524100237E+01      0.8158168536E+00     -0.9771129050E+00
    0.8539350201E+01      0.8539350201E+01      0.6763547001E+00     -0.1067291948E+01
    0.8548910826E+01      0.8548910826E+01      0.5122745780E+00     -0.1153527899E+01
    0.8552154160E+01      0.8552154160E+01      0.3198852667E+00     -0.1222373339E+01
    0.8561119907E+01      0.8561119907E+01      0.1391657316E+00     -0.1251858543E+01
    0.0000000000E+00      0.2000000000E+02      0.0000000000E+00      0.0000000000E+00
    0.7478065351E+01      0.7478065351E+01      0.8518868933E+00      0.2360696647E-01
    0.7550114823E+01      0.7550114823E+01      0.8874721533E+00      0.2394144880E-02
    0.7621091074E+01      0.7621091074E+01      0.9240152145E+00     -0.1930423292E-01
    0.7690540639E+01      0.7690540639E+01      0.9611363038E+00     -0.4238807011E-01
    0.7759546815E+01      0.7759546815E+01      0.9980732994E+00     -0.6823876551E-01
    0.7829600882E+01      0.7829600882E+01      0.1033882554E+01     -0.9618050571E-01
    0.7899259166E+01      0.7899259166E+01      0.1068178510E+01     -0.1258765037E+00
    0.7968219805E+01      0.7968219805E+01      0.1098983647E+01     -0.1596818163E+00
    0.8036681392E+01      0.8036681392E+01      0.1124649894E+01     -0.1984305672E+00
    0.8105578814E+01      0.8105578814E+01      0.1145183452E+01     -0.2397137884E+00
    0.8173048159E+01      0.8173048159E+01      0.1158712756E+01     -0.2816194277E+00
    0.8232941743E+01      0.8232941743E+01      0.1161018440E+01     -0.3320709844E+00
    0.8289245336E+01      0.8289245336E+01      0.1155326654E+01     -0.3882490198E+00
    0.8341830514E+01      0.8341830514E+01      0.1139538635E+01     -0.4463484676E+00
    0.8389711784E+01      0.8389711784E+01      0.1112462789E+01     -0.5074099070E+00
    0.8432549253E+01      0.8432549253E+01      0.1072699076E+01     -0.5723643623E+00
    0.8469872926E+01      0.8469872926E+01      0.1017901173E+01     -0.6411197389E+00
    0.8501407686E+01      0.8501407686E+01      0.9454870779E+00     -0.7129478632E+00
    0.8527272047E+01      0.8527272047E+01      0.8527974877E+00     -0.7860711125E+00
    0.8548289144E+01      0.8548289144E+01      0.7400087711E+00     -0.8585252666E+00
    0.8563735716E+01      0.8563735716E+01      0.6074727106E+00     -0.9297619299E+00
    0.8573672060E+01      0.8573672060E+01      0.4558189411E+00     -0.9950103816E+00
    0.8576553276E+01      0.8576553276E+01      0.2819014983E+00     -0.1046204007E+01
    0.8585162573E+01      0.8585162573E+01      0.1214795695E+00     -0.1064902197E+01
    0.0000000000E+00      0.2000000000E+02      0.0000000000E+00      0.0000000000E+00
    0.7492703597E+01      0.7492703597E+01      0.8313877563E+00      0.5475040333E-02
    0.7561935617E+01      0.7561935617E+01      0.8671137426E+00     -0.1067357344E-01
    0.7631580683E+01      0.7631580683E+01      0.9025662172E+00     -0.2768904240E-01
    0.7701177920E+01      0.7701177920E+01      0.9373797052E+00     -0.4647470518E-01
    0.7771332544E+01      0.7771332544E+01      0.9715160203E+00     -0.6748115741E-01
    0.7841955759E+01      0.7841955759E+01      0.1005749448E+01     -0.9191081731E-01
    0.7912807039E+01      0.7912807039E+01      0.1037048309E+01     -0.1196097953E+00
    0.7983389619E+01      0.7983389619E+01      0.1064293876E+01     -0.1507719404E+00
    0.8053658666E+01      0.8053658666E+01      0.1086992203E+01     -0.1858460117E+00
    0.8125209571E+01      0.8125209571E+01      0.1105753637E+01     -0.2213119980E+00
    0.8191985299E+01      0.8191985299E+01      0.1115037239E+01     -0.2597137031E+00
    0.8251356064E+01      0.8251356064E+01      0.1114095478E+01     -0.3060997997E+00
    0.8308094789E+01      0.8308094789E+01      0.1104922713E+01     -0.3544426012E+00
    0.8360763577E+01      0.8360763577E+01      0.1085761152E+01     -0.4041220391E+00
    0.8408699096E+01      0.8408699096E+01      0.1055784537E+01     -0.4564821081E+00
    0.8451509126E+01      0.8451509126E+01      0.1013281180E+01     -0.5117215744E+00
    0.8488769120E+01      0.8488769120E+01      0.9560257017E+00     -0.5692988054E+00
    0.8520207021E+01      0.8520207021E+01      0.8820670666E+00     -0.6283920784E+00
    0.8546014000E+01      0.8546014000E+01      0.7903081889E+00     -0.6871890466E+00
    0.8566488152E+01      0.8566488152E+01      0.6810725279E+00     -0.7457599162E+00
    0.8581496748E+01      0.8581496748E+01      0.5548779354E+00     -0.8023231960E+00
    0.8591064145E+01      0.8591064145E+01      0.4135804429E+00     -0.8522076965E+00
    0.8593104098E+01      0.8593104098E+01      0.2541460468E+00     -0.8916409087E+00
    0.8601123752E+01      0.8601123752E+01      0.1087281252E+00     -0.9037731679E+00
    0.0000000000E+00      0.2000000000E+02      0.0000000000E+00      0.0000000000E+00
    0.7502273833E+01      0.7502273833E+01      0.8160074928E+00     -0.5754397296E-02
    0.7569452153E+01      0.7569452153E+01      0.8519335098E+00     -0.1735814240E-01
    0.7638515802E+01      0.7638515802E+01      0.8855265048E+00     -0.3025715346E-01
    0.7708688082E+01      0.7708688082E+01      0.9178699755E+00     -0.4484013452E-01
    0.7779039298E+01      0.7779039298E+01      0.9500373228E+00     -0.6258115001E-01
    0.7851090065E+01      0.7851090065E+01      0.9805652707E+00     -0.8387300705E-01
    0.7924025692E+01      0.7924025692E+01      0.1008819097E+01     -0.1094482036E+00
    0.7996447026E+01      0.7996447026E+01      0.1033108604E+01     -0.1379657949E+00
    0.8069215342E+01      0.8069215342E+01      0.1053341859E+01     -0.1683240157E+00
    0.8142600036E+01      0.8142600036E+01      0.1070623845E+01     -0.1986777524E+00
    0.8207528265E+01      0.8207528265E+01      0.1076309937E+01     -0.2345302589E+00
    0.8267117316E+01      0.8267117316E+01      0.1073212333E+01     -0.2748537606E+00
    0.8324099873E+01      0.8324099873E+01      0.1061708290E+01     -0.3153509201E+00
    0.8376863719E+01      0.8376863719E+01      0.1040409619E+01     -0.3572321025E+00
    0.8424803167E+01      0.8424803167E+01      0.1008262646E+01     -0.4013290487E+00
    0.8467484681E+01      0.8467484681E+01      0.9635964755E+00     -0.4473882168E+00
    0.8504532820E+01      0.8504532820E+01      0.9046971487E+00     -0.4947964577E+00
    0.8535784263E+01      0.8535784263E+01      0.8301402914E+00     -0.5426435486E+00
    0.8561460367E+01      0.8561460367E+01      0.7400349477E+00     -0.5898732344E+00
    0.8581386740E+01      0.8581386740E+01      0.6345379946E+00     -0.6369892383E+00
    0.8595967258E+01      0.8595967258E+01      0.5141546687E+00     -0.6815455136E+00
    0.8605148436E+01      0.8605148436E+01      0.3814895354E+00     -0.7197096229E+00
    0.8606540621E+01      0.8606540621E+01      0.2334437686E+00     -0.7504486561E+00
    0.8614077222E+01      0.8614077222E+01      0.9935943510E-01     -0.7583809213E+00
    0.0000000000E+00      0.2000000000E+02      0.0000000000E+00      0.0000000000E+00
    0.7506819243E+01      0.7506819243E+01      0.8034571386E+00     -0.1218069701E-01
    0.7572809577E+01      0.7572809577E+01      0.8386882465E+00     -0.1992773255E-01
    0.7641814868E+01      0.7641814868E+01      0.8707502409E+00     -0.2885179841E-01
    0.7712344871E+01      0.7712344871E+01      0.9016922182E+00     -0.4040634062E-01
    0.7784447504E+01      0.7784447504E+01      0.9308393203E+00     -0.5478891073E-01
    0.7858560379E+01      0.7858560379E+01      0.9580108424E+00     -0.7358604263E-01
    0.7933755785E+01      0.7933755785E+01      0.9830572772E+00     -0.9659645311E-01
    0.8008057486E+01      0.8008057486E+01      0.1004741273E+01     -0.1217699812E+00
    0.8083572184E+01      0.8083572184E+01      0.1024074189E+01     -0.1469788410E+00
    0.8157154882E+01      0.8157154882E+01      0.1039126099E+01     -0.1736431303E+00
    0.8220567665E+01      0.8220567665E+01      0.1042384519E+01     -0.2059965425E+00
    0.8280632038E+01      0.8280632038E+01      0.1038159209E+01     -0.2392427463E+00
    0.8337799138E+01      0.8337799138E+01      0.1025517592E+01     -0.2723095995E+00
    0.8390569016E+01      0.8390569016E+01      0.1002914075E+01     -0.3067145973E+00
    0.8438355741E+01      0.8438355741E+01      0.9690716085E+00     -0.3428806004E+00
    0.8480737462E+01      0.8480737462E+01      0.9227480025E+00     -0.3804620672E+00
    0.8517443073E+01      0.8517443073E+01      0.8629969618E+00     -0.4189279022E+00
    0.8548368079E+01      0.8548368079E+01      0.7890288467E+00     -0.4572228043E+00
    0.8573672096E+01      0.8573672096E+01      0.7008665131E+00     -0.4951310879E+00
    0.8593287492E+01      0.8593287492E+01      0.5986127094E+00     -0.5323778016E+00
    0.8607584942E+01      0.8607584942E+01      0.4830673719E+00     -0.5668502058E+00
    0.8616457796E+01      0.8616457796E+01      0.3572813660E+00     -0.5958027594E+00
    0.8617328892E+01      0.8617328892E+01      0.2180261500E+00     -0.6196703663E+00
    0.8624475022E+01      0.8624475022E+01      0.9248583576E-01     -0.6248422060E+00
    0.0000000000E+00      0.2000000000E+02      0.0000000000E+00      0.0000000000E+00
    0.7508735411E+01      0.7508735411E+01      0.7958537735E+00     -0.1356641484E-01
    0.7573804509E+01      0.7573804509E+01      0.8304839034E+00     -0.1871995779E-01
    0.7642385913E+01      0.7642385913E+01      0.8616197791E+00     -0.2510890753E-01
    0.7714082102E+01      0.7714082102E+01      0.8893261568E+00     -0.3333721526E-01
    0.7788629157E+01      0.7788629157E+01      0.9145617019E+00     -0.4517413621E-01
    0.7865176611E+01      0.7865176611E+01      0.9379294685E+00     -0.6176245346E-01
    0.7942332529E+01      0.7942332529E+01      0.9597582329E+00     -0.8186646333E-01
    0.8018713154E+01      0.8018713154E+01      0.9793176639E+00     -0.1027805346E+00
    0.8096261348E+01      0.8096261348E+01      0.9983243978E+00     -0.1230851064E+00
    0.8168755907E+01      0.8168755907E+01      0.1010851712E+01     -0.1468342639E+00
    0.8231670477E+01      0.8231670477E+01      0.1012889367E+01     -0.1742680332E+00
    0.8292238219E+01      0.8292238219E+01      0.1008520491E+01     -0.2004753329E+00
    0.8349540836E+01      0.8349540836E+01      0.9957395518E+00     -0.2264845159E+00
    0.8402136392E+01      0.8402136392E+01      0.9724720840E+00     -0.2535758181E+00
    0.8449516782E+01      0.8449516782E+01      0.9374517726E+00     -0.2821372024E+00
    0.8491445846E+01      0.8491445846E+01      0.8899738529E+00     -0.3118877048E+00
    0.8527864845E+01      0.8527864845E+01      0.8295998400E+00     -0.3422306786E+00
    0.8558762698E+01      0.8558762698E+01      0.7564375640E+00     -0.3721901573E+00
    0.8583862998E+01      0.8583862998E+01      0.6703374783E+00     -0.4019145880E+00
    0.8603305946E+01      0.8603305946E+01      0.5711643498E+00     -0.4305818235E+00
    0.8617375897E+01      0.8617375897E+01      0.4597699586E+00     -0.4566197593E+00
    0.8625940043E+01      0.8625940043E+01      0.3393186816E+00     -0.4782322333E+00
    0.8626270268E+01      0.8626270268E+01      0.2067009312E+00     -0.4964877798E+00
    0.8633047359E+01      0.8633047359E+01      0.8753773257E-01     -0.4998296499E+00
    0.0000000000E+00      0.2000000000E+02      0.0000000000E+00      0.0000000000E+00
    0.7508083634E+01      0.7508083634E+01      0.7909122101E+00     -0.1299093569E-01
    0.7571943755E+01      0.7571943755E+01      0.8266113928E+00     -0.1527664444E-01
    0.7640763593E+01      0.7640763593E+01      0.8567619600E+00     -0.1857734461E-01
    0.7714475928E+01      0.7714475928E+01      0.8818631956E+00     -0.2499692006E-01
    0.7791884729E+01      0.7791884729E+01      0.9035491272E+00     -0.3469049578E-01
    0.7871079716E+01      0.7871079716E+01      0.9233980883E+00     -0.4849631708E-01
    0.7949837334E+01      0.7949837334E+01      0.9419697507E+00     -0.6510626295E-01
    0.8028363858E+01      0.8028363858E+01      0.9598349887E+00     -0.8115830703E-01
    0.8106700544E+01      0.8106700544E+01      0.9773814679E+00     -0.9746844563E-01
    0.8177738764E+01      0.8177738764E+01      0.9872209461E+00     -0.1178192985E+00
    0.8240940303E+01      0.8240940303E+01      0.9884925046E+00     -0.1396207141E+00
    0.8302128462E+01      0.8302128462E+01      0.9842846553E+00     -0.1593863426E+00
    0.8359481144E+01      0.8359481144E+01      0.9716035826E+00     -0.1787882128E+00
    0.8411669565E+01      0.8411669565E+01      0.9479968862E+00     -0.1988644974E+00
    0.8458393886E+01      0.8458393886E+01      0.9123566408E+00     -0.2202083563E+00
    0.8499721063E+01      0.8499721063E+01      0.8644719849E+00     -0.2427014533E+00
    0.8535788987E+01      0.8535788987E+01      0.8044197434E+00     -0.2656653455E+00
    0.8566540691E+01      0.8566540691E+01      0.7322433730E+00     -0.2884433704E+00
    0.8591674101E+01      0.8591674101E+01      0.6477339828E+00     -0.3107495020E+00
    0.8611084590E+01      0.8611084590E+01      0.5508266592E+00     -0.3318274218E+00
    0.8624945891E+01      0.8624945891E+01      0.4424776828E+00     -0.3506931560E+00
    0.8633191989E+01      0.8633191989E+01      0.3258882397E+00     -0.3662610681E+00
    0.8633011938E+01      0.8633011938E+01      0.1982050448E+00     -0.3796668572E+00
    0.8639447187E+01      0.8639447187E+01      0.8385879466E-01     -0.3817485249E+00
    0.0000000000E+00      0.2000000000E+02      0.0000000000E+00      0.0000000000E+00
    0.7505264637E+01      0.7505264637E+01      0.7889670560E+00     -0.9642089609E-02
    0.7568859263E+01      0.7568859263E+01      0.8243712760E+00     -0.1042412190E-01
    0.7639138345E+01      0.7639138345E+01      0.8530590789E+00     -0.1201984741E-01
    0.7714968721E+01      0.7714968721E+01      0.8762496631E+00     -0.1668277467E-01
    0.7794700142E+01      0.7794700142E+01      0.8957447107E+00     -0.2420870834E-01
    0.7875864457E+01      0.7875864457E+01      0.9136995491E+00     -0.3459829136E-01
    0.7956036449E+01      0.7956036449E+01      0.9304260531E+00     -0.4692298379E-01
    0.8036218636E+01      0.8036218636E+01      0.9479135773E+00     -0.5780240126E-01
    0.8114339195E+01      0.8114339195E+01      0.9637132105E+00     -0.7039855457E-01
    0.8184354121E+01      0.8184354121E+01      0.9711402087E+00     -0.8627290824E-01
    0.8248247628E+01      0.8248247628E+01      0.9716140332E+00     -0.1019561969E+00
    0.8310121071E+01      0.8310121071E+01      0.9669094631E+00     -0.1159337441E+00
    0.8367479699E+01      0.8367479699E+01      0.9535753266E+00     -0.1293858903E+00
    0.8419157294E+01      0.8419157294E+01      0.9292326552E+00     -0.1431064700E+00
    0.8465142404E+01      0.8465142404E+01      0.8929417434E+00     -0.1577255781E+00
    0.8505924737E+01      0.8505924737E+01      0.8447859531E+00     -0.1732845077E+00
    0.8541776380E+01      0.8541776380E+01      0.7851629872E+00     -0.1892738538E+00
    0.8572517046E+01      0.8572517046E+01      0.7140443300E+00     -0.2051717109E+00
    0.8597747776E+01      0.8597747776E+01      0.6310398289E+00     -0.2206004965E+00
    0.8617181157E+01      0.8617181157E+01      0.5360040565E+00     -0.2349314012E+00
    0.8630907361E+01      0.8630907361E+01      0.4299549622E+00     -0.2475886291E+00
    0.8638928331E+01      0.8638928331E+01      0.3161417895E+00     -0.2580003491E+00
    0.8638445483E+01      0.8638445483E+01      0.1920046753E+00     -0.2670404056E+00
    0.8644657388E+01      0.8644657388E+01      0.8115218042E-01     -0.2681809391E+00
    0.0000000000E+00      0.2000000000E+02      0.0000000000E+00      0.0000000000E+00
    0.7502686228E+01      0.7502686228E+01      0.7880111270E+00     -0.6091417533E-02
    0.7566529846E+01      0.7566529846E+01      0.8228831824E+00     -0.6331618987E-02
    0.7637725076E+01      0.7637725076E+01      0.8506250032E+00     -0.7023133832E-02
    0.7715164108E+01      0.7715164108E+01      0.8723027804E+00     -0.9738771128E-02
    0.7796643229E+01      0.7796643229E+01      0.8899736302E+00     -0.1442448697E-01
    0.7879246327E+01      0.7879246327E+01      0.9064778268E+00     -0.2080257398E-01
    0.7960789843E+01      0.7960789843E+01      0.9224989635E+00     -0.2819985351E-01
    0.8041792394E+01      0.8041792394E+01      0.9398256018E+00     -0.3437333011E-01
    0.8119104922E+01      0.8119104922E+01      0.9543668042E+00     -0.4253514997E-01
    0.8188752263E+01      0.8188752263E+01      0.9606881165E+00     -0.5267909536E-01
    0.8253304150E+01      0.8253304150E+01      0.9607889561E+00     -0.6200455705E-01
    0.8315684914E+01      0.8315684914E+01      0.9555613062E+00     -0.7043108821E-01
    0.8373100878E+01      0.8373100878E+01      0.9413484768E+00     -0.7842002326E-01
    0.8424381189E+01      0.8424381189E+01      0.9160243993E+00     -0.8646031731E-01
    0.8469729385E+01      0.8469729385E+01      0.8790573491E+00     -0.9500674838E-01
    0.8509917030E+01      0.8509917030E+01      0.8307298418E+00     -0.1041926338E+00
    0.8545453684E+01      0.8545453684E+01      0.7713658581E+00     -0.1137136561E+00
    0.8576179086E+01      0.8576179086E+01      0.7007807192E+00     -0.1230620418E+00
    0.8601570089E+01      0.8601570089E+01      0.6184577654E+00     -0.1318960638E+00
    0.8621226111E+01      0.8621226111E+01      0.5245204935E+00     -0.1398895741E+00
    0.8635016976E+01      0.8635016976E+01      0.4201564638E+00     -0.1468938994E+00
    0.8642988670E+01      0.8642988670E+01      0.3085580784E+00     -0.1526801974E+00
    0.8642370832E+01      0.8642370832E+01      0.1871949760E+00     -0.1577591564E+00
    0.8648465489E+01      0.8648465489E+01      0.7904135623E-01     -0.1582356468E+00
    0.0000000000E+00      0.2000000000E+02      0.0000000000E+00      0.0000000000E+00
    0.7501444552E+01      0.7501444552E+01      0.7868810075E+00     -0.2292485625E-02
    0.7565298765E+01      0.7565298765E+01      0.8215423611E+00     -0.2372660771E-02
    0.7636880597E+01      0.7636880597E+01      0.8486932108E+00     -0.2535552587E-02
    0.7715162888E+01      0.7715162888E+01      0.8693562079E+00     -0.3329989637E-02
    0.7797722927E+01      0.7797722927E+01      0.8856557795E+00     -0.4723997288E-02
    0.7881277464E+01      0.7881277464E+01      0.9008513224E+00     -0.6687943642E-02
    0.7963837899E+01      0.7963837899E+01      0.9164006301E+00     -0.8896169066E-02
    0.8045129185E+01      0.8045129185E+01      0.9334146868E+00     -0.1085872672E-01
    0.8121623321E+01      0.8121623321E+01      0.9471776378E+00     -0.1377839093E-01
    0.8191307538E+01      0.8191307538E+01      0.9533742764E+00     -0.1717523922E-01
    0.8256255560E+01      0.8256255560E+01      0.9535739218E+00     -0.2019880125E-01
    0.8318854976E+01      0.8318854976E+01      0.9482313432E+00     -0.2302299269E-01
    0.8376309272E+01      0.8376309272E+01      0.9334646180E+00     -0.2571888665E-01
    0.8427378486E+01      0.8427378486E+01      0.9072741406E+00     -0.2843520474E-01
    0.8472404615E+01      0.8472404615E+01      0.8694453988E+00     -0.3131014008E-01
    0.8512321422E+01      0.8512321422E+01      0.8204900038E+00     -0.3438071300E-01
    0.8547730212E+01      0.8547730212E+01      0.7607433665E+00     -0.3755162399E-01
    0.8578504377E+01      0.8578504377E+01      0.6901636289E+00     -0.4058890503E-01
    0.8603963325E+01      0.8603963325E+01      0.6084891986E+00     -0.4339608184E-01
    0.8623515976E+01      0.8623515976E+01      0.5156860382E+00     -0.4599824219E-01
    0.8637134185E+01      0.8637134185E+01      0.4127982383E+00     -0.4829098449E-01
    0.8644903551E+01      0.8644903551E+01      0.3028845890E+00     -0.5019821083E-01
    0.8644028367E+01      0.8644028367E+01      0.1836322903E+00     -0.5188930007E-01
    0.8649971599E+01      0.8649971599E+01      0.7752301426E-01     -0.5204704067E-01
    0.0000000000E+00      0.2000000000E+02      0.0000000000E+00      0.0000000000E+00
