    0.8441001845E+01      0.8441001845E+01      0.1893607821E+01      0.5759815261E-01
    0.8416274062E+01      0.8416274062E+01      0.1939787563E+01      0.5412948483E-01
    0.8391079312E+01      0.8391079312E+01      0.1987104688E+01      0.4806570032E-01
    0.8364909219E+01      0.8364909219E+01      0.2036367738E+01      0.3905032716E-01
    0.8337606368E+01      0.8337606368E+01      0.2088353373E+01      0.2679320791E-01
    0.8309305340E+01      0.8309305340E+01      0.2143221989E+01      0.1132395937E-01
    0.8280451062E+01      0.8280451062E+01      0.2200824710E+01     -0.7088761604E-02
    0.8251581719E+01      0.8251581719E+01      0.2261129654E+01     -0.2837233350E-01
    0.8222562191E+01      0.8222562191E+01      0.2324289290E+01     -0.5243317298E-01
    0.8193206528E+01      0.8193206528E+01      0.2391049255E+01     -0.7965255879E-01
    0.8162206558E+01      0.8162206558E+01      0.2462596234E+01     -0.1101573886E+00
    0.8128576031E+01      0.8128576031E+01      0.2540663644E+01     -0.1442461431E+00
    0.8092001828E+01      0.8092001828E+01      0.2626213233E+01     -0.1815911392E+00
    0.8051331381E+01      0.8051331381E+01      0.2719531413E+01     -0.2213301609E+00
    0.8009010505E+01      0.8009010505E+01      0.2821568921E+01     -0.2636475089E+00
    0.7963724713E+01      0.7963724713E+01      0.2930213411E+01     -0.3079516725E+00
    0.7921827345E+01      0.7921827345E+01      0.3044938624E+01     -0.3568564277E+00
    0.7882298087E+01      0.7882298087E+01      0.3163313161E+01     -0.4089765919E+00
    0.7846586550E+01      0.7846586550E+01      0.3286946298E+01     -0.4664598007E+00
    0.7811904127E+01      0.7811904127E+01      0.3418273906E+01     -0.5274468597E+00
    0.7774069388E+01      0.7774069388E+01      0.3561854924E+01     -0.5873718244E+00
    0.7720812998E+01      0.7720812998E+01      0.3727350772E+01     -0.6392686363E+00
    0.7647298926E+01      0.7647298926E+01      0.3922080559E+01     -0.6670661525E+00
    0.7567157487E+01      0.7567157487E+01      0.4128176001E+01     -0.6638699428E+00
    0.7480613778E+01      0.7480613778E+01      0.4339266813E+01     -0.6389249530E+00
    0.8418952744E+01      0.8418952744E+01      0.1890176720E+01      0.3493415511E-01
    0.8394801251E+01      0.8394801251E+01      0.1934176535E+01      0.2910410866E-01
    0.8370717641E+01      0.8370717641E+01      0.1978921599E+01      0.2104595002E-01
    0.8346179232E+01      0.8346179232E+01      0.2025230599E+01      0.1009825866E-01
    0.8320604778E+01      0.8320604778E+01      0.2073828938E+01     -0.4258270789E-02
    0.8293927487E+01      0.8293927487E+01      0.2125196323E+01     -0.2225814116E-01
    0.8266386930E+01      0.8266386930E+01      0.2179471822E+01     -0.4395277450E-01
    0.8238281090E+01      0.8238281090E+01      0.2236626853E+01     -0.6914224232E-01
    0.8210076106E+01      0.8210076106E+01      0.2296814135E+01     -0.9773119125E-01
    0.8181453969E+01      0.8181453969E+01      0.2360332560E+01     -0.1295203359E+00
    0.8151854080E+01      0.8151854080E+01      0.2428513405E+01     -0.1649339586E+00
    0.8119679780E+01      0.8119679780E+01      0.2502909628E+01     -0.2041454846E+00
    0.8083909956E+01      0.8083909956E+01      0.2585123817E+01     -0.2474057599E+00
    0.8045207862E+01      0.8045207862E+01      0.2675833518E+01     -0.2944515096E+00
    0.8002470715E+01      0.8002470715E+01      0.2774725974E+01     -0.3446548554E+00
    0.7961579936E+01      0.7961579936E+01      0.2880053121E+01     -0.4003145694E+00
    0.7923974244E+01      0.7923974244E+01      0.2988360735E+01     -0.4610432686E+00
    0.7892118674E+01      0.7892118674E+01      0.3101075782E+01     -0.5294722802E+00
    0.7862787808E+01      0.7862787808E+01      0.3221235746E+01     -0.6039165665E+00
    0.7832177056E+01      0.7832177056E+01      0.3353187777E+01     -0.6808667953E+00
    0.7789019902E+01      0.7789019902E+01      0.3506823430E+01     -0.7509072891E+00
    0.7725574631E+01      0.7725574631E+01      0.3692335385E+01     -0.8113844874E+00
    0.7642624505E+01      0.7642624505E+01      0.3907755704E+01     -0.8507068354E+00
    0.7554967352E+01      0.7554967352E+01      0.4136853465E+01     -0.8538021452E+00
    0.7455862053E+01      0.7455862053E+01      0.4382854712E+01     -0.8248318596E+00
    0.8398456562E+01      0.8398456562E+01      0.1884061210E+01      0.1413019274E-01
    0.8374145194E+01      0.8374145194E+01      0.1926124827E+01      0.5655553430E-02
    0.8350780207E+01      0.8350780207E+01      0.1968416607E+01     -0.4650962197E-02
    0.8327369742E+01      0.8327369742E+01      0.2011625559E+01     -0.1764342996E-01
    0.8303600788E+01      0.8303600788E+01      0.2056505593E+01     -0.3394811005E-01
    0.8278989085E+01      0.8278989085E+01      0.2103737261E+01     -0.5412985520E-01
    0.8253293860E+01      0.8253293860E+01      0.2153905078E+01     -0.7845568546E-01
    0.8226642586E+01      0.8226642586E+01      0.2207285211E+01     -0.1070761299E+00
    0.8199166101E+01      0.8199166101E+01      0.2263996547E+01     -0.1398283290E+00
    0.8171227418E+01      0.8171227418E+01      0.2324367061E+01     -0.1765933600E+00
    0.8142214329E+01      0.8142214329E+01      0.2389034884E+01     -0.2171878846E+00
    0.8111267598E+01      0.8111267598E+01      0.2459741171E+01     -0.2619266656E+00
    0.8077263781E+01      0.8077263781E+01      0.2537899748E+01     -0.3110959243E+00
    0.8039039082E+01      0.8039039082E+01      0.2624690097E+01     -0.3649617739E+00
    0.7999998023E+01      0.7999998023E+01      0.2719097147E+01     -0.4245108198E+00
    0.7962922636E+01      0.7962922636E+01      0.2816545606E+01     -0.4912209810E+00
    0.7932542697E+01      0.7932542697E+01      0.2917039494E+01     -0.5674899548E+00
    0.7906851341E+01      0.7906851341E+01      0.3023307247E+01     -0.6526524187E+00
    0.7881932816E+01      0.7881932816E+01      0.3139805840E+01     -0.7436337847E+00
    0.7850720689E+01      0.7850720689E+01      0.3274691429E+01     -0.8368750867E+00
    0.7800183450E+01      0.7800183450E+01      0.3442407312E+01     -0.9203031149E+00
    0.7725390138E+01      0.7725390138E+01      0.3648978266E+01     -0.9959690280E+00
    0.7629901679E+01      0.7629901679E+01      0.3888314250E+01     -0.1043694959E+01
    0.7539303176E+01      0.7539303176E+01      0.4140844318E+01     -0.1069380485E+01
    0.7420907696E+01      0.7420907696E+01      0.4428747969E+01     -0.1041105984E+01
    0.8379905143E+01      0.8379905143E+01      0.1874868439E+01     -0.4098382848E-02
    0.8355173255E+01      0.8355173255E+01      0.1915269706E+01     -0.1525328459E-01
    0.8331632895E+01      0.8331632895E+01      0.1955098452E+01     -0.2820171079E-01
    0.8308974720E+01      0.8308974720E+01      0.1995349937E+01     -0.4358577363E-01
    0.8286543250E+01      0.8286543250E+01      0.2036717882E+01     -0.6214697676E-01
    0.8263882696E+01      0.8263882696E+01      0.2079826649E+01     -0.8441811949E-01
    0.8240361693E+01      0.8240361693E+01      0.2125466903E+01     -0.1110927309E+00
    0.8215592585E+01      0.8215592585E+01      0.2174355363E+01     -0.1425011056E+00
    0.8189636544E+01      0.8189636544E+01      0.2226818257E+01     -0.1788122057E+00
    0.8162523249E+01      0.8162523249E+01      0.2283084940E+01     -0.2199762422E+00
    0.8134224351E+01      0.8134224351E+01      0.2343909386E+01     -0.2658432529E+00
    0.8103844112E+01      0.8103844112E+01      0.2410360742E+01     -0.3162369823E+00
    0.8070806872E+01      0.8070806872E+01      0.2483925651E+01     -0.3716300793E+00
    0.8035112489E+01      0.8035112489E+01      0.2565376097E+01     -0.4326740651E+00
    0.7998964981E+01      0.7998964981E+01      0.2651955933E+01     -0.5020159281E+00
    0.7968423373E+01      0.7968423373E+01      0.2740400198E+01     -0.5811856218E+00
    0.7944118074E+01      0.7944118074E+01      0.2831616359E+01     -0.6719250571E+00
    0.7923167622E+01      0.7923167622E+01      0.2930105541E+01     -0.7725348923E+00
    0.7900707733E+01      0.7900707733E+01      0.3041088960E+01     -0.8813158893E+00
    0.7867116584E+01      0.7867116584E+01      0.3178066736E+01     -0.9935326846E+00
    0.7808476708E+01      0.7808476708E+01      0.3358670767E+01     -0.1096652111E+01
    0.7722454001E+01      0.7722454001E+01      0.3588052207E+01     -0.1195310538E+01
    0.7615368984E+01      0.7615368984E+01      0.3852179251E+01     -0.1255710717E+01
    0.7515775827E+01      0.7515775827E+01      0.4135908004E+01     -0.1316078393E+01
    0.7373626866E+01      0.7373626866E+01      0.4474617332E+01     -0.1288441664E+01
    0.8363446962E+01      0.8363446962E+01      0.1862848944E+01     -0.1942351451E-01
    0.8338219908E+01      0.8338219908E+01      0.1901334033E+01     -0.3293123128E-01
    0.8314308504E+01      0.8314308504E+01      0.1938931841E+01     -0.4870994906E-01
    0.8291741570E+01      0.8291741570E+01      0.1976306504E+01     -0.6688439487E-01
    0.8270057755E+01      0.8270057755E+01      0.2014280232E+01     -0.8810723554E-01
    0.8248586502E+01      0.8248586502E+01      0.2053543999E+01     -0.1128746912E+00
    0.8226936053E+01      0.8226936053E+01      0.2094652787E+01     -0.1417137258E+00
    0.8204419334E+01      0.8204419334E+01      0.2138411199E+01     -0.1755005270E+00
    0.8180448688E+01      0.8180448688E+01      0.2185639905E+01     -0.2148315756E+00
    0.8154882574E+01      0.8154882574E+01      0.2236921139E+01     -0.2596398830E+00
    0.8127394382E+01      0.8127394382E+01      0.2292801776E+01     -0.3098747602E+00
    0.8097870648E+01      0.8097870648E+01      0.2354452556E+01     -0.3658737088E+00
    0.8065604249E+01      0.8065604249E+01      0.2422744504E+01     -0.4276023733E+00
    0.8031768653E+01      0.8031768653E+01      0.2497355133E+01     -0.4967546446E+00
    0.8001032724E+01      0.8001032724E+01      0.2574030681E+01     -0.5756051040E+00
    0.7976363522E+01      0.7976363522E+01      0.2651501852E+01     -0.6672015072E+00
    0.7957329300E+01      0.7957329300E+01      0.2732024834E+01     -0.7711516927E+00
    0.7940001381E+01      0.7940001381E+01      0.2820271080E+01     -0.8870979297E+00
    0.7919565246E+01      0.7919565246E+01      0.2923564970E+01     -0.1013924901E+01
    0.7883041715E+01      0.7883041715E+01      0.3059318370E+01     -0.1147550440E+01
    0.7817381596E+01      0.7817381596E+01      0.3247452681E+01     -0.1278201870E+01
    0.7719100507E+01      0.7719100507E+01      0.3495542655E+01     -0.1410632276E+01
    0.7600350265E+01      0.7600350265E+01      0.3789757766E+01     -0.1496696733E+01
    0.7482475423E+01      0.7482475423E+01      0.4119787631E+01     -0.1601709890E+01
    0.7303090201E+01      0.7303090201E+01      0.4531207138E+01     -0.1584144463E+01
    0.8347989631E+01      0.8347989631E+01      0.1849748595E+01     -0.3237528034E-01
    0.8323195578E+01      0.8323195578E+01      0.1885746271E+01     -0.4745360745E-01
    0.8299348690E+01      0.8299348690E+01      0.1920724321E+01     -0.6546580978E-01
    0.8276755144E+01      0.8276755144E+01      0.1955114537E+01     -0.8635935706E-01
    0.8255285947E+01      0.8255285947E+01      0.1989758629E+01     -0.1102854493E+00
    0.8234396952E+01      0.8234396952E+01      0.2025214670E+01     -0.1377996739E+00
    0.8213677650E+01      0.8213677650E+01      0.2062034017E+01     -0.1694785137E+00
    0.8192751321E+01      0.8192751321E+01      0.2100737658E+01     -0.2058629913E+00
    0.8170873986E+01      0.8170873986E+01      0.2142221916E+01     -0.2476261148E+00
    0.8147064928E+01      0.8147064928E+01      0.2187436171E+01     -0.2953620678E+00
    0.8121215973E+01      0.8121215973E+01      0.2237306586E+01     -0.3493391068E+00
    0.8092644121E+01      0.8092644121E+01      0.2292416736E+01     -0.4098924016E+00
    0.8061687402E+01      0.8061687402E+01      0.2354036445E+01     -0.4778342963E+00
    0.8030895058E+01      0.8030895058E+01      0.2418534438E+01     -0.5549841916E+00
    0.8005212364E+01      0.8005212364E+01      0.2482982153E+01     -0.6436350267E+00
    0.7985788445E+01      0.7985788445E+01      0.2547095879E+01     -0.7456124753E+00
    0.7970750687E+01      0.7970750687E+01      0.2614371497E+01     -0.8614193532E+00
    0.7956681021E+01      0.7956681021E+01      0.2689493183E+01     -0.9921308896E+00
    0.7937531109E+01      0.7937531109E+01      0.2781785664E+01     -0.1138108928E+01
    0.7898359272E+01      0.7898359272E+01      0.2911796167E+01     -0.1296200218E+01
    0.7826356266E+01      0.7826356266E+01      0.3100653062E+01     -0.1461550105E+01
    0.7718005555E+01      0.7718005555E+01      0.3359036438E+01     -0.1636919843E+01
    0.7582890838E+01      0.7582890838E+01      0.3684782037E+01     -0.1772053057E+01
    0.7431834683E+01      0.7431834683E+01      0.4096161486E+01     -0.1960351649E+01
    0.7218480704E+01      0.7218480704E+01      0.4640830174E+01     -0.1958226295E+01
    0.8332735170E+01      0.8332735170E+01      0.1835079224E+01     -0.4376975484E-01
    0.8309230876E+01      0.8309230876E+01      0.1867915156E+01     -0.5944974241E-01
    0.8286118418E+01      0.8286118418E+01      0.1899831556E+01     -0.7889245809E-01
    0.8263816815E+01      0.8263816815E+01      0.1931187769E+01     -0.1017661362E+00
    0.8242535413E+01      0.8242535413E+01      0.1962513761E+01     -0.1280771355E+00
    0.8221996844E+01      0.8221996844E+01      0.1994208323E+01     -0.1582810508E+00
    0.8201821762E+01      0.8201821762E+01      0.2026780087E+01     -0.1928095203E+00
    0.8181638968E+01      0.8181638968E+01      0.2060642755E+01     -0.2320739730E+00
    0.8160832341E+01      0.8160832341E+01      0.2096480814E+01     -0.2763955951E+00
    0.8138757664E+01      0.8138757664E+01      0.2135272169E+01     -0.3265146012E+00
    0.8114473133E+01      0.8114473133E+01      0.2177727536E+01     -0.3833631398E+00
    0.8087966404E+01      0.8087966404E+01      0.2225132987E+01     -0.4479653547E+00
    0.8058607812E+01      0.8058607812E+01      0.2277403163E+01     -0.5210561653E+00
    0.8031891065E+01      0.8031891065E+01      0.2329808364E+01     -0.6050747198E+00
    0.8010495371E+01      0.8010495371E+01      0.2380262703E+01     -0.7020128569E+00
    0.7994917126E+01      0.7994917126E+01      0.2429741551E+01     -0.8128771785E+00
    0.7983356213E+01      0.7983356213E+01      0.2481612793E+01     -0.9394679663E+00
    0.7972342746E+01      0.7972342746E+01      0.2539925149E+01     -0.1084292074E+01
    0.7954458859E+01      0.7954458859E+01      0.2615600300E+01     -0.1249289526E+01
    0.7913309161E+01      0.7913309161E+01      0.2731198124E+01     -0.1433607715E+01
    0.7838239417E+01      0.7838239417E+01      0.2907111569E+01     -0.1639060900E+01
    0.7724573563E+01      0.7724573563E+01      0.3160725071E+01     -0.1870067654E+01
    0.7568445496E+01      0.7568445496E+01      0.3518023851E+01     -0.2091728329E+01
    0.7363049247E+01      0.7363049247E+01      0.4048404423E+01     -0.2449644425E+01
    0.7051418250E+01      0.7051418250E+01      0.4735805375E+01     -0.2355060078E+01
    0.8316046439E+01      0.8316046439E+01      0.1821728296E+01     -0.5445741841E-01
    0.8295298500E+01      0.8295298500E+01      0.1849834786E+01     -0.6990466436E-01
    0.8273586472E+01      0.8273586472E+01      0.1878129357E+01     -0.8970811100E-01
    0.8252293837E+01      0.8252293837E+01      0.1905800512E+01     -0.1135336473E+00
    0.8231699962E+01      0.8231699962E+01      0.1933115090E+01     -0.1414319115E+00
    0.8211791565E+01      0.8211791565E+01      0.1960546066E+01     -0.1736645939E+00
    0.8192106485E+01      0.8192106485E+01      0.1988440196E+01     -0.2104620131E+00
    0.8172330524E+01      0.8172330524E+01      0.2017105619E+01     -0.2520804866E+00
    0.8151986787E+01      0.8151986787E+01      0.2047164640E+01     -0.2987941338E+00
    0.8130688649E+01      0.8130688649E+01      0.2079127224E+01     -0.3514442701E+00
    0.8108115751E+01      0.8108115751E+01      0.2113831500E+01     -0.4111646575E+00
    0.8082926079E+01      0.8082926079E+01      0.2152303879E+01     -0.4788114714E+00
    0.8056652689E+01      0.8056652689E+01      0.2193762845E+01     -0.5564215495E+00
    0.8033712106E+01      0.8033712106E+01      0.2233448214E+01     -0.6454796745E+00
    0.8015959832E+01      0.8015959832E+01      0.2269931818E+01     -0.7483455027E+00
    0.8003186567E+01      0.8003186567E+01      0.2303017988E+01     -0.8663575118E+00
    0.7994782242E+01      0.7994782242E+01      0.2335800753E+01     -0.1001948836E+01
    0.7986707027E+01      0.7986707027E+01      0.2371918615E+01     -0.1158441543E+01
    0.7970559544E+01      0.7970559544E+01      0.2422495003E+01     -0.1339505684E+01
    0.7930267882E+01      0.7930267882E+01      0.2509553496E+01     -0.1548952802E+01
    0.7856088717E+01      0.7856088717E+01      0.2652985931E+01     -0.1797605295E+01
    0.7738233568E+01      0.7738233568E+01      0.2880033679E+01     -0.2097096280E+01
    0.7561511641E+01      0.7561511641E+01      0.3241758217E+01     -0.2438608778E+01
    0.7294947898E+01      0.7294947898E+01      0.3840694451E+01     -0.3088752556E+01
    0.6826111721E+01      0.6826111721E+01      0.4408722167E+01     -0.2622698615E+01
    0.8295751781E+01      0.8295751781E+01      0.1809835703E+01     -0.6624098292E-01
    0.8279255805E+01      0.8279255805E+01      0.1832193998E+01     -0.7952975503E-01
    0.8260645822E+01      0.8260645822E+01      0.1855619052E+01     -0.9857749291E-01
    0.8241069628E+01      0.8241069628E+01      0.1879165780E+01     -0.1225546173E+00
    0.8221843282E+01      0.8221843282E+01      0.1902196869E+01     -0.1510971278E+00
    0.8202921567E+01      0.8202921567E+01      0.1925038214E+01     -0.1842887854E+00
    0.8184044022E+01      0.8184044022E+01      0.1947959695E+01     -0.2222593627E+00
    0.8164798772E+01      0.8164798772E+01      0.1971312040E+01     -0.2651588849E+00
    0.8145110690E+01      0.8145110690E+01      0.1995449373E+01     -0.3135796726E+00
    0.8124907993E+01      0.8124907993E+01      0.2020580710E+01     -0.3682722956E+00
    0.8103439971E+01      0.8103439971E+01      0.2047484601E+01     -0.4301779927E+00
    0.8079652080E+01      0.8079652080E+01      0.2077567952E+01     -0.5005866899E+00
    0.8055957477E+01      0.8055957477E+01      0.2107817264E+01     -0.5813475327E+00
    0.8036056498E+01      0.8036056498E+01      0.2134702239E+01     -0.6739244390E+00
    0.8021643059E+01      0.8021643059E+01      0.2155296715E+01     -0.7799554407E+00
    0.8012603059E+01      0.8012603059E+01      0.2168088145E+01     -0.9016322657E+00
    0.8007569401E+01      0.8007569401E+01      0.2175384167E+01     -0.1042433252E+01
    0.8002569793E+01      0.8002569793E+01      0.2180153755E+01     -0.1206019802E+01
    0.7989786868E+01      0.7989786868E+01      0.2191689060E+01     -0.1397267310E+01
    0.7954429466E+01      0.7954429466E+01      0.2229681618E+01     -0.1627567119E+01
    0.7884320082E+01      0.7884320082E+01      0.2315038862E+01     -0.1916534913E+01
    0.7761848629E+01      0.7761848629E+01      0.2481566228E+01     -0.2288386125E+01
    0.7557649450E+01      0.7557649450E+01      0.2791724027E+01     -0.2768778944E+01
    0.7272361333E+01      0.7272361333E+01      0.3294014744E+01     -0.3663353956E+01
    0.6499187065E+01      0.6499187065E+01      0.3593129807E+01     -0.2551114569E+01
    0.8268757133E+01      0.8268757133E+01      0.1802819690E+01     -0.8058126089E-01
    0.8258929187E+01      0.8258929187E+01      0.1817471206E+01     -0.9001580227E-01
    0.8245187718E+01      0.8245187718E+01      0.1834250456E+01     -0.1068613998E+00
    0.8229212755E+01      0.8229212755E+01      0.1852188535E+01     -0.1297474831E+00
    0.8211880290E+01      0.8211880290E+01      0.1870361330E+01     -0.1579379990E+00
    0.8194252314E+01      0.8194252314E+01      0.1888385380E+01     -0.1909874528E+00
    0.8176357323E+01      0.8176357323E+01      0.1906070488E+01     -0.2290368029E+00
    0.8158154199E+01      0.8158154199E+01      0.1923820925E+01     -0.2724779273E+00
    0.8139500873E+01      0.8139500873E+01      0.1941643998E+01     -0.3221019430E+00
    0.8120259468E+01      0.8120259468E+01      0.1959813808E+01     -0.3784240321E+00
    0.8099619995E+01      0.8099619995E+01      0.1979149641E+01     -0.4418285996E+00
    0.8077524842E+01      0.8077524842E+01      0.1999865782E+01     -0.5131982031E+00
    0.8056967149E+01      0.8056967149E+01      0.2017757208E+01     -0.5947566882E+00
    0.8040403498E+01      0.8040403498E+01      0.2028895271E+01     -0.6881355233E+00
    0.8028486871E+01      0.8028486871E+01      0.2030897268E+01     -0.7945016939E+00
    0.8023450877E+01      0.8023450877E+01      0.2022406890E+01     -0.9163114635E+00
    0.8023894118E+01      0.8023894118E+01      0.2005396098E+01     -0.1056931875E+01
    0.8026462983E+01      0.8026462983E+01      0.1979369239E+01     -0.1219924783E+01
    0.8021281201E+01      0.8021281201E+01      0.1949969964E+01     -0.1413667096E+01
    0.7997614012E+01      0.7997614012E+01      0.1931455472E+01     -0.1656327736E+01
    0.7946862954E+01      0.7946862954E+01      0.1926245907E+01     -0.1971507923E+01
    0.7840095888E+01      0.7840095888E+01      0.1948524063E+01     -0.2395069158E+01
    0.7600489009E+01      0.7600489009E+01      0.2062474854E+01     -0.2994891463E+01
    0.7085751010E+01      0.7085751010E+01      0.2330550517E+01     -0.4153975619E+01
    0.5341308314E+01      0.5341308314E+01      0.2361969403E+01     -0.3086699803E+01
    0.8234457919E+01      0.8234457919E+01      0.1800873609E+01     -0.1015482140E+00
    0.8232289265E+01      0.8232289265E+01      0.1806909206E+01     -0.1054804644E+00
    0.8225232664E+01      0.8225232664E+01      0.1815951069E+01     -0.1173254463E+00
    0.8213879967E+01      0.8213879967E+01      0.1827520235E+01     -0.1366777023E+00
    0.8199969233E+01      0.8199969233E+01      0.1839986585E+01     -0.1624865771E+00
    0.8184625084E+01      0.8184625084E+01      0.1852502041E+01     -0.1941456519E+00
    0.8168739769E+01      0.8168739769E+01      0.1864637798E+01     -0.2313861522E+00
    0.8152772188E+01      0.8152772188E+01      0.1875827776E+01     -0.2744768269E+00
    0.8136460331E+01      0.8136460331E+01      0.1886374046E+01     -0.3238608040E+00
    0.8119293060E+01      0.8119293060E+01      0.1896765591E+01     -0.3799979477E+00
    0.8100717988E+01      0.8100717988E+01      0.1907496064E+01     -0.4432866734E+00
    0.8081464626E+01      0.8081464626E+01      0.1917260732E+01     -0.5143804191E+00
    0.8063634441E+01      0.8063634441E+01      0.1923568849E+01     -0.5945340420E+00
    0.8046987256E+01      0.8046987256E+01      0.1921951590E+01     -0.6860167524E+00
    0.8037743414E+01      0.8037743414E+01      0.1911093301E+01     -0.7902474827E+00
    0.8035115018E+01      0.8035115018E+01      0.1888355497E+01     -0.9092431395E+00
    0.8037008147E+01      0.8037008147E+01      0.1853711709E+01     -0.1044567930E+01
    0.8042030879E+01      0.8042030879E+01      0.1805416202E+01     -0.1200992786E+01
    0.8044161390E+01      0.8044161390E+01      0.1745288380E+01     -0.1384923331E+01
    0.8036394933E+01      0.8036394933E+01      0.1671205673E+01     -0.1609799511E+01
    0.8011462012E+01      0.8011462012E+01      0.1576137447E+01     -0.1894237561E+01
    0.7966617604E+01      0.7966617604E+01      0.1429226840E+01     -0.2268740873E+01
    0.7896478634E+01      0.7896478634E+01      0.1159430685E+01     -0.2816687330E+01
    0.7816395057E+01      0.7816395057E+01      0.6498398754E+00     -0.3503122159E+01
    0.0000000000E+00      0.2000000000E+02      0.0000000000E+00      0.0000000000E+00
    0.8189300338E+01      0.8189300338E+01      0.1803623476E+01     -0.1284417202E+00
    0.8195090388E+01      0.8195090388E+01      0.1802718921E+01     -0.1254652675E+00
    0.8195689253E+01      0.8195689253E+01      0.1803953118E+01     -0.1310456204E+00
    0.8191590638E+01      0.8191590638E+01      0.1807104585E+01     -0.1448035838E+00
    0.8182978886E+01      0.8182978886E+01      0.1812146845E+01     -0.1667084321E+00
    0.8172171860E+01      0.8172171860E+01      0.1818316411E+01     -0.1954620039E+00
    0.8159558009E+01      0.8159558009E+01      0.1823825647E+01     -0.2308213066E+00
    0.8145898976E+01      0.8145898976E+01      0.1829115319E+01     -0.2721512083E+00
    0.8131113718E+01      0.8131113718E+01      0.1833462433E+01     -0.3196082660E+00
    0.8115372203E+01      0.8115372203E+01      0.1836854370E+01     -0.3736698213E+00
    0.8098514455E+01      0.8098514455E+01      0.1838958258E+01     -0.4353217099E+00
    0.8080307880E+01      0.8080307880E+01      0.1839477308E+01     -0.5051534229E+00
    0.8063132561E+01      0.8063132561E+01      0.1835441025E+01     -0.5838009922E+00
    0.8049706336E+01      0.8049706336E+01      0.1823596109E+01     -0.6726868026E+00
    0.8042347556E+01      0.8042347556E+01      0.1800294131E+01     -0.7731659065E+00
    0.8041032743E+01      0.8041032743E+01      0.1764518030E+01     -0.8867608721E+00
    0.8044150647E+01      0.8044150647E+01      0.1714694775E+01     -0.1014536380E+01
    0.8051798689E+01      0.8051798689E+01      0.1647154498E+01     -0.1160102205E+01
    0.8058175727E+01      0.8058175727E+01      0.1564964226E+01     -0.1328923395E+01
    0.8058381042E+01      0.8058381042E+01      0.1460173930E+01     -0.1527276371E+01
    0.8045528719E+01      0.8045528719E+01      0.1327520909E+01     -0.1767168061E+01
    0.8014319414E+01      0.8014319414E+01      0.1142720876E+01     -0.2061072530E+01
    0.7967154827E+01      0.7967154827E+01      0.8133571830E+00     -0.2423763950E+01
    0.7962383824E+01      0.7962383824E+01      0.3948304281E+00     -0.2690263123E+01
    0.0000000000E+00      0.2000000000E+02      0.0000000000E+00      0.0000000000E+00
    0.8132159108E+01      0.8132159108E+01      0.1814798236E+01     -0.1649014854E+00
    0.8148270266E+01      0.8148270266E+01      0.1804164714E+01     -0.1542178697E+00
    0.8157494137E+01      0.8157494137E+01      0.1796983906E+01     -0.1528178470E+00
    0.8161045624E+01      0.8161045624E+01      0.1792805811E+01     -0.1599893258E+00
    0.8159613780E+01      0.8159613780E+01      0.1789686256E+01     -0.1751180016E+00
    0.8154256541E+01      0.8154256541E+01      0.1788195289E+01     -0.1987205463E+00
    0.8146081546E+01      0.8146081546E+01      0.1787054894E+01     -0.2293996364E+00
    0.8135254204E+01      0.8135254204E+01      0.1785568421E+01     -0.2666932553E+00
    0.8122735778E+01      0.8122735778E+01      0.1783182461E+01     -0.3108849462E+00
    0.8109336549E+01      0.8109336549E+01      0.1779288571E+01     -0.3621927907E+00
    0.8094450661E+01      0.8094450661E+01      0.1773548958E+01     -0.4210440214E+00
    0.8078464143E+01      0.8078464143E+01      0.1765883030E+01     -0.4883026244E+00
    0.8062982202E+01      0.8062982202E+01      0.1752603398E+01     -0.5643120102E+00
    0.8051182631E+01      0.8051182631E+01      0.1730682460E+01     -0.6489462830E+00
    0.8045227042E+01      0.8045227042E+01      0.1696732065E+01     -0.7440653224E+00
    0.8044680514E+01      0.8044680514E+01      0.1650277494E+01     -0.8504001926E+00
    0.8048359950E+01      0.8048359950E+01      0.1588490275E+01     -0.9687511335E+00
    0.8057428407E+01      0.8057428407E+01      0.1506673288E+01     -0.1100811999E+01
    0.8068120021E+01      0.8068120021E+01      0.1403989575E+01     -0.1249830426E+01
    0.8074522549E+01      0.8074522549E+01      0.1278605353E+01     -0.1419492411E+01
    0.8073813372E+01      0.8073813372E+01      0.1115194888E+01     -0.1611186304E+01
    0.8061322129E+01      0.8061322129E+01      0.9017032158E+00     -0.1826715488E+01
    0.8048861258E+01      0.8048861258E+01      0.5964784768E+00     -0.2043708769E+01
    0.8053703428E+01      0.8053703428E+01      0.2719327406E+00     -0.2163514768E+01
    0.0000000000E+00      0.2000000000E+02      0.0000000000E+00      0.0000000000E+00
    0.8061204395E+01      0.8061204395E+01      0.1834361019E+01     -0.2116415797E+00
    0.8086536997E+01      0.8086536997E+01      0.1814965262E+01     -0.1925600612E+00
    0.8105673606E+01      0.8105673606E+01      0.1798623739E+01     -0.1820446394E+00
    0.8118328970E+01      0.8118328970E+01      0.1785101850E+01     -0.1811596525E+00
    0.8124827137E+01      0.8124827137E+01      0.1774224072E+01     -0.1889036243E+00
    0.8126520037E+01      0.8126520037E+01      0.1764868088E+01     -0.2049035196E+00
    0.8124259180E+01      0.8124259180E+01      0.1755358786E+01     -0.2290899069E+00
    0.8119562117E+01      0.8119562117E+01      0.1745712387E+01     -0.2613273520E+00
    0.8111485829E+01      0.8111485829E+01      0.1735646827E+01     -0.3008013922E+00
    0.8100607940E+01      0.8100607940E+01      0.1724510376E+01     -0.3478637883E+00
    0.8088537921E+01      0.8088537921E+01      0.1711363823E+01     -0.4025135546E+00
    0.8074812242E+01      0.8074812242E+01      0.1695552486E+01     -0.4657270260E+00
    0.8061167796E+01      0.8061167796E+01      0.1674614113E+01     -0.5372919702E+00
    0.8050974355E+01      0.8050974355E+01      0.1644345699E+01     -0.6175035602E+00
    0.8046224673E+01      0.8046224673E+01      0.1602054653E+01     -0.7063890189E+00
    0.8046093400E+01      0.8046093400E+01      0.1547152046E+01     -0.8041669445E+00
    0.8050007225E+01      0.8050007225E+01      0.1475963717E+01     -0.9114929493E+00
    0.8059426035E+01      0.8059426035E+01      0.1383966391E+01     -0.1028868404E+01
    0.8072159490E+01      0.8072159490E+01      0.1268275151E+01     -0.1156585979E+01
    0.8083431286E+01      0.8083431286E+01      0.1126799585E+01     -0.1294975884E+01
    0.8092261364E+01      0.8092261364E+01      0.9527436440E+00     -0.1440826063E+01
    0.8097238160E+01      0.8097238160E+01      0.7389257660E+00     -0.1590896561E+01
    0.8097746022E+01      0.8097746022E+01      0.4728394690E+00     -0.1721521607E+01
    0.8105466397E+01      0.8105466397E+01      0.2092633671E+00     -0.1787924571E+01
    0.0000000000E+00      0.2000000000E+02      0.0000000000E+00      0.0000000000E+00
    0.8001254668E+01      0.8001254668E+01      0.1848261950E+01     -0.2460836533E+00
    0.8017166965E+01      0.8017166965E+01      0.1830888749E+01     -0.2359400812E+00
    0.8039423334E+01      0.8039423334E+01      0.1809055620E+01     -0.2226851359E+00
    0.8061327736E+01      0.8061327736E+01      0.1786525146E+01     -0.2122000520E+00
    0.8077510374E+01      0.8077510374E+01      0.1766091601E+01     -0.2111227513E+00
    0.8088221225E+01      0.8088221225E+01      0.1747611239E+01     -0.2191551019E+00
    0.8093173185E+01      0.8093173185E+01      0.1730657329E+01     -0.2352887585E+00
    0.8093792894E+01      0.8093792894E+01      0.1713419445E+01     -0.2597637104E+00
    0.8092326803E+01      0.8092326803E+01      0.1694828231E+01     -0.2924227061E+00
    0.8087035768E+01      0.8087035768E+01      0.1675340394E+01     -0.3328383612E+00
    0.8078716356E+01      0.8078716356E+01      0.1654424197E+01     -0.3818335115E+00
    0.8067990742E+01      0.8067990742E+01      0.1631098668E+01     -0.4393466920E+00
    0.8056389427E+01      0.8056389427E+01      0.1603369303E+01     -0.5055168641E+00
    0.8047394251E+01      0.8047394251E+01      0.1566505701E+01     -0.5796393324E+00
    0.8043252275E+01      0.8043252275E+01      0.1517262522E+01     -0.6610985545E+00
    0.8043540651E+01      0.8043540651E+01      0.1454939449E+01     -0.7498121836E+00
    0.8047737193E+01      0.8047737193E+01      0.1375824507E+01     -0.8456910171E+00
    0.8057105120E+01      0.8057105120E+01      0.1276284076E+01     -0.9483520358E+00
    0.8070313130E+01      0.8070313130E+01      0.1153535773E+01     -0.1056473316E+01
    0.8083914371E+01      0.8083914371E+01      0.1007278446E+01     -0.1169196635E+01
    0.8095449786E+01      0.8095449786E+01      0.8346168264E+00     -0.1281930202E+01
    0.8104443971E+01      0.8104443971E+01      0.6325886322E+00     -0.1391036269E+01
    0.8107415440E+01      0.8107415440E+01      0.3955987865E+00     -0.1476790737E+01
    0.8117373918E+01      0.8117373918E+01      0.1722094949E+00     -0.1515921083E+01
    0.0000000000E+00      0.2000000000E+02      0.0000000000E+00      0.0000000000E+00
    0.7962978611E+01      0.7962978611E+01      0.1850738949E+01     -0.2575188379E+00
    0.7969584604E+01      0.7969584604E+01      0.1836087825E+01     -0.2559996563E+00
    0.7980722145E+01      0.7980722145E+01      0.1816929457E+01     -0.2527063676E+00
    0.7996654469E+01      0.7996654469E+01      0.1793780024E+01     -0.2480807025E+00
    0.8016077741E+01      0.8016077741E+01      0.1767129891E+01     -0.2426158969E+00
    0.8034646561E+01      0.8034646561E+01      0.1740005824E+01     -0.2414574207E+00
    0.8048779821E+01      0.8048779821E+01      0.1713806329E+01     -0.2482720065E+00
    0.8057350943E+01      0.8057350943E+01      0.1688469557E+01     -0.2644093501E+00
    0.8061478634E+01      0.8061478634E+01      0.1662282913E+01     -0.2890619049E+00
    0.8062916667E+01      0.8062916667E+01      0.1634896927E+01     -0.3214434037E+00
    0.8060972978E+01      0.8060972978E+01      0.1605412171E+01     -0.3626401055E+00
    0.8055766514E+01      0.8055766514E+01      0.1573859996E+01     -0.4129815094E+00
    0.8047767365E+01      0.8047767365E+01      0.1538887549E+01     -0.4721300662E+00
    0.8040255732E+01      0.8040255732E+01      0.1495251474E+01     -0.5388973460E+00
    0.8036947449E+01      0.8036947449E+01      0.1439590828E+01     -0.6119854256E+00
    0.8037123398E+01      0.8037123398E+01      0.1371123975E+01     -0.6907662329E+00
    0.8040820249E+01      0.8040820249E+01      0.1286713784E+01     -0.7747013224E+00
    0.8049282615E+01      0.8049282615E+01      0.1183089697E+01     -0.8626885627E+00
    0.8062387379E+01      0.8062387379E+01      0.1057876015E+01     -0.9531313771E+00
    0.8076709733E+01      0.8076709733E+01      0.9123309464E+00     -0.1043816655E+01
    0.8088868542E+01      0.8088868542E+01      0.7455529564E+00     -0.1131095573E+01
    0.8098584485E+01      0.8098584485E+01      0.5571144906E+00     -0.1212272217E+01
    0.8101428972E+01      0.8101428972E+01      0.3436760000E+00     -0.1273707271E+01
    0.8111556101E+01      0.8111556101E+01      0.1478272497E+00     -0.1297643195E+01
    0.0000000000E+00      0.2000000000E+02      0.0000000000E+00      0.0000000000E+00
    0.7935576456E+01      0.7935576456E+01      0.1848410655E+01     -0.2577044308E+00
    0.7937690870E+01      0.7937690870E+01      0.1834319082E+01     -0.2591599873E+00
    0.7943021169E+01      0.7943021169E+01      0.1816247875E+01     -0.2605294497E+00
    0.7951223745E+01      0.7951223745E+01      0.1793859820E+01     -0.2614144403E+00
    0.7963106069E+01      0.7963106069E+01      0.1767786065E+01     -0.2624114824E+00
    0.7977653137E+01      0.7977653137E+01      0.1738140220E+01     -0.2642225379E+00
    0.7993900463E+01      0.7993900463E+01      0.1705724867E+01     -0.2676776401E+00
    0.8009130512E+01      0.8009130512E+01      0.1672389670E+01     -0.2757026641E+00
    0.8020418481E+01      0.8020418481E+01      0.1638364846E+01     -0.2912778586E+00
    0.8028037620E+01      0.8028037620E+01      0.1603231388E+01     -0.3155652460E+00
    0.8032326982E+01      0.8032326982E+01      0.1566453070E+01     -0.3483171512E+00
    0.8033374709E+01      0.8033374709E+01      0.1526562188E+01     -0.3894242773E+00
    0.8031643457E+01      0.8031643457E+01      0.1481841116E+01     -0.4391313921E+00
    0.8027446001E+01      0.8027446001E+01      0.1431433100E+01     -0.4967907573E+00
    0.8024745758E+01      0.8024745758E+01      0.1370226387E+01     -0.5604528975E+00
    0.8025059329E+01      0.8025059329E+01      0.1297271884E+01     -0.6291472096E+00
    0.8028625705E+01      0.8028625705E+01      0.1209245709E+01     -0.7019967812E+00
    0.8036338455E+01      0.8036338455E+01      0.1103906715E+01     -0.7771878763E+00
    0.8047794092E+01      0.8047794092E+01      0.9798577493E+00     -0.8523892837E+00
    0.8061192704E+01      0.8061192704E+01      0.8370589020E+00     -0.9252084470E+00
    0.8073157885E+01      0.8073157885E+01      0.6772815139E+00     -0.9926481123E+00
    0.8082672365E+01      0.8082672365E+01      0.5017994790E+00     -0.1053536474E+01
    0.8084928505E+01      0.8084928505E+01      0.3072275118E+00     -0.1100091101E+01
    0.8094738517E+01      0.8094738517E+01      0.1310471905E+00     -0.1114942156E+01
    0.0000000000E+00      0.2000000000E+02      0.0000000000E+00      0.0000000000E+00
    0.7912854355E+01      0.7912854355E+01      0.1844585605E+01     -0.2503741866E+00
    0.7911462859E+01      0.7911462859E+01      0.1830410823E+01     -0.2543702932E+00
    0.7913213006E+01      0.7913213006E+01      0.1812448272E+01     -0.2579122509E+00
    0.7918105392E+01      0.7918105392E+01      0.1790109561E+01     -0.2614203877E+00
    0.7925827154E+01      0.7925827154E+01      0.1763484474E+01     -0.2649483328E+00
    0.7936131549E+01      0.7936131549E+01      0.1733090248E+01     -0.2692228315E+00
    0.7948466815E+01      0.7948466815E+01      0.1699054689E+01     -0.2748769248E+00
    0.7961889240E+01      0.7961889240E+01      0.1661873051E+01     -0.2829300434E+00
    0.7975334271E+01      0.7975334271E+01      0.1622386034E+01     -0.2947331783E+00
    0.7987085473E+01      0.7987085473E+01      0.1580505759E+01     -0.3121294360E+00
    0.7996313753E+01      0.7996313753E+01      0.1535540424E+01     -0.3366650791E+00
    0.8002713065E+01      0.8002713065E+01      0.1487009193E+01     -0.3688072123E+00
    0.8006002115E+01      0.8006002115E+01      0.1434487562E+01     -0.4083999597E+00
    0.8006570136E+01      0.8006570136E+01      0.1376375482E+01     -0.4555891238E+00
    0.8006255382E+01      0.8006255382E+01      0.1310185782E+01     -0.5096164949E+00
    0.8007148201E+01      0.8007148201E+01      0.1233293051E+01     -0.5683443650E+00
    0.8010503590E+01      0.8010503590E+01      0.1143000188E+01     -0.6304420053E+00
    0.8016723531E+01      0.8016723531E+01      0.1037646531E+01     -0.6937896295E+00
    0.8025933462E+01      0.8025933462E+01      0.9160341045E+00     -0.7564211175E+00
    0.8037596643E+01      0.8037596643E+01      0.7774036730E+00     -0.8154260881E+00
    0.8048763297E+01      0.8048763297E+01      0.6247467488E+00     -0.8681151260E+00
    0.8057157652E+01      0.8057157652E+01      0.4604443227E+00     -0.9149332955E+00
    0.8058402498E+01      0.8058402498E+01      0.2808062187E+00     -0.9516868025E+00
    0.8067438400E+01      0.8067438400E+01      0.1191400491E+00     -0.9613202533E+00
    0.0000000000E+00      0.2000000000E+02      0.0000000000E+00      0.0000000000E+00
    0.7898171510E+01      0.7898171510E+01      0.1838219517E+01     -0.2329027838E+00
    0.7891868786E+01      0.7891868786E+01      0.1824914540E+01     -0.2400024581E+00
    0.7889591533E+01      0.7889591533E+01      0.1806778151E+01     -0.2461563746E+00
    0.7890506385E+01      0.7890506385E+01      0.1784766709E+01     -0.2520676799E+00
    0.7894386291E+01      0.7894386291E+01      0.1758120206E+01     -0.2581687710E+00
    0.7901303674E+01      0.7901303674E+01      0.1726923701E+01     -0.2644388590E+00
    0.7910531882E+01      0.7910531882E+01      0.1691459072E+01     -0.2714063646E+00
    0.7921429838E+01      0.7921429838E+01      0.1652132475E+01     -0.2800375839E+00
    0.7932941552E+01      0.7932941552E+01      0.1609136691E+01     -0.2912164957E+00
    0.7944672004E+01      0.7944672004E+01      0.1562221688E+01     -0.3058415855E+00
    0.7956255263E+01      0.7956255263E+01      0.1510944241E+01     -0.3241868697E+00
    0.7966241424E+01      0.7966241424E+01      0.1455629146E+01     -0.3480595589E+00
    0.7973679207E+01      0.7973679207E+01      0.1396080574E+01     -0.3787217319E+00
    0.7978412279E+01      0.7978412279E+01      0.1331448556E+01     -0.4161900039E+00
    0.7981209828E+01      0.7981209828E+01      0.1259828437E+01     -0.4599183408E+00
    0.7983642748E+01      0.7983642748E+01      0.1179023930E+01     -0.5085491595E+00
    0.7986889609E+01      0.7986889609E+01      0.1087018497E+01     -0.5602739486E+00
    0.7991772954E+01      0.7991772954E+01      0.9820971791E+00     -0.6131161072E+00
    0.7998396008E+01      0.7998396008E+01      0.8631804935E+00     -0.6652148175E+00
    0.8006923199E+01      0.8006923199E+01      0.7297323437E+00     -0.7136208172E+00
    0.8016028729E+01      0.8016028729E+01      0.5837757065E+00     -0.7556201814E+00
    0.8022700521E+01      0.8022700521E+01      0.4286203864E+00     -0.7925267244E+00
    0.8022263063E+01      0.8022263063E+01      0.2608791103E+00     -0.8224973776E+00
    0.8030545437E+01      0.8030545437E+01      0.1104336751E+00     -0.8290734287E+00
    0.0000000000E+00      0.2000000000E+02      0.0000000000E+00      0.0000000000E+00
    0.7891092553E+01      0.7891092553E+01      0.1829454432E+01     -0.2061203028E+00
    0.7880684175E+01      0.7880684175E+01      0.1817093657E+01     -0.2153615636E+00
    0.7874002432E+01      0.7874002432E+01      0.1799770638E+01     -0.2238248473E+00
    0.7871145037E+01      0.7871145037E+01      0.1777398504E+01     -0.2316717558E+00
    0.7871431265E+01      0.7871431265E+01      0.1750723486E+01     -0.2395601900E+00
    0.7874312325E+01      0.7874312325E+01      0.1719250286E+01     -0.2478061094E+00
    0.7879812535E+01      0.7879812535E+01      0.1683062205E+01     -0.2565079532E+00
    0.7887252401E+01      0.7887252401E+01      0.1642151347E+01     -0.2658905370E+00
    0.7896197615E+01      0.7896197615E+01      0.1596908450E+01     -0.2768120681E+00
    0.7906058877E+01      0.7906058877E+01      0.1546946545E+01     -0.2898152795E+00
    0.7917091655E+01      0.7917091655E+01      0.1491620647E+01     -0.3053093830E+00
    0.7928417450E+01      0.7928417450E+01      0.1431121090E+01     -0.3242517013E+00
    0.7938257225E+01      0.7938257225E+01      0.1366035784E+01     -0.3476360364E+00
    0.7945976420E+01      0.7945976420E+01      0.1295823780E+01     -0.3760242434E+00
    0.7951627810E+01      0.7951627810E+01      0.1219301886E+01     -0.4097618425E+00
    0.7955969092E+01      0.7955969092E+01      0.1134856561E+01     -0.4483332905E+00
    0.7960001848E+01      0.7960001848E+01      0.1040796918E+01     -0.4902162375E+00
    0.7964274440E+01      0.7964274440E+01      0.9358371274E+00     -0.5337128804E+00
    0.7969164119E+01      0.7969164119E+01      0.8190442547E+00     -0.5770573836E+00
    0.7974889649E+01      0.7974889649E+01      0.6900320339E+00     -0.6173196125E+00
    0.7981071308E+01      0.7981071308E+01      0.5504770867E+00     -0.6523079305E+00
    0.7985699579E+01      0.7985699579E+01      0.4028268990E+00     -0.6820139110E+00
    0.7983354657E+01      0.7983354657E+01      0.2448541668E+00     -0.7070250761E+00
    0.7990763953E+01      0.7990763953E+01      0.1037565985E+00     -0.7115868422E+00
    0.0000000000E+00      0.2000000000E+02      0.0000000000E+00      0.0000000000E+00
    0.7888965713E+01      0.7888965713E+01      0.1819955009E+01     -0.1731314639E+00
    0.7876083525E+01      0.7876083525E+01      0.1808056640E+01     -0.1827299848E+00
    0.7866189198E+01      0.7866189198E+01      0.1791255450E+01     -0.1920766957E+00
    0.7859751696E+01      0.7859751696E+01      0.1769345510E+01     -0.2010113552E+00
    0.7856781347E+01      0.7856781347E+01      0.1742189519E+01     -0.2096683022E+00
    0.7856619623E+01      0.7856619623E+01      0.1710345338E+01     -0.2184828211E+00
    0.7858493076E+01      0.7858493076E+01      0.1673687516E+01     -0.2278170458E+00
    0.7862493409E+01      0.7862493409E+01      0.1632108360E+01     -0.2376976001E+00
    0.7868189331E+01      0.7868189331E+01      0.1585426126E+01     -0.2482440934E+00
    0.7875619764E+01      0.7875619764E+01      0.1533583345E+01     -0.2600833428E+00
    0.7884582682E+01      0.7884582682E+01      0.1475808009E+01     -0.2736398834E+00
    0.7894890377E+01      0.7894890377E+01      0.1411844539E+01     -0.2895303383E+00
    0.7904893744E+01      0.7904893744E+01      0.1342871932E+01     -0.3084162070E+00
    0.7913666776E+01      0.7913666776E+01      0.1268384934E+01     -0.3305938990E+00
    0.7921184811E+01      0.7921184811E+01      0.1187743456E+01     -0.3563368712E+00
    0.7927312697E+01      0.7927312697E+01      0.1099948381E+01     -0.3857616263E+00
    0.7932347630E+01      0.7932347630E+01      0.1003872654E+01     -0.4182262223E+00
    0.7936864251E+01      0.7936864251E+01      0.8984671216E+00     -0.4523177761E+00
    0.7941283871E+01      0.7941283871E+01      0.7830957767E+00     -0.4865674869E+00
    0.7945928676E+01      0.7945928676E+01      0.6577302351E+00     -0.5186387384E+00
    0.7950649008E+01      0.7950649008E+01      0.5236076551E+00     -0.5470893242E+00
    0.7954250027E+01      0.7954250027E+01      0.3822715250E+00     -0.5702743884E+00
    0.7950717842E+01      0.7950717842E+01      0.2320678803E+00     -0.5906434450E+00
    0.7957546267E+01      0.7957546267E+01      0.9834395143E-01     -0.5937852620E+00
    0.0000000000E+00      0.2000000000E+02      0.0000000000E+00      0.0000000000E+00
    0.7889152588E+01      0.7889152588E+01      0.1811236176E+01     -0.1372343360E+00
    0.7875087638E+01      0.7875087638E+01      0.1799343031E+01     -0.1454126085E+00
    0.7863412006E+01      0.7863412006E+01      0.1782709243E+01     -0.1538918816E+00
    0.7854567631E+01      0.7854567631E+01      0.1761005596E+01     -0.1623406463E+00
    0.7848789092E+01      0.7848789092E+01      0.1734046499E+01     -0.1705896824E+00
    0.7845940249E+01      0.7845940249E+01      0.1701749686E+01     -0.1787468507E+00
    0.7845425321E+01      0.7845425321E+01      0.1664463232E+01     -0.1871998085E+00
    0.7846535956E+01      0.7846535956E+01      0.1622408614E+01     -0.1963119587E+00
    0.7849465850E+01      0.7849465850E+01      0.1575083542E+01     -0.2060552479E+00
    0.7854264781E+01      0.7854264781E+01      0.1521968217E+01     -0.2164328086E+00
    0.7861212958E+01      0.7861212958E+01      0.1462580602E+01     -0.2279560922E+00
    0.7869925849E+01      0.7869925849E+01      0.1396431093E+01     -0.2410715530E+00
    0.7878978078E+01      0.7878978078E+01      0.1324776569E+01     -0.2562496602E+00
    0.7887257795E+01      0.7887257795E+01      0.1247559441E+01     -0.2735903441E+00
    0.7895082557E+01      0.7895082557E+01      0.1164059195E+01     -0.2931003760E+00
    0.7902076790E+01      0.7902076790E+01      0.1073693951E+01     -0.3149752204E+00
    0.7908030877E+01      0.7908030877E+01      0.9758665833E+00     -0.3389203223E+00
    0.7913176076E+01      0.7913176076E+01      0.8699747272E+00     -0.3641331211E+00
    0.7917854623E+01      0.7917854623E+01      0.7555993552E+00     -0.3896594778E+00
    0.7922340776E+01      0.7922340776E+01      0.6329344209E+00     -0.4139377108E+00
    0.7926493176E+01      0.7926493176E+01      0.5026863409E+00     -0.4359720563E+00
    0.7929582495E+01      0.7929582495E+01      0.3661434046E+00     -0.4533803908E+00
    0.7925240995E+01      0.7925240995E+01      0.2219777837E+00     -0.4695806395E+00
    0.7931617990E+01      0.7931617990E+01      0.9409201328E-01     -0.4718721468E+00
    0.0000000000E+00      0.2000000000E+02      0.0000000000E+00      0.0000000000E+00
    0.7890000679E+01      0.7890000679E+01      0.1804371386E+01     -0.9968685326E-01
    0.7875366768E+01      0.7875366768E+01      0.1792276122E+01     -0.1059423943E+00
    0.7862828898E+01      0.7862828898E+01      0.1775585814E+01     -0.1122517287E+00
    0.7852571210E+01      0.7852571210E+01      0.1753944196E+01     -0.1186721848E+00
    0.7844933433E+01      0.7844933433E+01      0.1727067603E+01     -0.1251306746E+00
    0.7840062547E+01      0.7840062547E+01      0.1694774954E+01     -0.1316012573E+00
    0.7837752959E+01      0.7837752959E+01      0.1657017243E+01     -0.1382287796E+00
    0.7837383082E+01      0.7837383082E+01      0.1614175915E+01     -0.1453818691E+00
    0.7838397244E+01      0.7838397244E+01      0.1566334100E+01     -0.1532423135E+00
    0.7841304429E+01      0.7841304429E+01      0.1512628800E+01     -0.1616138338E+00
    0.7846532182E+01      0.7846532182E+01      0.1452100496E+01     -0.1705709606E+00
    0.7854018059E+01      0.7854018059E+01      0.1384496521E+01     -0.1805363500E+00
    0.7862103076E+01      0.7862103076E+01      0.1311010099E+01     -0.1918516494E+00
    0.7869592193E+01      0.7869592193E+01      0.1232018169E+01     -0.2045189398E+00
    0.7877072379E+01      0.7877072379E+01      0.1146678046E+01     -0.2184446487E+00
    0.7884247521E+01      0.7884247521E+01      0.1054570746E+01     -0.2337237772E+00
    0.7890621714E+01      0.7890621714E+01      0.9555043183E+00     -0.2501823064E+00
    0.7896189198E+01      0.7896189198E+01      0.8492412680E+00     -0.2673802502E+00
    0.7901082862E+01      0.7901082862E+01      0.7355590017E+00     -0.2848516694E+00
    0.7905454544E+01      0.7905454544E+01      0.6146440817E+00     -0.3017932762E+00
    0.7909202309E+01      0.7909202309E+01      0.4869650727E+00     -0.3174920250E+00
    0.7911906199E+01      0.7911906199E+01      0.3538670203E+00     -0.3297570056E+00
    0.7907020205E+01      0.7907020205E+01      0.2142233343E+00     -0.3420499695E+00
    0.7912989543E+01      0.7912989543E+01      0.9081139081E-01     -0.3438335291E+00
    0.0000000000E+00      0.2000000000E+02      0.0000000000E+00      0.0000000000E+00
    0.7891128506E+01      0.7891128506E+01      0.1799459162E+01     -0.6056655501E-01
    0.7875801844E+01      0.7875801844E+01      0.1787388757E+01     -0.6463812420E-01
    0.7862532838E+01      0.7862532838E+01      0.1770720841E+01     -0.6850246143E-01
    0.7851471324E+01      0.7851471324E+01      0.1749078318E+01     -0.7230266180E-01
    0.7842877327E+01      0.7842877327E+01      0.1722172987E+01     -0.7620794975E-01
    0.7836957057E+01      0.7836957057E+01      0.1689771313E+01     -0.8025615918E-01
    0.7833667014E+01      0.7833667014E+01      0.1651726069E+01     -0.8447237518E-01
    0.7832576929E+01      0.7832576929E+01      0.1608193208E+01     -0.8900157569E-01
    0.7832862339E+01      0.7832862339E+01      0.1559728085E+01     -0.9405758721E-01
    0.7834631664E+01      0.7834631664E+01      0.1505480893E+01     -0.9955784423E-01
    0.7838822050E+01      0.7838822050E+01      0.1444316522E+01     -0.1053588781E+00
    0.7845486485E+01      0.7845486485E+01      0.1375702163E+01     -0.1116514030E+00
    0.7852966222E+01      0.7852966222E+01      0.1301074737E+01     -0.1186932935E+00
    0.7859885572E+01      0.7859885572E+01      0.1221017157E+01     -0.1264518317E+00
    0.7866986364E+01      0.7866986364E+01      0.1134615164E+01     -0.1348653067E+00
    0.7874130096E+01      0.7874130096E+01      0.1041440762E+01     -0.1439120220E+00
    0.7880606445E+01      0.7880606445E+01      0.9416244295E+00     -0.1535177557E+00
    0.7886337175E+01      0.7886337175E+01      0.8350875062E+00     -0.1634506911E+00
    0.7891207348E+01      0.7891207348E+01      0.7217535573E+00     -0.1735346415E+00
    0.7895200641E+01      0.7895200641E+01      0.6017676364E+00     -0.1834956922E+00
    0.7898318432E+01      0.7898318432E+01      0.4755539194E+00     -0.1929042152E+00
    0.7900494371E+01      0.7900494371E+01      0.3447494649E+00     -0.2002899987E+00
    0.7895259954E+01      0.7895259954E+01      0.2083629067E+00     -0.2082854358E+00
    0.7900854573E+01      0.7900854573E+01      0.8825965885E-01     -0.2095241154E+00
    0.0000000000E+00      0.2000000000E+02      0.0000000000E+00      0.0000000000E+00
    0.7892066919E+01      0.7892066919E+01      0.1796157075E+01     -0.2007386331E-01
    0.7876140473E+01      0.7876140473E+01      0.1784179480E+01     -0.2156452921E-01
    0.7862234572E+01      0.7862234572E+01      0.1767588721E+01     -0.2299561356E-01
    0.7850711573E+01      0.7850711573E+01      0.1745896319E+01     -0.2435231616E-01
    0.7841778251E+01      0.7841778251E+01      0.1718833153E+01     -0.2571356757E-01
    0.7835532825E+01      0.7835532825E+01      0.1686202386E+01     -0.2712564507E-01
    0.7831922221E+01      0.7831922221E+01      0.1647829321E+01     -0.2860663171E-01
    0.7830593405E+01      0.7830593405E+01      0.1603800424E+01     -0.3018591998E-01
    0.7830689945E+01      0.7830689945E+01      0.1554716360E+01     -0.3193428789E-01
    0.7832065381E+01      0.7832065381E+01      0.1499917078E+01     -0.3387169324E-01
    0.7835771204E+01      0.7835771204E+01      0.1438155309E+01     -0.3593586859E-01
    0.7842064722E+01      0.7842064722E+01      0.1368742992E+01     -0.3813507824E-01
    0.7849257286E+01      0.7849257286E+01      0.1293219489E+01     -0.4056103977E-01
    0.7855916224E+01      0.7855916224E+01      0.1212296406E+01     -0.4320369665E-01
    0.7862823661E+01      0.7862823661E+01      0.1125061946E+01     -0.4604103558E-01
    0.7869922943E+01      0.7869922943E+01      0.1031117674E+01     -0.4903860917E-01
    0.7876393626E+01      0.7876393626E+01      0.9308307593E+00     -0.5219148056E-01
    0.7882133745E+01      0.7882133745E+01      0.8241757358E+00     -0.5543824387E-01
    0.7886893501E+01      0.7886893501E+01      0.7111805101E+00     -0.5874390264E-01
    0.7890515262E+01      0.7890515262E+01      0.5919665454E+00     -0.6207582582E-01
    0.7893059030E+01      0.7893059030E+01      0.4669616998E+00     -0.6527407623E-01
    0.7894764384E+01      0.7894764384E+01      0.3380336144E+00     -0.6778407171E-01
    0.7889384358E+01      0.7889384358E+01      0.2040890307E+00     -0.7051996643E-01
    0.7894706553E+01      0.7894706553E+01      0.8631820488E-01     -0.7097623398E-01
    0.0000000000E+00      0.2000000000E+02      0.0000000000E+00      0.0000000000E+00
