    0.7584794759E+01      0.7584794759E+01      0.7654719135E+00      0.7810398404E+00
    0.7600804761E+01      0.7600804761E+01      0.8097260808E+00      0.7377412059E+00
    0.7612959541E+01      0.7612959541E+01      0.8541518773E+00      0.6918701515E+00
    0.7620717370E+01      0.7620717370E+01      0.8987229794E+00      0.6434320812E+00
    0.7622741369E+01      0.7622741369E+01      0.9412778205E+00      0.5925013379E+00
    0.7619042005E+01      0.7619042005E+01      0.9873332056E+00      0.5389291778E+00
    0.7611203792E+01      0.7611203792E+01      0.1036224937E+01      0.4820917016E+00
    0.7598852937E+01      0.7598852937E+01      0.1089083916E+01      0.4228303968E+00
    0.7582215796E+01      0.7582215796E+01      0.1147112932E+01      0.3607729672E+00
    0.7562018452E+01      0.7562018452E+01      0.1211936770E+01      0.2960164033E+00
    0.7539880458E+01      0.7539880458E+01      0.1285086708E+01      0.2289011205E+00
    0.7517179164E+01      0.7517179164E+01      0.1368772123E+01      0.1598262024E+00
    0.7494713127E+01      0.7494713127E+01      0.1465764419E+01      0.8921502984E-01
    0.7472021352E+01      0.7472021352E+01      0.1577067103E+01      0.1738137155E-01
    0.7446097916E+01      0.7446097916E+01      0.1705634619E+01     -0.5508890575E-01
    0.7416424721E+01      0.7416424721E+01      0.1851101882E+01     -0.1278069686E+00
    0.7384911023E+01      0.7384911023E+01      0.2010263915E+01     -0.1999530416E+00
    0.7352245660E+01      0.7352245660E+01      0.2180999059E+01     -0.2722241622E+00
    0.7315318296E+01      0.7315318296E+01      0.2366129339E+01     -0.3384431838E+00
    0.7269478507E+01      0.7269478507E+01      0.2569956305E+01     -0.4049109557E+00
    0.7219080082E+01      0.7219080082E+01      0.2786009299E+01     -0.4590311541E+00
    0.7165916160E+01      0.7165916160E+01      0.3011498771E+01     -0.5143477767E+00
    0.7100064133E+01      0.7100064133E+01      0.3254943009E+01     -0.5488572111E+00
    0.7035984731E+01      0.7035984731E+01      0.3500757001E+01     -0.5841410257E+00
    0.6961086928E+01      0.6961086928E+01      0.3758993820E+01     -0.5868763700E+00
    0.7582750968E+01      0.7582750968E+01      0.7236392470E+00      0.7222256855E+00
    0.7597593675E+01      0.7597593675E+01      0.7653589630E+00      0.6770442456E+00
    0.7608391157E+01      0.7608391157E+01      0.8072174389E+00      0.6291880233E+00
    0.7613615725E+01      0.7613615725E+01      0.8478738007E+00      0.5787442471E+00
    0.7613501606E+01      0.7613501606E+01      0.8874653031E+00      0.5252234909E+00
    0.7607865622E+01      0.7607865622E+01      0.9310751571E+00      0.4678066688E+00
    0.7598517865E+01      0.7598517865E+01      0.9766915133E+00      0.4076230094E+00
    0.7584806774E+01      0.7584806774E+01      0.1026300475E+01      0.3442658639E+00
    0.7567286398E+01      0.7567286398E+01      0.1081180277E+01      0.2777677690E+00
    0.7546800948E+01      0.7546800948E+01      0.1143269655E+01      0.2083562594E+00
    0.7524992891E+01      0.7524992891E+01      0.1214192870E+01      0.1364235172E+00
    0.7503105368E+01      0.7503105368E+01      0.1296517041E+01      0.6240499956E-01
    0.7481652690E+01      0.7481652690E+01      0.1392462142E+01     -0.1341071621E-01
    0.7459687254E+01      0.7459687254E+01      0.1502964294E+01     -0.9083358874E-01
    0.7434105901E+01      0.7434105901E+01      0.1631047921E+01     -0.1695362413E+00
    0.7404530907E+01      0.7404530907E+01      0.1776354701E+01     -0.2491838871E+00
    0.7372738787E+01      0.7372738787E+01      0.1936011071E+01     -0.3291923019E+00
    0.7339140686E+01      0.7339140686E+01      0.2108478014E+01     -0.4097155905E+00
    0.7300448865E+01      0.7300448865E+01      0.2297404167E+01     -0.4859064791E+00
    0.7252181967E+01      0.7252181967E+01      0.2507206197E+01     -0.5623380341E+00
    0.7200372765E+01      0.7200372765E+01      0.2729828178E+01     -0.6258615669E+00
    0.7144120054E+01      0.7144120054E+01      0.2966233426E+01     -0.6911686274E+00
    0.7074149421E+01      0.7074149421E+01      0.3223945344E+01     -0.7299822930E+00
    0.7004849838E+01      0.7004849838E+01      0.3486284893E+01     -0.7702817715E+00
    0.6924924524E+01      0.6924924524E+01      0.3761968251E+01     -0.7681564187E+00
    0.7578280624E+01      0.7578280624E+01      0.6799726279E+00      0.6668936765E+00
    0.7591866822E+01      0.7591866822E+01      0.7192804334E+00      0.6200489269E+00
    0.7601195903E+01      0.7601195903E+01      0.7580201600E+00      0.5708038928E+00
    0.7604080521E+01      0.7604080521E+01      0.7936921115E+00      0.5178224780E+00
    0.7601560415E+01      0.7601560415E+01      0.8309900500E+00      0.4614071438E+00
    0.7594607791E+01      0.7594607791E+01      0.8705823127E+00      0.4008279906E+00
    0.7583729877E+01      0.7583729877E+01      0.9126054508E+00      0.3371474735E+00
    0.7568878645E+01      0.7568878645E+01      0.9585643809E+00      0.2697987167E+00
    0.7550538874E+01      0.7550538874E+01      0.1010320842E+01      0.1989231949E+00
    0.7529759850E+01      0.7529759850E+01      0.1069886175E+01      0.1248611265E+00
    0.7508273753E+01      0.7508273753E+01      0.1138795485E+01      0.4818061533E-01
    0.7487217720E+01      0.7487217720E+01      0.1219670084E+01     -0.3072288326E-01
    0.7466722849E+01      0.7466722849E+01      0.1314141546E+01     -0.1116767483E+00
    0.7445480471E+01      0.7445480471E+01      0.1423180422E+01     -0.1946367343E+00
    0.7420364328E+01      0.7420364328E+01      0.1549957719E+01     -0.2795615819E+00
    0.7391062053E+01      0.7391062053E+01      0.1694221168E+01     -0.3663165853E+00
    0.7359338502E+01      0.7359338502E+01      0.1853401810E+01     -0.4546584611E+00
    0.7325309146E+01      0.7325309146E+01      0.2026577712E+01     -0.5444935036E+00
    0.7285115143E+01      0.7285115143E+01      0.2218581760E+01     -0.6328532206E+00
    0.7234715914E+01      0.7234715914E+01      0.2433786131E+01     -0.7222048726E+00
    0.7180705787E+01      0.7180705787E+01      0.2664223553E+01     -0.7980148709E+00
    0.7119879343E+01      0.7119879343E+01      0.2913998631E+01     -0.8768788386E+00
    0.7044888625E+01      0.7044888625E+01      0.3188997912E+01     -0.9231307693E+00
    0.6970004534E+01      0.6970004534E+01      0.3472826452E+01     -0.9743160888E+00
    0.6883397821E+01      0.6883397821E+01      0.3773637656E+01     -0.9686813356E+00
    0.7571534277E+01      0.7571534277E+01      0.6347351881E+00      0.6147358697E+00
    0.7583962874E+01      0.7583962874E+01      0.6713883198E+00      0.5666755128E+00
    0.7590950597E+01      0.7590950597E+01      0.7058104796E+00      0.5158893602E+00
    0.7591793369E+01      0.7591793369E+01      0.7371395981E+00      0.4605508321E+00
    0.7587361226E+01      0.7587361226E+01      0.7713109799E+00      0.4009687603E+00
    0.7579234816E+01      0.7579234816E+01      0.8065876767E+00      0.3377333096E+00
    0.7567031599E+01      0.7567031599E+01      0.8444842645E+00      0.2706108882E+00
    0.7551211772E+01      0.7551211772E+01      0.8866054137E+00      0.1994161908E+00
    0.7532247740E+01      0.7532247740E+01      0.9351686727E+00      0.1243436814E+00
    0.7511357212E+01      0.7511357212E+01      0.9921414090E+00      0.4594274246E-01
    0.7490290912E+01      0.7490290912E+01      0.1058986856E+01     -0.3511347033E-01
    0.7470067259E+01      0.7470067259E+01      0.1138014878E+01     -0.1185600731E+00
    0.7450425672E+01      0.7450425672E+01      0.1230374002E+01     -0.2044419412E+00
    0.7429793717E+01      0.7429793717E+01      0.1337311923E+01     -0.2927747940E+00
    0.7405092727E+01      0.7405092727E+01      0.1462040860E+01     -0.3839545499E+00
    0.7376116364E+01      0.7376116364E+01      0.1604465615E+01     -0.4781956865E+00
    0.7344587086E+01      0.7344587086E+01      0.1762056461E+01     -0.5756586128E+00
    0.7310633789E+01      0.7310633789E+01      0.1934529778E+01     -0.6763424799E+00
    0.7269435358E+01      0.7269435358E+01      0.2127831340E+01     -0.7787803463E+00
    0.7217373798E+01      0.7217373798E+01      0.2347047225E+01     -0.8839297945E+00
    0.7160654398E+01      0.7160654398E+01      0.2586117091E+01     -0.9772481896E+00
    0.7094496113E+01      0.7094496113E+01      0.2851062839E+01     -0.1073845988E+01
    0.7014472807E+01      0.7014472807E+01      0.3145125236E+01     -0.1133821808E+01
    0.6933257935E+01      0.6933257935E+01      0.3457048794E+01     -0.1205158494E+01
    0.6832565664E+01      0.6832565664E+01      0.3797479792E+01     -0.1196031448E+01
    0.7562616972E+01      0.7562616972E+01      0.5882436401E+00      0.5659041870E+00
    0.7573800809E+01      0.7573800809E+01      0.6214540278E+00      0.5171223689E+00
    0.7577897366E+01      0.7577897366E+01      0.6505004116E+00      0.4639586154E+00
    0.7576734353E+01      0.7576734353E+01      0.6788629432E+00      0.4061967079E+00
    0.7571076757E+01      0.7571076757E+01      0.7086065374E+00      0.3441703419E+00
    0.7561650649E+01      0.7561650649E+01      0.7393587399E+00      0.2782503864E+00
    0.7548465950E+01      0.7548465950E+01      0.7726882351E+00      0.2078952005E+00
    0.7531919329E+01      0.7531919329E+01      0.8105805492E+00      0.1331760891E+00
    0.7512598576E+01      0.7512598576E+01      0.8556521889E+00      0.5438249241E-01
    0.7491872022E+01      0.7491872022E+01      0.9098244231E+00     -0.2775116944E-01
    0.7471398200E+01      0.7471398200E+01      0.9746659048E+00     -0.1125372812E+00
    0.7452016208E+01      0.7452016208E+01      0.1051712084E+01     -0.2000142180E+00
    0.7433172442E+01      0.7433172442E+01      0.1141712967E+01     -0.2904553908E+00
    0.7413091432E+01      0.7413091432E+01      0.1246122724E+01     -0.3839746237E+00
    0.7388863327E+01      0.7388863327E+01      0.1368028110E+01     -0.4814044724E+00
    0.7360085862E+01      0.7360085862E+01      0.1507378870E+01     -0.5834872247E+00
    0.7328912450E+01      0.7328912450E+01      0.1661827308E+01     -0.6908780502E+00
    0.7295086120E+01      0.7295086120E+01      0.1831174758E+01     -0.8038653523E+00
    0.7253633452E+01      0.7253633452E+01      0.2022942423E+01     -0.9222146032E+00
    0.7200065631E+01      0.7200065631E+01      0.2243067060E+01     -0.1046076588E+01
    0.7141541488E+01      0.7141541488E+01      0.2487775457E+01     -0.1163584339E+01
    0.7068854308E+01      0.7068854308E+01      0.2769116894E+01     -0.1285614381E+01
    0.6981230477E+01      0.6981230477E+01      0.3087194117E+01     -0.1366032549E+01
    0.6889237693E+01      0.6889237693E+01      0.3442252915E+01     -0.1474622102E+01
    0.6764369729E+01      0.6764369729E+01      0.3847964196E+01     -0.1472271852E+01
    0.7551797597E+01      0.7551797597E+01      0.5409457482E+00      0.5204765176E+00
    0.7560720610E+01      0.7560720610E+01      0.5695447121E+00      0.4706822375E+00
    0.7562468919E+01      0.7562468919E+01      0.5934981582E+00      0.4150799746E+00
    0.7559320432E+01      0.7559320432E+01      0.6184129228E+00      0.3549151482E+00
    0.7552503000E+01      0.7552503000E+01      0.6434847007E+00      0.2908088348E+00
    0.7541924294E+01      0.7541924294E+01      0.6694540071E+00      0.2222661302E+00
    0.7527931242E+01      0.7527931242E+01      0.6981007491E+00      0.1490616472E+00
    0.7510944162E+01      0.7510944162E+01      0.7318333650E+00      0.7133154758E-01
    0.7491652080E+01      0.7491652080E+01      0.7734903745E+00     -0.1051783497E-01
    0.7471487629E+01      0.7471487629E+01      0.8250050002E+00     -0.9561994141E-01
    0.7451945542E+01      0.7451945542E+01      0.8876981012E+00     -0.1834336496E+00
    0.7433476620E+01      0.7433476620E+01      0.9622714574E+00     -0.2742889208E+00
    0.7415422717E+01      0.7415422717E+01      0.1049201988E+01     -0.3686734644E+00
    0.7395944880E+01      0.7395944880E+01      0.1150095727E+01     -0.4669675937E+00
    0.7372174086E+01      0.7372174086E+01      0.1267716558E+01     -0.5703637583E+00
    0.7343816499E+01      0.7343816499E+01      0.1402102003E+01     -0.6802745373E+00
    0.7312568188E+01      0.7312568188E+01      0.1550528379E+01     -0.7977604243E+00
    0.7279350157E+01      0.7279350157E+01      0.1713096409E+01     -0.9241331612E+00
    0.7237617214E+01      0.7237617214E+01      0.1897892265E+01     -0.1059609461E+01
    0.7183760403E+01      0.7183760403E+01      0.2113125606E+01     -0.1204907342E+01
    0.7122769379E+01      0.7122769379E+01      0.2358847081E+01     -0.1353810845E+01
    0.7043575559E+01      0.7043575559E+01      0.2652765272E+01     -0.1512490180E+01
    0.6944299645E+01      0.6944299645E+01      0.3001901324E+01     -0.1628689444E+01
    0.6836616346E+01      0.6836616346E+01      0.3423972645E+01     -0.1813406377E+01
    0.6689770053E+01      0.6689770053E+01      0.3956636072E+01     -0.1836894273E+01
    0.7539064105E+01      0.7539064105E+01      0.4927007248E+00      0.4783251058E+00
    0.7544754959E+01      0.7544754959E+01      0.5154397765E+00      0.4266402748E+00
    0.7544418835E+01      0.7544418835E+01      0.5352592685E+00      0.3690285599E+00
    0.7539928771E+01      0.7539928771E+01      0.5556043494E+00      0.3069962011E+00
    0.7531695206E+01      0.7531695206E+01      0.5758012782E+00      0.2407567388E+00
    0.7520142589E+01      0.7520142589E+01      0.5968154570E+00      0.1698177390E+00
    0.7505514486E+01      0.7505514486E+01      0.6207915895E+00      0.9416954957E-01
    0.7488398437E+01      0.7488398437E+01      0.6504633857E+00      0.1400859828E-01
    0.7469611462E+01      0.7469611462E+01      0.6889514535E+00     -0.7002834586E-01
    0.7450522844E+01      0.7450522844E+01      0.7379719127E+00     -0.1571333095E+00
    0.7432167454E+01      0.7432167454E+01      0.7982748127E+00     -0.2470901764E+00
    0.7414736074E+01      0.7414736074E+01      0.8698450939E+00     -0.3404452990E+00
    0.7397636014E+01      0.7397636014E+01      0.9528664833E+00     -0.4378185835E+00
    0.7378952296E+01      0.7378952296E+01      0.1048876272E+01     -0.5398811430E+00
    0.7355997278E+01      0.7355997278E+01      0.1160114240E+01     -0.6483432928E+00
    0.7327871835E+01      0.7327871835E+01      0.1286167779E+01     -0.7652170412E+00
    0.7296797303E+01      0.7296797303E+01      0.1423951791E+01     -0.8921663940E+00
    0.7263798392E+01      0.7263798392E+01      0.1573160027E+01     -0.1031590716E+01
    0.7222423120E+01      0.7222423120E+01      0.1744315728E+01     -0.1184807931E+01
    0.7167915172E+01      0.7167915172E+01      0.1946894920E+01     -0.1354860132E+01
    0.7103796413E+01      0.7103796413E+01      0.2184797358E+01     -0.1540816275E+01
    0.7020030040E+01      0.7020030040E+01      0.2477924536E+01     -0.1746986563E+01
    0.6906931303E+01      0.6906931303E+01      0.2856913019E+01     -0.1935730212E+01
    0.6766831723E+01      0.6766831723E+01      0.3385009301E+01     -0.2286451819E+01
    0.6561546996E+01      0.6561546996E+01      0.4015472566E+01     -0.2190531835E+01
    0.7523514138E+01      0.7523514138E+01      0.4432086448E+00      0.4386160025E+00
    0.7526177379E+01      0.7526177379E+01      0.4596764215E+00      0.3848795881E+00
    0.7524075479E+01      0.7524075479E+01      0.4752774949E+00      0.3258055941E+00
    0.7518253836E+01      0.7518253836E+01      0.4903128767E+00      0.2622772216E+00
    0.7508827482E+01      0.7508827482E+01      0.5055663638E+00      0.1939763751E+00
    0.7496399662E+01      0.7496399662E+01      0.5218776931E+00      0.1210199239E+00
    0.7481358365E+01      0.7481358365E+01      0.5416778865E+00      0.4342738237E-01
    0.7464506116E+01      0.7464506116E+01      0.5679684547E+00     -0.3836917631E-01
    0.7446795753E+01      0.7446795753E+01      0.6036697547E+00     -0.1236340939E+00
    0.7429122660E+01      0.7429122660E+01      0.6502565065E+00     -0.2116998651E+00
    0.7412017007E+01      0.7412017007E+01      0.7075260250E+00     -0.3028912306E+00
    0.7395684355E+01      0.7395684355E+01      0.7750282468E+00     -0.3976330391E+00
    0.7379712910E+01      0.7379712910E+01      0.8523781024E+00     -0.4965814974E+00
    0.7362113327E+01      0.7362113327E+01      0.9406141821E+00     -0.6010241012E+00
    0.7340250050E+01      0.7340250050E+01      0.1041136066E+01     -0.7128212704E+00
    0.7313102002E+01      0.7313102002E+01      0.1153397849E+01     -0.8341611465E+00
    0.7282596701E+01      0.7282596701E+01      0.1274375011E+01     -0.9678614389E+00
    0.7250173883E+01      0.7250173883E+01      0.1404050536E+01     -0.1118749345E+01
    0.7208527249E+01      0.7208527249E+01      0.1553915776E+01     -0.1289778894E+01
    0.7153301728E+01      0.7153301728E+01      0.1734183173E+01     -0.1486793004E+01
    0.7085895148E+01      0.7085895148E+01      0.1949959039E+01     -0.1712601454E+01
    0.6997828384E+01      0.6997828384E+01      0.2224229427E+01     -0.1975894237E+01
    0.6871926924E+01      0.6871926924E+01      0.2609443332E+01     -0.2275369924E+01
    0.6692494876E+01      0.6692494876E+01      0.3175916662E+01     -0.2881467640E+01
    0.6369872928E+01      0.6369872928E+01      0.3673456217E+01     -0.2410565320E+01
    0.7504477185E+01      0.7504477185E+01      0.3919251679E+00      0.4004679272E+00
    0.7504878111E+01      0.7504878111E+01      0.4027950704E+00      0.3452421624E+00
    0.7501396911E+01      0.7501396911E+01      0.4134791366E+00      0.2854002494E+00
    0.7494251408E+01      0.7494251408E+01      0.4231823572E+00      0.2204731752E+00
    0.7483958624E+01      0.7483958624E+01      0.4333619011E+00      0.1503556061E+00
    0.7470955868E+01      0.7470955868E+01      0.4452672848E+00      0.7589771586E-01
    0.7455962853E+01      0.7455962853E+01      0.4612095816E+00     -0.2880140845E-02
    0.7440016486E+01      0.7440016486E+01      0.4842413015E+00     -0.8537707476E-01
    0.7423935949E+01      0.7423935949E+01      0.5170746911E+00     -0.1706077566E+00
    0.7407863452E+01      0.7407863452E+01      0.5601554881E+00     -0.2584353437E+00
    0.7392250503E+01      0.7392250503E+01      0.6127635537E+00     -0.3492941834E+00
    0.7377557971E+01      0.7377557971E+01      0.6741858909E+00     -0.4433474047E+00
    0.7363288390E+01      0.7363288390E+01      0.7433974228E+00     -0.5414301200E+00
    0.7347540344E+01      0.7347540344E+01      0.8208218277E+00     -0.6455283921E+00
    0.7327600094E+01      0.7327600094E+01      0.9079687853E+00     -0.7578405886E+00
    0.7301730556E+01      0.7301730556E+01      0.1004762820E+01     -0.8809022894E+00
    0.7272338439E+01      0.7272338439E+01      0.1107428276E+01     -0.1019005301E+01
    0.7240641332E+01      0.7240641332E+01      0.1214325120E+01     -0.1177616335E+01
    0.7200872545E+01      0.7200872545E+01      0.1334555777E+01     -0.1362266336E+01
    0.7146936204E+01      0.7146936204E+01      0.1477888301E+01     -0.1580385614E+01
    0.7075742146E+01      0.7075742146E+01      0.1650935229E+01     -0.1843335681E+01
    0.6977120067E+01      0.6977120067E+01      0.1874939258E+01     -0.2174491321E+01
    0.6827493949E+01      0.6827493949E+01      0.2202981749E+01     -0.2604525622E+01
    0.6676087557E+01      0.6676087557E+01      0.2607335204E+01     -0.3356175546E+01
    0.6150948050E+01      0.6150948050E+01      0.2774397506E+01     -0.2328681035E+01
    0.7481923957E+01      0.7481923957E+01      0.3393266650E+00      0.3635617353E+00
    0.7480902111E+01      0.7480902111E+01      0.3457975510E+00      0.3076075590E+00
    0.7476304811E+01      0.7476304811E+01      0.3511559661E+00      0.2472065788E+00
    0.7467971034E+01      0.7467971034E+01      0.3553380328E+00      0.1814287920E+00
    0.7457177717E+01      0.7457177717E+01      0.3599592909E+00      0.1099906654E+00
    0.7444232909E+01      0.7444232909E+01      0.3673294176E+00      0.3469590141E-01
    0.7430066236E+01      0.7430066236E+01      0.3796773736E+00     -0.4410410287E-01
    0.7415774597E+01      0.7415774597E+01      0.3998796425E+00     -0.1258246756E+00
    0.7401452269E+01      0.7401452269E+01      0.4291756645E+00     -0.2097352972E+00
    0.7387148872E+01      0.7387148872E+01      0.4676723950E+00     -0.2958260428E+00
    0.7373393739E+01      0.7373393739E+01      0.5147569933E+00     -0.3845204192E+00
    0.7360632530E+01      0.7360632530E+01      0.5698530489E+00     -0.4759988596E+00
    0.7348232945E+01      0.7348232945E+01      0.6315630083E+00     -0.5715481892E+00
    0.7334181555E+01      0.7334181555E+01      0.6998358324E+00     -0.6739133636E+00
    0.7315354244E+01      0.7315354244E+01      0.7757540155E+00     -0.7860186078E+00
    0.7290788636E+01      0.7290788636E+01      0.8589574249E+00     -0.9094285477E+00
    0.7263834158E+01      0.7263834158E+01      0.9452691719E+00     -0.1048514492E+01
    0.7235229404E+01      0.7235229404E+01      0.1032126045E+01     -0.1206576729E+01
    0.7202003594E+01      0.7202003594E+01      0.1120391598E+01     -0.1393892224E+01
    0.7158231835E+01      0.7158231835E+01      0.1210987078E+01     -0.1623544849E+01
    0.7098214092E+01      0.7098214092E+01      0.1300706202E+01     -0.1904937654E+01
    0.7006877728E+01      0.7006877728E+01      0.1396229635E+01     -0.2274895780E+01
    0.6828177724E+01      0.6828177724E+01      0.1546810938E+01     -0.2793307434E+01
    0.6496988660E+01      0.6496988660E+01      0.1775901247E+01     -0.3731087912E+01
    0.5326596079E+01      0.5326596079E+01      0.1440519655E+01     -0.2651087632E+01
    0.7456648149E+01      0.7456648149E+01      0.2854288750E+00      0.3279701473E+00
    0.7454395804E+01      0.7454395804E+01      0.2872579901E+00      0.2717516910E+00
    0.7448710866E+01      0.7448710866E+01      0.2869779120E+00      0.2108004904E+00
    0.7439157117E+01      0.7439157117E+01      0.2861783357E+00      0.1448298725E+00
    0.7428268038E+01      0.7428268038E+01      0.2859724894E+00      0.7327900464E-01
    0.7416488548E+01      0.7416488548E+01      0.2896209904E+00     -0.2036317339E-02
    0.7404273567E+01      0.7404273567E+01      0.2989631781E+00     -0.7956682866E-01
    0.7392182834E+01      0.7392182834E+01      0.3154356740E+00     -0.1590429838E+00
    0.7380007190E+01      0.7380007190E+01      0.3402740806E+00     -0.2397973823E+00
    0.7367830227E+01      0.7367830227E+01      0.3742683792E+00     -0.3226825948E+00
    0.7356282507E+01      0.7356282507E+01      0.4171884427E+00     -0.4077643729E+00
    0.7345571418E+01      0.7345571418E+01      0.4676052368E+00     -0.4958157551E+00
    0.7334394955E+01      0.7334394955E+01      0.5239953609E+00     -0.5891995722E+00
    0.7321416139E+01      0.7321416139E+01      0.5851031946E+00     -0.6897144280E+00
    0.7305045666E+01      0.7305045666E+01      0.6513027219E+00     -0.7985680793E+00
    0.7284085294E+01      0.7284085294E+01      0.7237981394E+00     -0.9190970987E+00
    0.7262137217E+01      0.7262137217E+01      0.7972283425E+00     -0.1054972010E+01
    0.7238785893E+01      0.7238785893E+01      0.8682971846E+00     -0.1208689687E+01
    0.7211572230E+01      0.7211572230E+01      0.9323856449E+00     -0.1385047114E+01
    0.7177329011E+01      0.7177329011E+01      0.9778100057E+00     -0.1591017483E+01
    0.7130506061E+01      0.7130506061E+01      0.9942431714E+00     -0.1841713596E+01
    0.7079188957E+01      0.7079188957E+01      0.9551081151E+00     -0.2176622455E+01
    0.7017062765E+01      0.7017062765E+01      0.8139865828E+00     -0.2657823106E+01
    0.6951403992E+01      0.6951403992E+01      0.4720620931E+00     -0.3221539313E+01
    0.0000000000E+00      0.2000000000E+02      0.0000000000E+00      0.0000000000E+00
    0.7428888015E+01      0.7428888015E+01      0.2312035299E+00      0.2942653981E+00
    0.7425496474E+01      0.7425496474E+01      0.2283232006E+00      0.2375348912E+00
    0.7418562931E+01      0.7418562931E+01      0.2230208858E+00      0.1760831557E+00
    0.7407883304E+01      0.7407883304E+01      0.2166293394E+00      0.1096932104E+00
    0.7397365100E+01      0.7397365100E+01      0.2128477206E+00      0.3985460480E-01
    0.7388369601E+01      0.7388369601E+01      0.2136705890E+00     -0.3375943966E-01
    0.7378949383E+01      0.7378949383E+01      0.2191692783E+00     -0.1087749581E+00
    0.7369170725E+01      0.7369170725E+01      0.2316085430E+00     -0.1845437830E+00
    0.7359429001E+01      0.7359429001E+01      0.2531722197E+00     -0.2614649344E+00
    0.7349938476E+01      0.7349938476E+01      0.2847449156E+00     -0.3400818527E+00
    0.7340918763E+01      0.7340918763E+01      0.3253592036E+00     -0.4212616036E+00
    0.7331951077E+01      0.7331951077E+01      0.3728949420E+00     -0.5061579687E+00
    0.7323271184E+01      0.7323271184E+01      0.4252860227E+00     -0.5958292096E+00
    0.7312865677E+01      0.7312865677E+01      0.4825508690E+00     -0.6919301395E+00
    0.7298151502E+01      0.7298151502E+01      0.5443842546E+00     -0.7964831036E+00
    0.7279966218E+01      0.7279966218E+01      0.6069420771E+00     -0.9120826568E+00
    0.7259222800E+01      0.7259222800E+01      0.6662662249E+00     -0.1041012374E+01
    0.7236301891E+01      0.7236301891E+01      0.7187548345E+00     -0.1185279120E+01
    0.7210444349E+01      0.7210444349E+01      0.7591658748E+00     -0.1344734453E+01
    0.7178361436E+01      0.7178361436E+01      0.7806065913E+00     -0.1520571104E+01
    0.7135505452E+01      0.7135505452E+01      0.7773715469E+00     -0.1737528941E+01
    0.7091927741E+01      0.7091927741E+01      0.7205155168E+00     -0.2003282531E+01
    0.7042606064E+01      0.7042606064E+01      0.5389656816E+00     -0.2332391393E+01
    0.7027700829E+01      0.7027700829E+01      0.2676263261E+00     -0.2565931137E+01
    0.0000000000E+00      0.2000000000E+02      0.0000000000E+00      0.0000000000E+00
    0.7399854150E+01      0.7399854150E+01      0.1765774214E+00      0.2621598099E+00
    0.7394334105E+01      0.7394334105E+01      0.1692999578E+00      0.2049615463E+00
    0.7385257354E+01      0.7385257354E+01      0.1591033520E+00      0.1427666330E+00
    0.7374164627E+01      0.7374164627E+01      0.1477539178E+00      0.7659279607E-01
    0.7365899027E+01      0.7365899027E+01      0.1406449847E+00      0.9243264298E-02
    0.7359813595E+01      0.7359813595E+01      0.1383189403E+00     -0.6003165133E-01
    0.7353974215E+01      0.7353974215E+01      0.1411205829E+00     -0.1312230091E+00
    0.7347204363E+01      0.7347204363E+01      0.1515650592E+00     -0.2030338720E+00
    0.7340334955E+01      0.7340334955E+01      0.1717844587E+00     -0.2756360524E+00
    0.7333661214E+01      0.7333661214E+01      0.2022249423E+00     -0.3502113101E+00
    0.7327477307E+01      0.7327477307E+01      0.2419376449E+00     -0.4272257216E+00
    0.7321778951E+01      0.7321778951E+01      0.2885507885E+00     -0.5076624792E+00
    0.7314327775E+01      0.7314327775E+01      0.3393075512E+00     -0.5929498841E+00
    0.7304302252E+01      0.7304302252E+01      0.3912164591E+00     -0.6837958393E+00
    0.7290544003E+01      0.7290544003E+01      0.4438033760E+00     -0.7817538902E+00
    0.7273643739E+01      0.7273643739E+01      0.4950591831E+00     -0.8888030154E+00
    0.7254400600E+01      0.7254400600E+01      0.5418105353E+00     -0.1007539218E+01
    0.7233484395E+01      0.7233484395E+01      0.5793912587E+00     -0.1138571014E+01
    0.7210443380E+01      0.7210443380E+01      0.6030314598E+00     -0.1279195443E+01
    0.7180938879E+01      0.7180938879E+01      0.6104648139E+00     -0.1429395241E+01
    0.7151440086E+01      0.7151440086E+01      0.5873034345E+00     -0.1615865022E+01
    0.7120402155E+01      0.7120402155E+01      0.5141077705E+00     -0.1816371062E+01
    0.7093952913E+01      0.7093952913E+01      0.3545585056E+00     -0.2023152047E+01
    0.7089513637E+01      0.7089513637E+01      0.1668775873E+00     -0.2120535737E+01
    0.0000000000E+00      0.2000000000E+02      0.0000000000E+00      0.0000000000E+00
    0.7369272107E+01      0.7369272107E+01      0.1213300548E+00      0.2320677231E+00
    0.7360947359E+01      0.7360947359E+01      0.1094262170E+00      0.1738288058E+00
    0.7349601272E+01      0.7349601272E+01      0.9368365105E-01      0.1113020864E+00
    0.7340719747E+01      0.7340719747E+01      0.8004855602E-01      0.4769444079E-01
    0.7335302559E+01      0.7335302559E+01      0.7073427151E-01     -0.1614702384E-01
    0.7331528396E+01      0.7331528396E+01      0.6585229329E-01     -0.8162761199E-01
    0.7329583373E+01      0.7329583373E+01      0.6763489809E-01     -0.1485796998E+00
    0.7326024080E+01      0.7326024080E+01      0.7765560338E-01     -0.2159312337E+00
    0.7322907035E+01      0.7322907035E+01      0.9742633474E-01     -0.2840826802E+00
    0.7320094626E+01      0.7320094626E+01      0.1286898778E+00     -0.3536951592E+00
    0.7317089600E+01      0.7317089600E+01      0.1685925601E+00     -0.4260782274E+00
    0.7312527699E+01      0.7312527699E+01      0.2124216685E+00     -0.5016644564E+00
    0.7305852353E+01      0.7305852353E+01      0.2573917452E+00     -0.5808231008E+00
    0.7296470375E+01      0.7296470375E+01      0.3025450745E+00     -0.6646552182E+00
    0.7283853953E+01      0.7283853953E+01      0.3477759789E+00     -0.7546553119E+00
    0.7268383465E+01      0.7268383465E+01      0.3914369471E+00     -0.8525079778E+00
    0.7250773940E+01      0.7250773940E+01      0.4302543006E+00     -0.9593821657E+00
    0.7231514621E+01      0.7231514621E+01      0.4592830831E+00     -0.1074340199E+01
    0.7210508789E+01      0.7210508789E+01      0.4739598482E+00     -0.1195172414E+01
    0.7183865169E+01      0.7183865169E+01      0.4728053265E+00     -0.1325425972E+01
    0.7160551071E+01      0.7160551071E+01      0.4418116094E+00     -0.1474775683E+01
    0.7139801275E+01      0.7139801275E+01      0.3676912656E+00     -0.1618012590E+01
    0.7125030230E+01      0.7125030230E+01      0.2433687709E+00     -0.1750184485E+01
    0.7121624730E+01      0.7121624730E+01      0.1116515240E+00     -0.1802963556E+01
    0.0000000000E+00      0.2000000000E+02      0.0000000000E+00      0.0000000000E+00
    0.7336867552E+01      0.7336867552E+01      0.6488125110E-01      0.2034799858E+00
    0.7325534696E+01      0.7325534696E+01      0.4751094475E-01      0.1446948664E+00
    0.7314406986E+01      0.7314406986E+01      0.2891909375E-01      0.8387199164E-01
    0.7308715125E+01      0.7308715125E+01      0.1508093355E-01      0.2411652449E-01
    0.7305845392E+01      0.7305845392E+01      0.4748755685E-02     -0.3657906102E-01
    0.7304965912E+01      0.7304965912E+01     -0.8746633713E-03     -0.9866410207E-01
    0.7306434816E+01      0.7306434816E+01      0.4619974217E-03     -0.1611314290E+00
    0.7307244420E+01      0.7307244420E+01      0.1084190852E-01     -0.2232309131E+00
    0.7308785426E+01      0.7308785426E+01      0.3240971948E-01     -0.2861864646E+00
    0.7309292265E+01      0.7309292265E+01      0.6396259119E-01     -0.3509559204E+00
    0.7307832415E+01      0.7307832415E+01      0.1006463940E+00     -0.4176119385E+00
    0.7304200965E+01      0.7304200965E+01      0.1398706434E+00     -0.4867494599E+00
    0.7298361085E+01      0.7298361085E+01      0.1799508621E+00     -0.5590517742E+00
    0.7290016728E+01      0.7290016728E+01      0.2201322879E+00     -0.6352285330E+00
    0.7278654456E+01      0.7278654456E+01      0.2600473633E+00     -0.7167134737E+00
    0.7264680218E+01      0.7264680218E+01      0.2983012794E+00     -0.8049643142E+00
    0.7248672117E+01      0.7248672117E+01      0.3315914612E+00     -0.8995723167E+00
    0.7231042985E+01      0.7231042985E+01      0.3553813070E+00     -0.9987894201E+00
    0.7211554705E+01      0.7211554705E+01      0.3663788141E+00     -0.1101453464E+01
    0.7188617053E+01      0.7188617053E+01      0.3603873758E+00     -0.1213459666E+01
    0.7169448180E+01      0.7169448180E+01      0.3273287748E+00     -0.1326428644E+01
    0.7155010675E+01      0.7155010675E+01      0.2655119879E+00     -0.1430238204E+01
    0.7143988060E+01      0.7143988060E+01      0.1726418990E+00     -0.1522240421E+01
    0.7140637186E+01      0.7140637186E+01      0.7804966926E-01     -0.1553974349E+01
    0.0000000000E+00      0.2000000000E+02      0.0000000000E+00      0.0000000000E+00
    0.7302571024E+01      0.7302571024E+01      0.6092877201E-02      0.1763353590E+00
    0.7289324970E+01      0.7289324970E+01     -0.1512549048E-01      0.1181586472E+00
    0.7281386632E+01      0.7281386632E+01     -0.3254420365E-01      0.6124663483E-01
    0.7278431795E+01      0.7278431795E+01     -0.4599422850E-01      0.4779877674E-02
    0.7278001730E+01      0.7278001730E+01     -0.5637362160E-01     -0.5288313815E-01
    0.7280595486E+01      0.7280595486E+01     -0.6209048811E-01     -0.1108966430E+00
    0.7286466157E+01      0.7286466157E+01     -0.5993301415E-01     -0.1679055992E+00
    0.7292124444E+01      0.7292124444E+01     -0.4730025972E-01     -0.2246520152E+00
    0.7297124385E+01      0.7297124385E+01     -0.2526443358E-01     -0.2826819283E+00
    0.7300062897E+01      0.7300062897E+01      0.3692081536E-02     -0.3410654888E+00
    0.7300108239E+01      0.7300108239E+01      0.3698121680E-01     -0.4011104968E+00
    0.7297551080E+01      0.7297551080E+01      0.7280772881E-01     -0.4636705084E+00
    0.7292662327E+01      0.7292662327E+01      0.1095194280E+00     -0.5287365943E+00
    0.7285390361E+01      0.7285390361E+01      0.1461553861E+00     -0.5970138006E+00
    0.7275234091E+01      0.7275234091E+01      0.1823901082E+00     -0.6699796178E+00
    0.7262490830E+01      0.7262490830E+01      0.2168382935E+00     -0.7485237920E+00
    0.7247570594E+01      0.7247570594E+01      0.2462205497E+00     -0.8308828177E+00
    0.7231136640E+01      0.7231136640E+01      0.2665008231E+00     -0.9153163859E+00
    0.7213480234E+01      0.7213480234E+01      0.2756821823E+00     -0.1002582057E+01
    0.7192797518E+01      0.7192797518E+01      0.2677243063E+00     -0.1094649081E+01
    0.7177769491E+01      0.7177769491E+01      0.2404416301E+00     -0.1179610291E+01
    0.7165402318E+01      0.7165402318E+01      0.1929441704E+00     -0.1259182344E+01
    0.7156374362E+01      0.7156374362E+01      0.1241850889E+00     -0.1326193260E+01
    0.7152565207E+01      0.7152565207E+01      0.5534429367E-01     -0.1346214892E+01
    0.0000000000E+00      0.2000000000E+02      0.0000000000E+00      0.0000000000E+00
    0.7266312353E+01      0.7266312353E+01     -0.5415011070E-01      0.1502547464E+00
    0.7254924641E+01      0.7254924641E+01     -0.7429833562E-01      0.9517377511E-01
    0.7250535501E+01      0.7250535501E+01     -0.8960374541E-01      0.4222643644E-01
    0.7249879243E+01      0.7249879243E+01     -0.1021992166E+00     -0.1105307027E-01
    0.7252416465E+01      0.7252416465E+01     -0.1121245869E+00     -0.6482146376E-01
    0.7260215869E+01      0.7260215869E+01     -0.1168110720E+00     -0.1175001565E+00
    0.7270505048E+01      0.7270505048E+01     -0.1119902838E+00     -0.1690200797E+00
    0.7279466037E+01      0.7279466037E+01     -0.9870494461E-01     -0.2209051243E+00
    0.7287397710E+01      0.7287397710E+01     -0.7837311426E-01     -0.2722503257E+00
    0.7292774890E+01      0.7292774890E+01     -0.5190003325E-01     -0.3239895574E+00
    0.7294388185E+01      0.7294388185E+01     -0.2077306647E-01     -0.3776088387E+00
    0.7292900693E+01      0.7292900693E+01      0.1239986750E-01     -0.4333518185E+00
    0.7288902918E+01      0.7288902918E+01      0.4674266974E-01     -0.4910562090E+00
    0.7282500055E+01      0.7282500055E+01      0.8091516164E-01     -0.5516587946E+00
    0.7273291971E+01      0.7273291971E+01      0.1146699520E+00     -0.6162969532E+00
    0.7261457864E+01      0.7261457864E+01      0.1464560236E+00     -0.6850926024E+00
    0.7247386346E+01      0.7247386346E+01      0.1730865712E+00     -0.7554065561E+00
    0.7232020978E+01      0.7232020978E+01      0.1912157162E+00     -0.8264508152E+00
    0.7215715198E+01      0.7215715198E+01      0.1996171914E+00     -0.8998820600E+00
    0.7197240830E+01      0.7197240830E+01      0.1937796395E+00     -0.9737122163E+00
    0.7184162651E+01      0.7184162651E+01      0.1743874369E+00     -0.1040052651E+01
    0.7172998204E+01      0.7172998204E+01      0.1396969158E+00     -0.1101766733E+01
    0.7164776268E+01      0.7164776268E+01      0.8920205591E-01     -0.1152416629E+01
    0.7160748696E+01      0.7160748696E+01      0.3910352595E-01     -0.1165071571E+01
    0.0000000000E+00      0.2000000000E+02      0.0000000000E+00      0.0000000000E+00
    0.7230173223E+01      0.7230173223E+01     -0.1115435187E+00      0.1254573235E+00
    0.7222999780E+01      0.7222999780E+01     -0.1285627518E+00      0.7505112361E-01
    0.7221438825E+01      0.7221438825E+01     -0.1419531010E+00      0.2584832480E-01
    0.7223577399E+01      0.7223577399E+01     -0.1541433465E+00     -0.2343441487E-01
    0.7230469764E+01      0.7230469764E+01     -0.1622084225E+00     -0.7207855240E-01
    0.7243925429E+01      0.7243925429E+01     -0.1645127664E+00     -0.1187751861E+00
    0.7257068445E+01      0.7257068445E+01     -0.1583169822E+00     -0.1653722979E+00
    0.7269300074E+01      0.7269300074E+01     -0.1456472172E+00     -0.2106510816E+00
    0.7280029925E+01      0.7280029925E+01     -0.1264940222E+00     -0.2553613676E+00
    0.7287536321E+01      0.7287536321E+01     -0.1015858741E+00     -0.3008322693E+00
    0.7290714133E+01      0.7290714133E+01     -0.7220319138E-01     -0.3479092261E+00
    0.7290174574E+01      0.7290174574E+01     -0.4077380037E-01     -0.3967208831E+00
    0.7286878713E+01      0.7286878713E+01     -0.8211134745E-02     -0.4473324968E+00
    0.7281040715E+01      0.7281040715E+01      0.2435134768E-01     -0.5006033836E+00
    0.7272419179E+01      0.7272419179E+01      0.5639542012E-01     -0.5570029784E+00
    0.7261144928E+01      0.7261144928E+01      0.8623418558E-01     -0.6159542927E+00
    0.7247664835E+01      0.7247664835E+01      0.1111103780E+00     -0.6745454873E+00
    0.7233103150E+01      0.7233103150E+01      0.1284267696E+00     -0.7334771658E+00
    0.7218027698E+01      0.7218027698E+01      0.1371542299E+00     -0.7943939103E+00
    0.7200934398E+01      0.7200934398E+01      0.1353775033E+00     -0.8552005359E+00
    0.7188393714E+01      0.7188393714E+01      0.1233917967E+00     -0.9083725567E+00
    0.7177859189E+01      0.7177859189E+01      0.9914216624E-01     -0.9561304431E+00
    0.7170093996E+01      0.7170093996E+01      0.6310571997E-01     -0.9950621061E+00
    0.7165892172E+01      0.7165892172E+01      0.2710082579E-01     -0.1003102933E+01
    0.0000000000E+00      0.2000000000E+02      0.0000000000E+00      0.0000000000E+00
    0.7196746011E+01      0.7196746011E+01     -0.1632588939E+00      0.1030019791E+00
    0.7193334454E+01      0.7193334454E+01     -0.1773773574E+00      0.5721631690E-01
    0.7194372167E+01      0.7194372167E+01     -0.1898519771E+00      0.1227883012E-01
    0.7200617829E+01      0.7200617829E+01     -0.2003496223E+00     -0.3185847116E-01
    0.7213105392E+01      0.7213105392E+01     -0.2062514326E+00     -0.7423225074E-01
    0.7230173007E+01      0.7230173007E+01     -0.2062893595E+00     -0.1158770941E+00
    0.7246464971E+01      0.7246464971E+01     -0.2001471346E+00     -0.1556678375E+00
    0.7261907301E+01      0.7261907301E+01     -0.1875509483E+00     -0.1945055353E+00
    0.7275019053E+01      0.7275019053E+01     -0.1689404255E+00     -0.2330397552E+00
    0.7284335390E+01      0.7284335390E+01     -0.1452899789E+00     -0.2722467248E+00
    0.7288847481E+01      0.7288847481E+01     -0.1174048843E+00     -0.3127033844E+00
    0.7289074149E+01      0.7289074149E+01     -0.8726581425E-01     -0.3548889146E+00
    0.7286199291E+01      0.7286199291E+01     -0.5592270573E-01     -0.3987028055E+00
    0.7280754057E+01      0.7280754057E+01     -0.2447448791E-01     -0.4449219893E+00
    0.7272564600E+01      0.7272564600E+01      0.6364852993E-02     -0.4931180697E+00
    0.7261720729E+01      0.7261720729E+01      0.3488760948E-01     -0.5424063509E+00
    0.7248731696E+01      0.7248731696E+01      0.5897485474E-01     -0.5902187247E+00
    0.7234655079E+01      0.7234655079E+01      0.7687626762E-01     -0.6384242897E+00
    0.7220431635E+01      0.7220431635E+01      0.8760350369E-01     -0.6878995249E+00
    0.7204720336E+01      0.7204720336E+01      0.8974851062E-01     -0.7384417713E+00
    0.7192275895E+01      0.7192275895E+01      0.8307705449E-01     -0.7812669161E+00
    0.7181925902E+01      0.7181925902E+01      0.6717238632E-01     -0.8182361997E+00
    0.7174605222E+01      0.7174605222E+01      0.4307284338E-01     -0.8481216494E+00
    0.7170475674E+01      0.7170475674E+01      0.1814748141E-01     -0.8529200641E+00
    0.0000000000E+00      0.2000000000E+02      0.0000000000E+00      0.0000000000E+00
    0.7165987631E+01      0.7165987631E+01     -0.2092391547E+00      0.8223392776E-01
    0.7165394354E+01      0.7165394354E+01     -0.2217921862E+00      0.4118139186E-01
    0.7170057743E+01      0.7170057743E+01     -0.2332909768E+00      0.1530246887E-02
    0.7181319504E+01      0.7181319504E+01     -0.2411139927E+00     -0.3624324596E-01
    0.7198994203E+01      0.7198994203E+01     -0.2444582655E+00     -0.7278488508E-01
    0.7219300365E+01      0.7219300365E+01     -0.2438100486E+00     -0.1075139025E+00
    0.7238912725E+01      0.7238912725E+01     -0.2369054728E+00     -0.1406557888E+00
    0.7257125722E+01      0.7257125722E+01     -0.2239186938E+00     -0.1734136460E+00
    0.7272193485E+01      0.7272193485E+01     -0.2058033184E+00     -0.2058820756E+00
    0.7282877698E+01      0.7282877698E+01     -0.1832655307E+00     -0.2387900327E+00
    0.7288394703E+01      0.7288394703E+01     -0.1566123620E+00     -0.2730231661E+00
    0.7289125000E+01      0.7289125000E+01     -0.1273168908E+00     -0.3090819453E+00
    0.7286568227E+01      0.7286568227E+01     -0.9679404967E-01     -0.3462316875E+00
    0.7281403295E+01      0.7281403295E+01     -0.6612604072E-01     -0.3851323378E+00
    0.7273415657E+01      0.7273415657E+01     -0.3614125981E-01     -0.4250068225E+00
    0.7262754996E+01      0.7262754996E+01     -0.8332393869E-02     -0.4649613768E+00
    0.7250097885E+01      0.7250097885E+01      0.1577844805E-01     -0.5033726579E+00
    0.7236465583E+01      0.7236465583E+01      0.3515208260E-01     -0.5423972415E+00
    0.7222766459E+01      0.7222766459E+01      0.4869036265E-01     -0.5818985017E+00
    0.7208703525E+01      0.7208703525E+01      0.5501508311E-01     -0.6219334163E+00
    0.7195339706E+01      0.7195339706E+01      0.5203244169E-01     -0.6578753432E+00
    0.7185210133E+01      0.7185210133E+01      0.4265203750E-01     -0.6862517214E+00
    0.7178126363E+01      0.7178126363E+01      0.2770087317E-01     -0.7095510934E+00
    0.7173973060E+01      0.7173973060E+01      0.1124557695E-01     -0.7117708262E+00
    0.0000000000E+00      0.2000000000E+02      0.0000000000E+00      0.0000000000E+00
    0.7137498727E+01      0.7137498727E+01     -0.2476781696E+00      0.6282923666E-01
    0.7140100681E+01      0.7140100681E+01     -0.2594944524E+00      0.2751273123E-01
    0.7149582865E+01      0.7149582865E+01     -0.2686223507E+00     -0.5604927703E-02
    0.7166618050E+01      0.7166618050E+01     -0.2741115914E+00     -0.3670652921E-01
    0.7187932230E+01      0.7187932230E+01     -0.2760765655E+00     -0.6658737490E-01
    0.7211702740E+01      0.7211702740E+01     -0.2746728204E+00     -0.9408637531E-01
    0.7234239403E+01      0.7234239403E+01     -0.2670954599E+00     -0.1212313314E+00
    0.7254603736E+01      0.7254603736E+01     -0.2541337112E+00     -0.1479872732E+00
    0.7271078700E+01      0.7271078700E+01     -0.2367083283E+00     -0.1743947499E+00
    0.7282733400E+01      0.7282733400E+01     -0.2152310856E+00     -0.2014770046E+00
    0.7288904749E+01      0.7288904749E+01     -0.1895197761E+00     -0.2299814258E+00
    0.7290035878E+01      0.7290035878E+01     -0.1607300547E+00     -0.2597839241E+00
    0.7287840151E+01      0.7287840151E+01     -0.1308471597E+00     -0.2900105031E+00
    0.7282871314E+01      0.7282871314E+01     -0.1007505686E+00     -0.3214260145E+00
    0.7274970657E+01      0.7274970657E+01     -0.7135562741E-01     -0.3532893964E+00
    0.7264372796E+01      0.7264372796E+01     -0.4387943887E-01     -0.3847585843E+00
    0.7251901988E+01      0.7251901988E+01     -0.1930985256E-01     -0.4150769600E+00
    0.7238402899E+01      0.7238402899E+01      0.1673862657E-02     -0.4457491996E+00
    0.7224895865E+01      0.7224895865E+01      0.1752046964E-01     -0.4765827659E+00
    0.7211979329E+01      0.7211979329E+01      0.2706742122E-01     -0.5066112275E+00
    0.7198701885E+01      0.7198701885E+01      0.2883086167E-01     -0.5357656412E+00
    0.7188572096E+01      0.7188572096E+01      0.2448458696E-01     -0.5573355393E+00
    0.7181774390E+01      0.7181774390E+01      0.1625037506E-01     -0.5756949649E+00
    0.7177518451E+01      0.7177518451E+01      0.5946586499E-02     -0.5759025513E+00
    0.0000000000E+00      0.2000000000E+02      0.0000000000E+00      0.0000000000E+00
    0.7112512461E+01      0.7112512461E+01     -0.2794400500E+00      0.4529848571E-01
    0.7118968552E+01      0.7118968552E+01     -0.2896800418E+00      0.1691018778E-01
    0.7133598199E+01      0.7133598199E+01     -0.2960495271E+00     -0.8874142817E-02
    0.7154823490E+01      0.7154823490E+01     -0.2992195753E+00     -0.3358420065E-01
    0.7180207219E+01      0.7180207219E+01     -0.3006136362E+00     -0.5577335636E-01
    0.7206891691E+01      0.7206891691E+01     -0.2977055466E+00     -0.7680840882E-01
    0.7231863027E+01      0.7231863027E+01     -0.2898101462E+00     -0.9806523647E-01
    0.7253704594E+01      0.7253704594E+01     -0.2773842393E+00     -0.1188243772E+00
    0.7271086955E+01      0.7271086955E+01     -0.2609645421E+00     -0.1395556009E+00
    0.7283352853E+01      0.7283352853E+01     -0.2404035584E+00     -0.1610112002E+00
    0.7290127812E+01      0.7290127812E+01     -0.2153410023E+00     -0.1836251911E+00
    0.7291703761E+01      0.7291703761E+01     -0.1870414578E+00     -0.2069863954E+00
    0.7289766794E+01      0.7289766794E+01     -0.1578812992E+00     -0.2302489346E+00
    0.7284778533E+01      0.7284778533E+01     -0.1282589368E+00     -0.2543187848E+00
    0.7276815547E+01      0.7276815547E+01     -0.9920191410E-01     -0.2785275784E+00
    0.7266185924E+01      0.7266185924E+01     -0.7173292062E-01     -0.3021715629E+00
    0.7253725789E+01      0.7253725789E+01     -0.4655318196E-01     -0.3251973993E+00
    0.7240253059E+01      0.7240253059E+01     -0.2426145344E-01     -0.3484297705E+00
    0.7226718537E+01      0.7226718537E+01     -0.6456112067E-02     -0.3716420212E+00
    0.7213491611E+01      0.7213491611E+01      0.5283802676E-02     -0.3937807472E+00
    0.7201590519E+01      0.7201590519E+01      0.1110970968E-01     -0.4149293513E+00
    0.7191019447E+01      0.7191019447E+01      0.1122548543E-01     -0.4310858955E+00
    0.7184082885E+01      0.7184082885E+01      0.8089927119E-02     -0.4460749498E+00
    0.7179490518E+01      0.7179490518E+01      0.1865845866E-02     -0.4452535637E+00
    0.0000000000E+00      0.2000000000E+02      0.0000000000E+00      0.0000000000E+00
    0.7091702651E+01      0.7091702651E+01     -0.3050083137E+00      0.2910919642E-01
    0.7102517864E+01      0.7102517864E+01     -0.3125301782E+00      0.9001627467E-02
    0.7121805128E+01      0.7121805128E+01     -0.3162132528E+00     -0.9475678730E-02
    0.7146557313E+01      0.7146557313E+01     -0.3176051159E+00     -0.2663373915E-01
    0.7175378784E+01      0.7175378784E+01     -0.3175882868E+00     -0.4177325765E-01
    0.7204314921E+01      0.7204314921E+01     -0.3134081946E+00     -0.5675034584E-01
    0.7230954249E+01      0.7230954249E+01     -0.3055602617E+00     -0.7196862718E-01
    0.7253742384E+01      0.7253742384E+01     -0.2939449331E+00     -0.8696134622E-01
    0.7271697508E+01      0.7271697508E+01     -0.2783464599E+00     -0.1019851162E+00
    0.7284563418E+01      0.7284563418E+01     -0.2584337699E+00     -0.1175422260E+00
    0.7291811467E+01      0.7291811467E+01     -0.2340029799E+00     -0.1339884934E+00
    0.7293666208E+01      0.7293666208E+01     -0.2064319298E+00     -0.1507138858E+00
    0.7291883029E+01      0.7291883029E+01     -0.1781228336E+00     -0.1671288002E+00
    0.7286780656E+01      0.7286780656E+01     -0.1490088253E+00     -0.1841587964E+00
    0.7278674254E+01      0.7278674254E+01     -0.1203083247E+00     -0.2011207878E+00
    0.7267978817E+01      0.7267978817E+01     -0.9292813980E-01     -0.2175174712E+00
    0.7255489315E+01      0.7255489315E+01     -0.6740763534E-01     -0.2337228776E+00
    0.7241934196E+01      0.7241934196E+01     -0.4452241099E-01     -0.2500379405E+00
    0.7228259549E+01      0.7228259549E+01     -0.2570905094E-01     -0.2662046627E+00
    0.7214837104E+01      0.7214837104E+01     -0.1223003513E-01     -0.2812698962E+00
    0.7203613227E+01      0.7203613227E+01     -0.2803422442E-02     -0.2952740965E+00
    0.7193645995E+01      0.7193645995E+01      0.9880931928E-03     -0.3059556567E+00
    0.7186603884E+01      0.7186603884E+01      0.2098143239E-02     -0.3175572150E+00
    0.7181660879E+01      0.7181660879E+01     -0.1868696511E-02     -0.3163960574E+00
    0.0000000000E+00      0.2000000000E+02      0.0000000000E+00      0.0000000000E+00
    0.7077909299E+01      0.7077909299E+01     -0.3220807253E+00      0.1603904283E-01
    0.7091779322E+01      0.7091779322E+01     -0.3277180293E+00      0.3852435150E-02
    0.7113742224E+01      0.7113742224E+01     -0.3298648479E+00     -0.7539585888E-02
    0.7141692548E+01      0.7141692548E+01     -0.3302129897E+00     -0.1712037551E-01
    0.7172726080E+01      0.7172726080E+01     -0.3285248845E+00     -0.2590169577E-01
    0.7203193213E+01      0.7203193213E+01     -0.3237414625E+00     -0.3479621049E-01
    0.7230844796E+01      0.7230844796E+01     -0.3162468242E+00     -0.4399638569E-01
    0.7254139613E+01      0.7254139613E+01     -0.3052503172E+00     -0.5310382641E-01
    0.7272635322E+01      0.7272635322E+01     -0.2901265246E+00     -0.6205160379E-01
    0.7285920991E+01      0.7285920991E+01     -0.2706327279E+00     -0.7148498647E-01
    0.7293478317E+01      0.7293478317E+01     -0.2468381553E+00     -0.8154550530E-01
    0.7295478377E+01      0.7295478377E+01     -0.2200364185E+00     -0.9163686971E-01
    0.7293721454E+01      0.7293721454E+01     -0.1924545872E+00     -0.1014572096E+00
    0.7288429414E+01      0.7288429414E+01     -0.1637825045E+00     -0.1117055961E+00
    0.7280122590E+01      0.7280122590E+01     -0.1353511200E+00     -0.1216859689E+00
    0.7269352110E+01      0.7269352110E+01     -0.1080837160E+00     -0.1312550811E+00
    0.7256753496E+01      0.7256753496E+01     -0.8239216584E-01     -0.1408803176E+00
    0.7243067154E+01      0.7243067154E+01     -0.5908358976E-01     -0.1505752221E+00
    0.7229341276E+01      0.7229341276E+01     -0.3936655539E-01     -0.1601310189E+00
    0.7215832166E+01      0.7215832166E+01     -0.2440999907E-01     -0.1689431740E+00
    0.7204715280E+01      0.7204715280E+01     -0.1257697613E-01     -0.1771571230E+00
    0.7194303545E+01      0.7194303545E+01     -0.6674502440E-02     -0.1833503011E+00
    0.7188264820E+01      0.7188264820E+01     -0.1980059248E-02     -0.1904415053E+00
    0.7182625871E+01      0.7182625871E+01     -0.4540121204E-02     -0.1896558941E+00
    0.0000000000E+00      0.2000000000E+02      0.0000000000E+00      0.0000000000E+00
    0.7069380224E+01      0.7069380224E+01     -0.3329191906E+00      0.3651442615E-02
    0.7085912318E+01      0.7085912318E+01     -0.3372009072E+00      0.1132921913E-03
    0.7109723974E+01      0.7109723974E+01     -0.3380623511E+00     -0.3354907238E-02
    0.7139511917E+01      0.7139511917E+01     -0.3375538024E+00     -0.6155454647E-02
    0.7171675205E+01      0.7171675205E+01     -0.3350181582E+00     -0.8899301748E-02
    0.7202840294E+01      0.7202840294E+01     -0.3303196470E+00     -0.1175737272E-01
    0.7230878579E+01      0.7230878579E+01     -0.3233308173E+00     -0.1478692071E-01
    0.7254567122E+01      0.7254567122E+01     -0.3126886501E+00     -0.1770186918E-01
    0.7273418582E+01      0.7273418582E+01     -0.2976846774E+00     -0.2060367885E-01
    0.7286926993E+01      0.7286926993E+01     -0.2784224775E+00     -0.2374426921E-01
    0.7294554113E+01      0.7294554113E+01     -0.2552183797E+00     -0.2714941422E-01
    0.7296590842E+01      0.7296590842E+01     -0.2291618579E+00     -0.3051498882E-01
    0.7294820472E+01      0.7294820472E+01     -0.2023102276E+00     -0.3378787915E-01
    0.7289410906E+01      0.7289410906E+01     -0.1742996981E+00     -0.3723276218E-01
    0.7280914319E+01      0.7280914319E+01     -0.1462715322E+00     -0.4052828150E-01
    0.7270096863E+01      0.7270096863E+01     -0.1190761513E+00     -0.4366182250E-01
    0.7257434498E+01      0.7257434498E+01     -0.9311310178E-01     -0.4684060152E-01
    0.7243736766E+01      0.7243736766E+01     -0.6926137462E-01     -0.5003598097E-01
    0.7230102943E+01      0.7230102943E+01     -0.4868784295E-01     -0.5316459683E-01
    0.7216564785E+01      0.7216564785E+01     -0.3268954797E-01     -0.5605751921E-01
    0.7205668116E+01      0.7205668116E+01     -0.1916517932E-01     -0.5869451985E-01
    0.7195162617E+01      0.7195162617E+01     -0.1164889209E-01     -0.6074906987E-01
    0.7189804235E+01      0.7189804235E+01     -0.4898988664E-02     -0.6298085047E-01
    0.7183917085E+01      0.7183917085E+01     -0.5967056597E-02     -0.6278728759E-01
    0.0000000000E+00      0.2000000000E+02      0.0000000000E+00      0.0000000000E+00
