    0.6252504895E+01      0.6252504895E+01      0.5311361131E+01      0.7758066875E+00
    0.6322360754E+01      0.6322360754E+01      0.5144057587E+01      0.7510200931E+00
    0.6390348600E+01      0.6390348600E+01      0.4979524098E+01      0.7147848256E+00
    0.6454649228E+01      0.6454649228E+01      0.4820683656E+01      0.6687643818E+00
    0.6514329662E+01      0.6514329662E+01      0.4671224278E+01      0.6153507393E+00
    0.6567260575E+01      0.6567260575E+01      0.4531621325E+01      0.5561433256E+00
    0.6612227664E+01      0.6612227664E+01      0.4402139936E+01      0.4925044590E+00
    0.6651246871E+01      0.6651246871E+01      0.4285354962E+01      0.4261671020E+00
    0.6682882140E+01      0.6682882140E+01      0.4178639860E+01      0.3594599492E+00
    0.6707155839E+01      0.6707155839E+01      0.4081293513E+01      0.2931585649E+00
    0.6726705016E+01      0.6726705016E+01      0.3994484748E+01      0.2300858755E+00
    0.6740552116E+01      0.6740552116E+01      0.3914915695E+01      0.1673385568E+00
    0.6750556906E+01      0.6750556906E+01      0.3842673555E+01      0.1077225441E+00
    0.6754838462E+01      0.6754838462E+01      0.3773519295E+01      0.4965623690E-01
    0.6754629859E+01      0.6754629859E+01      0.3708710242E+01     -0.8180412954E-02
    0.6752181543E+01      0.6752181543E+01      0.3650380848E+01     -0.6430580802E-01
    0.6747516335E+01      0.6747516335E+01      0.3597607411E+01     -0.1207047585E+00
    0.6741160912E+01      0.6741160912E+01      0.3550170349E+01     -0.1746036543E+00
    0.6733759502E+01      0.6733759502E+01      0.3507748562E+01     -0.2270898277E+00
    0.6725749679E+01      0.6725749679E+01      0.3470205812E+01     -0.2753678271E+00
    0.6717343233E+01      0.6717343233E+01      0.3437350935E+01     -0.3210945638E+00
    0.6708538172E+01      0.6708538172E+01      0.3408651176E+01     -0.3621931139E+00
    0.6699318037E+01      0.6699318037E+01      0.3383316996E+01     -0.4017052270E+00
    0.6689982454E+01      0.6689982454E+01      0.3360573272E+01     -0.4372798113E+00
    0.6670060568E+01      0.6670060568E+01      0.3334340044E+01     -0.4890351249E+00
    0.6254825627E+01      0.6254825627E+01      0.5295995890E+01      0.9605202417E+00
    0.6330895496E+01      0.6330895496E+01      0.5111945814E+01      0.9321733591E+00
    0.6403983866E+01      0.6403983866E+01      0.4933735465E+01      0.8896852917E+00
    0.6472543652E+01      0.6472543652E+01      0.4764411258E+01      0.8354760479E+00
    0.6534956347E+01      0.6534956347E+01      0.4607089769E+01      0.7728966553E+00
    0.6589402191E+01      0.6589402191E+01      0.4462576144E+01      0.7042325689E+00
    0.6634894961E+01      0.6634894961E+01      0.4330626140E+01      0.6314356064E+00
    0.6673906031E+01      0.6673906031E+01      0.4213488559E+01      0.5566915885E+00
    0.6704791419E+01      0.6704791419E+01      0.4107165021E+01      0.4809657960E+00
    0.6728963868E+01      0.6728963868E+01      0.4012504454E+01      0.4061711944E+00
    0.6746957089E+01      0.6746957089E+01      0.3926941961E+01      0.3343641944E+00
    0.6759832246E+01      0.6759832246E+01      0.3849768000E+01      0.2639713678E+00
    0.6768688528E+01      0.6768688528E+01      0.3779651770E+01      0.1976127246E+00
    0.6771170639E+01      0.6771170639E+01      0.3712137130E+01      0.1324373323E+00
    0.6770245806E+01      0.6770245806E+01      0.3650399488E+01      0.6814426058E-01
    0.6767025383E+01      0.6767025383E+01      0.3594937839E+01      0.5867067221E-02
    0.6761712828E+01      0.6761712828E+01      0.3544939073E+01     -0.5606450090E-01
    0.6755055815E+01      0.6755055815E+01      0.3500155260E+01     -0.1142872942E+00
    0.6747721805E+01      0.6747721805E+01      0.3460276752E+01     -0.1701596078E+00
    0.6740091919E+01      0.6740091919E+01      0.3425039572E+01     -0.2212401593E+00
    0.6732241362E+01      0.6732241362E+01      0.3394135273E+01     -0.2694749221E+00
    0.6723926727E+01      0.6723926727E+01      0.3366911108E+01     -0.3126866272E+00
    0.6714863296E+01      0.6714863296E+01      0.3342497701E+01     -0.3544785521E+00
    0.6705259720E+01      0.6705259720E+01      0.3320171921E+01     -0.3927621308E+00
    0.6685137764E+01      0.6685137764E+01      0.3293806603E+01     -0.4488080765E+00
    0.6254146790E+01      0.6254146790E+01      0.5279253709E+01      0.1159289467E+01
    0.6337500242E+01      0.6337500242E+01      0.5075418709E+01      0.1125896319E+01
    0.6416876414E+01      0.6416876414E+01      0.4881090185E+01      0.1075261321E+01
    0.6490068637E+01      0.6490068637E+01      0.4699646003E+01      0.1010772133E+01
    0.6555204859E+01      0.6555204859E+01      0.4533573824E+01      0.9367615496E+00
    0.6611043982E+01      0.6611043982E+01      0.4383853862E+01      0.8565160068E+00
    0.6656943888E+01      0.6656943888E+01      0.4249309888E+01      0.7727799970E+00
    0.6695656241E+01      0.6695656241E+01      0.4131439646E+01      0.6879697212E+00
    0.6725980488E+01      0.6725980488E+01      0.4026744141E+01      0.6016485385E+00
    0.6749644029E+01      0.6749644029E+01      0.3934724965E+01      0.5172776155E+00
    0.6765880747E+01      0.6765880747E+01      0.3851235136E+01      0.4357675858E+00
    0.6778183739E+01      0.6778183739E+01      0.3777465691E+01      0.3576015728E+00
    0.6785529567E+01      0.6785529567E+01      0.3709712567E+01      0.2834398992E+00
    0.6786692931E+01      0.6786692931E+01      0.3645052149E+01      0.2109769325E+00
    0.6785173357E+01      0.6785173357E+01      0.3587121093E+01      0.1400608291E+00
    0.6781356776E+01      0.6781356776E+01      0.3535165857E+01      0.7185472465E-01
    0.6775732635E+01      0.6775732635E+01      0.3488527921E+01      0.5066653340E-02
    0.6769074330E+01      0.6769074330E+01      0.3446887354E+01     -0.5688607522E-01
    0.6762059425E+01      0.6762059425E+01      0.3409854545E+01     -0.1155662069E+00
    0.6754990582E+01      0.6754990582E+01      0.3377072492E+01     -0.1689786506E+00
    0.6747588048E+01      0.6747588048E+01      0.3348012716E+01     -0.2193268146E+00
    0.6739326197E+01      0.6739326197E+01      0.3321948363E+01     -0.2648053710E+00
    0.6729938070E+01      0.6729938070E+01      0.3298162813E+01     -0.3092614011E+00
    0.6719920995E+01      0.6719920995E+01      0.3276138655E+01     -0.3503188887E+00
    0.6699720920E+01      0.6699720920E+01      0.3249898514E+01     -0.4105020591E+00
    0.6249259501E+01      0.6249259501E+01      0.5258699819E+01      0.1378094410E+01
    0.6341773584E+01      0.6341773584E+01      0.5030787210E+01      0.1335162868E+01
    0.6428694749E+01      0.6428694749E+01      0.4818278124E+01      0.1272759806E+01
    0.6506731076E+01      0.6506731076E+01      0.4623411326E+01      0.1195479169E+01
    0.6574613917E+01      0.6574613917E+01      0.4448339337E+01      0.1107367004E+01
    0.6631608625E+01      0.6631608625E+01      0.4293608816E+01      0.1012995438E+01
    0.6677691966E+01      0.6677691966E+01      0.4157114835E+01      0.9160680108E+00
    0.6715615548E+01      0.6715615548E+01      0.4038786298E+01      0.8181291602E+00
    0.6745457530E+01      0.6745457530E+01      0.3936601190E+01      0.7196152719E+00
    0.6767942806E+01      0.6767942806E+01      0.3847073423E+01      0.6241259979E+00
    0.6783109518E+01      0.6783109518E+01      0.3766800187E+01      0.5328735353E+00
    0.6794840123E+01      0.6794840123E+01      0.3697056270E+01      0.4466021861E+00
    0.6800952893E+01      0.6800952893E+01      0.3632599385E+01      0.3642859277E+00
    0.6801439601E+01      0.6801439601E+01      0.3572188638E+01      0.2845744288E+00
    0.6799586037E+01      0.6799586037E+01      0.3518839683E+01      0.2072228004E+00
    0.6795494056E+01      0.6795494056E+01      0.3471105494E+01      0.1336719638E+00
    0.6789801397E+01      0.6789801397E+01      0.3428312848E+01      0.6271229575E-01
    0.6783417951E+01      0.6783417951E+01      0.3390205506E+01     -0.2308897283E-02
    0.6776908536E+01      0.6776908536E+01      0.3356331069E+01     -0.6321866358E-01
    0.6770163946E+01      0.6770163946E+01      0.3326034038E+01     -0.1185796442E+00
    0.6762649458E+01      0.6762649458E+01      0.3298523286E+01     -0.1712419312E+00
    0.6753976637E+01      0.6753976637E+01      0.3273286263E+01     -0.2192895540E+00
    0.6744113939E+01      0.6744113939E+01      0.3250055773E+01     -0.2664359861E+00
    0.6733786201E+01      0.6733786201E+01      0.3228429473E+01     -0.3101184874E+00
    0.6713823671E+01      0.6713823671E+01      0.3202731589E+01     -0.3741166635E+00
    0.6243098560E+01      0.6243098560E+01      0.5245675338E+01      0.1619733227E+01
    0.6345044474E+01      0.6345044474E+01      0.4985336669E+01      0.1564177853E+01
    0.6439422145E+01      0.6439422145E+01      0.4748460629E+01      0.1486546322E+01
    0.6522072239E+01      0.6522072239E+01      0.4536176529E+01      0.1391802507E+01
    0.6592829680E+01      0.6592829680E+01      0.4350856392E+01      0.1285641757E+01
    0.6650781806E+01      0.6650781806E+01      0.4190130150E+01      0.1174080119E+01
    0.6696885434E+01      0.6696885434E+01      0.4050970237E+01      0.1060941906E+01
    0.6734634632E+01      0.6734634632E+01      0.3933747572E+01      0.9469980129E+00
    0.6763856308E+01      0.6763856308E+01      0.3834879042E+01      0.8347067322E+00
    0.6785157040E+01      0.6785157040E+01      0.3749406840E+01      0.7271541991E+00
    0.6799518807E+01      0.6799518807E+01      0.3673975718E+01      0.6255939057E+00
    0.6810447052E+01      0.6810447052E+01      0.3609128886E+01      0.5306316118E+00
    0.6815625403E+01      0.6815625403E+01      0.3549465267E+01      0.4399213266E+00
    0.6815777458E+01      0.6815777458E+01      0.3494590274E+01      0.3529825131E+00
    0.6813780236E+01      0.6813780236E+01      0.3446610094E+01      0.2695512485E+00
    0.6809735429E+01      0.6809735429E+01      0.3403843942E+01      0.1912854596E+00
    0.6804352179E+01      0.6804352179E+01      0.3365496245E+01      0.1169186539E+00
    0.6798301681E+01      0.6798301681E+01      0.3331151636E+01      0.4953959350E-01
    0.6791810745E+01      0.6791810745E+01      0.3300177545E+01     -0.1349608632E-01
    0.6784670196E+01      0.6784670196E+01      0.3271842769E+01     -0.7107617001E-01
    0.6776611638E+01      0.6776611638E+01      0.3245499208E+01     -0.1260550263E+00
    0.6767445550E+01      0.6767445550E+01      0.3221013855E+01     -0.1765585465E+00
    0.6757273964E+01      0.6757273964E+01      0.3198453323E+01     -0.2260923051E+00
    0.6746917260E+01      0.6746917260E+01      0.3177594532E+01     -0.2720909303E+00
    0.6727577667E+01      0.6727577667E+01      0.3152986876E+01     -0.3394645209E+00
    0.6226730841E+01      0.6226730841E+01      0.5197790091E+01      0.1886161186E+01
    0.6343096812E+01      0.6343096812E+01      0.4913854916E+01      0.1814017981E+01
    0.6446909069E+01      0.6446909069E+01      0.4656239829E+01      0.1715916584E+01
    0.6535131853E+01      0.6535131853E+01      0.4429083739E+01      0.1599304134E+01
    0.6609060892E+01      0.6609060892E+01      0.4235170934E+01      0.1471149969E+01
    0.6667814829E+01      0.6667814829E+01      0.4068856875E+01      0.1338697256E+01
    0.6714636450E+01      0.6714636450E+01      0.3928834389E+01      0.1205179534E+01
    0.6752180577E+01      0.6752180577E+01      0.3815261472E+01      0.1072040468E+01
    0.6780611811E+01      0.6780611811E+01      0.3721390757E+01      0.9441497869E+00
    0.6800952750E+01      0.6800952750E+01      0.3641475065E+01      0.8239693416E+00
    0.6814659633E+01      0.6814659633E+01      0.3572275967E+01      0.7119202602E+00
    0.6824939571E+01      0.6824939571E+01      0.3513630447E+01      0.6080767468E+00
    0.6829714141E+01      0.6829714141E+01      0.3460548593E+01      0.5092939712E+00
    0.6829840109E+01      0.6829840109E+01      0.3412168391E+01      0.4156520328E+00
    0.6827990382E+01      0.6827990382E+01      0.3370286345E+01      0.3268882688E+00
    0.6824222884E+01      0.6824222884E+01      0.3333029698E+01      0.2447440816E+00
    0.6819016285E+01      0.6819016285E+01      0.3299287111E+01      0.1675172103E+00
    0.6812776197E+01      0.6812776197E+01      0.3268494489E+01      0.9778120365E-01
    0.6805760784E+01      0.6805760784E+01      0.3240087560E+01      0.3256080395E-01
    0.6797946865E+01      0.6797946865E+01      0.3213581235E+01     -0.2698834609E-01
    0.6789281193E+01      0.6789281193E+01      0.3188519198E+01     -0.8398626556E-01
    0.6779792611E+01      0.6779792611E+01      0.3165013336E+01     -0.1366024375E+00
    0.6769433052E+01      0.6769433052E+01      0.3143263901E+01     -0.1883460966E+00
    0.6759318276E+01      0.6759318276E+01      0.3123754836E+01     -0.2363094095E+00
    0.6741055396E+01      0.6741055396E+01      0.3100849589E+01     -0.3064329645E+00
    0.6213586773E+01      0.6213586773E+01      0.5087453318E+01      0.2149385199E+01
    0.6342124862E+01      0.6342124862E+01      0.4802033971E+01      0.2071755663E+01
    0.6452533426E+01      0.6452533426E+01      0.4531262820E+01      0.1956442657E+01
    0.6546359778E+01      0.6546359778E+01      0.4294277875E+01      0.1815692375E+01
    0.6623299380E+01      0.6623299380E+01      0.4093222101E+01      0.1662206623E+01
    0.6683385215E+01      0.6683385215E+01      0.3923618659E+01      0.1504869487E+01
    0.6731390083E+01      0.6731390083E+01      0.3787040146E+01      0.1345866888E+01
    0.6768754508E+01      0.6768754508E+01      0.3680514294E+01      0.1190779838E+01
    0.6796686744E+01      0.6796686744E+01      0.3595254684E+01      0.1046544521E+01
    0.6816068910E+01      0.6816068910E+01      0.3523554851E+01      0.9134137097E+00
    0.6829058521E+01      0.6829058521E+01      0.3462625507E+01      0.7906906554E+00
    0.6838950361E+01      0.6838950361E+01      0.3412169380E+01      0.6780951933E+00
    0.6843545551E+01      0.6843545551E+01      0.3367185387E+01      0.5718031781E+00
    0.6843734536E+01      0.6843734536E+01      0.3326249727E+01      0.4720618616E+00
    0.6842038913E+01      0.6842038913E+01      0.3290994120E+01      0.3786555212E+00
    0.6838349683E+01      0.6838349683E+01      0.3259382783E+01      0.2931909053E+00
    0.6832912627E+01      0.6832912627E+01      0.3230095660E+01      0.2134233902E+00
    0.6826148973E+01      0.6826148973E+01      0.3202596149E+01      0.1416080014E+00
    0.6818406513E+01      0.6818406513E+01      0.3176598544E+01      0.7451943818E-01
    0.6809926608E+01      0.6809926608E+01      0.3151976901E+01      0.1337530103E-01
    0.6800788571E+01      0.6800788571E+01      0.3128601250E+01     -0.4516790166E-01
    0.6791154234E+01      0.6791154234E+01      0.3106574736E+01     -0.9946747320E-01
    0.6780854293E+01      0.6780854293E+01      0.3086076313E+01     -0.1531068141E+00
    0.6771259073E+01      0.6771259073E+01      0.3068248074E+01     -0.2026172907E+00
    0.6754385533E+01      0.6754385533E+01      0.3047368347E+01     -0.2748377289E+00
    0.6196092898E+01      0.6196092898E+01      0.4871487028E+01      0.2393845644E+01
    0.6339607108E+01      0.6339607108E+01      0.4617646576E+01      0.2324076447E+01
    0.6458486520E+01      0.6458486520E+01      0.4359313547E+01      0.2199728553E+01
    0.6556837233E+01      0.6556837233E+01      0.4123119441E+01      0.2037104847E+01
    0.6636454775E+01      0.6636454775E+01      0.3919711508E+01      0.1856044915E+01
    0.6698371015E+01      0.6698371015E+01      0.3752279532E+01      0.1668517809E+01
    0.6747567852E+01      0.6747567852E+01      0.3624828747E+01      0.1478465644E+01
    0.6784976376E+01      0.6784976376E+01      0.3530036461E+01      0.1299845666E+01
    0.6812674576E+01      0.6812674576E+01      0.3456681212E+01      0.1139253788E+01
    0.6830658465E+01      0.6830658465E+01      0.3394991059E+01      0.9931358151E+00
    0.6843473110E+01      0.6843473110E+01      0.3344613719E+01      0.8605001177E+00
    0.6853475864E+01      0.6853475864E+01      0.3304606678E+01      0.7397448997E+00
    0.6857850251E+01      0.6857850251E+01      0.3268792795E+01      0.6269568488E+00
    0.6857934184E+01      0.6857934184E+01      0.3236118757E+01      0.5220969475E+00
    0.6855995087E+01      0.6855995087E+01      0.3207813205E+01      0.4248004514E+00
    0.6851856646E+01      0.6851856646E+01      0.3181690926E+01      0.3364234666E+00
    0.6845786471E+01      0.6845786471E+01      0.3156717238E+01      0.2544119474E+00
    0.6838244189E+01      0.6838244189E+01      0.3132582663E+01      0.1808381540E+00
    0.6829797658E+01      0.6829797658E+01      0.3109318933E+01      0.1122716010E+00
    0.6820775477E+01      0.6820775477E+01      0.3087008339E+01      0.4987334848E-01
    0.6811195159E+01      0.6811195159E+01      0.3065679968E+01     -0.1000540942E-01
    0.6801575540E+01      0.6801575540E+01      0.3045752272E+01     -0.6555644444E-01
    0.6791665875E+01      0.6791665875E+01      0.3027236753E+01     -0.1204246582E+00
    0.6782882482E+01      0.6782882482E+01      0.3011467636E+01     -0.1709311329E+00
    0.6767685299E+01      0.6767685299E+01      0.2992909213E+01     -0.2444999408E+00
    0.6171752379E+01      0.6171752379E+01      0.4520288630E+01      0.2589244380E+01
    0.6331805477E+01      0.6331805477E+01      0.4322681895E+01      0.2544747652E+01
    0.6464708701E+01      0.6464708701E+01      0.4112290733E+01      0.2430324583E+01
    0.6569192599E+01      0.6569192599E+01      0.3900973144E+01      0.2253485692E+01
    0.6650422587E+01      0.6650422587E+01      0.3708818103E+01      0.2045524645E+01
    0.6713695100E+01      0.6713695100E+01      0.3553409379E+01      0.1822802671E+01
    0.6763391119E+01      0.6763391119E+01      0.3442322897E+01      0.1597021693E+01
    0.6800377242E+01      0.6800377242E+01      0.3364686381E+01      0.1394702800E+01
    0.6827274774E+01      0.6827274774E+01      0.3306482680E+01      0.1218102174E+01
    0.6844362112E+01      0.6844362112E+01      0.3258432838E+01      0.1060491251E+01
    0.6857288116E+01      0.6857288116E+01      0.3221532541E+01      0.9189004958E+00
    0.6867093486E+01      0.6867093486E+01      0.3193082482E+01      0.7905657998E+00
    0.6870677059E+01      0.6870677059E+01      0.3166572128E+01      0.6719721530E+00
    0.6870343387E+01      0.6870343387E+01      0.3142322570E+01      0.5630322230E+00
    0.6867959297E+01      0.6867959297E+01      0.3120825551E+01      0.4631225203E+00
    0.6863341314E+01      0.6863341314E+01      0.3100238115E+01      0.3728644070E+00
    0.6856750143E+01      0.6856750143E+01      0.3079866247E+01      0.2894867150E+00
    0.6848748686E+01      0.6848748686E+01      0.3059577525E+01      0.2147922162E+00
    0.6839802067E+01      0.6839802067E+01      0.3039554849E+01      0.1452928069E+00
    0.6830368594E+01      0.6830368594E+01      0.3020081389E+01      0.8198041008E-01
    0.6820618758E+01      0.6820618758E+01      0.3001286259E+01      0.2129596773E-01
    0.6811519332E+01      0.6811519332E+01      0.2984291627E+01     -0.3484127782E-01
    0.6802396026E+01      0.6802396026E+01      0.2968287911E+01     -0.9002705241E-01
    0.6794535195E+01      0.6794535195E+01      0.2954545274E+01     -0.1409795372E+00
    0.6781138104E+01      0.6781138104E+01      0.2938194279E+01     -0.2152953143E+00
    0.6149131081E+01      0.6149131081E+01      0.4061194459E+01      0.2727476760E+01
    0.6319425842E+01      0.6319425842E+01      0.3920478827E+01      0.2705436646E+01
    0.6463123812E+01      0.6463123812E+01      0.3768874745E+01      0.2615227263E+01
    0.6580727067E+01      0.6580727067E+01      0.3609728437E+01      0.2444604819E+01
    0.6665650776E+01      0.6665650776E+01      0.3451675630E+01      0.2217172212E+01
    0.6731079063E+01      0.6731079063E+01      0.3325269360E+01      0.1957499819E+01
    0.6780994794E+01      0.6780994794E+01      0.3240576137E+01      0.1695781268E+01
    0.6817468829E+01      0.6817468829E+01      0.3185866735E+01      0.1472651197E+01
    0.6843079927E+01      0.6843079927E+01      0.3145805076E+01      0.1282136185E+01
    0.6859308933E+01      0.6859308933E+01      0.3113934096E+01      0.1114178069E+01
    0.6872547323E+01      0.6872547323E+01      0.3092392217E+01      0.9655749577E+00
    0.6881338352E+01      0.6881338352E+01      0.3076114147E+01      0.8315029507E+00
    0.6883823849E+01      0.6883823849E+01      0.3059508142E+01      0.7085350628E+00
    0.6882904165E+01      0.6882904165E+01      0.3044387201E+01      0.5971689536E+00
    0.6879448365E+01      0.6879448365E+01      0.3030313229E+01      0.4953277806E+00
    0.6873837791E+01      0.6873837791E+01      0.3015434434E+01      0.4035957993E+00
    0.6866469626E+01      0.6866469626E+01      0.2999800257E+01      0.3191459506E+00
    0.6857900420E+01      0.6857900420E+01      0.2983521564E+01      0.2435943718E+00
    0.6848552198E+01      0.6848552198E+01      0.2967068210E+01      0.1732812526E+00
    0.6838883590E+01      0.6838883590E+01      0.2950851771E+01      0.1095180320E+00
    0.6829621724E+01      0.6829621724E+01      0.2935604609E+01      0.4889886571E-01
    0.6821291658E+01      0.6821291658E+01      0.2921890898E+01     -0.7145748296E-02
    0.6813374866E+01      0.6813374866E+01      0.2909217409E+01     -0.6194214998E-01
    0.6806483103E+01      0.6806483103E+01      0.2897974379E+01     -0.1126797724E+00
    0.6794937642E+01      0.6794937642E+01      0.2883810425E+01     -0.1871024852E+00
    0.6141274664E+01      0.6141274664E+01      0.3524156465E+01      0.2825991202E+01
    0.6314952192E+01      0.6314952192E+01      0.3437277850E+01      0.2817490920E+01
    0.6463848849E+01      0.6463848849E+01      0.3345369114E+01      0.2746496357E+01
    0.6587986177E+01      0.6587986177E+01      0.3248978351E+01      0.2587098532E+01
    0.6679119832E+01      0.6679119832E+01      0.3148221597E+01      0.2348104295E+01
    0.6746601823E+01      0.6746601823E+01      0.3069928668E+01      0.2056986878E+01
    0.6795497263E+01      0.6795497263E+01      0.3022078168E+01      0.1765125232E+01
    0.6831396342E+01      0.6831396342E+01      0.2995536354E+01      0.1526544848E+01
    0.6855479805E+01      0.6855479805E+01      0.2976817025E+01      0.1325576849E+01
    0.6871833485E+01      0.6871833485E+01      0.2964409842E+01      0.1150502374E+01
    0.6884798402E+01      0.6884798402E+01      0.2958825815E+01      0.9960266658E+00
    0.6891882677E+01      0.6891882677E+01      0.2954623709E+01      0.8578500760E+00
    0.6893669398E+01      0.6893669398E+01      0.2948479272E+01      0.7325260660E+00
    0.6891894863E+01      0.6891894863E+01      0.2942230715E+01      0.6199047131E+00
    0.6887897645E+01      0.6887897645E+01      0.2935174082E+01      0.5178417192E+00
    0.6881825124E+01      0.6881825124E+01      0.2926562711E+01      0.4264365946E+00
    0.6874160827E+01      0.6874160827E+01      0.2916557693E+01      0.3422441778E+00
    0.6865576253E+01      0.6865576253E+01      0.2905261514E+01      0.2668036608E+00
    0.6856325585E+01      0.6856325585E+01      0.2893143605E+01      0.1964743146E+00
    0.6847172215E+01      0.6847172215E+01      0.2881047958E+01      0.1330481153E+00
    0.6838713726E+01      0.6838713726E+01      0.2869614773E+01      0.7308825540E-01
    0.6831388409E+01      0.6831388409E+01      0.2859321176E+01      0.1761691002E-01
    0.6824684315E+01      0.6824684315E+01      0.2849748557E+01     -0.3617293641E-01
    0.6818371254E+01      0.6818371254E+01      0.2840470158E+01     -0.8649438051E-01
    0.6808154117E+01      0.6808154117E+01      0.2827796116E+01     -0.1610426425E+00
    0.6147883195E+01      0.6147883195E+01      0.2934720996E+01      0.2886815386E+01
    0.6321614392E+01      0.6321614392E+01      0.2899190334E+01      0.2882349990E+01
    0.6472877546E+01      0.6472877546E+01      0.2864861146E+01      0.2822432436E+01
    0.6601997271E+01      0.6601997271E+01      0.2835993925E+01      0.2672966044E+01
    0.6699005550E+01      0.6699005550E+01      0.2809474559E+01      0.2427360638E+01
    0.6767112918E+01      0.6767112918E+01      0.2794540398E+01      0.2116035625E+01
    0.6815242151E+01      0.6815242151E+01      0.2792568376E+01      0.1807921247E+01
    0.6848286996E+01      0.6848286996E+01      0.2796024439E+01      0.1559502590E+01
    0.6871050545E+01      0.6871050545E+01      0.2801943578E+01      0.1352449691E+01
    0.6887017456E+01      0.6887017456E+01      0.2809439373E+01      0.1173198318E+01
    0.6898527222E+01      0.6898527222E+01      0.2819133986E+01      0.1015227108E+01
    0.6903959895E+01      0.6903959895E+01      0.2826488812E+01      0.8748701792E+00
    0.6903972485E+01      0.6903972485E+01      0.2830833167E+01      0.7489289555E+00
    0.6901444458E+01      0.6901444458E+01      0.2834405765E+01      0.6362130720E+00
    0.6896284063E+01      0.6896284063E+01      0.2835612737E+01      0.5339420949E+00
    0.6889199128E+01      0.6889199128E+01      0.2834355039E+01      0.4428025613E+00
    0.6881131851E+01      0.6881131851E+01      0.2830675462E+01      0.3594727937E+00
    0.6872556006E+01      0.6872556006E+01      0.2824967425E+01      0.2846974542E+00
    0.6863745109E+01      0.6863745109E+01      0.2817897159E+01      0.2152526707E+00
    0.6855382955E+01      0.6855382955E+01      0.2810275227E+01      0.1526903519E+00
    0.6848018140E+01      0.6848018140E+01      0.2803235588E+01      0.9395037344E-01
    0.6841725215E+01      0.6841725215E+01      0.2797197777E+01      0.3950061975E-01
    0.6835673472E+01      0.6835673472E+01      0.2791209017E+01     -0.1341376827E-01
    0.6829974214E+01      0.6829974214E+01      0.2784713463E+01     -0.6270633239E-01
    0.6821008828E+01      0.6821008828E+01      0.2773929768E+01     -0.1369273477E+00
    0.6161033644E+01      0.6161033644E+01      0.2321071817E+01      0.2908424555E+01
    0.6329701395E+01      0.6329701395E+01      0.2340906124E+01      0.2905064728E+01
    0.6476855686E+01      0.6476855686E+01      0.2368642465E+01      0.2843126955E+01
    0.6599814256E+01      0.6599814256E+01      0.2405005982E+01      0.2686806746E+01
    0.6695764426E+01      0.6695764426E+01      0.2446472611E+01      0.2430469924E+01
    0.6767242128E+01      0.6767242128E+01      0.2493384923E+01      0.2108610974E+01
    0.6815957592E+01      0.6815957592E+01      0.2540165494E+01      0.1802681458E+01
    0.6851176286E+01      0.6851176286E+01      0.2580815305E+01      0.1555545661E+01
    0.6874798434E+01      0.6874798434E+01      0.2614023551E+01      0.1350191489E+01
    0.6891680552E+01      0.6891680552E+01      0.2643376368E+01      0.1171391790E+01
    0.6903397687E+01      0.6903397687E+01      0.2669531937E+01      0.1014266879E+01
    0.6907766072E+01      0.6907766072E+01      0.2687975879E+01      0.8748408814E+00
    0.6907558157E+01      0.6907558157E+01      0.2701669693E+01      0.7502274561E+00
    0.6904994267E+01      0.6904994267E+01      0.2713572183E+01      0.6392501291E+00
    0.6900179894E+01      0.6900179894E+01      0.2723217909E+01      0.5383457369E+00
    0.6893861304E+01      0.6893861304E+01      0.2730508985E+01      0.4496807771E+00
    0.6886242403E+01      0.6886242403E+01      0.2735229796E+01      0.3689476883E+00
    0.6878274757E+01      0.6878274757E+01      0.2736867881E+01      0.2959884107E+00
    0.6870286079E+01      0.6870286079E+01      0.2736671601E+01      0.2286126625E+00
    0.6863237368E+01      0.6863237368E+01      0.2735791368E+01      0.1677727862E+00
    0.6856969379E+01      0.6856969379E+01      0.2734370450E+01      0.1104590931E+00
    0.6851355993E+01      0.6851355993E+01      0.2732432943E+01      0.5705904335E-01
    0.6846154247E+01      0.6846154247E+01      0.2729987046E+01      0.5621772028E-02
    0.6840948588E+01      0.6840948588E+01      0.2726698643E+01     -0.4239359011E-01
    0.6833292777E+01      0.6833292777E+01      0.2718360539E+01     -0.1151292855E+00
    0.6187865317E+01      0.6187865317E+01      0.1681369210E+01      0.2879032123E+01
    0.6356485448E+01      0.6356485448E+01      0.1763835381E+01      0.2864904633E+01
    0.6504777592E+01      0.6504777592E+01      0.1858595747E+01      0.2786886637E+01
    0.6626743414E+01      0.6626743414E+01      0.1964943191E+01      0.2617890634E+01
    0.6720344268E+01      0.6720344268E+01      0.2078427424E+01      0.2354982896E+01
    0.6790852554E+01      0.6790852554E+01      0.2194328237E+01      0.2035415237E+01
    0.6834859031E+01      0.6834859031E+01      0.2289178734E+01      0.1748428202E+01
    0.6866223771E+01      0.6866223771E+01      0.2364645150E+01      0.1515945979E+01
    0.6887524285E+01      0.6887524285E+01      0.2425194785E+01      0.1319585442E+01
    0.6902276019E+01      0.6902276019E+01      0.2476855459E+01      0.1147566039E+01
    0.6911481347E+01      0.6911481347E+01      0.2520235246E+01      0.9961978603E+00
    0.6913658163E+01      0.6913658163E+01      0.2552747676E+01      0.8610931185E+00
    0.6912446641E+01      0.6912446641E+01      0.2579154506E+01      0.7406170708E+00
    0.6909083102E+01      0.6909083102E+01      0.2600221297E+01      0.6332906309E+00
    0.6903769323E+01      0.6903769323E+01      0.2616196268E+01      0.5357154116E+00
    0.6897244625E+01      0.6897244625E+01      0.2628007941E+01      0.4495762562E+00
    0.6890328788E+01      0.6890328788E+01      0.2637183637E+01      0.3716566859E+00
    0.6883793492E+01      0.6883793492E+01      0.2645951765E+01      0.3013552924E+00
    0.6877111878E+01      0.6877111878E+01      0.2653545817E+01      0.2364834806E+00
    0.6871256566E+01      0.6871256566E+01      0.2659935223E+01      0.1778310909E+00
    0.6865845031E+01      0.6865845031E+01      0.2664745173E+01      0.1227200904E+00
    0.6860787959E+01      0.6860787959E+01      0.2667546731E+01      0.7112104541E-01
    0.6855513152E+01      0.6855513152E+01      0.2668188698E+01      0.2050991793E-01
    0.6850849795E+01      0.6850849795E+01      0.2667208309E+01     -0.2632427662E-01
    0.6844370394E+01      0.6844370394E+01      0.2661043120E+01     -0.9639569178E-01
    0.6237991246E+01      0.6237991246E+01      0.1058587784E+01      0.2789061951E+01
    0.6398282741E+01      0.6398282741E+01      0.1210675413E+01      0.2768790152E+01
    0.6537605003E+01      0.6537605003E+01      0.1375055284E+01      0.2677415175E+01
    0.6652017644E+01      0.6652017644E+01      0.1551791721E+01      0.2492791301E+01
    0.6741995155E+01      0.6741995155E+01      0.1739981554E+01      0.2222441876E+01
    0.6807713663E+01      0.6807713663E+01      0.1913899597E+01      0.1920197078E+01
    0.6848156177E+01      0.6848156177E+01      0.2048137562E+01      0.1663335553E+01
    0.6877236260E+01      0.6877236260E+01      0.2154408978E+01      0.1450367817E+01
    0.6896857541E+01      0.6896857541E+01      0.2240775942E+01      0.1266495872E+01
    0.6910271151E+01      0.6910271151E+01      0.2313986141E+01      0.1104523349E+01
    0.6917533371E+01      0.6917533371E+01      0.2374333965E+01      0.9611939991E+00
    0.6918289342E+01      0.6918289342E+01      0.2421480941E+01      0.8330688581E+00
    0.6916421022E+01      0.6916421022E+01      0.2461065513E+01      0.7192274082E+00
    0.6912413109E+01      0.6912413109E+01      0.2493266261E+01      0.6177937873E+00
    0.6906870437E+01      0.6906870437E+01      0.2518947892E+01      0.5256574163E+00
    0.6900678094E+01      0.6900678094E+01      0.2539182604E+01      0.4438332229E+00
    0.6894340342E+01      0.6894340342E+01      0.2555286334E+01      0.3688725583E+00
    0.6888406647E+01      0.6888406647E+01      0.2568575510E+01      0.3009750015E+00
    0.6882985718E+01      0.6882985718E+01      0.2579960757E+01      0.2384392356E+00
    0.6878129920E+01      0.6878129920E+01      0.2590712758E+01      0.1817955801E+00
    0.6873222803E+01      0.6873222803E+01      0.2600039954E+01      0.1290725988E+00
    0.6868659439E+01      0.6868659439E+01      0.2607177711E+01      0.8007074552E-01
    0.6864091601E+01      0.6864091601E+01      0.2611233240E+01      0.3224395498E-01
    0.6859828223E+01      0.6859828223E+01      0.2612369991E+01     -0.1366373357E-01
    0.6854162117E+01      0.6854162117E+01      0.2607962947E+01     -0.8029709226E-01
    0.6301216971E+01      0.6301216971E+01      0.4797459382E+00      0.2635624490E+01
    0.6452950216E+01      0.6452950216E+01      0.7120638895E+00      0.2601281327E+01
    0.6582652454E+01      0.6582652454E+01      0.9566878798E+00      0.2488265947E+01
    0.6687466631E+01      0.6687466631E+01      0.1213116814E+01      0.2287351559E+01
    0.6772480572E+01      0.6772480572E+01      0.1467275524E+01      0.2030438058E+01
    0.6827716762E+01      0.6827716762E+01      0.1675535237E+01      0.1767630574E+01
    0.6863499581E+01      0.6863499581E+01      0.1835904786E+01      0.1547682948E+01
    0.6889200007E+01      0.6889200007E+01      0.1965342359E+01      0.1358523515E+01
    0.6906281964E+01      0.6906281964E+01      0.2071914221E+01      0.1191169831E+01
    0.6917779568E+01      0.6917779568E+01      0.2162162285E+01      0.1042634581E+01
    0.6922874533E+01      0.6922874533E+01      0.2235976358E+01      0.9099797193E+00
    0.6922645113E+01      0.6922645113E+01      0.2295925513E+01      0.7913355647E+00
    0.6920259225E+01      0.6920259225E+01      0.2346906503E+01      0.6857443874E+00
    0.6916068865E+01      0.6916068865E+01      0.2389641691E+01      0.5912214268E+00
    0.6910669319E+01      0.6910669319E+01      0.2425344339E+01      0.5055405200E+00
    0.6904820991E+01      0.6904820991E+01      0.2454996652E+01      0.4293427776E+00
    0.6898919114E+01      0.6898919114E+01      0.2479651449E+01      0.3593092034E+00
    0.6893494424E+01      0.6893494424E+01      0.2500252929E+01      0.2955424915E+00
    0.6888440507E+01      0.6888440507E+01      0.2517167288E+01      0.2360945449E+00
    0.6883641354E+01      0.6883641354E+01      0.2530873528E+01      0.1812458026E+00
    0.6879156364E+01      0.6879156364E+01      0.2542367164E+01      0.1307979718E+00
    0.6875054727E+01      0.6875054727E+01      0.2551876756E+01      0.8437316793E-01
    0.6871094538E+01      0.6871094538E+01      0.2558355153E+01      0.3991951382E-01
    0.6867866908E+01      0.6867866908E+01      0.2561881408E+01     -0.3875778641E-02
    0.6862739071E+01      0.6862739071E+01      0.2559458232E+01     -0.6633112827E-01
    0.6377365508E+01      0.6377365508E+01      0.2535927625E-01      0.2408982809E+01
    0.6514193485E+01      0.6514193485E+01      0.3361674197E+00      0.2355162810E+01
    0.6630073804E+01      0.6630073804E+01      0.6600521301E+00      0.2224303135E+01
    0.6726981973E+01      0.6726981973E+01      0.9782580143E+00      0.2030484972E+01
    0.6798821001E+01      0.6798821001E+01      0.1256642755E+01      0.1810203073E+01
    0.6845581835E+01      0.6845581835E+01      0.1479127879E+01      0.1595615019E+01
    0.6877401397E+01      0.6877401397E+01      0.1654512055E+01      0.1410981285E+01
    0.6899981357E+01      0.6899981357E+01      0.1799707131E+01      0.1246293262E+01
    0.6914477854E+01      0.6914477854E+01      0.1920894540E+01      0.1097600458E+01
    0.6923857442E+01      0.6923857442E+01      0.2023909609E+01      0.9647511334E+00
    0.6927171760E+01      0.6927171760E+01      0.2108867046E+01      0.8448528481E+00
    0.6926389379E+01      0.6926389379E+01      0.2180051872E+01      0.7373712068E+00
    0.6923691379E+01      0.6923691379E+01      0.2241191277E+01      0.6413014324E+00
    0.6919533151E+01      0.6919533151E+01      0.2293324229E+01      0.5549879650E+00
    0.6914522068E+01      0.6914522068E+01      0.2337874329E+01      0.4766212243E+00
    0.6909209588E+01      0.6909209588E+01      0.2375982882E+01      0.4067087214E+00
    0.6903843029E+01      0.6903843029E+01      0.2408521494E+01      0.3424415819E+00
    0.6898750902E+01      0.6898750902E+01      0.2436087414E+01      0.2838793723E+00
    0.6893784700E+01      0.6893784700E+01      0.2458743201E+01      0.2289438710E+00
    0.6888980204E+01      0.6888980204E+01      0.2476636913E+01      0.1779305097E+00
    0.6884323848E+01      0.6884323848E+01      0.2490055347E+01      0.1299089171E+00
    0.6880527266E+01      0.6880527266E+01      0.2500992779E+01      0.8589788698E-01
    0.6877213523E+01      0.6877213523E+01      0.2509403751E+01      0.4419233669E-01
    0.6875098876E+01      0.6875098876E+01      0.2515196227E+01      0.3714609790E-02
    0.6870550679E+01      0.6870550679E+01      0.2514760708E+01     -0.5381750816E-01
    0.6450607845E+01      0.6450607845E+01     -0.2482879141E+00      0.2114947609E+01
    0.6575276659E+01      0.6575276659E+01      0.1306961560E+00      0.2047102806E+01
    0.6680137019E+01      0.6680137019E+01      0.4956243676E+00      0.1921441023E+01
    0.6760297994E+01      0.6760297994E+01      0.8207055353E+00      0.1759237776E+01
    0.6819510636E+01      0.6819510636E+01      0.1094082666E+01      0.1582700908E+01
    0.6860914744E+01      0.6860914744E+01      0.1318034194E+01      0.1413410137E+01
    0.6889024584E+01      0.6889024584E+01      0.1500959012E+01      0.1259900409E+01
    0.6908952556E+01      0.6908952556E+01      0.1656300673E+01      0.1119077930E+01
    0.6921189530E+01      0.6921189530E+01      0.1787516273E+01      0.9902375820E+00
    0.6928592729E+01      0.6928592729E+01      0.1899634516E+01      0.8741921930E+00
    0.6930765711E+01      0.6930765711E+01      0.1993654897E+01      0.7685612289E+00
    0.6929786301E+01      0.6929786301E+01      0.2073941927E+01      0.6733048089E+00
    0.6927162935E+01      0.6927162935E+01      0.2143628115E+01      0.5875721630E+00
    0.6923315532E+01      0.6923315532E+01      0.2203826663E+01      0.5101937668E+00
    0.6918738001E+01      0.6918738001E+01      0.2255961085E+01      0.4397838123E+00
    0.6913848859E+01      0.6913848859E+01      0.2301239694E+01      0.3767917967E+00
    0.6908832933E+01      0.6908832933E+01      0.2340579271E+01      0.3187623736E+00
    0.6903800351E+01      0.6903800351E+01      0.2374373880E+01      0.2656861724E+00
    0.6898713471E+01      0.6898713471E+01      0.2402782889E+01      0.2158510590E+00
    0.6893585124E+01      0.6893585124E+01      0.2425610546E+01      0.1697090178E+00
    0.6889038245E+01      0.6889038245E+01      0.2443350997E+01      0.1261585107E+00
    0.6885321319E+01      0.6885321319E+01      0.2456387675E+01      0.8474918177E-01
    0.6882616956E+01      0.6882616956E+01      0.2466430266E+01      0.4567160313E-01
    0.6881344013E+01      0.6881344013E+01      0.2474139616E+01      0.9144877747E-02
    0.6877407540E+01      0.6877407540E+01      0.2475509489E+01     -0.4293303863E-01
    0.6521833364E+01      0.6521833364E+01     -0.3324363136E+00      0.1784912417E+01
    0.6628041089E+01      0.6628041089E+01      0.4759634503E-01      0.1719468862E+01
    0.6713295061E+01      0.6713295061E+01      0.3926318565E+00      0.1615936649E+01
    0.6782446314E+01      0.6782446314E+01      0.6988783715E+00      0.1492830579E+01
    0.6833942354E+01      0.6833942354E+01      0.9610407071E+00      0.1357946238E+01
    0.6871970162E+01      0.6871970162E+01      0.1183474642E+01      0.1225862385E+01
    0.6897426097E+01      0.6897426097E+01      0.1370372477E+01      0.1099932546E+01
    0.6915649569E+01      0.6915649569E+01      0.1531957952E+01      0.9821466265E+00
    0.6926275138E+01      0.6926275138E+01      0.1669612157E+01      0.8733110016E+00
    0.6932116538E+01      0.6932116538E+01      0.1788122214E+01      0.7742662116E+00
    0.6933738050E+01      0.6933738050E+01      0.1889571208E+01      0.6835287623E+00
    0.6932760287E+01      0.6932760287E+01      0.1977628922E+01      0.6009496550E+00
    0.6930351652E+01      0.6930351652E+01      0.2054982159E+01      0.5261308067E+00
    0.6926920669E+01      0.6926920669E+01      0.2122691950E+01      0.4582168403E+00
    0.6922838804E+01      0.6922838804E+01      0.2182065146E+01      0.3960447901E+00
    0.6918365965E+01      0.6918365965E+01      0.2234191359E+01      0.3401417143E+00
    0.6913564499E+01      0.6913564499E+01      0.2279795811E+01      0.2885073392E+00
    0.6908511551E+01      0.6908511551E+01      0.2319195392E+01      0.2412189428E+00
    0.6903221277E+01      0.6903221277E+01      0.2352593037E+01      0.1968132552E+00
    0.6897972189E+01      0.6897972189E+01      0.2380202580E+01      0.1560213709E+00
    0.6893394995E+01      0.6893394995E+01      0.2402371467E+01      0.1179605743E+00
    0.6890119593E+01      0.6890119593E+01      0.2419367386E+01      0.8091796933E-01
    0.6887518418E+01      0.6887518418E+01      0.2430908059E+01      0.4486126373E-01
    0.6886830566E+01      0.6886830566E+01      0.2439524783E+01      0.1252009012E-01
    0.6883465482E+01      0.6883465482E+01      0.2442273546E+01     -0.3325154436E-01
    0.6569440970E+01      0.6569440970E+01     -0.3590010876E+00      0.1454145849E+01
    0.6661303230E+01      0.6661303230E+01     -0.9452803060E-02      0.1405839715E+01
    0.6736888005E+01      0.6736888005E+01      0.3101848219E+00      0.1330831732E+01
    0.6798327927E+01      0.6798327927E+01      0.5968202785E+00      0.1239493487E+01
    0.6844102952E+01      0.6844102952E+01      0.8469313711E+00      0.1137538493E+01
    0.6879194024E+01      0.6879194024E+01      0.1065981406E+01      0.1035655982E+01
    0.6902668537E+01      0.6902668537E+01      0.1254801609E+01      0.9349489872E+00
    0.6919879894E+01      0.6919879894E+01      0.1420673162E+01      0.8391902113E+00
    0.6929560465E+01      0.6929560465E+01      0.1563451407E+01      0.7495492508E+00
    0.6934526470E+01      0.6934526470E+01      0.1687899834E+01      0.6669249040E+00
    0.6936200185E+01      0.6936200185E+01      0.1796881951E+01      0.5909608596E+00
    0.6935451526E+01      0.6935451526E+01      0.1892628039E+01      0.5211263176E+00
    0.6933448336E+01      0.6933448336E+01      0.1977685251E+01      0.4574760749E+00
    0.6930482046E+01      0.6930482046E+01      0.2052819866E+01      0.3993051582E+00
    0.6926795190E+01      0.6926795190E+01      0.2119089992E+01      0.3456342973E+00
    0.6922557506E+01      0.6922557506E+01      0.2177377468E+01      0.2971312387E+00
    0.6917835409E+01      0.6917835409E+01      0.2228331243E+01      0.2523334543E+00
    0.6912736476E+01      0.6912736476E+01      0.2272285933E+01      0.2113251813E+00
    0.6907340335E+01      0.6907340335E+01      0.2309545881E+01      0.1728077693E+00
    0.6902234255E+01      0.6902234255E+01      0.2340896968E+01      0.1377749770E+00
    0.6897770489E+01      0.6897770489E+01      0.2366559049E+01      0.1054023675E+00
    0.6894777546E+01      0.6894777546E+01      0.2387100241E+01      0.7371180083E-01
    0.6892133981E+01      0.6892133981E+01      0.2400945524E+01      0.4209877052E-01
    0.6891539639E+01      0.6891539639E+01      0.2410603383E+01      0.1395515310E-01
    0.6888222219E+01      0.6888222219E+01      0.2413611203E+01     -0.2527952367E-01
    0.6604822038E+01      0.6604822038E+01     -0.3766303854E+00      0.1151525605E+01
    0.6686717786E+01      0.6686717786E+01     -0.5484333812E-01      0.1118685230E+01
    0.6755072799E+01      0.6755072799E+01      0.2430019932E+00      0.1066285433E+01
    0.6810176755E+01      0.6810176755E+01      0.5134472163E+00      0.9996780272E+00
    0.6852073683E+01      0.6852073683E+01      0.7546844274E+00      0.9239907496E+00
    0.6883809708E+01      0.6883809708E+01      0.9693285541E+00      0.8458959384E+00
    0.6905678910E+01      0.6905678910E+01      0.1158327262E+01      0.7676786657E+00
    0.6922232094E+01      0.6922232094E+01      0.1327320310E+01      0.6921921547E+00
    0.6931430044E+01      0.6931430044E+01      0.1474857920E+01      0.6203014575E+00
    0.6936329871E+01      0.6936329871E+01      0.1605550405E+01      0.5533239921E+00
    0.6938528109E+01      0.6938528109E+01      0.1721904751E+01      0.4917199602E+00
    0.6938117666E+01      0.6938117666E+01      0.1824662429E+01      0.4345698590E+00
    0.6936506684E+01      0.6936506684E+01      0.1916563522E+01      0.3822335731E+00
    0.6933856532E+01      0.6933856532E+01      0.1998074900E+01      0.3340786008E+00
    0.6930348405E+01      0.6930348405E+01      0.2070025276E+01      0.2893558238E+00
    0.6926160397E+01      0.6926160397E+01      0.2133146389E+01      0.2488010649E+00
    0.6921433430E+01      0.6921433430E+01      0.2188125013E+01      0.2114253286E+00
    0.6916335338E+01      0.6916335338E+01      0.2235408640E+01      0.1772688619E+00
    0.6911019182E+01      0.6911019182E+01      0.2275455162E+01      0.1451834904E+00
    0.6906280708E+01      0.6906280708E+01      0.2309465998E+01      0.1163246590E+00
    0.6902039801E+01      0.6902039801E+01      0.2337305752E+01      0.8982109021E-01
    0.6899311480E+01      0.6899311480E+01      0.2359806358E+01      0.6401468505E-01
    0.6896539584E+01      0.6896539584E+01      0.2374498985E+01      0.3798602193E-01
    0.6895883489E+01      0.6895883489E+01      0.2384064006E+01      0.1458849217E-01
    0.6892280043E+01      0.6892280043E+01      0.2386649342E+01     -0.1818881644E-01
    0.6629663527E+01      0.6629663527E+01     -0.3919867204E+00      0.8713575329E+00
    0.6704022567E+01      0.6704022567E+01     -0.9342259812E-01      0.8501735367E+00
    0.6766897740E+01      0.6766897740E+01      0.1870848377E+00      0.8146768529E+00
    0.6817592645E+01      0.6817592645E+01      0.4454762505E+00      0.7679883672E+00
    0.6856513183E+01      0.6856513183E+01      0.6799975028E+00      0.7136964786E+00
    0.6886182208E+01      0.6886182208E+01      0.8922312004E+00      0.6563060301E+00
    0.6907356815E+01      0.6907356815E+01      0.1082609956E+01      0.5985364409E+00
    0.6923493263E+01      0.6923493263E+01      0.1254902771E+01      0.5416340996E+00
    0.6932527406E+01      0.6932527406E+01      0.1406969008E+01      0.4863691052E+00
    0.6937892587E+01      0.6937892587E+01      0.1543349382E+01      0.4346259030E+00
    0.6940754771E+01      0.6940754771E+01      0.1665677044E+01      0.3870862374E+00
    0.6940650402E+01      0.6940650402E+01      0.1773689179E+01      0.3426253778E+00
    0.6939289063E+01      0.6939289063E+01      0.1870510057E+01      0.3017635485E+00
    0.6936748939E+01      0.6936748939E+01      0.1956439574E+01      0.2639483417E+00
    0.6933229570E+01      0.6933229570E+01      0.2032198035E+01      0.2286984753E+00
    0.6928980582E+01      0.6928980582E+01      0.2098474844E+01      0.1967071507E+00
    0.6924233321E+01      0.6924233321E+01      0.2156045025E+01      0.1673055612E+00
    0.6919248593E+01      0.6919248593E+01      0.2205450303E+01      0.1405395257E+00
    0.6914210244E+01      0.6914210244E+01      0.2247284297E+01      0.1154097450E+00
    0.6909907122E+01      0.6909907122E+01      0.2282791852E+01      0.9307988781E-01
    0.6905952649E+01      0.6905952649E+01      0.2311638664E+01      0.7273338636E-01
    0.6903255792E+01      0.6903255792E+01      0.2334604535E+01      0.5297712879E-01
    0.6900335748E+01      0.6900335748E+01      0.2349678201E+01      0.3302882195E-01
    0.6899347024E+01      0.6899347024E+01      0.2359050108E+01      0.1433968888E-01
    0.6895424908E+01      0.6895424908E+01      0.2361119712E+01     -0.1227281599E-01
    0.6647777230E+01      0.6647777230E+01     -0.3981913206E+00      0.6109497388E+00
    0.6716935038E+01      0.6716935038E+01     -0.1157390500E+00      0.5978944474E+00
    0.6776114849E+01      0.6776114849E+01      0.1529448141E+00      0.5750176991E+00
    0.6823499786E+01      0.6823499786E+01      0.4025903300E+00      0.5440209565E+00
    0.6860109108E+01      0.6860109108E+01      0.6319673761E+00      0.5074109432E+00
    0.6888470523E+01      0.6888470523E+01      0.8422791130E+00      0.4680166236E+00
    0.6908952058E+01      0.6908952058E+01      0.1032904363E+01      0.4283128191E+00
    0.6924526009E+01      0.6924526009E+01      0.1206638984E+01      0.3885557965E+00
    0.6933396441E+01      0.6933396441E+01      0.1361262362E+01      0.3492862709E+00
    0.6939351272E+01      0.6939351272E+01      0.1501235262E+01      0.3126101755E+00
    0.6942697888E+01      0.6942697888E+01      0.1627015171E+01      0.2788961111E+00
    0.6942751918E+01      0.6942751918E+01      0.1737953107E+01      0.2471612237E+00
    0.6941462885E+01      0.6941462885E+01      0.1837413448E+01      0.2179125617E+00
    0.6938876487E+01      0.6938876487E+01      0.1925676525E+01      0.1907244472E+00
    0.6935242305E+01      0.6935242305E+01      0.2003453261E+01      0.1653582115E+00
    0.6930909318E+01      0.6930909318E+01      0.2071487743E+01      0.1423750417E+00
    0.6926157713E+01      0.6926157713E+01      0.2130652500E+01      0.1213039476E+00
    0.6921381145E+01      0.6921381145E+01      0.2181610007E+01      0.1022445078E+00
    0.6916697953E+01      0.6916697953E+01      0.2224972415E+01      0.8436806584E-01
    0.6912763197E+01      0.6912763197E+01      0.2261749730E+01      0.6872312339E-01
    0.6909047587E+01      0.6909047587E+01      0.2291540460E+01      0.5465572600E-01
    0.6906353176E+01      0.6906353176E+01      0.2315102027E+01      0.4090890032E-01
    0.6903368490E+01      0.6903368490E+01      0.2330790865E+01      0.2704796089E-01
    0.6902182405E+01      0.6902182405E+01      0.2340505063E+01      0.1318850263E-01
    0.6898113712E+01      0.6898113712E+01      0.2342521687E+01     -0.7164554826E-02
    0.6658645356E+01      0.6658645356E+01     -0.4005137784E+00      0.3614880446E+00
    0.6724500973E+01      0.6724500973E+01     -0.1292984023E+00      0.3542271220E+00
    0.6781552228E+01      0.6781552228E+01      0.1311437972E+00      0.3414965794E+00
    0.6826996603E+01      0.6826996603E+01      0.3745153424E+00      0.3239669138E+00
    0.6862065938E+01      0.6862065938E+01      0.5996722171E+00      0.3029162029E+00
    0.6889780003E+01      0.6889780003E+01      0.8082980680E+00      0.2800501921E+00
    0.6910150492E+01      0.6910150492E+01      0.9990786357E+00      0.2571582335E+00
    0.6925223454E+01      0.6925223454E+01      0.1173567729E+01      0.2337060945E+00
    0.6933958232E+01      0.6933958232E+01      0.1329636667E+01      0.2102597710E+00
    0.6940392789E+01      0.6940392789E+01      0.1471765340E+01      0.1885155446E+00
    0.6943985636E+01      0.6943985636E+01      0.1599492729E+01      0.1684516645E+00
    0.6944088051E+01      0.6944088051E+01      0.1712136225E+01      0.1494656239E+00
    0.6942776331E+01      0.6942776331E+01      0.1813165330E+01      0.1319160045E+00
    0.6940096875E+01      0.6940096875E+01      0.1902881139E+01      0.1155463065E+00
    0.6936345060E+01      0.6936345060E+01      0.1982051228E+01      0.1002757374E+00
    0.6931954765E+01      0.6931954765E+01      0.2051566657E+01      0.8646115362E-01
    0.6927247190E+01      0.6927247190E+01      0.2112371725E+01      0.7380806205E-01
    0.6922722006E+01      0.6922722006E+01      0.2165356358E+01      0.6241993938E-01
    0.6918347596E+01      0.6918347596E+01      0.2210946132E+01      0.5174332408E-01
    0.6914650240E+01      0.6914650240E+01      0.2249965671E+01      0.4254825122E-01
    0.6911076544E+01      0.6911076544E+01      0.2282103007E+01      0.3444233564E-01
    0.6908353138E+01      0.6908353138E+01      0.2308093489E+01      0.2647446214E-01
    0.6905301848E+01      0.6905301848E+01      0.2326436490E+01      0.1836008633E-01
    0.6903982298E+01      0.6903982298E+01      0.2338704087E+01      0.9704814029E-02
    0.6899772916E+01      0.6899772916E+01      0.2342142590E+01     -0.3532234763E-02
    0.6665357582E+01      0.6665357582E+01     -0.3932167170E+00      0.1209635593E+00
    0.6729610320E+01      0.6729610320E+01     -0.1273123657E+00      0.1183214609E+00
    0.6785527388E+01      0.6785527388E+01      0.1287856163E+00      0.1139800750E+00
    0.6829657882E+01      0.6829657882E+01      0.3682333134E+00      0.1080324101E+00
    0.6863689166E+01      0.6863689166E+01      0.5905006395E+00      0.1009797208E+00
    0.6890999897E+01      0.6890999897E+01      0.7975926713E+00      0.9339813670E-01
    0.6910980905E+01      0.6910980905E+01      0.9873567622E+00      0.8580455683E-01
    0.6925683881E+01      0.6925683881E+01      0.1161423333E+01      0.7802221080E-01
    0.6934297007E+01      0.6934297007E+01      0.1317828641E+01      0.7025952378E-01
    0.6940955435E+01      0.6940955435E+01      0.1460973719E+01      0.6311989997E-01
    0.6944608309E+01      0.6944608309E+01      0.1589839193E+01      0.5647549621E-01
    0.6944702353E+01      0.6944702353E+01      0.1703721018E+01      0.5016252379E-01
    0.6943351938E+01      0.6943351938E+01      0.1806040441E+01      0.4431083284E-01
    0.6940607385E+01      0.6940607385E+01      0.1897062074E+01      0.3884105286E-01
    0.6936802345E+01      0.6936802345E+01      0.1977575995E+01      0.3374851110E-01
    0.6932416163E+01      0.6932416163E+01      0.2048550939E+01      0.2915858895E-01
    0.6927807233E+01      0.6927807233E+01      0.2110932443E+01      0.2497266706E-01
    0.6923481052E+01      0.6923481052E+01      0.2165620676E+01      0.2121345528E-01
    0.6919337955E+01      0.6919337955E+01      0.2212906220E+01      0.1769253592E-01
    0.6915786400E+01      0.6915786400E+01      0.2253521361E+01      0.1467543467E-01
    0.6912293066E+01      0.6912293066E+01      0.2287411718E+01      0.1204722278E-01
    0.6909552146E+01      0.6909552146E+01      0.2315411818E+01      0.9452520411E-02
    0.6906447781E+01      0.6906447781E+01      0.2336032756E+01      0.6770930439E-02
    0.6905071766E+01      0.6905071766E+01      0.2350483700E+01      0.3797964440E-02
    0.6900732720E+01      0.6900732720E+01      0.2355160819E+01     -0.8715992633E-03
